# Gait Analysis Data - MPU6050 IMU
# Duration: 10 seconds
# Format: timestamp(s),ax(g),ay(g),az(g),gx(deg/s),gy(deg/s),gz(deg/s),temp(C)
# Note: Document sensor placement (ankle/wrist) separately
timestamp,ax,ay,az,gx,gy,gz,temp
0.000973,0.730000,-0.070000,-0.660000,-1.466000,9.160000,2.168000,28.39
0.001725,0.744000,-0.081000,-0.659000,-1.969000,10.275000,2.198000,28.29
0.002330,0.719000,-0.102000,-0.664000,-1.496000,8.290000,1.588000,28.34
0.002880,0.722000,-0.090000,-0.649000,-1.832000,7.053000,1.023000,28.39
0.003442,0.754000,-0.091000,-0.645000,-2.412000,6.916000,0.290000,28.39
0.004184,0.744000,-0.074000,-0.652000,-1.710000,6.336000,0.122000,28.44
0.005206,0.744000,-0.050000,-0.658000,-1.954000,7.389000,0.305000,28.34
0.006127,0.759000,-0.061000,-0.637000,-2.214000,10.336000,0.534000,28.39
0.007050,0.754000,-0.073000,-0.650000,-1.618000,7.389000,0.122000,28.39
0.007944,0.732000,-0.080000,-0.669000,-0.931000,4.733000,0.031000,28.34
0.008876,0.731000,-0.068000,-0.643000,-1.786000,6.260000,-0.305000,28.25
0.009414,0.750000,-0.075000,-0.648000,-1.221000,3.908000,-0.382000,28.29
0.010015,0.754000,-0.066000,-0.656000,-0.977000,2.702000,-0.427000,28.29
0.010537,0.743000,-0.063000,-0.651000,-0.626000,3.374000,-0.489000,28.25
0.011206,0.736000,-0.052000,-0.660000,-0.183000,4.076000,0.046000,28.39
0.011864,0.756000,-0.075000,-0.644000,0.565000,7.008000,-0.275000,28.29
0.012678,0.746000,-0.074000,-0.658000,1.160000,4.275000,-0.351000,28.39
0.013340,0.744000,-0.067000,-0.642000,5.252000,-8.076000,-0.015000,28.44
0.013839,0.760000,-0.055000,-0.650000,20.153000,-37.313000,-1.695000,28.34
0.014317,0.752000,-0.090000,-0.684000,23.878000,-33.939000,-4.336000,28.39
0.014796,0.766000,-0.073000,-0.614000,45.847000,-65.618000,-9.481000,28.39
0.015266,0.705000,-0.091000,-0.696000,4.733000,4.015000,-2.351000,28.44
0.015730,0.731000,-0.091000,-0.670000,-0.809000,1.084000,0.336000,28.25
0.016200,0.734000,-0.087000,-0.653000,-6.000000,20.244000,-0.992000,28.39
0.016648,0.720000,-0.057000,-0.663000,-9.084000,16.214000,1.145000,28.34
0.017116,0.720000,-0.089000,-0.701000,-16.748000,35.863000,1.252000,28.39
0.017879,0.737000,-0.088000,-0.677000,-6.672000,21.374000,0.031000,28.39
0.018798,0.738000,-0.100000,-0.640000,1.908000,-6.198000,0.092000,28.39
0.019420,0.725000,-0.092000,-0.664000,1.847000,-7.084000,-0.321000,28.44
0.020117,0.724000,-0.083000,-0.673000,-2.611000,2.870000,-0.992000,28.25
0.020749,0.734000,-0.085000,-0.658000,-3.374000,4.473000,-1.115000,28.39
0.021223,0.736000,-0.077000,-0.668000,-3.130000,1.298000,-0.901000,28.39
0.021672,0.739000,-0.083000,-0.661000,-3.206000,2.229000,-0.550000,28.34
0.022442,0.744000,-0.076000,-0.653000,-2.550000,-1.221000,-0.046000,28.34
0.022955,0.718000,-0.072000,-0.693000,2.672000,-9.435000,-0.504000,28.29
0.023425,0.710000,-0.087000,-0.711000,-0.885000,1.206000,-0.611000,28.34
0.023887,0.726000,-0.083000,-0.663000,-0.351000,-3.115000,-0.626000,28.34
0.024503,0.724000,-0.072000,-0.669000,-0.427000,-5.557000,0.214000,28.39
0.025128,0.735000,-0.078000,-0.655000,0.137000,-4.687000,0.107000,28.39
0.027197,0.738000,-0.081000,-0.665000,-0.076000,-5.160000,0.107000,28.34
0.027713,0.737000,-0.087000,-0.660000,0.977000,-5.664000,-0.305000,28.34
0.028171,0.732000,-0.097000,-0.676000,-0.275000,-4.962000,-0.412000,28.39
0.028606,0.734000,-0.078000,-0.666000,0.214000,-4.565000,-0.687000,28.39
0.029054,0.731000,-0.078000,-0.673000,-0.748000,-3.817000,-0.290000,28.34
0.029480,0.727000,-0.073000,-0.676000,-0.931000,-3.985000,-0.031000,28.39
0.029891,0.722000,-0.080000,-0.672000,-2.489000,-3.053000,0.076000,28.29
0.030304,0.718000,-0.088000,-0.669000,-3.084000,-3.511000,0.168000,28.34
0.030712,0.714000,-0.086000,-0.667000,-3.176000,-4.504000,0.290000,28.25
0.031122,0.731000,-0.072000,-0.674000,-3.206000,-6.733000,0.885000,28.29
0.031531,0.730000,-0.071000,-0.677000,-3.771000,-6.076000,1.511000,28.39
0.031945,0.723000,-0.077000,-0.684000,-2.397000,-6.992000,1.130000,28.34
0.032360,0.716000,-0.085000,-0.674000,-4.397000,-10.076000,2.183000,28.34
0.032793,0.714000,-0.093000,-0.679000,-1.298000,-5.710000,0.962000,28.39
0.033267,0.722000,-0.078000,-0.675000,-0.107000,-12.092000,1.832000,28.39
0.033711,0.710000,-0.074000,-0.682000,-0.336000,-10.595000,1.939000,28.34
0.034126,0.698000,-0.079000,-0.688000,1.420000,-12.305000,1.771000,28.29
0.034553,0.708000,-0.090000,-0.678000,0.611000,-11.588000,1.893000,28.29
0.034975,0.708000,-0.087000,-0.691000,2.473000,-10.458000,0.687000,28.44
0.035389,0.694000,-0.104000,-0.694000,2.214000,-10.061000,0.321000,28.29
0.035806,0.700000,-0.094000,-0.694000,2.046000,-8.901000,-0.366000,28.39
0.036219,0.711000,-0.070000,-0.683000,3.176000,-8.763000,-0.382000,28.39
0.036630,0.692000,-0.077000,-0.691000,3.115000,-6.870000,-0.382000,28.34
0.037176,0.695000,-0.095000,-0.693000,3.038000,-4.809000,-0.366000,28.44
0.037640,0.692000,-0.096000,-0.696000,2.275000,-2.412000,-0.534000,28.29
0.038056,0.704000,-0.085000,-0.691000,3.924000,-4.046000,-0.489000,28.34
0.038479,0.700000,-0.092000,-0.696000,4.641000,-2.702000,-0.687000,28.34
0.038902,0.694000,-0.103000,-0.700000,0.855000,-0.122000,-1.160000,28.29
0.039314,0.693000,-0.088000,-0.700000,1.695000,0.183000,-1.176000,28.29
0.039721,0.699000,-0.109000,-0.701000,2.656000,-5.924000,-0.901000,28.34
0.040138,0.698000,-0.109000,-0.693000,4.916000,-7.405000,-0.840000,28.48
0.040561,0.690000,-0.095000,-0.690000,4.046000,-11.557000,0.000000,28.39
0.041005,0.693000,-0.097000,-0.710000,4.244000,-12.672000,0.748000,28.39
0.041441,0.684000,-0.105000,-0.702000,5.588000,-18.031000,1.588000,28.34
0.041886,0.690000,-0.095000,-0.707000,5.618000,-18.733000,1.053000,28.39
0.042330,0.679000,-0.094000,-0.698000,5.893000,-19.557000,0.809000,28.39
0.042785,0.668000,-0.094000,-0.698000,6.351000,-20.168000,0.733000,28.34
0.043233,0.685000,-0.096000,-0.712000,4.611000,-14.809000,0.198000,28.34
0.043692,0.671000,-0.096000,-0.716000,2.977000,-9.145000,-0.397000,28.39
0.044144,0.664000,-0.098000,-0.715000,2.351000,-7.099000,-0.504000,28.29
0.044572,0.676000,-0.102000,-0.715000,0.260000,-2.565000,-0.641000,28.34
0.044994,0.677000,-0.100000,-0.730000,-0.550000,-1.084000,-1.267000,28.39
0.045413,0.667000,-0.096000,-0.716000,0.794000,-2.229000,-1.511000,28.39
0.045848,0.661000,-0.100000,-0.726000,2.443000,-4.641000,-0.824000,28.44
0.046290,0.668000,-0.111000,-0.717000,2.611000,-6.366000,-1.176000,28.25
0.046824,0.652000,-0.113000,-0.719000,-2.733000,6.580000,-1.832000,28.29
0.047338,0.643000,-0.104000,-0.719000,2.321000,-4.244000,-1.160000,28.39
0.047779,0.669000,-0.095000,-0.729000,1.740000,-5.252000,-0.977000,28.34
0.048206,0.659000,-0.098000,-0.730000,0.641000,-3.359000,-1.313000,28.34
0.048631,0.661000,-0.097000,-0.719000,1.466000,-1.221000,-1.221000,28.29
0.049048,0.656000,-0.100000,-0.717000,1.237000,-3.481000,-0.763000,28.29
0.049466,0.648000,-0.102000,-0.717000,-1.832000,4.794000,-1.756000,28.34
0.049881,0.669000,-0.096000,-0.720000,-0.153000,1.573000,-1.221000,28.39
0.050292,0.664000,-0.102000,-0.733000,0.183000,-0.901000,-0.519000,28.39
0.050731,0.652000,-0.087000,-0.700000,0.901000,1.313000,-0.824000,28.34
0.051156,0.667000,-0.109000,-0.714000,-1.954000,9.420000,-0.824000,28.34
0.051592,0.650000,-0.095000,-0.726000,-1.511000,4.260000,-0.122000,28.39
0.052016,0.663000,-0.141000,-0.705000,1.573000,0.840000,0.641000,28.29
0.052446,0.689000,-0.060000,-0.716000,12.015000,-40.672000,3.878000,28.44
0.052872,0.626000,-0.160000,-0.740000,17.756000,-51.893000,4.214000,28.34
0.053297,0.653000,-0.185000,-0.761000,-12.855000,46.122000,-3.649000,28.39
0.053704,0.669000,-0.091000,-0.733000,4.947000,-17.420000,0.366000,28.29
0.054125,0.658000,-0.087000,-0.735000,8.122000,-12.901000,1.160000,28.34
0.054561,0.637000,-0.126000,-0.728000,0.473000,-11.099000,0.031000,28.29
0.054994,0.652000,-0.114000,-0.738000,-2.901000,0.824000,-1.008000,28.29
0.055425,0.632000,-0.097000,-0.736000,2.748000,-13.878000,0.412000,28.44
0.055852,0.631000,-0.117000,-0.717000,-0.153000,-14.046000,0.473000,28.25
0.056295,0.660000,-0.121000,-0.766000,0.397000,-11.374000,0.840000,28.39
0.056824,0.666000,-0.115000,-0.753000,-2.595000,-6.870000,0.061000,28.39
0.057442,0.622000,-0.128000,-0.754000,-2.702000,-1.252000,-0.641000,28.34
0.057888,0.629000,-0.122000,-0.740000,-2.550000,13.908000,-1.130000,28.34
0.058319,0.660000,-0.109000,-0.763000,6.336000,3.496000,0.351000,28.29
0.058756,0.632000,-0.120000,-0.754000,-5.099000,2.183000,-1.313000,28.44
0.059174,0.658000,-0.106000,-0.815000,-8.534000,-13.023000,1.344000,28.34
0.059594,0.619000,-0.150000,-0.760000,-8.351000,21.618000,-2.901000,28.29
0.060010,0.643000,-0.114000,-0.744000,-8.397000,-1.084000,-2.885000,28.29
0.060431,0.633000,-0.111000,-0.770000,-6.779000,23.023000,-2.885000,28.44
0.060843,0.606000,-0.109000,-0.687000,-5.053000,6.672000,-2.382000,28.34
0.061265,0.650000,-0.103000,-0.753000,-7.298000,16.626000,-2.641000,28.29
0.061758,0.646000,-0.076000,-0.786000,-3.863000,8.702000,-1.130000,28.39
0.062212,0.650000,-0.104000,-0.726000,-3.344000,15.389000,-1.130000,28.34
0.062628,0.648000,-0.043000,-0.768000,-0.061000,10.092000,0.626000,28.44
0.063038,0.617000,-0.024000,-0.762000,0.779000,13.740000,1.832000,28.20
0.063448,0.602000,-0.073000,-0.771000,0.229000,26.809000,3.389000,28.39
0.063869,0.590000,-0.098000,-0.793000,-7.710000,19.405000,5.893000,28.34
0.064277,0.598000,-0.071000,-0.810000,-5.115000,25.878000,7.863000,28.39
0.064724,0.610000,-0.193000,-0.805000,-14.275000,28.702000,11.176000,28.39
0.065185,0.593000,-0.261000,-0.777000,-26.229000,34.122000,19.893000,28.34
0.065614,0.389000,-0.483000,-0.914000,-59.847000,52.641000,32.733000,28.34
0.066135,0.353000,-0.521000,-1.052000,-108.977000,55.527000,57.908000,28.20
0.066791,0.264000,-0.444000,-1.200000,-175.267000,68.198000,84.916000,28.29
0.067324,0.365000,-0.196000,-1.394000,-208.214000,57.893000,111.267000,28.34
0.067808,0.375000,-0.021000,-1.322000,-236.198000,58.672000,120.473000,28.34
0.068268,0.436000,0.362000,-1.357000,-246.809000,50.733000,114.702000,28.29
0.068717,0.613000,0.850000,-1.345000,-208.687000,30.779000,98.870000,28.29
0.069161,0.574000,0.944000,-1.290000,-138.214000,14.198000,71.863000,28.25
0.069625,0.493000,0.711000,-1.206000,-92.321000,-18.092000,35.282000,28.39
0.070122,0.257000,0.504000,-1.023000,-70.031000,-41.053000,-3.221000,28.39
0.070569,0.198000,0.319000,-0.910000,-56.061000,-45.160000,-30.473000,28.25
0.071007,0.275000,0.225000,-0.873000,-33.985000,-54.229000,-39.450000,28.34
0.071430,0.369000,0.046000,-0.829000,-23.420000,-63.588000,-39.053000,28.39
0.071872,0.528000,-0.104000,-0.765000,-18.870000,-65.252000,-35.298000,28.29
0.072317,0.651000,-0.184000,-0.622000,-23.252000,-64.763000,-30.153000,28.34
0.072750,0.756000,-0.238000,-0.508000,-26.382000,-69.527000,-26.763000,28.44
0.073186,0.800000,-0.228000,-0.370000,-26.107000,-77.160000,-26.687000,28.39
0.073616,0.699000,-0.171000,-0.207000,-11.313000,-86.122000,-28.611000,28.29
0.074040,0.751000,-0.172000,-0.164000,-10.916000,-70.183000,-37.771000,28.34
0.074461,0.760000,-0.119000,-0.115000,-10.947000,-54.565000,-47.450000,28.39
0.074877,0.783000,-0.128000,-0.033000,1.573000,-68.321000,-54.489000,28.29
0.075290,0.719000,-0.126000,0.038000,7.908000,-63.023000,-56.840000,28.29
0.075699,0.884000,-0.219000,1.089000,35.023000,9.496000,-2.733000,28.34
0.076204,0.748000,-0.628000,1.329000,32.824000,127.649000,54.565000,28.39
0.076799,1.292000,0.317000,-1.003000,66.794000,145.206000,100.107000,28.29
0.077243,1.991000,0.406000,-1.937000,49.649000,57.603000,83.206000,28.34
0.077662,1.241000,0.125000,-0.851000,65.298000,-31.023000,39.160000,28.34
0.078105,0.547000,-0.495000,-0.507000,54.412000,40.351000,-3.710000,28.29
0.078549,0.707000,-1.094000,-1.197000,12.504000,59.282000,-18.779000,28.29
0.078994,0.476000,-1.023000,-0.827000,-15.191000,38.885000,-3.481000,28.34
0.079424,0.314000,-0.374000,-0.632000,-40.321000,62.779000,0.550000,28.39
0.079839,1.157000,1.004000,-0.893000,-30.550000,66.351000,-5.191000,28.39
0.080255,0.876000,0.608000,-0.434000,6.107000,23.435000,-3.298000,28.39
0.080710,0.712000,-0.194000,-0.719000,22.321000,18.718000,10.672000,28.34
0.081177,0.813000,-0.095000,-0.742000,13.053000,11.939000,17.389000,28.34
0.081628,0.790000,-0.012000,-0.760000,20.046000,7.435000,10.458000,28.39
0.082057,0.717000,-0.255000,-0.882000,17.588000,8.305000,6.855000,28.39
0.082505,0.670000,-0.167000,-0.812000,4.290000,16.519000,1.527000,28.34
0.082916,0.714000,0.006000,-0.778000,1.450000,15.298000,1.145000,28.48
0.083345,0.686000,-0.010000,-0.777000,5.496000,10.473000,-1.969000,28.29
0.083785,0.652000,-0.084000,-0.788000,3.145000,10.794000,-4.611000,28.34
0.084217,0.669000,-0.053000,-0.770000,-2.137000,13.924000,-4.534000,28.39
0.084660,0.745000,0.003000,-0.729000,-1.053000,11.344000,-6.351000,28.29
0.085112,0.677000,0.011000,-0.717000,-2.382000,10.366000,-5.634000,28.29
0.085533,0.724000,-0.046000,-0.745000,-0.794000,9.527000,-2.916000,28.34
0.085951,0.698000,-0.009000,-0.733000,-0.489000,5.252000,-2.916000,28.34
0.086523,0.649000,-0.019000,-0.766000,-0.824000,6.229000,-3.160000,28.29
0.087027,0.669000,-0.025000,-0.742000,-1.603000,6.427000,-3.893000,28.44
0.087511,0.620000,0.066000,-0.720000,-1.847000,9.160000,-4.840000,28.34
0.087959,0.566000,-0.002000,-0.801000,0.809000,14.519000,-5.695000,28.29
0.088369,0.688000,0.013000,-0.773000,-0.015000,15.328000,-6.214000,28.39
0.088786,0.628000,-0.041000,-0.758000,-1.542000,17.511000,-7.908000,28.34
0.089533,0.520000,-0.136000,-0.824000,-2.092000,-0.031000,-1.557000,28.25
0.089948,0.510000,-0.129000,-0.839000,-1.786000,-1.649000,-1.542000,28.15
0.090357,0.510000,-0.126000,-0.840000,-1.679000,-1.267000,-1.573000,28.39
0.090771,0.508000,-0.125000,-0.844000,-1.557000,-1.191000,-1.618000,28.25
0.091186,0.508000,-0.128000,-0.843000,-1.511000,-0.763000,-1.725000,28.25
0.092674,0.505000,-0.122000,-0.855000,-1.893000,0.214000,-1.695000,28.20
0.099702,0.508000,-0.130000,-0.839000,-2.229000,0.519000,-1.802000,28.20
0.114358,0.515000,-0.127000,-0.827000,-2.275000,0.779000,-2.122000,28.15
0.117648,0.507000,-0.113000,-0.853000,-2.916000,1.618000,-2.260000,28.15
0.131553,0.515000,-0.117000,-0.840000,-4.137000,4.779000,-2.076000,28.20
0.144156,0.509000,-0.120000,-0.830000,-5.145000,7.664000,-1.802000,28.20
0.151079,0.490000,-0.115000,-0.840000,-4.855000,9.481000,-1.634000,28.25
0.163424,0.493000,-0.115000,-0.848000,-4.427000,10.992000,-1.237000,28.25
0.170409,0.476000,-0.115000,-0.795000,-21.344000,23.069000,-3.908000,28.20
0.182847,0.478000,-0.122000,-0.839000,-7.176000,17.176000,-1.939000,28.15
0.189796,0.492000,-0.118000,-0.844000,-5.191000,13.267000,-1.679000,28.25
0.202179,0.498000,-0.112000,-0.843000,-6.260000,15.221000,-1.878000,28.20
0.214346,0.509000,-0.111000,-0.835000,-6.565000,16.122000,-1.496000,28.29
0.221364,0.513000,-0.125000,-0.822000,-6.305000,16.702000,-1.832000,28.25
0.233812,0.524000,-0.117000,-0.844000,-7.282000,18.534000,-1.756000,28.15
0.240801,0.529000,-0.111000,-0.835000,-8.015000,19.511000,-1.542000,28.20
0.253166,0.524000,-0.107000,-0.829000,-8.534000,19.008000,-1.679000,28.25
0.260287,0.541000,-0.113000,-0.841000,-8.916000,17.282000,-1.756000,28.25
0.272433,0.556000,-0.131000,-0.834000,-10.931000,19.237000,-1.267000,28.20
0.278090,0.543000,-0.127000,-0.817000,-11.573000,16.779000,-2.763000,28.20
0.291960,0.532000,-0.126000,-0.831000,-9.695000,13.878000,-2.855000,28.25
0.303902,0.510000,-0.135000,-0.805000,-8.580000,13.878000,-3.023000,28.29
0.311092,0.533000,-0.113000,-0.814000,-8.870000,12.855000,-3.481000,28.20
0.323246,0.531000,-0.110000,-0.812000,-8.901000,12.198000,-3.893000,28.25
0.330422,0.530000,-0.082000,-0.800000,-6.962000,10.260000,-3.435000,28.25
0.343103,0.543000,-0.088000,-0.805000,-4.427000,8.351000,-3.038000,28.20
0.349974,0.556000,-0.094000,-0.803000,-3.038000,5.924000,-2.824000,28.11
0.362321,0.542000,-0.078000,-0.817000,-1.908000,4.611000,-2.687000,28.25
0.368186,0.546000,-0.101000,-0.816000,-1.802000,3.267000,-2.458000,28.25
0.381958,0.542000,-0.101000,-0.817000,-1.435000,2.351000,-2.840000,28.20
0.394970,0.543000,-0.081000,-0.810000,-1.008000,2.244000,-2.855000,28.34
0.401364,0.550000,-0.112000,-0.823000,-1.237000,2.947000,-2.916000,28.25
0.413629,0.547000,-0.125000,-0.819000,-1.954000,1.832000,-3.191000,28.29
0.420776,0.517000,-0.137000,-0.809000,-2.840000,1.954000,-4.031000,28.20
0.433169,0.534000,-0.140000,-0.799000,-6.076000,6.550000,-5.237000,28.25
0.440331,0.547000,-0.108000,-0.812000,-6.855000,9.160000,-5.863000,28.25
0.452536,0.558000,-0.092000,-0.818000,-7.557000,13.557000,-6.061000,28.20
0.459808,0.532000,-0.066000,-0.849000,-7.725000,17.252000,-5.740000,28.25
0.472232,0.529000,-0.056000,-0.846000,-7.130000,20.412000,-4.977000,28.15
0.484319,0.529000,-0.035000,-0.845000,-4.458000,21.176000,-3.176000,28.11
0.491353,0.514000,-0.054000,-0.846000,-2.855000,23.038000,-1.588000,28.20
0.503500,0.545000,-0.086000,-0.827000,-2.748000,25.847000,-0.382000,28.15
0.510595,0.564000,-0.108000,-0.831000,-1.634000,25.069000,-0.260000,28.25
0.522989,0.528000,-0.076000,-0.829000,-1.496000,25.405000,0.198000,28.20
0.530185,0.564000,-0.075000,-0.800000,-0.672000,23.511000,0.718000,28.20
0.542544,0.531000,-0.075000,-0.822000,-0.031000,22.198000,1.084000,28.25
0.550056,0.570000,-0.125000,-0.812000,0.260000,20.840000,1.435000,28.25
0.562325,0.590000,-0.104000,-0.802000,-0.046000,18.015000,1.099000,28.29
0.574647,0.583000,-0.095000,-0.808000,0.229000,16.382000,1.527000,28.20
0.581927,0.581000,-0.079000,-0.784000,0.763000,14.336000,2.351000,28.25
0.594668,0.547000,-0.082000,-0.801000,0.840000,15.038000,3.053000,28.20
0.601798,0.575000,-0.095000,-0.794000,0.992000,15.008000,3.557000,28.29
0.614181,0.568000,-0.111000,-0.796000,0.733000,15.786000,3.282000,28.15
0.621255,0.572000,-0.097000,-0.801000,0.412000,16.992000,2.809000,28.25
0.633257,0.536000,-0.065000,-0.786000,0.076000,19.115000,3.191000,28.20
0.640715,0.562000,-0.087000,-0.807000,-0.229000,21.695000,3.954000,28.11
0.652907,0.586000,-0.100000,-0.792000,-0.046000,23.450000,4.336000,28.15
0.660109,0.584000,-0.107000,-0.807000,0.092000,25.786000,4.473000,28.25
0.672757,0.613000,-0.077000,-0.773000,0.290000,29.069000,4.244000,28.20
0.680051,0.657000,-0.124000,-0.723000,-0.092000,32.794000,4.092000,28.20
0.692314,0.558000,-0.067000,-0.782000,-2.122000,41.969000,5.664000,28.15
0.699427,0.581000,-0.072000,-0.834000,2.092000,38.366000,6.351000,28.20
0.711951,0.644000,-0.145000,-0.799000,9.435000,42.962000,7.069000,28.11
0.724151,0.607000,-0.098000,-0.807000,11.573000,52.702000,7.206000,28.34
0.731390,0.593000,-0.097000,-0.819000,14.489000,60.290000,8.122000,28.25
0.743572,0.629000,-0.088000,-0.803000,15.328000,66.244000,8.779000,28.29
0.750586,0.594000,-0.083000,-0.872000,23.206000,76.443000,10.061000,28.20
0.763320,0.614000,-0.230000,-0.900000,35.939000,82.931000,10.763000,28.15
0.770352,0.616000,-0.053000,-0.875000,32.137000,93.588000,15.908000,28.25
0.782443,0.657000,-0.181000,-0.872000,42.183000,99.099000,18.275000,28.20
0.789780,0.616000,-0.135000,-0.954000,53.511000,111.221000,17.313000,28.29
0.801674,0.625000,-0.162000,-1.052000,62.824000,121.298000,17.130000,28.25
0.813906,0.588000,-0.096000,-1.119000,72.092000,129.939000,16.443000,28.20
0.820923,0.683000,-0.007000,-1.131000,86.000000,141.466000,16.305000,28.20
0.832885,0.625000,-0.016000,-1.182000,106.718000,141.053000,18.748000,28.15
0.839788,0.680000,-0.108000,-1.120000,115.847000,162.580000,17.221000,28.25
0.851887,0.802000,-0.098000,-1.204000,134.779000,155.832000,17.893000,28.20
0.864443,0.791000,-0.032000,-1.124000,156.092000,172.504000,21.557000,28.20
0.871271,0.927000,-0.189000,-1.239000,178.153000,185.099000,27.237000,28.15
0.883262,1.341000,-0.268000,-1.552000,139.878000,205.053000,26.779000,28.15
0.890052,1.210000,-0.112000,-1.023000,146.672000,187.527000,27.908000,28.20
0.902294,1.136000,0.080000,-1.087000,160.870000,176.901000,32.275000,28.25
0.914976,1.115000,0.117000,-1.131000,189.160000,142.473000,29.420000,28.15
0.922343,0.700000,0.161000,-1.366000,174.840000,108.947000,18.580000,28.29
0.933624,0.219000,0.377000,-1.773000,119.084000,70.641000,-4.733000,28.20
0.940638,0.460000,0.491000,-1.701000,80.183000,67.374000,-46.565000,28.15
0.953084,0.162000,0.688000,-1.556000,70.107000,5.832000,-61.557000,28.25
0.959976,0.021000,0.599000,-1.217000,83.008000,-22.779000,-70.031000,28.20
0.972328,0.005000,0.408000,-1.009000,83.740000,-47.542000,-73.802000,28.29
0.984374,-0.043000,0.288000,-0.891000,70.626000,-60.855000,-74.550000,28.25
0.991410,-0.025000,0.262000,-0.829000,55.481000,-70.565000,-71.618000,28.20
1.003514,0.017000,0.249000,-0.809000,46.412000,-80.458000,-66.382000,28.29
1.010442,0.085000,0.239000,-0.797000,38.733000,-90.687000,-61.282000,28.15
1.022885,0.185000,0.219000,-0.856000,31.038000,-104.000000,-57.206000,28.20
1.029734,0.276000,0.184000,-0.691000,34.015000,-120.565000,-53.878000,28.20
1.041812,0.341000,0.183000,-0.904000,13.634000,-138.885000,-55.542000,28.20
1.053870,0.407000,0.145000,-0.922000,2.473000,-143.893000,-55.832000,28.25
1.060600,0.497000,0.094000,-0.954000,-7.573000,-156.992000,-54.183000,28.20
1.072650,0.579000,0.065000,-0.971000,-17.740000,-173.450000,-50.260000,28.20
1.079494,0.621000,0.020000,-0.937000,-28.168000,-183.893000,-45.252000,28.25
1.091356,0.639000,-0.011000,-0.889000,-38.229000,-191.939000,-38.992000,28.25
1.103376,0.639000,-0.038000,-0.870000,-48.427000,-194.122000,-31.832000,28.20
1.110271,0.676000,-0.038000,-0.877000,-58.260000,-193.573000,-24.382000,28.11
1.122199,0.747000,-0.022000,-0.907000,-66.000000,-193.832000,-18.916000,28.25
1.134263,0.806000,-0.021000,-0.965000,-73.786000,-195.374000,-16.580000,28.11
1.141059,0.884000,-0.005000,-1.026000,-80.626000,-198.733000,-18.092000,28.29
1.153221,0.933000,0.014000,-1.034000,-85.649000,-202.092000,-21.832000,28.20
1.159698,0.979000,0.032000,-1.051000,-87.649000,-203.893000,-27.618000,28.15
1.171653,1.045000,0.059000,-1.046000,-87.389000,-204.351000,-35.450000,28.20
1.183938,1.103000,0.096000,-1.029000,-84.305000,-204.412000,-46.244000,28.20
1.190638,1.149000,0.149000,-1.006000,-78.763000,-204.855000,-60.641000,28.25
1.202647,1.171000,0.186000,-0.977000,-70.198000,-203.664000,-78.809000,28.25
1.209383,1.186000,0.152000,-0.971000,-60.702000,-204.183000,-98.779000,28.20
1.221570,1.148000,0.068000,-0.973000,-52.809000,-206.168000,-118.229000,28.20
1.233455,1.166000,-0.067000,-0.941000,-45.939000,-201.450000,-133.267000,28.25
1.239938,1.144000,-0.225000,-0.921000,-37.160000,-198.290000,-141.649000,28.20
1.251892,1.176000,-0.369000,-0.898000,-25.008000,-194.550000,-142.534000,28.20
1.263647,1.312000,-0.477000,-0.885000,-12.382000,-194.870000,-134.534000,28.15
1.270434,1.703000,-0.749000,-0.500000,47.725000,-206.962000,-110.031000,28.25
1.282419,1.597000,-0.581000,-0.335000,48.534000,-191.374000,-88.580000,28.20
1.288336,1.814000,-0.891000,-0.491000,21.924000,-164.702000,-68.336000,28.20
1.301140,1.908000,-0.716000,-0.289000,-13.115000,-129.847000,-48.901000,28.25
1.313540,1.773000,-0.529000,0.034000,-20.397000,-116.214000,-27.511000,28.20
1.320522,1.595000,-0.487000,0.345000,-14.565000,-88.260000,-11.496000,28.29
1.332469,1.573000,-0.565000,0.530000,-10.550000,-51.069000,-5.679000,28.25
1.339995,1.656000,-0.568000,0.620000,-5.298000,-8.153000,-3.130000,28.34
1.352353,1.737000,-0.582000,0.727000,9.863000,32.214000,0.611000,28.20
1.357937,1.802000,-0.590000,0.952000,26.092000,83.847000,5.405000,28.20
1.371906,1.739000,-0.544000,1.129000,45.924000,114.183000,11.374000,28.15
1.384235,0.815000,0.059000,-1.098000,57.771000,33.466000,9.771000,28.20
1.391280,0.750000,0.231000,-2.323000,39.649000,101.420000,5.450000,28.20
1.403868,0.301000,0.077000,-0.944000,63.771000,126.718000,9.939000,28.25
1.410812,0.855000,-0.415000,-0.778000,44.382000,127.802000,4.565000,28.29
1.423459,1.304000,-0.237000,-1.484000,37.695000,124.427000,0.779000,28.29
1.430409,1.162000,0.142000,-1.251000,17.939000,132.916000,-1.008000,28.20
1.442779,1.551000,0.083000,-1.376000,22.168000,115.740000,2.702000,28.15
1.448473,0.992000,-0.405000,-1.171000,38.733000,101.557000,12.351000,28.15
1.461698,0.564000,-0.432000,-1.135000,22.305000,108.733000,15.298000,28.11
1.473953,0.590000,-0.349000,-1.049000,9.450000,113.176000,11.267000,28.15
1.481412,0.636000,-0.304000,-0.989000,-2.321000,98.916000,4.534000,28.25
1.493661,0.572000,-0.110000,-0.915000,-8.229000,91.496000,1.466000,28.20
1.500756,0.586000,-0.107000,-0.937000,-5.099000,69.908000,1.053000,28.39
1.513071,0.499000,-0.170000,-0.929000,-7.176000,59.389000,-0.580000,28.25
1.520233,0.445000,-0.123000,-0.891000,-11.939000,57.496000,-2.565000,28.20
1.532221,0.491000,-0.086000,-0.909000,-11.115000,53.527000,-3.038000,28.20
1.544416,0.526000,-0.074000,-0.896000,-13.237000,55.191000,-3.282000,28.29
1.551351,0.499000,-0.046000,-0.875000,-12.580000,51.878000,-2.183000,28.15
1.563985,0.517000,-0.061000,-0.850000,-11.481000,50.962000,-1.588000,28.29
1.570769,0.520000,-0.059000,-0.858000,-10.321000,48.702000,0.015000,28.29
1.582926,0.530000,-0.052000,-0.847000,-7.847000,42.550000,1.221000,28.15
1.590326,0.491000,-0.045000,-0.839000,-7.664000,40.427000,1.969000,28.25
1.602403,0.530000,-0.082000,-0.852000,-6.092000,40.489000,2.336000,28.20
1.609799,0.544000,-0.048000,-0.720000,5.053000,16.809000,3.511000,28.20
1.621911,0.551000,-0.054000,-0.826000,-11.450000,33.649000,1.786000,28.25
1.634242,0.529000,-0.038000,-0.854000,-1.008000,32.260000,2.321000,28.29
1.641469,0.554000,-0.038000,-0.804000,-1.603000,29.099000,2.519000,28.20
1.656751,0.512000,-0.019000,-0.816000,1.237000,28.702000,2.656000,28.11
1.661018,0.520000,-0.073000,-0.824000,2.733000,24.779000,2.916000,28.25
1.673540,0.538000,-0.078000,-0.800000,-4.092000,28.275000,1.817000,28.15
1.680588,0.559000,-0.045000,-0.814000,1.588000,25.267000,2.198000,28.20
1.692949,0.527000,-0.053000,-0.823000,-1.084000,23.359000,1.115000,28.25
1.700201,-0.006000,0.085000,-0.201000,81.328000,-73.237000,0.336000,28.34
1.712530,0.450000,-0.039000,-0.595000,4.519000,32.061000,0.885000,28.29
1.719540,0.538000,-0.074000,-0.831000,-2.458000,20.809000,1.954000,28.20
1.731943,0.486000,-0.080000,-0.817000,-6.656000,34.672000,1.756000,28.25
1.744506,0.555000,-0.098000,-0.844000,-0.580000,24.351000,1.282000,28.20
1.751517,0.549000,-0.059000,-0.820000,7.099000,-0.198000,0.107000,28.20
1.763984,0.541000,-0.106000,-0.860000,2.641000,20.809000,-1.649000,28.29
1.771176,0.565000,-0.112000,-0.826000,0.427000,22.427000,-1.908000,28.25
1.783459,0.536000,-0.045000,-0.850000,5.481000,21.191000,-1.969000,28.34
1.790603,0.484000,-0.087000,-0.864000,5.405000,25.679000,-1.359000,28.11
1.803170,0.541000,-0.111000,-0.876000,14.656000,0.840000,-0.672000,28.15
1.810148,0.544000,-0.086000,-0.834000,13.847000,4.107000,-1.771000,28.15
1.822694,0.562000,-0.135000,-0.817000,13.771000,7.771000,-2.504000,28.20
1.829682,0.433000,-0.143000,-0.914000,10.519000,11.802000,-0.962000,28.20
1.842080,0.478000,-0.041000,-0.968000,33.237000,2.672000,-1.221000,28.25
1.854223,0.488000,-0.011000,-0.965000,56.672000,-83.618000,1.313000,28.20
1.861508,0.429000,0.088000,-0.888000,51.573000,-31.756000,-1.313000,28.29
1.873421,0.584000,-0.095000,-1.156000,21.664000,32.733000,-3.710000,28.29
1.880752,0.409000,-0.214000,-0.983000,28.214000,92.366000,-5.511000,28.15
1.892793,0.375000,-0.166000,-1.031000,51.298000,40.458000,-12.305000,28.25
1.900038,0.420000,-0.143000,-1.000000,41.115000,111.038000,-12.794000,28.20
1.911867,0.381000,-0.175000,-1.047000,47.496000,116.626000,-18.763000,28.15
1.923964,0.362000,-0.142000,-1.094000,58.748000,143.435000,-27.298000,28.25
1.930862,0.345000,-0.071000,-1.146000,58.550000,214.198000,-35.008000,28.20
1.942978,0.354000,0.075000,-1.305000,71.237000,241.817000,-37.603000,28.20
1.950283,0.277000,0.012000,-1.279000,95.832000,236.229000,-36.931000,28.25
1.962231,0.320000,-0.025000,-1.188000,105.466000,203.282000,-42.046000,28.20
1.974433,1.735000,1.704000,0.906000,91.450000,242.977000,-76.595000,28.29
1.981706,0.906000,-0.734000,-1.865000,100.321000,256.916000,-6.901000,28.15
1.993690,0.950000,-0.718000,-1.663000,45.847000,270.779000,-17.618000,28.15
2.000488,1.055000,-0.293000,-1.347000,10.992000,311.863000,-15.298000,28.20
2.012587,1.269000,-0.340000,-2.029000,14.748000,302.382000,-5.389000,28.15
2.019428,1.152000,0.191000,-1.804000,52.382000,269.145000,5.634000,28.20
2.031910,0.867000,0.215000,-1.679000,74.916000,170.641000,7.206000,28.20
2.044134,-0.582000,0.204000,-1.759000,69.267000,92.275000,14.672000,28.11
2.051136,-0.673000,-0.242000,-1.859000,35.954000,86.733000,35.832000,28.25
2.063374,-1.180000,0.188000,-1.804000,-5.099000,12.061000,61.191000,28.11
2.070492,-0.904000,0.378000,-1.351000,-18.656000,-7.191000,77.527000,28.29
2.082652,-0.834000,0.452000,-1.131000,-12.580000,-77.344000,83.969000,28.25
2.089488,-0.763000,0.324000,-0.799000,-32.962000,-42.931000,91.588000,28.25
2.101663,-0.583000,0.356000,-0.802000,-53.008000,-81.924000,87.603000,28.20
2.113592,-0.399000,0.331000,-0.751000,-65.710000,-102.947000,78.473000,28.25
2.120619,-0.144000,0.342000,-0.825000,-77.496000,-108.931000,66.000000,28.25
2.132684,0.085000,0.292000,-0.912000,-82.290000,-107.893000,50.336000,28.20
2.139724,0.302000,0.143000,-0.868000,-71.924000,-119.893000,38.229000,28.20
2.151735,0.465000,0.076000,-0.927000,-82.458000,-107.069000,21.725000,28.25
2.163891,0.640000,0.031000,-0.889000,-109.145000,-66.336000,2.290000,28.15
2.170829,0.658000,0.074000,-0.838000,-140.824000,-4.183000,-11.618000,28.20
2.182700,0.898000,-0.614000,-1.165000,-56.885000,-223.786000,-32.168000,28.20
2.188463,1.479000,-0.531000,-1.147000,-117.130000,-186.901000,-28.321000,28.15
2.201338,1.299000,-0.490000,-0.797000,-104.198000,-218.489000,-28.702000,28.20
2.213316,1.202000,-0.385000,-0.563000,-83.313000,-229.176000,-41.176000,28.20
2.220174,1.144000,-0.515000,-0.593000,-66.031000,-214.382000,-43.298000,28.15
2.232015,1.154000,-0.618000,-0.566000,-57.160000,-198.366000,-38.672000,28.15
2.243968,1.146000,-0.529000,-0.511000,-48.687000,-192.153000,-37.679000,28.20
2.250568,1.131000,-0.314000,-0.633000,-42.687000,-181.939000,-42.779000,28.11
2.262486,1.128000,-0.173000,-0.623000,-28.870000,-177.542000,-52.519000,28.15
2.274408,1.195000,-0.106000,-0.657000,-21.771000,-171.924000,-67.176000,28.20
2.281525,1.207000,-0.086000,-0.736000,-17.481000,-168.351000,-82.290000,28.11
2.293378,1.067000,-0.083000,-0.726000,-14.427000,-160.809000,-94.565000,28.15
2.300201,0.967000,-0.125000,-0.745000,-5.985000,-158.122000,-105.557000,28.20
2.312246,0.988000,-0.310000,-0.835000,-4.962000,-169.481000,-105.466000,28.20
2.323691,0.970000,-0.406000,-0.959000,-16.366000,-175.084000,-101.756000,28.20
2.330893,1.015000,-0.478000,-1.000000,-45.359000,-154.275000,-88.275000,28.06
2.342768,1.069000,-0.485000,-0.964000,-65.298000,-147.282000,-71.008000,28.25
2.354591,1.302000,-0.554000,-0.949000,-63.802000,-122.611000,-41.023000,28.29
2.361603,0.697000,-0.499000,0.186000,4.931000,-137.328000,12.977000,28.15
2.374007,1.571000,-1.354000,0.281000,15.359000,-128.382000,51.099000,28.15
2.392008,1.408000,-1.407000,0.427000,-34.382000,-51.389000,98.931000,28.20
2.401243,1.737000,-1.383000,0.656000,-70.122000,5.863000,127.985000,28.11
2.410468,2.028000,-1.208000,0.942000,-57.237000,7.634000,164.870000,28.15
2.414235,2.446000,-1.457000,1.741000,-38.656000,49.084000,187.389000,28.11
2.424626,4.000000,0.121000,1.860000,-60.672000,500.260000,249.282000,28.20
2.433649,4.000000,3.167000,-0.276000,84.061000,3.206000,-49.115000,28.15
2.444472,-2.242000,-2.438000,-1.596000,148.321000,-285.832000,31.695000,28.15
2.450173,-0.969000,-0.051000,-0.345000,-61.496000,293.405000,62.565000,28.20
2.462447,0.861000,-0.628000,-1.289000,-12.550000,132.550000,14.122000,28.11
2.469427,0.394000,-0.351000,-1.027000,-40.122000,123.481000,2.076000,28.25
2.481524,0.495000,-0.257000,-0.638000,-22.595000,105.038000,4.779000,28.20
2.493826,0.710000,0.033000,-0.797000,-9.740000,58.687000,-1.084000,28.20
2.500921,0.455000,-0.113000,-0.895000,-7.802000,31.756000,-4.473000,28.15
2.513394,0.586000,-0.079000,-0.797000,-6.504000,60.427000,10.809000,28.15
2.520452,0.521000,-0.015000,-0.856000,-5.527000,63.313000,11.725000,28.11
2.532566,0.560000,-0.122000,-0.868000,0.031000,45.481000,10.061000,28.20
2.539869,0.569000,-0.105000,-0.826000,0.458000,37.710000,8.504000,28.15
2.552406,0.542000,-0.122000,-0.833000,0.107000,24.763000,5.267000,28.20
2.559467,0.513000,-0.127000,-0.849000,-2.809000,25.069000,2.611000,28.29
2.572085,0.484000,-0.120000,-0.881000,-3.405000,23.344000,1.160000,28.15
2.584451,0.502000,-0.094000,-0.853000,-2.076000,24.397000,1.008000,28.20
2.591441,0.513000,-0.083000,-0.821000,-2.534000,25.786000,2.977000,28.20
2.604139,0.523000,-0.038000,-0.831000,-2.779000,33.863000,5.191000,28.20
2.610872,0.534000,-0.039000,-0.821000,-0.931000,31.985000,7.084000,28.06
2.623443,0.530000,0.000000,-0.852000,1.344000,42.290000,9.832000,28.11
2.630892,0.541000,-0.055000,-0.834000,4.611000,26.046000,10.794000,28.20
2.643078,0.587000,-0.090000,-0.769000,0.641000,43.405000,12.565000,28.15
2.650032,0.614000,-0.094000,-0.747000,-2.443000,34.031000,15.740000,28.25
2.663009,0.649000,-0.086000,-0.740000,1.420000,28.702000,12.595000,28.20
2.669789,0.499000,-0.449000,-0.702000,21.069000,13.069000,1.924000,28.20
2.682178,0.596000,-0.167000,-0.760000,3.771000,23.924000,6.885000,28.34
2.694741,0.610000,-0.110000,-0.752000,0.015000,18.962000,6.092000,28.20
2.701953,0.561000,-0.106000,-0.811000,-0.489000,40.901000,7.847000,28.11
2.714182,0.552000,-0.094000,-0.845000,0.519000,29.237000,7.313000,28.20
2.721373,0.524000,-0.032000,-0.853000,5.008000,23.359000,6.305000,28.15
2.733984,0.485000,-0.057000,-0.900000,6.336000,29.847000,4.840000,28.20
2.741174,0.555000,-0.128000,-0.854000,3.985000,39.588000,5.939000,28.11
2.753708,0.541000,-0.083000,-0.820000,7.099000,29.160000,7.160000,28.15
2.760652,0.586000,-0.097000,-0.776000,13.115000,27.924000,5.099000,28.15
2.773241,0.587000,-0.037000,-0.814000,34.809000,0.565000,-0.656000,28.20
2.780265,0.637000,-0.179000,-0.711000,10.641000,16.992000,1.344000,28.20
2.792722,0.647000,-0.153000,-0.696000,12.885000,10.244000,0.244000,28.25
2.800097,0.646000,-0.170000,-0.704000,9.649000,0.977000,0.244000,28.11
2.812201,0.637000,-0.160000,-0.683000,15.527000,-20.977000,0.489000,28.20
2.824481,0.646000,-0.188000,-0.679000,3.634000,-13.099000,0.519000,28.25
2.831698,0.632000,-0.183000,-0.667000,-1.695000,-14.458000,-0.168000,28.15
2.843909,0.632000,-0.161000,-0.701000,-3.115000,-23.099000,-0.748000,28.11
2.850827,0.635000,-0.150000,-0.763000,-8.718000,-21.450000,-2.153000,28.20
2.863011,0.531000,-0.175000,-0.841000,-4.153000,-28.290000,-4.473000,28.15
2.869995,0.502000,-0.149000,-0.855000,-9.542000,-22.412000,-7.084000,28.15
2.882151,0.491000,-0.074000,-0.924000,-0.855000,-25.817000,-5.481000,28.20
2.894496,0.491000,-0.092000,-0.909000,2.458000,-27.450000,-4.244000,28.20
2.901445,0.526000,-0.125000,-0.848000,10.198000,-38.992000,-4.351000,28.25
2.913730,0.556000,-0.139000,-0.791000,3.176000,-26.565000,-4.550000,28.11
2.920808,0.564000,-0.104000,-0.793000,-1.786000,-13.191000,-3.756000,28.11
2.932836,0.586000,-0.112000,-0.786000,0.519000,-18.168000,-2.931000,28.15
2.939871,0.579000,-0.100000,-0.774000,0.229000,-17.603000,-1.893000,28.15
2.952581,0.576000,-0.080000,-0.784000,0.885000,-19.679000,-1.267000,28.11
2.964451,0.568000,-0.087000,-0.780000,0.244000,-18.443000,0.000000,28.20
2.971902,0.519000,-0.095000,-0.780000,0.916000,-16.183000,1.740000,28.15
2.984129,0.521000,-0.133000,-0.825000,2.275000,-19.588000,2.580000,28.20
2.991450,0.496000,-0.169000,-0.859000,1.420000,-14.000000,1.466000,28.11
3.003709,0.499000,-0.186000,-0.860000,1.496000,-12.855000,-0.061000,28.15
3.010723,0.537000,-0.131000,-0.920000,10.366000,-42.473000,-2.046000,28.25
3.022907,0.516000,-0.136000,-0.814000,-0.504000,-7.725000,-1.588000,28.11
3.030126,0.507000,-0.119000,-0.865000,1.191000,-5.695000,-0.748000,28.20
3.042571,0.507000,-0.137000,-0.816000,1.191000,-4.321000,-0.290000,28.25
3.054627,0.544000,-0.155000,-0.787000,3.740000,-13.847000,-1.084000,28.20
3.061826,0.547000,-0.130000,-0.805000,4.107000,-17.206000,-1.023000,28.20
3.074174,0.520000,-0.146000,-0.818000,0.977000,-6.763000,0.168000,28.15
3.081686,0.519000,-0.138000,-0.861000,5.908000,-18.809000,0.931000,28.11
3.093630,0.536000,-0.162000,-0.825000,3.252000,-12.702000,1.557000,28.20
3.100944,0.505000,-0.172000,-0.846000,2.473000,-9.405000,0.870000,28.25
3.113352,0.490000,-0.151000,-0.872000,2.901000,-9.023000,1.099000,28.25
3.120789,0.481000,-0.135000,-0.852000,4.076000,-7.496000,1.328000,28.11
3.133284,0.495000,-0.146000,-0.849000,4.626000,-7.786000,1.191000,28.20
3.140338,0.500000,-0.141000,-0.854000,4.748000,-8.122000,0.809000,28.25
3.152877,0.498000,-0.156000,-0.838000,4.153000,-7.099000,0.336000,28.15
3.160108,0.481000,-0.129000,-0.828000,4.046000,-5.847000,0.229000,28.20
3.172499,0.468000,-0.149000,-0.845000,3.298000,-3.374000,0.321000,28.15
3.180135,0.481000,-0.156000,-0.841000,2.748000,-0.687000,0.153000,28.25
3.192222,0.476000,-0.153000,-0.847000,2.672000,0.198000,-0.229000,28.11
3.204563,0.477000,-0.133000,-0.864000,2.855000,1.664000,-0.427000,28.20
3.212158,0.491000,-0.129000,-0.866000,3.115000,3.435000,0.687000,28.15
3.224314,0.477000,-0.144000,-0.846000,3.511000,5.237000,1.511000,28.15
3.231860,0.476000,-0.171000,-0.835000,2.153000,8.534000,2.000000,28.20
3.244150,0.493000,-0.183000,-0.833000,1.038000,10.260000,1.237000,28.25
3.251276,0.491000,-0.195000,-0.845000,-0.656000,12.092000,0.779000,28.25
3.263782,0.484000,-0.161000,-0.836000,-2.046000,13.450000,-0.107000,28.20
3.270785,0.502000,-0.154000,-0.829000,-2.260000,13.573000,0.092000,28.20
3.283132,0.515000,-0.145000,-0.832000,-1.695000,12.076000,0.840000,28.25
3.290222,0.521000,-0.133000,-0.803000,-1.847000,11.298000,1.603000,28.15
3.302768,0.480000,-0.131000,-0.828000,-1.527000,12.595000,1.863000,28.11
3.309733,0.505000,-0.151000,-0.821000,-1.817000,12.962000,2.061000,28.20
3.322106,0.504000,-0.191000,-0.835000,-1.557000,11.786000,1.511000,28.25
3.334431,0.511000,-0.175000,-0.824000,-1.450000,10.244000,0.626000,28.11
3.341811,0.492000,-0.154000,-0.802000,1.145000,-3.664000,0.519000,28.20
3.354139,0.508000,-0.159000,-0.842000,-0.382000,6.779000,1.374000,28.15
3.361477,0.503000,-0.163000,-0.834000,-0.901000,7.603000,0.931000,28.11
3.373951,0.502000,-0.154000,-0.825000,-0.931000,8.443000,0.947000,28.20
3.381386,0.500000,-0.146000,-0.854000,1.237000,0.397000,0.748000,28.11
3.393361,0.465000,-0.170000,-0.831000,-2.992000,13.832000,0.824000,28.15
3.401157,0.490000,-0.161000,-0.854000,-2.962000,18.198000,0.489000,28.29
3.413166,0.469000,-0.165000,-0.851000,2.244000,7.053000,0.748000,28.20
3.420600,0.504000,-0.126000,-0.850000,1.282000,17.740000,2.458000,28.15
3.432918,0.346000,-0.173000,-0.885000,2.107000,18.244000,4.595000,28.25
3.440108,0.494000,-0.184000,-0.862000,3.298000,20.565000,5.985000,28.11
3.452538,0.484000,-0.124000,-0.878000,3.466000,21.878000,6.000000,28.20
3.459814,0.460000,-0.072000,-0.934000,7.298000,19.924000,9.176000,28.15
3.472128,0.514000,-0.045000,-0.908000,12.870000,24.198000,9.267000,28.11
3.484381,0.460000,-0.222000,-0.892000,13.832000,28.260000,6.824000,28.20
3.491756,0.500000,-0.195000,-0.865000,16.412000,29.267000,3.817000,28.25
3.503912,0.512000,-0.209000,-0.864000,17.466000,31.878000,1.618000,28.15
3.511337,0.441000,-0.200000,-0.946000,18.580000,34.855000,1.664000,28.29
3.523360,0.406000,-0.170000,-0.999000,21.313000,37.099000,0.885000,28.20
3.530769,0.355000,-0.117000,-1.021000,20.443000,44.122000,2.763000,28.15
3.542817,0.428000,-0.080000,-1.406000,14.702000,30.855000,5.542000,28.15
3.550009,0.586000,-0.085000,-0.937000,-1.038000,69.374000,13.084000,28.20
3.562331,0.496000,-0.030000,-0.981000,-7.084000,40.824000,12.275000,28.15
3.574340,0.119000,0.064000,-1.116000,-20.489000,48.061000,12.275000,28.15
3.581725,-0.391000,0.413000,-1.355000,-33.863000,16.763000,-0.046000,28.20
3.593517,-0.526000,0.495000,-1.413000,-37.527000,-6.809000,-12.076000,28.20
3.600663,-0.311000,0.275000,-1.220000,-39.771000,-28.382000,-21.695000,28.15
3.612774,0.189000,0.019000,-1.024000,-35.588000,-41.115000,-21.237000,28.25
3.624355,0.668000,-0.264000,-0.743000,-29.191000,-38.641000,-13.771000,28.20
3.631755,1.072000,-0.437000,-0.456000,-18.901000,-34.443000,-5.511000,28.15
3.643919,1.257000,-0.410000,-0.333000,-2.382000,-32.351000,-0.733000,28.11
3.651145,1.321000,-0.417000,-0.223000,7.069000,-19.893000,3.176000,28.20
3.663159,1.331000,-0.472000,-0.133000,13.405000,-10.824000,10.183000,28.20
3.670535,1.268000,-0.511000,-0.114000,17.176000,-2.092000,18.718000,28.15
3.682695,1.365000,-0.676000,-0.039000,17.130000,7.679000,25.359000,28.25
3.695858,1.306000,-0.735000,-0.145000,14.061000,4.916000,26.458000,28.11
3.701962,0.503000,-0.402000,-0.652000,12.092000,-30.641000,6.489000,28.15
3.714345,0.545000,-0.386000,-0.715000,-1.466000,-23.664000,3.298000,28.15
3.721323,0.623000,-0.242000,-0.821000,-3.679000,-29.802000,-3.756000,28.20
3.733462,0.479000,-0.169000,-0.925000,-5.985000,-27.405000,-3.740000,28.20
3.740745,0.435000,-0.125000,-0.960000,-5.817000,-19.863000,-0.122000,28.06
3.752733,0.433000,-0.112000,-0.979000,-4.198000,-13.450000,4.031000,28.11
3.760250,0.447000,-0.151000,-0.945000,-3.359000,-6.000000,6.061000,28.20
3.772621,0.450000,-0.175000,-0.917000,-1.481000,1.725000,5.847000,28.15
3.778479,0.464000,-0.209000,-0.901000,-0.382000,7.847000,3.695000,28.15
3.792046,0.444000,-0.216000,-0.886000,1.023000,12.168000,1.038000,28.20
3.804381,0.478000,-0.216000,-0.879000,3.405000,16.519000,-2.122000,28.20
3.811605,0.479000,-0.168000,-0.863000,5.298000,18.504000,-4.244000,28.15
3.824042,0.498000,-0.151000,-0.854000,7.634000,21.420000,-2.672000,28.15
3.831160,0.553000,-0.157000,-0.807000,5.863000,21.282000,-2.000000,28.20
3.843477,0.563000,-0.172000,-0.800000,6.534000,18.382000,-2.031000,28.15
3.850672,0.567000,-0.192000,-0.765000,7.176000,16.015000,-1.802000,28.15
3.863440,0.580000,-0.205000,-0.753000,6.412000,13.099000,-2.641000,28.11
3.870534,0.549000,-0.158000,-0.836000,7.740000,11.298000,-3.863000,28.20
3.882599,0.531000,-0.053000,-0.891000,11.786000,14.214000,-2.931000,28.15
3.894750,0.520000,-0.032000,-0.885000,14.687000,18.229000,3.267000,28.20
3.901808,0.547000,-0.103000,-0.803000,11.313000,22.855000,10.107000,28.20
3.914134,0.427000,-0.165000,-0.832000,5.573000,22.916000,13.435000,28.25
3.921278,0.326000,-0.102000,-0.800000,-3.695000,18.489000,14.092000,28.20
3.936893,0.362000,-0.144000,-0.823000,-11.160000,7.069000,10.519000,28.11
3.940855,0.419000,-0.197000,-0.851000,-12.275000,0.672000,6.687000,28.20
3.953091,0.520000,-0.167000,-0.867000,-4.870000,-3.573000,1.237000,28.15
3.960279,0.522000,-0.176000,-0.859000,-0.412000,-4.061000,-1.924000,28.20
3.972549,0.460000,-0.102000,-0.984000,-1.176000,-3.053000,-2.153000,28.11
3.977880,0.277000,0.139000,-1.138000,0.916000,-3.649000,-1.221000,28.25
3.992161,-0.009000,0.242000,-1.230000,-3.099000,-7.435000,-1.893000,28.25
4.004158,-0.198000,0.310000,-1.311000,-16.595000,-14.855000,-5.908000,28.20
4.010861,-0.241000,0.241000,-1.274000,-25.206000,-29.573000,-10.122000,28.20
4.023316,-0.052000,-0.077000,-1.106000,-32.855000,-38.504000,-8.901000,28.15
4.029871,0.345000,-0.440000,-0.833000,-38.931000,-39.145000,-1.481000,28.20
4.041976,1.039000,-0.737000,-0.454000,-33.038000,-35.863000,7.618000,28.20
4.054215,1.631000,-0.862000,-0.171000,-21.069000,-19.130000,10.794000,28.15
4.061319,1.890000,-0.741000,-0.041000,-2.718000,1.664000,8.031000,28.25
4.073801,1.712000,-0.765000,-0.093000,10.672000,18.214000,7.084000,28.11
4.080914,0.587000,-0.134000,-0.823000,17.664000,0.595000,-4.321000,28.11
4.093176,0.110000,-0.352000,-0.821000,8.580000,12.611000,0.122000,28.15
4.100615,0.666000,-0.233000,-0.639000,1.420000,8.015000,-2.580000,28.20
4.112780,0.585000,-0.317000,-0.676000,-4.000000,-2.076000,-6.168000,28.11
4.119816,0.566000,-0.290000,-0.691000,-6.290000,-9.328000,-11.252000,28.25
4.132053,0.610000,-0.228000,-0.741000,-7.710000,-14.779000,-15.099000,28.15
4.143992,0.538000,-0.180000,-0.839000,-8.412000,-17.603000,-15.450000,28.20
4.151121,0.406000,-0.035000,-1.041000,-4.214000,-13.542000,-12.489000,28.20
4.163442,0.310000,0.099000,-1.107000,-0.214000,1.450000,-1.466000,28.15
4.170795,0.397000,0.009000,-1.014000,-0.962000,17.710000,12.214000,28.20
4.182443,0.408000,-0.137000,-0.955000,-0.458000,31.527000,18.595000,28.11
4.189758,0.326000,-0.230000,-0.925000,3.542000,40.779000,17.267000,28.25
4.202013,0.476000,-0.321000,-0.754000,3.420000,42.672000,11.252000,28.20
4.214312,0.618000,-0.347000,-0.664000,-2.351000,34.137000,3.511000,28.20
4.221515,0.665000,-0.267000,-0.770000,1.511000,21.756000,-3.145000,28.25
4.233942,0.530000,-0.111000,-0.879000,8.626000,13.939000,-8.443000,28.15
4.240929,0.473000,-0.050000,-0.915000,7.878000,11.023000,-5.847000,28.11
4.253708,0.479000,-0.007000,-0.939000,2.962000,9.924000,0.870000,28.20
4.261028,0.331000,0.136000,-1.100000,3.740000,7.634000,8.000000,28.15
4.273517,0.023000,0.210000,-1.215000,-3.710000,4.824000,15.313000,28.15
4.280719,-0.247000,0.362000,-1.310000,-18.947000,-1.160000,17.130000,28.20
4.292463,-0.381000,0.409000,-1.372000,-28.046000,-18.947000,11.191000,28.29
4.299735,-0.345000,0.264000,-1.247000,-36.931000,-36.107000,3.725000,28.06
4.311928,-0.095000,0.079000,-1.177000,-39.878000,-52.702000,-2.885000,28.20
4.323633,0.347000,-0.138000,-0.941000,-36.168000,-62.061000,-6.885000,28.20
4.331071,0.758000,-0.290000,-0.750000,-25.847000,-61.084000,-6.351000,28.25
4.342817,1.058000,-0.441000,-0.438000,-16.000000,-49.908000,-4.580000,28.25
4.349562,1.389000,-0.665000,-0.312000,-6.397000,-30.809000,6.763000,28.11
4.362163,1.515000,-0.793000,-0.199000,-5.450000,-7.069000,16.229000,28.20
4.374365,1.509000,-0.823000,-0.135000,-4.305000,12.107000,24.962000,28.25
4.381539,1.365000,-0.729000,-0.205000,-3.374000,22.366000,26.779000,28.11
4.393802,0.659000,-0.286000,-0.651000,7.511000,-4.168000,10.351000,28.11
4.400800,0.284000,-0.464000,-0.719000,3.481000,-8.351000,1.115000,28.15
4.413273,0.575000,-0.243000,-0.705000,-6.473000,-10.824000,-2.550000,28.15
4.420191,0.560000,-0.242000,-0.793000,-7.435000,-19.542000,-4.534000,28.20
4.432370,0.476000,-0.145000,-0.883000,-6.107000,-24.275000,-6.336000,28.15
4.439379,0.453000,-0.098000,-0.924000,-6.061000,-19.679000,-3.695000,28.15
4.451563,0.432000,-0.092000,-0.955000,-5.237000,-15.481000,-0.565000,28.20
4.463903,0.413000,-0.132000,-0.923000,-3.298000,-12.198000,0.916000,28.20
4.476738,0.373000,-0.221000,-0.929000,-0.748000,-8.015000,-0.122000,28.15
4.484842,0.361000,-0.186000,-0.926000,-2.824000,1.786000,-1.389000,28.11
4.490799,0.383000,-0.161000,-0.916000,-2.962000,9.176000,-1.298000,28.11
4.502776,0.441000,-0.146000,-0.882000,-2.260000,13.954000,-1.420000,28.15
4.510115,0.448000,-0.160000,-0.862000,-2.779000,15.939000,-1.573000,28.25
4.522700,0.480000,-0.191000,-0.829000,-2.595000,17.344000,-1.756000,28.20
4.534649,0.492000,-0.202000,-0.811000,-5.099000,19.924000,-1.603000,28.11
4.541774,0.533000,-0.191000,-0.802000,-5.969000,17.573000,-2.214000,28.25
4.553880,0.529000,-0.200000,-0.768000,-10.290000,17.160000,-2.473000,28.15
4.560918,0.518000,-0.199000,-0.779000,-12.656000,16.504000,-2.809000,28.20
4.573070,0.513000,-0.204000,-0.781000,-14.672000,16.351000,-2.580000,28.15
4.580060,0.508000,-0.184000,-0.796000,-17.527000,13.130000,-3.908000,28.15
4.592134,0.493000,-0.115000,-0.846000,-13.527000,15.115000,-2.565000,28.11
4.604483,0.467000,-0.111000,-0.896000,-10.977000,11.740000,-0.244000,28.20
4.611837,0.468000,-0.130000,-0.864000,-9.969000,12.275000,0.992000,28.06
4.624016,0.517000,-0.128000,-0.840000,-7.527000,4.718000,1.878000,28.15
4.631547,0.468000,-0.126000,-0.835000,-8.153000,8.885000,1.191000,28.11
4.643690,0.457000,-0.140000,-0.881000,-6.183000,8.595000,2.061000,28.15
4.650987,0.564000,-0.110000,-0.816000,-6.198000,5.557000,0.824000,28.20
4.663374,0.509000,-0.186000,-0.869000,-4.580000,5.374000,0.321000,28.11
4.670535,0.452000,-0.205000,-0.845000,-7.282000,7.527000,-0.733000,28.20
4.683182,0.511000,-0.174000,-0.838000,-7.893000,6.565000,-1.557000,28.15
4.689937,0.466000,-0.150000,-0.863000,-6.824000,7.634000,-1.496000,28.25
4.702308,0.456000,-0.171000,-0.857000,-7.863000,12.534000,-1.985000,28.20
4.714495,0.461000,-0.169000,-0.851000,-5.588000,15.069000,-2.718000,28.06
4.721766,0.376000,-0.104000,-0.875000,-7.527000,18.794000,-3.435000,28.15
4.733790,0.439000,-0.223000,-0.913000,-9.298000,24.626000,-2.046000,28.20
4.741137,0.500000,-0.188000,-0.879000,-14.321000,23.420000,-7.252000,28.20
4.753243,0.503000,-0.152000,-0.868000,-14.397000,18.504000,-7.481000,28.15
4.760367,0.545000,-0.104000,-0.838000,-9.649000,-14.534000,-7.252000,28.11
4.772475,0.453000,-0.108000,-0.810000,-2.336000,-11.603000,-6.794000,28.29
4.784584,0.518000,-0.086000,-0.839000,-10.550000,11.176000,-5.130000,28.20
4.791724,0.507000,-0.087000,-0.841000,-7.527000,9.466000,-3.282000,28.15
4.803799,0.541000,-0.102000,-0.850000,-1.847000,-0.718000,-1.389000,28.20
4.811195,0.526000,-0.111000,-0.849000,0.214000,2.947000,-0.382000,28.20
4.823619,0.514000,-0.136000,-0.840000,0.305000,1.710000,0.168000,28.25
4.831079,0.496000,-0.144000,-0.845000,1.099000,0.183000,0.229000,28.25
4.843339,0.486000,-0.132000,-0.836000,1.573000,0.046000,-0.061000,28.11
4.850768,0.468000,-0.122000,-0.851000,1.847000,1.176000,-0.046000,28.11
4.863211,0.485000,-0.160000,-0.833000,0.718000,3.496000,-0.366000,28.15
4.870403,0.485000,-0.153000,-0.846000,-0.397000,5.817000,-0.382000,28.20
4.882649,0.484000,-0.140000,-0.838000,-0.534000,7.511000,0.321000,28.20
4.890008,0.500000,-0.128000,-0.816000,-0.183000,9.710000,0.901000,28.15
4.902531,0.496000,-0.126000,-0.810000,0.718000,14.290000,1.817000,28.06
4.909847,0.467000,-0.127000,-0.833000,0.763000,21.115000,2.855000,28.20
4.922272,0.481000,-0.148000,-0.830000,0.550000,30.855000,2.489000,28.11
4.934831,0.459000,-0.134000,-0.867000,0.702000,40.779000,2.260000,28.15
4.941586,0.481000,-0.123000,-0.862000,0.489000,46.275000,2.992000,28.25
4.954055,0.531000,-0.147000,-0.856000,0.763000,46.076000,3.634000,28.11
4.961193,0.497000,-0.139000,-0.907000,16.092000,-19.588000,4.779000,28.15
4.973642,0.488000,-0.162000,-0.874000,-1.466000,48.565000,2.870000,28.15
4.981081,0.498000,-0.151000,-0.871000,5.786000,37.664000,1.389000,28.20
4.993445,0.509000,-0.137000,-0.898000,2.931000,41.450000,1.176000,28.20
5.000427,0.478000,-0.097000,-0.937000,6.000000,36.580000,1.985000,28.15
5.012900,0.487000,-0.112000,-0.967000,9.252000,51.863000,1.939000,28.15
5.025041,0.530000,-0.146000,-0.931000,8.763000,58.473000,1.084000,28.20
5.033165,0.451000,-0.164000,-1.029000,13.496000,64.443000,0.351000,28.11
5.039840,0.328000,-0.181000,-1.091000,37.893000,54.580000,-0.779000,28.15
5.051615,0.481000,-0.200000,-1.039000,47.008000,58.702000,-5.679000,28.29
5.063882,0.412000,-0.265000,-1.115000,55.969000,59.527000,-15.618000,28.20
5.070967,0.367000,-0.213000,-1.119000,53.023000,78.687000,-24.015000,28.15
5.082809,0.571000,-0.159000,-1.098000,52.626000,108.290000,-27.038000,28.15
5.089888,0.559000,-0.108000,-1.185000,64.061000,95.130000,-31.542000,28.11
5.102125,0.391000,-0.069000,-1.121000,67.313000,123.313000,-28.824000,28.20
5.113999,0.670000,-0.130000,-1.153000,62.931000,113.527000,-26.565000,28.25
5.121304,0.929000,-0.407000,-1.491000,50.260000,158.718000,-17.634000,28.20
5.133133,0.721000,-0.260000,-1.150000,37.908000,131.756000,-20.473000,28.11
5.140446,0.604000,-0.043000,-1.381000,27.008000,176.794000,-16.305000,28.25
5.152502,0.351000,0.169000,-1.712000,35.634000,123.588000,-29.145000,28.11
5.164380,-0.504000,0.547000,-1.901000,33.267000,102.519000,-44.809000,28.11
5.171504,-0.464000,0.225000,-1.865000,29.664000,81.924000,-48.076000,28.20
5.183738,-0.590000,0.147000,-2.098000,14.275000,45.206000,-30.183000,28.15
5.190681,-0.789000,0.038000,-1.618000,6.931000,32.473000,-7.969000,28.15
5.203335,-0.722000,-0.073000,-1.546000,-6.397000,1.664000,16.947000,28.20
5.209966,-0.554000,-0.033000,-1.492000,-17.863000,-31.206000,41.023000,28.15
5.222203,-0.407000,0.020000,-1.396000,-27.588000,-61.069000,58.977000,28.15
5.234293,-0.274000,0.090000,-1.312000,-35.725000,-80.412000,69.985000,28.20
5.240938,-0.139000,0.155000,-1.215000,-41.863000,-94.824000,72.305000,28.20
5.253361,-0.029000,0.215000,-1.105000,-45.573000,-104.153000,67.359000,28.15
5.260012,0.069000,0.234000,-1.065000,-47.420000,-121.618000,55.405000,28.20
5.272606,0.182000,0.250000,-0.998000,-48.260000,-129.634000,40.336000,28.11
5.284340,0.279000,0.239000,-0.991000,-53.053000,-123.710000,23.863000,28.15
5.291316,0.372000,0.216000,-0.992000,-53.725000,-120.748000,7.588000,28.15
5.303807,0.439000,0.183000,-1.010000,-49.740000,-126.855000,-7.221000,28.20
5.310539,0.491000,0.113000,-1.018000,-44.779000,-128.916000,-19.359000,28.20
5.322605,0.556000,0.005000,-1.044000,-44.779000,-127.450000,-28.641000,28.15
5.334337,0.605000,-0.064000,-1.093000,-46.122000,-131.115000,-35.359000,28.15
5.341307,0.663000,-0.107000,-1.132000,-44.977000,-137.863000,-38.840000,28.11
5.353316,0.659000,-0.137000,-1.112000,-42.458000,-142.229000,-38.992000,28.20
5.359954,0.630000,-0.166000,-1.082000,-40.626000,-145.344000,-38.351000,28.15
5.371660,0.605000,-0.187000,-1.072000,-41.649000,-146.382000,-36.702000,28.11
5.383614,0.649000,-0.213000,-1.099000,-44.779000,-146.397000,-34.061000,28.11
5.390406,0.690000,-0.215000,-1.117000,-47.878000,-147.771000,-29.740000,28.15
5.402368,0.708000,-0.223000,-1.096000,-50.489000,-147.145000,-23.969000,28.15
5.414276,0.692000,-0.218000,-1.047000,-53.756000,-147.664000,-19.252000,28.20
5.421306,0.680000,-0.207000,-1.006000,-55.695000,-147.069000,-15.649000,28.15
5.433128,0.693000,-0.191000,-0.984000,-56.977000,-144.198000,-13.206000,28.25
5.439828,0.665000,-0.160000,-0.954000,-58.031000,-143.817000,-13.206000,28.20
5.451896,0.656000,-0.153000,-0.937000,-58.885000,-129.832000,-13.802000,28.11
5.463560,0.712000,-0.181000,-1.052000,-56.031000,-136.046000,-16.397000,28.15
5.470796,0.795000,-0.189000,-1.024000,-59.924000,-130.046000,-17.878000,28.15
5.482179,0.852000,-0.199000,-1.070000,-63.557000,-113.115000,-17.664000,28.11
5.494098,0.941000,-0.264000,-1.072000,-56.733000,-129.939000,-17.664000,28.15
5.500983,0.973000,-0.315000,-0.974000,-58.305000,-133.863000,-18.947000,28.25
5.512967,0.928000,-0.259000,-0.831000,-51.145000,-135.023000,-22.336000,28.20
5.519560,0.942000,-0.282000,-0.584000,-38.962000,-128.763000,-27.496000,28.20
5.531457,0.995000,-0.364000,-0.518000,-35.191000,-115.115000,-35.496000,28.15
5.543490,1.004000,-0.343000,-0.419000,-29.924000,-102.137000,-45.252000,28.20
5.550329,1.056000,-0.332000,-0.289000,-20.366000,-78.580000,-52.779000,28.20
5.562620,1.098000,-0.371000,-0.223000,-9.511000,-76.580000,-62.290000,28.25
5.568202,1.171000,-0.474000,-0.135000,-1.618000,-69.954000,-67.771000,28.15
5.581571,1.329000,-0.572000,-0.069000,0.840000,-41.298000,-64.733000,28.20
5.593963,1.512000,-0.603000,0.057000,3.099000,-28.321000,-62.519000,28.20
5.601285,1.589000,-0.646000,0.265000,14.443000,-0.031000,-29.084000,28.06
5.613340,1.749000,-0.715000,0.457000,20.412000,36.580000,-6.260000,28.11
5.620902,1.953000,-0.607000,0.786000,25.160000,98.916000,17.145000,28.11
5.633053,0.489000,0.114000,-0.076000,40.748000,50.092000,6.565000,28.15
5.640659,0.743000,0.433000,-2.246000,29.481000,55.786000,-2.977000,28.15
5.652574,0.060000,0.757000,-1.104000,58.641000,166.779000,10.779000,28.11
5.664401,-0.014000,0.099000,-0.673000,76.153000,117.573000,-21.771000,28.20
5.671847,1.113000,-0.408000,-1.579000,37.160000,151.786000,-36.031000,28.15
5.683590,1.293000,-0.736000,-1.620000,39.237000,147.313000,-10.611000,28.20
5.690847,1.210000,-0.486000,-1.967000,35.847000,177.847000,25.634000,28.20
5.703076,1.474000,0.414000,-1.593000,45.649000,103.802000,9.282000,28.15
5.710035,0.494000,-0.094000,-0.981000,52.412000,124.763000,11.130000,28.20
5.722269,0.265000,-0.538000,-1.147000,36.992000,151.298000,23.099000,28.11
5.734280,0.597000,-0.242000,-1.035000,30.107000,147.328000,25.847000,28.20
5.741336,0.634000,-0.111000,-1.162000,31.053000,110.015000,19.786000,28.15
5.753687,0.417000,-0.237000,-1.081000,29.084000,78.290000,19.160000,28.11
5.760628,0.431000,-0.339000,-1.067000,13.420000,74.244000,13.817000,28.20
5.773199,0.417000,-0.238000,-0.982000,1.099000,67.008000,10.443000,28.15
5.780278,0.378000,-0.125000,-0.969000,-4.641000,62.107000,7.527000,28.15
5.792620,0.394000,-0.128000,-0.965000,-7.237000,49.756000,4.870000,28.20
5.799752,0.395000,-0.095000,-0.927000,-5.405000,43.450000,4.244000,28.11
5.812250,0.422000,-0.121000,-0.901000,-6.718000,35.969000,2.962000,28.15
5.824217,0.409000,-0.097000,-0.896000,-6.275000,35.771000,2.947000,28.20
5.831879,0.418000,-0.067000,-0.910000,-7.038000,30.962000,2.565000,28.20
5.843974,0.430000,-0.063000,-0.883000,-5.313000,27.969000,2.672000,28.15
5.851269,0.412000,-0.056000,-0.889000,-2.397000,20.336000,1.985000,28.15
5.863566,0.426000,-0.083000,-0.874000,0.015000,17.099000,2.366000,28.11
5.870800,0.426000,-0.082000,-0.885000,2.443000,10.519000,1.985000,28.20
5.883064,0.417000,-0.072000,-0.861000,2.824000,12.870000,2.565000,28.06
5.890617,0.425000,-0.073000,-0.869000,3.924000,14.580000,3.206000,28.15
5.902949,0.434000,-0.110000,-0.874000,4.870000,14.321000,3.496000,28.11
5.910293,0.446000,-0.124000,-0.867000,4.718000,10.198000,3.328000,28.11
5.922755,0.436000,-0.098000,-0.873000,3.252000,9.603000,2.519000,28.15
5.929996,0.431000,-0.062000,-0.869000,1.832000,13.206000,2.137000,28.11
5.942495,0.422000,-0.087000,-0.867000,1.084000,22.275000,3.664000,28.20
5.954873,0.456000,-0.154000,-0.870000,-1.786000,30.366000,3.878000,28.15
5.961933,0.458000,-0.140000,-0.882000,-1.832000,28.168000,2.992000,28.15
5.974105,0.428000,-0.073000,-0.857000,-3.053000,17.924000,3.359000,28.11
5.981410,0.409000,-0.070000,-0.852000,-4.244000,31.328000,2.397000,28.11
5.993700,0.402000,-0.069000,-0.847000,-6.840000,43.863000,2.397000,28.15
6.001017,0.390000,-0.072000,-0.891000,-2.840000,49.130000,1.771000,28.25
6.012920,0.458000,-0.106000,-0.879000,-4.183000,50.076000,2.885000,28.20
6.020476,0.456000,-0.064000,-0.875000,-0.550000,40.641000,1.679000,28.20
6.032602,0.422000,-0.080000,-0.878000,0.321000,47.145000,1.710000,28.25
6.039638,0.439000,-0.108000,-0.938000,10.412000,36.794000,2.626000,28.20
6.052080,0.514000,-0.144000,-0.910000,11.099000,21.664000,2.046000,28.20
6.057751,0.406000,-0.127000,-0.942000,9.053000,67.069000,1.542000,28.15
6.071588,0.457000,-0.132000,-0.958000,7.832000,76.031000,1.954000,28.15
6.084194,0.427000,-0.108000,-0.943000,13.344000,74.321000,2.122000,28.11
6.091081,0.486000,-0.133000,-0.959000,12.855000,97.832000,5.237000,28.20
6.103561,0.485000,-0.109000,-0.960000,4.153000,100.061000,8.885000,28.25
6.110819,0.210000,0.114000,-1.162000,41.053000,64.595000,8.489000,28.15
6.123061,0.459000,-0.285000,-0.953000,23.084000,143.924000,3.786000,28.20
6.130425,0.441000,-0.234000,-1.112000,39.359000,143.359000,-2.748000,28.15
6.142111,0.419000,-0.220000,-1.193000,50.702000,163.023000,-12.015000,28.25
6.154505,0.438000,-0.216000,-1.215000,68.229000,174.000000,-26.809000,28.20
6.161507,0.364000,-0.086000,-1.354000,88.840000,162.183000,-42.733000,28.20
6.173395,0.414000,0.029000,-1.430000,100.840000,170.137000,-53.725000,28.15
6.180269,0.385000,0.008000,-1.378000,124.168000,179.282000,-59.847000,28.15
6.192414,0.757000,-0.348000,-1.600000,133.618000,202.183000,-63.221000,28.11
6.204488,0.743000,-0.497000,-1.450000,55.252000,356.504000,-42.962000,28.15
6.211680,0.660000,-0.295000,-1.353000,43.450000,331.649000,-37.206000,28.15
6.223682,0.961000,0.099000,-1.281000,41.954000,322.260000,-29.313000,28.11
6.230421,1.084000,0.131000,-1.634000,46.687000,274.580000,-21.802000,28.20
6.243103,0.982000,0.141000,-1.865000,76.733000,259.557000,-0.015000,28.15
6.249883,0.323000,-0.039000,-2.599000,53.069000,165.511000,18.198000,28.25
6.262344,-1.153000,-0.094000,-2.153000,9.618000,85.008000,41.191000,28.20
6.274138,-0.521000,0.103000,-2.199000,-11.069000,101.557000,70.412000,28.15
6.281416,-0.671000,0.281000,-1.417000,-8.107000,-18.687000,77.802000,28.06
6.293584,-0.636000,0.378000,-1.289000,-16.901000,-30.137000,86.534000,28.11
6.300490,-0.499000,0.342000,-1.117000,-20.534000,-52.595000,86.565000,28.20
6.312684,-0.395000,0.420000,-1.047000,-30.153000,-65.664000,79.496000,28.25
6.324359,-0.374000,0.534000,-1.209000,-34.336000,-86.122000,66.565000,28.11
6.331112,-0.101000,0.447000,-1.041000,-33.450000,-137.695000,44.122000,28.20
6.343337,0.002000,0.439000,-1.018000,-43.298000,-147.527000,23.221000,28.20
6.350560,0.091000,0.409000,-0.999000,-50.809000,-146.366000,4.092000,28.25
6.362624,0.186000,0.347000,-1.005000,-53.618000,-162.076000,-13.252000,28.20
6.374295,0.259000,0.233000,-1.021000,-59.374000,-180.198000,-27.008000,28.20
6.381300,0.338000,0.150000,-1.040000,-65.481000,-188.015000,-35.756000,28.15
6.393592,0.384000,0.052000,-1.064000,-69.756000,-200.305000,-40.015000,28.25
6.400072,0.490000,-0.063000,-1.151000,-76.092000,-207.771000,-39.786000,28.20
6.412025,0.630000,-0.171000,-1.251000,-86.748000,-218.092000,-35.191000,28.11
6.423910,0.738000,-0.207000,-1.302000,-94.962000,-237.130000,-28.565000,28.25
6.431026,0.742000,-0.226000,-1.260000,-98.061000,-251.954000,-21.176000,28.11
6.442875,0.732000,-0.260000,-1.212000,-99.817000,-256.855000,-15.069000,28.20
6.448835,0.773000,-0.307000,-1.194000,-104.107000,-258.321000,-10.702000,28.06
6.461251,0.829000,-0.314000,-1.199000,-107.160000,-252.397000,-6.672000,28.06
6.473162,0.883000,-0.284000,-1.261000,-107.267000,-255.893000,-5.756000,28.11
6.480332,0.942000,-0.236000,-1.306000,-105.206000,-255.847000,-7.847000,28.11
6.492119,0.990000,-0.182000,-1.310000,-101.069000,-255.496000,-13.221000,28.06
6.504094,1.033000,-0.170000,-1.328000,-98.641000,-254.962000,-20.992000,28.06
6.510671,1.110000,-0.186000,-1.327000,-98.015000,-253.817000,-29.359000,28.20
6.523286,1.213000,-0.211000,-1.269000,-96.901000,-252.794000,-38.931000,28.06
6.534779,1.287000,-0.256000,-1.199000,-92.550000,-247.725000,-49.679000,28.15
6.541382,1.342000,-0.326000,-1.102000,-81.863000,-242.550000,-58.809000,28.11
6.553449,1.379000,-0.349000,-0.996000,-69.664000,-235.420000,-65.924000,28.20
6.560206,1.453000,-0.343000,-0.886000,-55.069000,-221.160000,-69.649000,28.15
6.572359,1.521000,-0.366000,-0.840000,-44.763000,-198.656000,-68.885000,28.20
6.584199,1.604000,-0.441000,-0.787000,-44.916000,-177.145000,-66.443000,28.20
6.590780,1.646000,-0.485000,-0.645000,-47.863000,-158.122000,-60.794000,28.15
6.602690,1.598000,-0.628000,-0.387000,-53.573000,-151.176000,-51.969000,28.11
6.614379,1.638000,-0.710000,-0.103000,-53.145000,-137.069000,-36.412000,28.11
6.621605,1.676000,-0.751000,0.156000,-44.550000,-100.290000,-14.794000,28.15
6.633837,1.640000,-0.746000,0.353000,-34.260000,-50.748000,6.092000,28.06
6.640885,1.618000,-0.765000,0.403000,-24.916000,-15.298000,21.802000,28.11
6.653311,1.577000,-0.714000,0.328000,-19.588000,21.099000,35.435000,28.11
6.660033,1.450000,-0.548000,0.180000,-14.427000,51.206000,43.771000,28.15
6.672471,1.661000,-0.584000,0.201000,39.481000,99.649000,32.489000,28.15
6.679658,1.057000,-0.376000,0.780000,57.618000,70.412000,27.206000,28.11
6.691736,0.176000,0.265000,-1.106000,51.374000,31.908000,30.641000,28.06
6.704265,0.335000,0.624000,-1.912000,65.359000,104.427000,45.634000,28.15
6.711093,-0.017000,0.673000,-0.827000,101.679000,146.015000,29.924000,28.11
6.723176,0.020000,0.241000,-0.562000,123.160000,96.183000,-8.382000,28.20
6.730562,0.958000,-0.329000,-1.708000,81.618000,259.969000,-23.893000,28.15
6.742326,1.688000,-0.250000,-1.862000,67.053000,150.061000,-31.405000,28.11
6.754481,0.986000,-0.801000,-1.672000,65.664000,103.588000,-15.893000,28.11
6.761582,0.870000,-0.121000,-1.606000,31.008000,201.344000,-2.626000,28.06
6.773600,1.254000,-0.050000,-1.647000,33.038000,146.443000,4.260000,28.20
6.781012,0.421000,-0.125000,-1.052000,35.099000,157.252000,-0.260000,28.11
6.793136,0.408000,-0.269000,-1.150000,20.901000,176.473000,6.198000,28.11
6.800547,0.791000,-0.165000,-1.046000,29.420000,171.450000,18.672000,28.15
6.812276,0.644000,0.067000,-1.094000,37.450000,131.985000,17.145000,28.11
6.842396,0.444000,-0.174000,-1.107000,44.824000,111.221000,19.466000,28.11
6.847775,0.508000,-0.295000,-1.112000,31.557000,103.023000,18.611000,28.15
6.850533,0.430000,-0.157000,-1.016000,22.489000,82.336000,13.084000,28.15
6.853222,0.475000,-0.226000,-1.026000,14.641000,83.878000,11.924000,28.11
6.863121,0.480000,-0.181000,-0.994000,8.351000,68.901000,9.695000,28.15
6.883877,0.440000,-0.139000,-0.934000,1.786000,66.168000,7.481000,28.15
6.884511,0.259000,0.034000,-0.907000,2.809000,58.244000,5.481000,28.20
6.890263,0.426000,-0.180000,-0.935000,4.000000,55.252000,5.542000,28.11
6.905225,0.431000,-0.185000,-0.914000,-0.168000,48.137000,3.221000,28.15
6.913881,0.443000,-0.092000,-0.927000,-1.618000,38.870000,1.557000,28.15
6.922136,0.440000,-0.057000,-0.897000,1.115000,33.634000,2.733000,28.11
6.928056,0.481000,-0.076000,-0.866000,3.130000,31.420000,3.725000,28.11
6.941649,0.457000,-0.106000,-0.884000,2.702000,28.153000,4.137000,28.06
6.954141,0.451000,-0.113000,-0.873000,1.344000,29.573000,4.565000,28.20
6.961411,0.471000,-0.116000,-0.871000,-1.069000,28.275000,4.305000,28.11
6.973576,0.451000,-0.095000,-0.888000,-0.656000,24.183000,3.496000,28.25
6.980978,0.474000,-0.112000,-0.872000,-3.176000,31.313000,3.496000,28.15
6.993373,0.472000,-0.067000,-0.879000,2.550000,16.046000,3.557000,28.11
7.000495,0.448000,-0.021000,-0.887000,5.374000,10.794000,2.809000,28.11
7.013121,0.539000,-0.162000,-0.854000,5.679000,2.260000,2.992000,28.15
7.020386,0.450000,-0.097000,-0.820000,8.260000,9.954000,4.183000,28.11
7.032743,0.442000,-0.082000,-0.863000,-0.107000,34.580000,5.527000,28.01
7.039991,0.416000,-0.093000,-0.897000,4.748000,32.656000,5.405000,28.25
7.052591,0.496000,-0.118000,-0.843000,1.542000,49.481000,4.611000,28.20
7.059733,0.481000,-0.099000,-0.861000,1.359000,47.557000,4.641000,28.20
7.072361,0.473000,-0.098000,-0.920000,0.748000,45.435000,4.595000,28.11
7.084478,0.473000,-0.139000,-0.851000,-0.168000,53.115000,3.863000,28.15
7.091900,0.488000,-0.125000,-0.876000,1.115000,58.550000,2.244000,28.15
7.104233,0.437000,0.016000,-0.891000,1.282000,70.397000,5.435000,28.11
7.111957,0.417000,-0.033000,-0.899000,7.084000,83.527000,12.382000,28.11
7.123826,0.443000,-0.114000,-0.903000,12.305000,80.824000,15.466000,28.15
7.131096,0.493000,-0.163000,-0.886000,-1.084000,106.885000,15.145000,28.01
7.143329,0.478000,-0.235000,-0.894000,7.466000,63.328000,8.641000,28.01
7.150602,0.408000,-0.066000,-0.916000,4.382000,122.168000,8.046000,28.25
7.163157,0.539000,-0.212000,-0.958000,31.527000,84.489000,3.939000,28.11
7.170295,0.424000,-0.202000,-0.966000,22.321000,132.595000,4.916000,28.11
7.182146,0.472000,-0.181000,-0.975000,35.176000,141.786000,-1.160000,28.20
7.194761,0.372000,-0.167000,-1.243000,47.176000,162.626000,-5.557000,28.06
7.201348,0.505000,-0.116000,-1.211000,54.763000,174.473000,-12.000000,28.15
7.213313,0.581000,-0.109000,-1.271000,73.588000,167.069000,-11.298000,28.11
7.220565,0.826000,-0.107000,-1.489000,64.840000,182.565000,-7.740000,28.15
7.233786,0.589000,-0.187000,-1.285000,61.695000,183.038000,-7.130000,28.15
7.245056,0.718000,-0.429000,-1.706000,37.786000,196.260000,-5.344000,28.11
7.251508,0.725000,-0.074000,-1.342000,26.718000,165.954000,3.634000,28.11
7.264139,0.257000,0.157000,-1.589000,22.397000,133.511000,6.458000,28.06
7.271065,-0.462000,0.401000,-2.411000,8.412000,76.229000,10.962000,28.11
7.283568,-1.440000,0.534000,-1.960000,19.344000,23.740000,23.496000,28.20
7.290791,-1.494000,0.129000,-1.641000,-5.954000,-6.198000,38.809000,28.06
7.302800,-1.116000,0.322000,-1.604000,-38.321000,-56.870000,46.672000,28.15
7.308574,-1.011000,0.474000,-1.239000,-41.282000,-117.099000,39.603000,28.20
7.321731,-0.609000,0.479000,-1.055000,-45.405000,-158.672000,25.466000,28.11
7.333470,-0.249000,0.438000,-0.957000,-52.748000,-187.863000,2.183000,28.15
7.340480,0.733000,0.285000,-0.770000,-66.443000,-205.053000,-24.351000,28.15
7.352837,0.994000,0.020000,-1.146000,-57.832000,-253.359000,-40.656000,28.20
7.364464,1.061000,-0.286000,-0.698000,-49.359000,-235.740000,-38.260000,28.25
7.371179,1.333000,-0.649000,-0.599000,-44.947000,-228.702000,-17.710000,28.15
7.383331,1.916000,-0.989000,-0.547000,-47.588000,-219.008000,5.221000,28.11
7.390327,1.953000,-0.686000,0.050000,-36.382000,-184.809000,11.328000,28.11
7.402633,2.254000,-0.753000,0.135000,-1.496000,-159.374000,20.962000,28.06
7.414442,2.355000,-0.808000,0.248000,14.473000,-126.046000,16.672000,28.06
7.421828,2.486000,-0.846000,0.258000,24.412000,-102.550000,6.595000,28.11
7.433797,2.570000,-0.598000,0.377000,24.458000,-64.168000,-11.725000,28.11
7.441055,2.478000,-0.513000,0.321000,33.176000,-46.061000,-28.260000,28.15
7.453300,2.275000,-0.556000,0.272000,36.107000,-22.489000,-43.359000,28.11
7.460292,2.127000,-0.651000,0.234000,33.817000,5.450000,-50.489000,28.20
7.472744,1.157000,-0.548000,-0.314000,15.099000,4.947000,-45.725000,28.15
7.478635,0.445000,-0.026000,-0.795000,3.313000,-18.656000,-39.939000,27.97
7.491903,0.576000,-0.010000,-0.646000,0.153000,-7.863000,-25.664000,28.20
7.503929,0.688000,-0.059000,-0.733000,-11.420000,-14.550000,-7.924000,28.01
7.511325,0.491000,0.031000,-0.858000,-10.198000,-20.916000,7.084000,28.06
7.523126,0.501000,-0.007000,-0.981000,-10.931000,-11.924000,15.069000,28.01
7.530318,0.350000,0.103000,-1.096000,16.382000,-30.992000,2.366000,28.11
7.545594,0.443000,-0.235000,-1.018000,12.809000,-20.214000,10.412000,28.15
7.550118,0.298000,-0.271000,-0.978000,9.710000,-15.450000,2.305000,28.11
7.561595,0.327000,-0.301000,-0.902000,0.092000,-11.573000,-3.389000,28.11
7.574056,0.384000,-0.301000,-0.976000,0.397000,3.924000,-1.298000,28.11
7.581235,0.411000,-0.222000,-0.903000,-6.198000,10.153000,-4.382000,28.06
7.593318,0.474000,-0.194000,-0.852000,-7.679000,18.977000,-4.565000,28.20
7.600541,0.496000,-0.168000,-0.824000,-10.870000,21.649000,-3.496000,28.01
7.612783,0.498000,-0.114000,-0.849000,-7.771000,18.290000,-0.962000,28.15
7.620086,0.516000,-0.076000,-0.810000,-7.756000,14.672000,1.527000,28.25
7.632522,0.545000,-0.107000,-0.792000,-6.748000,9.786000,4.840000,28.11
7.639567,0.536000,-0.137000,-0.781000,-4.504000,3.481000,5.893000,28.20
7.651901,0.526000,-0.183000,-0.791000,-3.237000,0.214000,4.718000,28.15
7.664386,0.483000,-0.184000,-0.819000,-4.214000,1.389000,2.198000,28.20
7.671902,0.462000,-0.175000,-0.854000,-4.947000,4.260000,0.931000,28.11
7.684206,0.470000,-0.173000,-0.879000,-5.130000,3.344000,-0.672000,28.15
7.691379,0.468000,-0.158000,-0.888000,-5.176000,4.672000,-1.496000,28.06
7.703960,0.466000,-0.144000,-0.868000,-4.183000,4.779000,-1.710000,28.20
7.710940,0.476000,-0.127000,-0.869000,-3.557000,6.763000,-1.573000,28.11
7.723549,0.480000,-0.125000,-0.854000,-2.840000,8.321000,-0.931000,28.15
7.730456,0.486000,-0.130000,-0.842000,-2.931000,11.252000,-0.260000,28.15
7.742671,0.477000,-0.136000,-0.843000,-3.008000,12.687000,0.000000,28.01
7.750119,0.477000,-0.133000,-0.839000,-3.252000,14.962000,0.901000,28.15
7.762265,0.480000,-0.160000,-0.844000,-3.298000,14.076000,0.824000,28.06
7.775100,0.509000,-0.195000,-0.678000,-0.931000,14.702000,0.718000,28.11
7.782934,0.481000,-0.167000,-0.822000,-2.550000,4.947000,-0.687000,28.11
7.793838,0.485000,-0.176000,-0.855000,-2.336000,4.534000,-1.237000,28.06
7.800964,0.490000,-0.152000,-0.849000,-3.985000,5.359000,-0.840000,28.15
7.817009,0.494000,-0.146000,-0.861000,-2.489000,3.557000,-0.977000,28.11
7.820481,0.496000,-0.148000,-0.844000,-2.702000,2.534000,-0.824000,28.15
7.832818,0.488000,-0.146000,-0.842000,-2.412000,3.282000,-0.534000,28.15
7.839830,0.483000,-0.137000,-0.836000,-3.557000,8.122000,-0.305000,28.11
7.852328,0.480000,-0.147000,-0.867000,-3.130000,9.710000,-0.183000,28.20
7.859315,0.476000,-0.142000,-0.850000,-3.832000,11.939000,0.641000,28.06
7.872083,0.476000,-0.143000,-0.871000,-3.145000,13.115000,1.359000,28.06
7.884496,0.486000,-0.145000,-0.836000,-4.244000,15.053000,1.679000,28.11
7.891272,0.500000,-0.143000,-0.894000,-2.733000,8.672000,2.046000,28.11
7.903851,0.508000,-0.152000,-0.800000,-4.489000,11.695000,1.908000,28.15
7.911391,0.506000,-0.146000,-0.814000,-4.443000,9.084000,1.176000,28.11
7.923589,0.505000,-0.141000,-0.834000,-3.221000,7.023000,0.672000,28.01
7.930882,0.494000,-0.150000,-0.856000,-1.786000,3.969000,0.214000,28.06
7.943068,0.508000,-0.151000,-0.830000,-1.878000,6.229000,-0.412000,28.11
7.950328,0.490000,-0.145000,-0.814000,-2.916000,6.443000,-0.779000,28.11
7.962759,0.493000,-0.148000,-0.829000,-3.191000,7.282000,-0.824000,28.11
7.969901,0.498000,-0.151000,-0.835000,-3.176000,9.267000,-0.855000,28.15
7.982204,0.495000,-0.144000,-0.865000,-2.397000,9.191000,-0.718000,28.06
7.994570,0.510000,-0.146000,-0.843000,-3.008000,10.748000,-0.305000,28.20
8.001551,0.507000,-0.144000,-0.833000,-3.008000,10.580000,-0.550000,28.06
8.013929,0.511000,-0.152000,-0.829000,-3.649000,10.611000,-0.214000,28.15
8.021194,0.517000,-0.152000,-0.835000,-3.267000,9.817000,-0.397000,28.11
8.033469,0.521000,-0.145000,-0.806000,-4.122000,9.679000,-0.107000,28.20
8.040836,0.514000,-0.150000,-0.821000,-3.313000,8.092000,0.107000,28.15
8.055068,0.507000,-0.146000,-0.839000,-3.344000,5.618000,-0.214000,28.11
8.059892,0.508000,-0.151000,-0.852000,-2.809000,4.366000,-0.137000,28.11
8.072562,0.498000,-0.147000,-0.851000,-2.473000,4.901000,-0.321000,28.11
8.079715,0.461000,-0.167000,-0.861000,-2.153000,5.527000,0.275000,28.15
8.092093,0.487000,-0.162000,-0.842000,-1.588000,6.519000,-0.565000,28.11
8.104629,0.510000,-0.166000,-0.855000,-2.489000,6.092000,-0.305000,28.20
8.111679,0.506000,-0.158000,-0.846000,-0.565000,5.756000,-0.504000,28.06
8.124058,0.500000,-0.136000,-0.843000,-2.015000,7.740000,-0.641000,28.06
8.131179,0.518000,-0.135000,-0.813000,-3.496000,9.450000,-0.626000,28.20
8.143732,0.514000,-0.165000,-0.826000,-1.176000,7.588000,-0.794000,28.11
8.150629,0.517000,-0.156000,-0.810000,-1.450000,7.542000,-0.641000,28.15
8.163305,0.526000,-0.158000,-0.818000,-1.145000,5.450000,-0.748000,28.11
8.170285,0.524000,-0.156000,-0.822000,-0.794000,4.107000,-0.763000,28.01
8.182679,0.522000,-0.121000,-0.807000,-0.855000,4.168000,-0.626000,28.06
8.189987,0.520000,-0.129000,-0.823000,-1.267000,4.076000,-0.061000,28.15
8.202278,0.528000,-0.131000,-0.820000,-1.374000,3.450000,0.672000,28.11
8.214588,0.524000,-0.138000,-0.818000,-0.595000,2.763000,1.771000,28.11
8.222008,0.518000,-0.149000,-0.833000,-1.298000,2.641000,2.229000,28.15
8.234189,0.524000,-0.144000,-0.811000,-1.954000,3.023000,2.595000,28.15
8.241709,0.514000,-0.153000,-0.820000,-2.366000,3.878000,2.214000,28.11
8.255016,0.513000,-0.159000,-0.824000,-2.244000,4.153000,1.481000,28.15
8.261023,0.514000,-0.146000,-0.839000,-1.939000,4.122000,1.282000,28.06
8.273792,0.494000,-0.132000,-0.843000,-1.893000,5.435000,1.878000,28.20
8.280930,0.513000,-0.137000,-0.836000,-1.573000,6.153000,3.420000,28.11
8.293176,0.512000,-0.098000,-0.815000,-2.015000,9.710000,4.000000,28.15
8.300494,0.495000,-0.168000,-0.809000,-3.603000,8.382000,5.481000,28.06
8.313120,0.508000,-0.177000,-0.822000,-2.198000,7.786000,4.275000,28.20
8.320067,0.514000,-0.178000,-0.839000,-1.908000,6.733000,3.130000,28.11
8.332709,0.517000,-0.182000,-0.819000,-3.267000,9.282000,0.931000,28.15
8.340034,0.501000,-0.151000,-0.858000,-2.992000,10.580000,0.092000,28.11
8.351915,0.512000,-0.123000,-0.822000,-3.481000,12.275000,0.351000,28.11
8.364499,0.509000,-0.135000,-0.836000,-3.237000,12.748000,1.099000,28.06
8.371526,0.540000,-0.155000,-0.803000,-3.756000,12.855000,1.679000,28.06
8.384030,0.535000,-0.156000,-0.836000,-1.893000,2.397000,0.901000,28.20
8.391434,0.525000,-0.154000,-0.834000,-2.962000,11.481000,0.641000,28.11
8.403632,0.528000,-0.134000,-0.835000,-1.695000,10.427000,0.321000,28.15
8.411041,0.515000,-0.137000,-0.844000,-0.153000,9.176000,0.229000,28.15
8.429786,0.528000,-0.128000,-0.834000,-0.168000,10.260000,0.931000,28.11
8.430519,0.500000,-0.120000,-0.848000,-0.061000,12.718000,1.725000,28.11
8.442551,0.501000,-0.115000,-0.856000,2.382000,13.649000,2.809000,28.06
8.449869,0.516000,-0.153000,-0.846000,1.786000,14.504000,3.557000,28.11
8.462298,0.518000,-0.192000,-0.845000,2.061000,14.611000,2.626000,28.20
8.469405,0.499000,-0.174000,-0.876000,2.412000,16.214000,1.145000,28.25
8.481993,0.473000,-0.147000,-0.904000,3.450000,18.229000,-0.550000,28.06
8.494404,0.427000,-0.067000,-0.960000,6.336000,22.321000,1.588000,28.20
8.501724,0.453000,-0.083000,-0.967000,3.847000,30.137000,8.275000,28.11
8.514222,0.467000,-0.127000,-0.917000,2.107000,36.489000,10.779000,28.06
8.521364,0.564000,-0.240000,-0.937000,6.321000,41.160000,9.176000,28.11
8.533876,0.493000,-0.241000,-0.897000,4.336000,49.511000,2.550000,28.11
8.540754,0.390000,-0.230000,-0.963000,1.740000,55.237000,-1.420000,28.06
8.553176,0.385000,-0.222000,-0.915000,-3.389000,62.137000,-1.160000,28.11
8.560276,0.605000,-0.240000,-0.716000,-8.366000,50.824000,-0.183000,28.20
8.572458,0.675000,-0.129000,-0.714000,-9.878000,37.725000,-3.282000,28.11
8.579769,0.490000,-0.044000,-0.875000,3.969000,14.443000,-9.725000,28.06
8.591782,0.229000,-0.021000,-0.954000,12.733000,-1.405000,-14.565000,28.15
8.604388,0.083000,0.026000,-1.068000,8.565000,-7.725000,-15.282000,28.01
8.611503,0.038000,0.154000,-1.175000,3.649000,-10.794000,-13.313000,28.15
8.623820,0.023000,0.207000,-1.175000,1.282000,-20.336000,-9.069000,28.25
8.630752,-0.002000,0.155000,-1.153000,-7.267000,-32.214000,-2.763000,28.11
8.643198,0.039000,0.116000,-1.129000,-16.626000,-43.160000,4.107000,28.11
8.650261,0.086000,-0.013000,-1.047000,-25.115000,-54.061000,12.473000,28.15
8.662284,0.166000,-0.161000,-0.958000,-33.084000,-62.519000,21.481000,28.20
8.673919,0.404000,-0.307000,-0.850000,-34.595000,-61.710000,32.779000,28.01
8.681219,0.565000,-0.423000,-0.783000,-30.061000,-60.824000,40.611000,28.15
8.693068,0.710000,-0.241000,-0.833000,-24.962000,-53.985000,40.962000,28.06
8.700282,0.658000,-0.103000,-0.814000,-23.588000,-35.130000,40.443000,28.11
8.712488,0.604000,0.012000,-0.884000,-28.580000,-22.565000,40.473000,28.11
8.724308,0.539000,-0.012000,-0.820000,-25.740000,-27.588000,44.168000,28.15
8.731374,0.575000,-0.182000,-0.687000,-30.275000,-33.603000,48.687000,28.20
8.743396,0.931000,-0.304000,-0.552000,-31.618000,-17.435000,51.695000,28.11
8.750517,1.260000,-0.544000,-0.364000,-25.542000,-21.603000,51.084000,28.15
8.762484,1.647000,-0.675000,-0.183000,-16.427000,-16.687000,43.237000,28.06
8.769788,1.965000,-0.711000,0.017000,-5.893000,-5.527000,31.466000,28.20
8.782223,1.620000,-0.635000,-0.172000,7.725000,0.840000,18.550000,28.11
8.794344,0.058000,-0.310000,-0.877000,18.366000,-24.290000,-4.290000,28.15
8.801404,0.351000,-0.208000,-0.805000,-2.061000,18.397000,-1.130000,28.11
8.813614,0.547000,-0.191000,-0.818000,-0.412000,4.840000,-2.183000,28.11
8.821050,0.439000,-0.177000,-0.895000,1.618000,-2.351000,-2.916000,28.06
8.833006,0.494000,-0.160000,-0.849000,2.748000,-7.847000,-2.519000,28.20
8.840545,0.477000,-0.164000,-0.839000,2.015000,-8.229000,-2.397000,28.11
8.852734,0.477000,-0.162000,-0.842000,0.321000,-3.084000,-2.321000,28.11
8.859663,0.464000,-0.184000,-0.853000,-1.298000,2.092000,-2.137000,28.15
8.871861,0.436000,-0.149000,-0.890000,-2.076000,6.916000,-1.573000,28.11
8.884458,0.419000,-0.133000,-0.889000,-1.863000,12.702000,-0.336000,28.11
8.891701,0.488000,-0.186000,-0.862000,-0.962000,10.565000,0.458000,28.15
8.904005,0.465000,-0.169000,-0.905000,1.313000,6.443000,-1.191000,28.06
8.911236,0.444000,-0.131000,-0.904000,3.344000,9.481000,-2.061000,28.20
8.923582,0.473000,-0.139000,-0.866000,0.962000,18.504000,0.092000,28.11
8.930985,0.471000,-0.132000,-0.876000,-0.244000,22.931000,2.519000,28.06
8.943229,0.488000,-0.159000,-0.871000,0.153000,22.626000,3.908000,28.01
8.950491,0.490000,-0.159000,-0.846000,-0.992000,23.878000,4.107000,28.01
8.962886,0.511000,-0.192000,-0.833000,-0.901000,23.252000,3.679000,28.06
8.970269,0.501000,-0.210000,-0.841000,0.092000,23.160000,1.542000,28.06
8.982285,0.485000,-0.205000,-0.869000,2.489000,25.313000,-1.832000,28.11
8.989794,0.481000,-0.172000,-0.919000,7.359000,27.985000,-4.336000,28.20
9.001704,0.467000,-0.172000,-0.920000,9.649000,33.237000,-4.763000,28.15
9.014311,0.391000,-0.142000,-0.906000,9.802000,38.183000,-4.641000,28.06
9.021630,0.448000,-0.191000,-0.826000,9.969000,38.382000,-3.481000,28.20
9.033792,0.458000,-0.201000,-0.806000,10.137000,28.489000,-7.115000,28.06
9.040774,0.466000,-0.215000,-0.772000,12.427000,20.855000,-11.191000,28.15
9.052833,0.419000,-0.226000,-0.776000,13.359000,13.847000,-17.176000,28.11
9.060170,0.518000,-0.240000,-0.755000,13.176000,6.672000,-23.740000,28.11
9.072577,0.608000,-0.180000,-0.818000,17.786000,1.908000,-30.366000,28.15
9.084500,0.526000,-0.100000,-0.983000,24.443000,1.069000,-32.992000,28.15
9.091728,0.329000,0.018000,-1.083000,24.580000,2.031000,-32.947000,28.11
9.104504,0.084000,0.139000,-1.142000,21.649000,1.420000,-31.573000,28.11
9.111311,-0.064000,0.210000,-1.167000,12.092000,0.611000,-29.267000,28.15
9.123774,-0.213000,0.230000,-1.203000,-2.534000,-0.214000,-25.008000,28.11
9.130709,-0.389000,0.211000,-1.203000,-16.382000,-5.160000,-18.168000,28.11
9.142412,-0.537000,0.117000,-1.280000,-30.992000,-16.672000,-9.130000,28.15
9.154361,-0.573000,-0.043000,-1.311000,-44.656000,-38.198000,-0.046000,28.15
9.161837,-0.448000,0.024000,-1.504000,-49.130000,-53.832000,11.710000,28.20
9.173526,-0.300000,0.103000,-1.470000,-38.656000,-78.382000,20.794000,28.11
9.180489,0.083000,0.030000,-1.414000,-39.847000,-78.473000,38.260000,28.15
9.192729,0.367000,-0.005000,-1.319000,-46.748000,-68.840000,59.725000,28.06
9.204435,0.418000,-0.070000,-1.144000,-54.443000,-56.962000,81.985000,28.11
9.212055,0.554000,0.046000,-1.116000,-65.481000,-54.214000,93.115000,28.06
9.224050,0.816000,0.043000,-0.618000,-44.733000,-54.763000,79.969000,28.06
9.230887,0.909000,-0.255000,-0.516000,-43.939000,-58.168000,58.214000,28.11
9.242929,1.220000,-0.651000,-0.224000,-29.389000,-60.901000,37.481000,28.11
9.249924,2.227000,-1.412000,0.327000,-16.458000,-54.122000,25.450000,28.15
9.262139,3.413000,-1.858000,0.939000,-3.634000,-35.206000,14.809000,28.06
9.274589,3.916000,-1.776000,1.217000,3.863000,-12.824000,-6.260000,28.11
9.281660,0.084000,-0.366000,-0.806000,-3.130000,-154.504000,-45.176000,28.11
9.293818,0.096000,0.383000,-0.794000,-23.023000,13.099000,-11.160000,28.15
9.300784,0.280000,0.115000,-1.266000,5.252000,-44.840000,-7.374000,28.11
9.312981,0.090000,-0.330000,-1.137000,-4.107000,-12.260000,-0.137000,28.11
9.320112,0.327000,0.023000,-1.116000,-2.885000,-17.466000,-1.038000,28.06
9.332236,0.395000,-0.223000,-0.980000,1.985000,-43.511000,-4.092000,28.20
9.344356,0.288000,-0.102000,-0.849000,-7.542000,-11.496000,-3.237000,28.11
9.355371,0.299000,-0.034000,-0.915000,-9.038000,29.191000,0.107000,28.20
9.363657,0.350000,-0.114000,-0.888000,-10.168000,46.183000,2.244000,28.15
9.370559,0.315000,-0.123000,-0.898000,-12.534000,59.328000,2.992000,28.11
9.382899,0.395000,-0.155000,-0.865000,-13.618000,62.885000,3.084000,28.11
9.389952,0.434000,-0.161000,-0.858000,-15.405000,54.229000,0.580000,28.15
9.402281,0.456000,-0.146000,-0.841000,-12.000000,46.321000,-0.702000,28.06
9.408285,0.473000,-0.114000,-0.869000,-10.947000,44.443000,0.092000,28.11
9.421924,0.455000,-0.096000,-0.887000,-9.756000,51.160000,3.557000,28.06
9.434113,0.445000,-0.104000,-0.890000,-7.099000,53.115000,6.168000,28.15
9.441572,0.427000,-0.126000,-0.897000,-9.557000,52.183000,4.885000,28.11
9.453772,0.416000,-0.139000,-0.887000,-9.206000,52.076000,4.397000,28.11
9.461094,0.427000,-0.145000,-0.889000,-7.160000,46.153000,4.153000,28.15
9.473227,0.463000,-0.153000,-0.863000,-5.863000,39.084000,2.702000,28.15
9.480535,0.452000,-0.142000,-0.857000,-5.206000,33.527000,1.435000,28.01
9.492806,0.493000,-0.148000,-0.805000,-7.496000,32.290000,0.733000,28.15
9.499900,0.487000,-0.149000,-0.803000,-8.137000,28.015000,-0.290000,28.15
9.512436,0.490000,-0.064000,-0.776000,-9.252000,25.527000,-0.458000,28.01
9.524353,0.447000,-0.013000,-0.879000,-8.489000,26.046000,-0.672000,28.11
9.532107,0.481000,-0.114000,-0.924000,-6.290000,20.107000,1.649000,28.25
9.543875,0.482000,-0.126000,-0.877000,-3.847000,14.321000,0.595000,27.97
9.551391,0.473000,-0.167000,-0.867000,-3.924000,9.466000,-0.244000,28.20
9.563370,0.456000,-0.186000,-0.856000,-6.931000,5.282000,-2.336000,28.11
9.570897,0.472000,-0.184000,-0.864000,-8.626000,6.229000,-3.908000,28.06
9.582921,0.490000,-0.131000,-0.851000,-10.687000,8.321000,-4.809000,28.20
9.590333,0.498000,-0.097000,-0.866000,-10.137000,7.237000,-4.748000,28.01
9.602408,0.509000,-0.062000,-0.852000,-8.534000,4.046000,-4.061000,28.15
9.614527,0.502000,-0.056000,-0.879000,-5.878000,1.176000,-2.290000,28.11
9.621674,0.481000,-0.103000,-0.881000,-3.405000,-2.366000,-0.901000,28.11
9.634052,0.480000,-0.104000,-0.883000,-2.733000,-3.191000,-1.160000,28.11
9.641276,0.477000,-0.111000,-0.869000,-2.198000,-3.237000,-0.977000,28.15
9.653570,0.473000,-0.101000,-0.878000,-1.725000,-2.382000,-1.008000,28.11
9.660420,0.480000,-0.068000,-0.859000,-0.061000,-3.771000,-0.687000,28.11
9.672854,0.489000,-0.095000,-0.845000,0.672000,-2.260000,0.260000,28.15
9.680342,0.459000,-0.064000,-0.833000,0.183000,0.641000,1.099000,28.15
9.692692,0.443000,-0.091000,-0.861000,0.443000,4.214000,1.420000,28.11
9.699997,0.450000,-0.098000,-0.854000,0.427000,8.305000,1.328000,28.01
9.712797,0.447000,-0.086000,-0.851000,2.198000,13.618000,2.168000,28.15
9.720293,0.458000,-0.092000,-0.866000,3.450000,14.779000,3.282000,28.11
9.731948,0.503000,-0.118000,-0.860000,3.908000,20.489000,4.260000,28.11
9.744392,0.478000,-0.078000,-0.844000,5.237000,24.947000,6.229000,28.15
9.751626,0.475000,-0.093000,-0.845000,7.221000,28.733000,7.038000,28.06
9.764124,0.465000,-0.115000,-0.839000,7.740000,30.885000,8.550000,28.11
9.771414,0.513000,-0.137000,-0.859000,6.153000,35.511000,9.023000,28.11
9.783582,0.534000,-0.133000,-0.822000,6.947000,39.252000,8.962000,28.06
9.791157,0.469000,-0.113000,-0.837000,9.252000,13.603000,6.748000,28.15
9.803540,0.368000,-0.051000,-0.940000,13.527000,13.496000,7.252000,28.11
9.810735,0.525000,-0.089000,-0.942000,4.870000,44.763000,7.099000,28.15
9.823092,0.415000,-0.135000,-0.901000,3.832000,43.038000,3.603000,28.06
9.830632,0.483000,-0.178000,-0.866000,11.679000,63.649000,1.908000,28.11
9.842686,0.511000,-0.113000,-0.870000,10.076000,44.137000,0.779000,28.11
9.850106,0.484000,-0.090000,-0.835000,15.405000,45.282000,-0.702000,28.06
9.862409,0.494000,-0.132000,-0.899000,19.435000,65.557000,-0.351000,28.15
9.874343,0.413000,-0.016000,-1.003000,34.168000,71.710000,-2.687000,28.11
9.881532,0.448000,-0.095000,-0.959000,25.389000,86.305000,0.763000,28.11
9.893848,0.513000,-0.242000,-0.956000,38.901000,85.817000,-1.053000,28.15
9.901141,0.515000,-0.223000,-1.009000,42.733000,97.359000,-4.763000,28.11
9.913228,0.505000,-0.125000,-1.077000,53.481000,95.771000,-7.237000,28.29
9.920538,0.368000,-0.169000,-1.262000,59.496000,85.786000,-7.664000,28.15
9.932668,0.430000,-0.061000,-1.214000,60.962000,99.466000,-8.489000,28.15
9.944655,0.512000,-0.076000,-1.219000,74.534000,97.405000,-12.656000,28.20
9.951776,0.446000,-0.088000,-1.339000,85.145000,114.015000,-18.992000,28.11
9.963566,0.665000,-0.364000,-1.138000,103.053000,88.809000,-25.160000,28.25
9.970744,0.629000,-0.335000,-0.925000,93.802000,81.527000,-32.931000,28.06
9.982951,0.825000,-0.304000,-1.154000,78.779000,121.985000,-35.252000,28.20
9.989896,1.064000,-0.434000,-1.384000,58.824000,151.679000,-32.473000,28.15
10.001983,0.626000,-0.157000,-1.010000,64.458000,106.153000,-41.511000,28.15
