# Gait Analysis Data - MPU6050 IMU
# Duration: 10 seconds
# Format: timestamp(s),ax(g),ay(g),az(g),gx(deg/s),gy(deg/s),gz(deg/s),temp(C)
# Note: Document sensor placement (ankle/wrist) separately
timestamp,ax,ay,az,gx,gy,gz,temp
0.001152,0.564000,0.227000,-0.718000,-15.954000,4.489000,7.924000,25.28
0.002031,0.546000,0.239000,-0.634000,9.405000,9.771000,33.115000,25.24
0.002908,0.564000,0.258000,-0.758000,-10.412000,7.771000,36.366000,25.19
0.003814,0.413000,0.197000,-0.727000,-7.725000,14.122000,67.817000,25.28
0.004602,0.503000,0.295000,-0.854000,-21.282000,7.496000,110.092000,25.19
0.005381,0.475000,0.270000,-0.825000,-5.344000,6.687000,98.840000,25.28
0.006164,0.713000,0.279000,-0.882000,-12.229000,11.679000,62.382000,25.24
0.006921,0.651000,0.237000,-0.813000,-5.954000,1.969000,6.183000,25.24
0.007495,0.502000,0.251000,-0.795000,-2.687000,1.802000,-16.504000,25.28
0.008052,0.508000,0.268000,-0.806000,-0.855000,-0.061000,-7.115000,25.24
0.008598,0.512000,0.280000,-0.790000,-2.122000,2.794000,1.435000,25.28
0.009147,0.566000,0.260000,-0.757000,-2.702000,-0.275000,3.191000,25.24
0.009694,0.588000,0.229000,-0.740000,-3.359000,-2.183000,-5.557000,25.24
0.010320,0.566000,0.230000,-0.884000,14.580000,11.588000,-32.565000,25.28
0.011225,0.555000,0.295000,-0.870000,-0.947000,8.977000,-21.053000,25.33
0.012018,0.484000,0.265000,-0.727000,2.427000,-2.229000,-18.122000,25.38
0.012747,0.548000,0.291000,-0.831000,-5.405000,3.939000,-15.710000,25.28
0.013482,0.518000,0.306000,-0.794000,-12.748000,1.802000,-8.183000,25.24
0.014242,0.527000,0.240000,-0.774000,-21.130000,-5.618000,-7.389000,25.19
0.014965,0.579000,0.177000,-0.774000,-19.130000,-4.092000,-13.405000,25.33
0.015686,0.552000,0.172000,-0.766000,-12.092000,1.924000,-19.603000,25.33
0.016384,0.525000,0.197000,-0.770000,-8.092000,1.969000,-11.725000,25.28
0.017035,0.522000,0.229000,-0.759000,-4.763000,-0.061000,-3.939000,25.24
0.017669,0.559000,0.277000,-0.778000,-4.779000,-0.015000,-2.947000,25.28
0.018360,0.518000,0.275000,-0.785000,-7.924000,0.656000,-6.290000,25.19
0.019013,0.521000,0.266000,-0.767000,-6.641000,-0.595000,-2.840000,25.24
0.019692,0.528000,0.254000,-0.771000,-8.046000,-0.885000,5.924000,25.28
0.020318,0.535000,0.262000,-0.756000,-8.473000,1.847000,9.420000,25.24
0.020949,0.528000,0.261000,-0.780000,-8.565000,3.725000,8.977000,25.24
0.021571,0.494000,0.255000,-0.782000,-7.298000,1.710000,15.328000,25.28
0.022210,0.505000,0.254000,-0.819000,-10.962000,7.985000,19.756000,25.33
0.022849,0.509000,0.231000,-0.782000,-11.206000,8.580000,32.229000,25.28
0.023653,0.564000,0.222000,-0.800000,-6.534000,6.595000,20.336000,25.24
0.024655,0.538000,0.254000,-0.762000,0.260000,8.321000,16.015000,25.24
0.025321,0.514000,0.284000,-0.767000,-1.221000,7.893000,20.397000,25.28
0.025927,0.519000,0.307000,-0.801000,-5.893000,8.107000,31.939000,25.33
0.026388,0.547000,0.281000,-0.766000,-12.550000,8.977000,31.908000,25.38
0.026861,0.570000,0.215000,-0.745000,-6.962000,7.084000,28.107000,25.19
0.027344,0.586000,0.227000,-0.760000,-3.344000,8.198000,12.962000,25.33
0.027810,0.554000,0.217000,-0.800000,-5.008000,5.557000,10.962000,25.38
0.028267,0.522000,0.244000,-0.774000,-5.267000,3.344000,21.084000,25.33
0.028730,0.548000,0.264000,-0.756000,-4.656000,2.366000,25.863000,25.33
0.029191,0.567000,0.229000,-0.791000,-3.908000,3.542000,18.305000,25.28
0.029653,0.552000,0.265000,-0.809000,-4.992000,2.702000,14.504000,25.14
0.030218,0.550000,0.262000,-0.760000,-5.710000,3.053000,16.947000,25.28
0.030790,0.576000,0.229000,-0.780000,-5.954000,-0.046000,13.893000,25.28
0.031343,0.581000,0.207000,-0.777000,-2.458000,1.878000,-1.771000,25.33
0.031902,0.547000,0.241000,-0.759000,-1.985000,-0.214000,-6.168000,25.28
0.032453,0.547000,0.243000,-0.781000,-1.344000,0.763000,-5.664000,25.24
0.032999,0.537000,0.263000,-0.752000,-1.771000,-0.626000,-2.733000,25.28
0.033543,0.539000,0.254000,-0.770000,-1.435000,0.229000,-0.443000,25.28
0.034089,0.538000,0.256000,-0.767000,-2.992000,-1.435000,3.237000,25.33
0.034618,0.547000,0.214000,-0.821000,-2.519000,0.565000,1.634000,25.28
0.035189,0.552000,0.243000,-0.796000,-3.389000,1.603000,1.328000,25.38
0.035770,0.540000,0.242000,-0.782000,-3.145000,1.267000,1.664000,25.24
0.036276,0.547000,0.242000,-0.789000,-2.290000,2.092000,-1.359000,25.28
0.036771,0.539000,0.252000,-0.791000,-2.275000,3.282000,-0.412000,25.33
0.037253,0.538000,0.250000,-0.777000,-4.153000,2.931000,6.565000,25.24
0.037743,0.532000,0.222000,-0.780000,-4.824000,3.008000,9.817000,25.28
0.038236,0.552000,0.216000,-0.781000,-5.664000,4.244000,8.427000,25.33
0.038723,0.535000,0.230000,-0.782000,-6.656000,5.176000,11.374000,25.28
0.039213,0.548000,0.233000,-0.789000,-6.855000,6.198000,17.496000,25.28
0.039700,0.549000,0.257000,-0.783000,-3.069000,4.702000,11.466000,25.28
0.040198,0.559000,0.206000,-0.775000,-2.580000,9.695000,0.672000,25.19
0.040709,0.539000,0.281000,-0.786000,-2.031000,6.580000,10.870000,25.24
0.041217,0.560000,0.223000,-0.802000,-6.092000,10.916000,9.603000,25.33
0.041731,0.552000,0.250000,-0.766000,-6.947000,8.137000,11.908000,25.28
0.042196,0.563000,0.215000,-0.759000,-3.893000,6.947000,6.565000,25.33
0.042649,0.562000,0.221000,-0.762000,-2.840000,4.641000,3.924000,25.28
0.043099,0.544000,0.244000,-0.785000,-2.427000,4.824000,8.366000,25.24
0.043596,0.543000,0.244000,-0.792000,-2.229000,9.527000,16.305000,25.24
0.044134,0.537000,0.239000,-0.733000,-6.519000,5.496000,24.916000,25.38
0.044856,0.581000,0.187000,-0.762000,-2.229000,6.824000,16.122000,25.24
0.045419,0.534000,0.254000,-0.753000,-3.496000,3.328000,23.191000,25.28
0.046277,0.535000,0.256000,-0.775000,-3.969000,3.939000,33.588000,25.28
0.046977,0.561000,0.269000,-0.759000,-5.802000,2.977000,30.473000,25.24
0.047479,0.586000,0.252000,-0.764000,-4.092000,2.336000,21.298000,25.28
0.047936,0.569000,0.215000,-0.779000,-2.397000,4.458000,14.534000,25.24
0.048726,0.551000,0.239000,-0.768000,-2.412000,6.000000,21.710000,25.33
0.049651,0.554000,0.224000,-0.735000,-6.092000,1.374000,33.298000,25.19
0.050418,0.584000,0.166000,-0.751000,-4.947000,0.947000,29.023000,25.24
0.051041,0.622000,0.127000,-0.815000,-4.046000,1.969000,11.878000,25.28
0.051777,0.593000,0.211000,-0.725000,2.397000,0.992000,-8.595000,25.28
0.052291,0.579000,0.200000,-0.779000,1.802000,-1.359000,-11.511000,25.33
0.052905,0.544000,0.215000,-0.771000,1.328000,0.321000,-3.221000,25.28
0.053411,0.567000,0.235000,-0.774000,-1.160000,-1.252000,7.176000,25.33
0.053885,0.589000,0.233000,-0.785000,-0.580000,-0.687000,7.023000,25.24
0.054378,0.565000,0.214000,-0.761000,1.466000,-0.183000,-1.679000,25.28
0.054840,0.547000,0.197000,-0.773000,1.756000,-0.565000,-5.756000,25.33
0.055582,0.561000,0.175000,-0.812000,-0.794000,0.458000,1.038000,25.28
0.056154,0.574000,0.178000,-0.778000,-0.687000,0.489000,2.351000,25.28
0.056635,0.587000,0.179000,-0.759000,-0.412000,-0.061000,-7.145000,25.33
0.057099,0.580000,0.199000,-0.770000,1.191000,0.687000,-13.664000,25.19
0.057554,0.542000,0.209000,-0.761000,2.366000,-0.168000,-13.496000,25.33
0.057995,0.542000,0.237000,-0.734000,0.840000,1.405000,-3.176000,25.28
0.058438,0.596000,0.204000,-0.759000,-2.244000,-6.015000,1.878000,25.28
0.058853,0.576000,0.175000,-0.783000,2.824000,0.504000,-15.099000,25.33
0.059262,0.548000,0.201000,-0.764000,1.099000,-3.450000,-11.618000,25.28
0.059676,0.551000,0.196000,-0.785000,0.473000,-0.412000,-7.008000,25.28
0.060092,0.542000,0.231000,-0.757000,3.191000,-2.412000,-8.641000,25.33
0.060501,0.551000,0.260000,-0.750000,6.000000,-2.229000,-5.389000,25.38
0.060904,0.589000,0.243000,-0.811000,2.931000,-7.527000,2.092000,25.33
0.061432,0.542000,0.219000,-0.819000,5.664000,1.969000,-1.802000,25.33
0.062013,0.542000,0.240000,-0.763000,2.641000,-4.916000,14.137000,25.38
0.062491,0.564000,0.204000,-0.766000,0.687000,-6.183000,15.832000,25.24
0.062984,0.566000,0.214000,-0.745000,4.244000,-6.015000,8.824000,25.28
0.063444,0.552000,0.207000,-0.760000,2.473000,-7.588000,11.954000,25.19
0.063890,0.557000,0.190000,-0.749000,3.740000,-9.664000,18.290000,25.28
0.064355,0.588000,0.158000,-0.771000,1.237000,-11.924000,13.527000,25.28
0.064815,0.559000,0.141000,-0.777000,4.809000,-10.702000,-0.840000,25.33
0.065237,0.545000,0.163000,-0.774000,6.061000,-8.672000,-3.069000,25.24
0.065700,0.530000,0.204000,-0.774000,10.840000,-11.954000,-3.939000,25.28
0.066144,0.550000,0.250000,-0.798000,7.954000,-11.466000,-0.198000,25.24
0.066578,0.540000,0.188000,-0.832000,-2.275000,-8.305000,11.099000,25.28
0.067063,0.498000,0.135000,-0.836000,-5.053000,-5.954000,10.565000,25.19
0.067524,0.543000,0.170000,-0.848000,6.351000,-5.710000,7.527000,25.24
0.067982,0.531000,0.197000,-0.778000,2.855000,-4.336000,8.458000,25.19
0.068459,0.561000,0.198000,-0.809000,7.099000,-4.260000,2.046000,25.24
0.068963,0.515000,0.200000,-0.785000,9.664000,-3.481000,-1.802000,25.24
0.069424,0.534000,0.217000,-0.807000,6.733000,-4.443000,6.183000,25.28
0.069892,0.521000,0.189000,-0.811000,5.618000,-5.893000,15.160000,25.33
0.070384,0.562000,0.217000,-0.790000,5.618000,-5.695000,16.718000,25.28
0.070858,0.569000,0.186000,-0.796000,6.198000,-7.954000,6.397000,25.19
0.071338,0.533000,0.174000,-0.804000,10.031000,-2.626000,-2.489000,25.24
0.071798,0.505000,0.182000,-0.793000,5.405000,-8.504000,6.458000,25.28
0.072263,0.481000,0.128000,-0.838000,1.176000,-3.405000,16.641000,25.24
0.072743,0.505000,0.147000,-0.850000,1.969000,-2.000000,20.947000,25.19
0.073200,0.530000,0.187000,-0.792000,0.733000,-0.947000,21.511000,25.28
0.073689,0.511000,0.162000,-0.856000,0.763000,2.015000,14.748000,25.24
0.074157,0.526000,0.161000,-0.818000,-1.954000,0.168000,18.107000,25.28
0.074594,0.545000,0.157000,-0.817000,-1.252000,0.336000,13.298000,25.28
0.075199,0.547000,0.134000,-0.827000,-2.214000,2.748000,-0.214000,25.24
0.075798,0.525000,0.156000,-0.832000,-1.588000,3.802000,-7.191000,25.28
0.076257,0.513000,0.180000,-0.823000,-2.504000,4.061000,-5.817000,25.24
0.076708,0.510000,0.171000,-0.826000,-3.588000,4.000000,-1.252000,25.33
0.077163,0.516000,0.151000,-0.820000,-5.176000,3.817000,1.420000,25.38
0.077599,0.532000,0.159000,-0.811000,-5.405000,4.763000,0.137000,25.24
0.078021,0.542000,0.166000,-0.820000,-5.160000,5.542000,-3.420000,25.19
0.078443,0.525000,0.168000,-0.808000,-4.534000,5.802000,-4.473000,25.28
0.078860,0.518000,0.173000,-0.813000,-5.374000,5.740000,-1.328000,25.28
0.079298,0.515000,0.144000,-0.535000,-25.878000,-11.191000,-34.397000,25.28
0.079744,1.036000,-0.449000,-0.857000,93.053000,-65.649000,-191.603000,25.33
0.080180,1.393000,-0.402000,-0.862000,101.573000,-40.443000,-500.275000,25.24
0.080612,0.929000,-0.182000,-0.824000,147.221000,-1.221000,-500.275000,25.28
0.081058,1.075000,0.109000,-1.067000,150.092000,30.336000,-500.275000,25.24
0.081501,1.591000,0.487000,-1.338000,8.443000,283.466000,12.992000,25.28
0.081948,0.832000,-0.021000,-0.994000,32.427000,285.863000,500.260000,25.28
0.082445,0.461000,-0.013000,-0.743000,26.351000,273.924000,119.954000,25.24
0.082894,0.249000,0.322000,-0.543000,45.496000,232.885000,133.359000,25.28
0.083344,0.002000,0.196000,-0.873000,49.969000,151.344000,263.924000,25.24
0.083811,0.394000,-0.275000,-1.123000,164.626000,158.458000,-60.885000,25.33
0.084242,0.120000,0.581000,-0.734000,136.137000,127.679000,1.985000,25.19
0.084666,0.190000,0.417000,-0.711000,79.542000,111.435000,183.130000,25.24
0.085208,-0.003000,0.290000,-0.506000,76.550000,68.168000,73.878000,25.19
0.085830,0.325000,0.473000,-0.660000,-20.824000,99.466000,-2.092000,25.19
0.086324,-0.155000,-0.207000,-0.229000,65.740000,-41.328000,209.008000,25.33
0.086801,-0.007000,-0.103000,-0.624000,65.221000,-52.168000,-184.489000,25.38
0.087318,0.277000,-0.041000,-1.846000,94.595000,-159.802000,-11.405000,25.24
0.087798,0.288000,-0.061000,-1.230000,85.664000,-81.527000,-42.916000,25.19
0.088292,0.117000,-0.333000,-0.433000,116.855000,-227.267000,-48.489000,25.28
0.088760,0.285000,-0.117000,-1.024000,149.496000,-210.565000,-297.145000,25.24
0.089228,0.438000,0.403000,-1.207000,147.924000,-226.412000,-149.832000,25.28
0.089734,0.386000,0.297000,-0.706000,136.290000,-243.099000,-146.397000,25.28
0.090217,0.626000,0.398000,-0.904000,102.962000,-222.855000,-233.908000,25.33
0.090654,0.638000,0.437000,-0.847000,90.840000,-214.687000,-91.176000,25.38
0.091106,1.357000,-0.435000,-1.071000,136.427000,-77.573000,-464.565000,25.24
0.091586,1.268000,0.613000,-0.972000,116.473000,-144.565000,4.290000,25.24
0.092017,0.914000,0.363000,-0.889000,4.763000,-56.718000,-1.557000,25.28
0.092449,1.065000,0.089000,-1.162000,59.786000,-44.534000,-60.382000,25.33
0.092865,0.882000,0.449000,-0.922000,33.084000,-1.069000,-55.008000,25.28
0.093287,0.713000,0.494000,-0.765000,-21.282000,22.473000,68.916000,25.38
0.093715,1.031000,0.152000,-0.781000,-26.763000,55.618000,-145.130000,25.24
0.094137,0.995000,0.308000,-1.023000,-51.481000,80.397000,43.542000,25.28
0.094560,0.460000,0.171000,-0.863000,-85.832000,90.214000,118.397000,25.33
0.095060,0.745000,0.031000,-1.302000,-64.015000,146.870000,22.183000,25.33
0.095672,0.502000,0.123000,-1.025000,-48.336000,117.863000,91.267000,25.19
0.096149,0.508000,0.156000,-0.896000,-57.832000,150.809000,50.763000,25.33
0.096614,0.406000,0.231000,-0.688000,-86.214000,118.183000,58.382000,25.28
0.097099,0.349000,0.172000,-0.865000,-123.618000,131.771000,82.275000,25.19
0.097798,0.487000,0.015000,-0.847000,-2.198000,4.687000,-1.756000,25.94
0.098279,0.497000,0.001000,-0.839000,-1.206000,6.076000,-1.191000,25.99
0.098743,0.530000,-0.035000,-0.839000,-1.557000,6.702000,-1.405000,25.99
0.099182,0.525000,-0.022000,-0.830000,-1.527000,6.641000,-1.511000,26.04
0.099604,0.528000,-0.013000,-0.831000,-1.725000,5.939000,-1.618000,25.99
0.100021,0.535000,-0.015000,-0.830000,-1.420000,5.328000,-1.344000,25.94
0.106884,0.530000,-0.015000,-0.833000,-1.069000,4.641000,-1.389000,25.94
0.119267,0.524000,-0.020000,-0.834000,-1.053000,3.878000,-1.298000,25.99
0.126286,0.535000,-0.022000,-0.826000,-0.870000,2.977000,-1.389000,25.94
0.138418,0.530000,-0.019000,-0.824000,-0.870000,2.290000,-1.557000,25.99
0.145457,0.520000,-0.019000,-0.837000,-1.099000,2.046000,-1.221000,25.99
0.157779,0.522000,-0.017000,-0.844000,-2.168000,1.908000,-1.298000,25.94
0.163589,0.519000,-0.028000,-0.841000,-3.450000,3.053000,-2.153000,25.99
0.177253,0.521000,-0.008000,-0.825000,-4.275000,4.656000,-2.458000,25.99
0.189420,0.523000,-0.004000,-0.824000,-3.496000,5.237000,-2.336000,26.04
0.196529,0.522000,-0.005000,-0.823000,-3.603000,6.412000,-1.847000,26.08
0.208995,0.526000,-0.013000,-0.830000,-3.191000,7.221000,-1.405000,26.04
0.215940,0.520000,-0.018000,-0.837000,-3.069000,8.137000,-1.466000,25.94
0.228236,0.510000,-0.010000,-0.847000,-2.809000,9.695000,-1.374000,25.99
0.235529,0.520000,0.004000,-0.846000,-3.649000,12.489000,-1.863000,26.04
0.247518,0.538000,-0.006000,-0.857000,-4.672000,14.916000,-2.672000,26.04
0.260106,0.528000,0.002000,-0.855000,-5.160000,16.992000,-3.069000,26.08
0.267061,0.512000,0.016000,-0.875000,-5.939000,21.832000,-3.466000,25.94
0.279035,0.522000,0.004000,-0.867000,-7.771000,17.069000,-3.420000,25.89
0.286332,0.492000,-0.030000,-0.872000,-11.573000,29.893000,-4.550000,25.94
0.298026,0.488000,-0.035000,-0.911000,-12.748000,35.237000,-6.626000,25.94
0.305072,0.440000,0.003000,-0.890000,-16.489000,45.618000,-5.832000,25.99
0.317443,0.444000,0.039000,-0.892000,-18.046000,55.588000,-4.870000,26.04
0.329499,0.428000,0.025000,-0.935000,-14.290000,57.130000,1.069000,26.04
0.336499,0.425000,0.112000,-0.965000,-8.824000,55.359000,10.794000,25.99
0.349022,0.385000,0.138000,-0.984000,-4.931000,55.725000,14.336000,26.04
0.356255,0.305000,0.205000,-1.116000,-2.656000,50.992000,13.389000,25.94
0.368829,0.166000,0.331000,-1.155000,4.397000,43.084000,8.748000,25.99
0.375598,0.108000,0.387000,-1.219000,11.405000,34.779000,0.305000,25.94
0.387935,0.006000,0.428000,-1.232000,15.374000,26.137000,-11.359000,25.99
0.400086,0.089000,0.390000,-1.346000,12.351000,14.153000,-22.656000,25.99
0.407160,0.061000,0.347000,-1.359000,10.412000,-1.115000,-29.420000,26.04
0.419452,0.013000,0.294000,-1.344000,8.947000,-14.779000,-32.641000,25.89
0.426216,-0.025000,0.227000,-1.290000,7.618000,-25.588000,-33.221000,25.99
0.438258,-0.028000,0.169000,-1.245000,4.931000,-32.489000,-32.427000,25.94
0.445348,-0.018000,0.130000,-1.221000,1.130000,-39.710000,-31.405000,25.99
0.457369,0.026000,0.097000,-1.215000,-1.298000,-45.038000,-30.107000,26.04
0.469370,0.087000,0.088000,-1.220000,-3.954000,-52.153000,-28.855000,26.04
0.476522,0.142000,0.093000,-1.234000,-5.267000,-59.939000,-27.954000,25.99
0.491033,0.167000,0.111000,-1.209000,-4.962000,-68.672000,-26.718000,25.94
0.495327,0.177000,0.110000,-1.186000,-3.939000,-75.969000,-25.924000,26.08
0.507204,0.197000,0.091000,-1.144000,-5.145000,-80.809000,-26.061000,26.08
0.519602,0.239000,0.089000,-1.108000,-7.038000,-83.969000,-26.443000,25.94
0.526341,0.305000,0.084000,-1.076000,-9.405000,-86.244000,-27.206000,25.99
0.538727,0.341000,0.085000,-1.069000,-18.244000,-66.748000,-27.817000,26.04
0.545679,0.430000,0.068000,-1.031000,-13.176000,-88.137000,-26.748000,26.04
0.557365,0.474000,0.064000,-0.992000,-13.878000,-89.985000,-26.305000,25.99
0.569916,0.501000,0.051000,-0.944000,-16.733000,-85.420000,-26.824000,25.94
0.576117,0.528000,0.032000,-0.889000,-16.321000,-89.267000,-26.733000,26.04
0.588417,0.572000,0.031000,-0.839000,-17.053000,-88.779000,-26.840000,25.99
0.595130,0.622000,0.019000,-0.822000,-17.435000,-86.305000,-26.489000,26.04
0.607193,0.687000,0.016000,-0.771000,-17.542000,-85.573000,-25.756000,25.99
0.619200,0.696000,-0.009000,-0.707000,-17.389000,-84.702000,-24.794000,25.99
0.625941,0.683000,-0.023000,-0.608000,-16.611000,-80.275000,-23.695000,26.04
0.637733,0.688000,-0.035000,-0.534000,-16.061000,-72.382000,-22.153000,25.99
0.649863,0.734000,-0.051000,-0.472000,-15.206000,-62.519000,-21.359000,25.94
0.656288,0.781000,-0.026000,-0.430000,-13.511000,-52.962000,-21.588000,25.94
0.668474,0.853000,-0.023000,-0.425000,-11.939000,-44.779000,-23.084000,25.99
0.675100,0.922000,-0.019000,-0.395000,-10.290000,-40.397000,-24.840000,25.94
0.687027,0.898000,-0.010000,-0.313000,-6.382000,-35.802000,-27.145000,25.94
0.699390,0.857000,-0.014000,-0.223000,-0.580000,-25.313000,-29.435000,25.99
0.705949,0.831000,-0.046000,-0.171000,4.351000,-10.763000,-31.893000,25.94
0.718249,0.891000,-0.098000,-0.192000,3.496000,3.099000,-32.992000,26.08
0.725201,0.807000,-0.175000,-0.632000,9.282000,24.565000,-29.817000,25.94
0.737668,0.860000,-0.076000,0.517000,17.893000,57.725000,-15.145000,26.04
0.750258,1.007000,-0.398000,0.361000,50.229000,84.748000,7.374000,25.99
0.757071,0.837000,-0.160000,-1.591000,51.603000,89.038000,8.168000,25.94
0.769598,0.700000,0.017000,-1.772000,29.221000,55.954000,32.015000,25.94
0.776220,0.049000,-0.126000,-0.760000,23.282000,76.458000,51.099000,26.08
0.788447,0.293000,-0.236000,-0.900000,24.382000,99.847000,46.824000,26.04
0.795547,0.933000,0.092000,-1.248000,1.038000,100.840000,28.107000,25.94
0.807828,0.957000,0.309000,-0.971000,1.282000,100.397000,13.908000,26.08
0.820329,0.647000,0.265000,-0.912000,12.015000,99.679000,-0.687000,26.04
0.827213,0.381000,0.121000,-0.879000,13.664000,100.672000,-6.351000,26.08
0.839326,0.283000,-0.211000,-0.772000,11.115000,103.878000,-4.641000,25.99
0.846351,0.445000,-0.334000,-0.780000,6.214000,100.153000,2.977000,26.04
0.858578,1.415000,0.442000,-1.033000,16.656000,103.267000,13.237000,25.99
0.865744,1.282000,0.268000,-0.819000,26.336000,80.260000,5.511000,26.04
0.877964,0.607000,-0.209000,-1.011000,31.740000,65.695000,9.618000,26.04
0.889953,0.580000,-0.340000,-0.988000,23.786000,47.832000,15.099000,25.89
0.896942,0.775000,-0.042000,-0.928000,13.802000,50.076000,6.183000,25.94
0.909461,0.623000,-0.116000,-0.919000,12.748000,25.313000,3.985000,26.04
0.916518,0.583000,-0.058000,-0.938000,6.061000,27.328000,4.168000,26.08
0.929022,0.614000,-0.014000,-0.858000,0.687000,25.695000,1.099000,25.94
0.936248,0.574000,-0.038000,-0.856000,-0.901000,23.099000,0.550000,25.89
0.948286,0.538000,0.013000,-0.848000,-2.489000,26.015000,-0.229000,26.08
0.955445,0.550000,-0.010000,-0.850000,-3.176000,25.695000,-0.626000,26.04
0.967649,0.567000,-0.010000,-0.826000,-3.542000,25.420000,-1.115000,25.89
0.979760,0.549000,0.009000,-0.820000,-3.802000,23.496000,-0.733000,26.04
0.987403,0.562000,0.015000,-0.812000,-2.962000,19.573000,-0.427000,26.04
0.999285,0.550000,0.032000,-0.821000,-1.664000,18.870000,0.718000,25.99
1.006545,0.562000,0.011000,-0.816000,0.427000,18.107000,1.771000,25.99
1.019073,0.562000,0.002000,-0.818000,1.176000,17.756000,1.939000,26.04
1.026157,0.566000,0.028000,-0.795000,1.679000,16.702000,2.290000,25.99
1.038628,0.544000,0.038000,-0.802000,2.641000,16.916000,2.855000,26.04
1.046210,0.551000,0.035000,-0.799000,4.290000,18.519000,3.588000,26.04
1.058210,0.557000,0.014000,-0.794000,4.580000,20.641000,3.863000,25.99
1.065346,0.554000,0.017000,-0.790000,4.702000,22.275000,3.832000,26.04
1.077796,0.523000,0.039000,-0.806000,4.244000,27.267000,4.214000,26.13
1.084965,0.598000,-0.009000,-0.842000,0.153000,31.649000,3.771000,26.08
1.097198,0.577000,-0.001000,-0.783000,-0.580000,31.573000,2.748000,26.04
1.109602,0.577000,-0.013000,-0.784000,-1.450000,33.893000,1.374000,25.99
1.116522,0.586000,-0.014000,-0.770000,-3.908000,32.916000,0.534000,26.08
1.129059,0.559000,-0.005000,-0.796000,-4.947000,32.809000,-0.092000,26.04
1.136078,0.544000,-0.004000,-0.802000,-6.183000,35.389000,-0.092000,25.99
1.147980,0.539000,0.018000,-0.790000,-8.504000,38.153000,-0.321000,25.99
1.155147,0.538000,0.061000,-0.796000,-6.702000,43.282000,-1.069000,25.94
1.167622,0.577000,0.011000,-0.807000,-6.214000,47.573000,-2.137000,25.99
1.179961,0.655000,-0.034000,-0.770000,-4.763000,49.588000,-2.198000,26.08
1.189823,0.602000,-0.014000,-0.799000,-5.496000,52.015000,-4.122000,25.94
1.199165,0.639000,0.033000,-0.747000,-3.282000,53.282000,-2.901000,25.99
1.206152,0.617000,0.010000,-0.757000,-3.481000,52.947000,-3.328000,26.04
1.218410,0.636000,0.026000,-0.771000,0.611000,60.260000,-4.611000,26.04
1.225566,0.644000,0.019000,-0.789000,3.328000,74.565000,-4.977000,25.99
1.237696,0.667000,0.017000,-0.746000,3.527000,58.473000,-0.885000,25.94
1.243655,0.677000,-0.036000,-0.765000,0.443000,51.160000,-0.397000,26.04
1.257268,0.656000,0.017000,-0.815000,2.519000,69.756000,0.183000,25.99
1.269735,0.697000,-0.038000,-0.765000,4.290000,66.168000,3.481000,25.94
1.276824,0.520000,0.138000,-1.038000,0.443000,71.221000,12.672000,26.04
1.289293,0.698000,-0.121000,-0.781000,8.336000,79.573000,14.519000,26.04
1.296356,0.666000,-0.049000,-0.822000,15.130000,81.863000,13.496000,25.94
1.308256,0.683000,-0.052000,-0.839000,13.466000,92.641000,14.153000,25.99
1.315381,0.656000,-0.037000,-0.842000,16.137000,96.595000,12.992000,25.99
1.327711,0.655000,-0.003000,-0.974000,19.252000,106.733000,13.893000,25.94
1.339865,0.686000,0.011000,-0.894000,27.420000,114.183000,13.740000,25.99
1.346486,0.645000,0.088000,-0.930000,42.412000,118.733000,14.244000,26.04
1.358876,0.678000,0.124000,-1.054000,53.710000,124.458000,15.573000,26.04
1.365983,0.645000,0.168000,-1.085000,64.779000,153.298000,18.901000,25.89
1.378235,0.763000,0.168000,-1.143000,88.550000,157.908000,25.206000,26.04
1.383864,0.578000,0.060000,-1.085000,113.695000,171.649000,40.061000,26.04
1.397085,0.753000,0.042000,-1.258000,125.924000,256.504000,43.511000,25.99
1.409294,0.990000,-0.038000,-1.362000,131.374000,278.901000,49.557000,26.04
1.416155,1.398000,-0.262000,-1.524000,77.634000,248.031000,42.290000,26.04
1.428480,0.956000,0.066000,-1.207000,52.290000,310.443000,45.130000,26.08
1.435418,1.389000,0.231000,-1.361000,76.214000,246.473000,53.786000,25.94
1.447451,1.245000,0.325000,-1.444000,117.023000,207.863000,59.405000,25.89
1.459828,1.185000,0.159000,-1.335000,112.733000,211.450000,55.542000,25.99
1.472048,0.931000,-0.068000,-1.666000,75.359000,144.321000,47.130000,25.94
1.478544,-0.498000,-0.120000,-1.674000,18.336000,69.786000,59.557000,26.08
1.485242,0.272000,-0.131000,-1.662000,-34.595000,68.244000,73.069000,26.04
1.497590,0.030000,0.288000,-1.278000,-58.947000,6.656000,89.313000,26.04
1.509797,-0.074000,0.423000,-1.008000,-57.557000,-4.977000,101.282000,26.08
1.516438,-0.085000,0.389000,-0.807000,-52.076000,-16.885000,105.298000,26.04
1.528734,-0.056000,0.387000,-0.695000,-53.298000,-31.725000,97.328000,26.04
1.535782,0.042000,0.423000,-0.688000,-60.656000,-32.580000,79.679000,25.94
1.547703,0.160000,0.492000,-0.688000,-64.412000,-37.969000,57.466000,26.13
1.559507,0.272000,0.539000,-0.757000,-58.260000,-59.420000,32.641000,25.99
1.566803,0.382000,0.520000,-0.801000,-54.198000,-84.763000,5.679000,25.99
1.578610,0.406000,0.458000,-0.808000,-56.427000,-94.947000,-20.214000,26.04
1.585806,0.411000,0.369000,-0.804000,-56.580000,-121.038000,-42.885000,25.99
1.597551,0.407000,0.256000,-0.772000,-59.679000,-131.542000,-59.679000,25.94
1.609439,0.450000,0.132000,-0.790000,-64.595000,-138.137000,-69.115000,25.94
1.616107,0.564000,-0.011000,-0.836000,-70.183000,-154.260000,-71.069000,25.99
1.628153,0.649000,-0.115000,-0.894000,-82.260000,-163.695000,-67.847000,26.04
1.640017,0.733000,-0.208000,-0.955000,-89.466000,-178.153000,-58.137000,26.13
1.646855,0.757000,-0.268000,-0.942000,-101.145000,-187.664000,-46.550000,25.99
1.658222,0.740000,-0.318000,-0.922000,-109.374000,-193.115000,-33.634000,26.04
1.670093,0.750000,-0.349000,-0.901000,-116.260000,-195.435000,-21.588000,25.89
1.676658,0.804000,-0.333000,-0.931000,-120.076000,-196.534000,-11.053000,25.99
1.688600,0.895000,-0.312000,-0.953000,-123.023000,-197.267000,-3.374000,26.04
1.695579,0.990000,-0.260000,-0.966000,-127.053000,-198.580000,0.672000,25.99
1.707392,1.068000,-0.208000,-0.947000,-130.214000,-198.321000,1.603000,26.08
1.719089,1.110000,-0.152000,-0.938000,-132.779000,-196.397000,-1.649000,26.13
1.725915,1.135000,-0.078000,-0.919000,-134.076000,-192.336000,-9.802000,26.08
1.737759,1.153000,-0.009000,-0.895000,-132.855000,-187.969000,-22.870000,25.99
1.749693,1.158000,0.039000,-0.913000,-128.244000,-184.427000,-40.702000,26.04
1.756341,1.164000,0.090000,-0.940000,-119.481000,-181.863000,-62.397000,26.08
1.768273,1.177000,0.119000,-0.963000,-106.458000,-180.534000,-85.313000,25.94
1.779765,1.208000,0.134000,-0.980000,-90.931000,-180.534000,-109.664000,26.13
1.786838,1.238000,0.121000,-0.970000,-73.939000,-181.573000,-134.061000,26.08
1.798380,1.280000,0.068000,-0.944000,-56.687000,-184.962000,-156.870000,26.04
1.810463,1.224000,-0.190000,-0.893000,-38.427000,-188.290000,-178.214000,26.04
1.816723,1.219000,-0.344000,-0.827000,-21.481000,-188.229000,-190.351000,25.99
1.828711,1.273000,-0.491000,-0.740000,-1.389000,-184.153000,-190.198000,26.04
1.835442,1.287000,-0.557000,-0.609000,16.550000,-173.267000,-180.214000,26.08
1.847047,1.306000,-0.564000,-0.520000,28.656000,-160.611000,-162.260000,26.04
1.859091,1.357000,-0.522000,-0.445000,30.840000,-145.038000,-138.992000,26.04
1.865673,1.424000,-0.525000,-0.373000,19.160000,-132.244000,-114.443000,26.08
1.877753,1.409000,-0.546000,-0.241000,-3.374000,-123.115000,-91.115000,26.08
1.889510,1.360000,-0.603000,-0.112000,-27.832000,-109.420000,-69.389000,26.04
1.896511,1.339000,-0.597000,0.091000,-40.733000,-87.115000,-47.160000,25.99
1.908374,1.266000,-0.547000,0.223000,-38.122000,-58.885000,-26.992000,26.04
1.915582,1.486000,-0.610000,0.553000,-14.519000,-4.962000,-0.336000,26.04
1.927734,1.193000,-0.636000,0.730000,25.802000,27.252000,22.656000,26.08
1.939988,1.652000,-0.734000,0.585000,16.504000,67.023000,43.191000,26.04
1.950876,1.909000,-0.528000,0.892000,33.527000,108.412000,61.664000,25.94
1.959084,1.012000,-0.226000,0.943000,94.977000,131.176000,74.473000,25.89
1.965803,0.595000,0.398000,-1.599000,104.427000,139.664000,44.687000,25.94
1.978049,0.149000,0.677000,-1.432000,73.374000,150.733000,13.618000,25.94
1.983732,0.154000,0.120000,-0.724000,86.977000,183.481000,13.664000,25.99
1.996982,1.538000,-0.396000,-1.446000,54.458000,240.458000,1.038000,26.04
2.009393,2.030000,-0.443000,-1.426000,47.267000,172.336000,15.817000,25.99
2.016326,1.798000,0.399000,-1.782000,47.969000,172.397000,28.687000,26.08
2.028701,1.840000,0.351000,-1.114000,44.397000,120.992000,10.061000,26.04
2.035589,0.724000,-0.424000,-1.109000,33.191000,150.641000,15.740000,25.99
2.047585,0.880000,-0.481000,-1.106000,21.908000,98.565000,17.603000,26.04
2.059770,0.921000,0.090000,-0.926000,21.160000,62.611000,14.031000,26.04
2.066814,0.786000,0.058000,-0.869000,24.412000,55.160000,14.153000,25.99
2.079065,0.624000,-0.155000,-1.006000,14.794000,53.985000,13.420000,25.94
2.086269,0.611000,-0.283000,-0.945000,11.924000,23.023000,7.542000,26.04
2.098558,0.534000,-0.045000,-0.916000,8.092000,3.145000,3.374000,26.08
2.105704,0.538000,-0.054000,-0.894000,-2.214000,35.237000,2.351000,26.04
2.118107,0.581000,-0.055000,-0.855000,-4.076000,29.588000,2.015000,26.08
2.125247,0.520000,0.032000,-0.827000,-5.038000,26.031000,1.008000,26.08
2.137756,0.521000,0.043000,-0.831000,-4.214000,25.069000,1.771000,25.94
2.149939,0.541000,0.048000,-0.833000,-2.687000,27.008000,3.313000,26.08
2.157222,0.534000,0.043000,-0.817000,-0.916000,24.427000,4.992000,26.04
2.169593,0.538000,0.033000,-0.795000,0.382000,19.511000,5.405000,26.04
2.176779,0.501000,0.097000,-0.818000,3.237000,19.328000,4.901000,26.08
2.189188,0.508000,0.034000,-0.872000,3.053000,13.237000,4.580000,26.13
2.196834,0.580000,0.014000,-0.824000,2.321000,12.977000,3.511000,26.04
2.209122,0.569000,0.018000,-0.805000,0.534000,17.985000,2.840000,25.89
2.216316,0.538000,0.023000,-0.811000,-0.580000,14.275000,3.053000,26.04
2.228662,0.540000,0.005000,-0.806000,-2.031000,22.427000,3.725000,26.04
2.235740,0.539000,0.010000,-0.792000,-2.748000,26.351000,3.038000,26.08
2.256384,0.507000,0.058000,-0.818000,-3.435000,26.702000,3.832000,26.04
2.257561,0.527000,0.047000,-0.804000,-3.847000,33.847000,5.466000,26.04
2.270629,0.562000,0.036000,-0.806000,-2.321000,34.397000,5.511000,25.99
2.283419,0.565000,0.010000,-0.800000,-2.885000,35.298000,5.282000,26.04
2.296647,0.580000,0.000000,-0.809000,-3.603000,34.260000,4.702000,26.04
2.299448,0.584000,0.021000,-0.815000,-3.206000,34.290000,4.977000,26.18
2.306502,0.592000,0.028000,-0.799000,-4.397000,41.221000,5.389000,26.04
2.318815,0.563000,0.007000,-0.800000,-3.924000,53.344000,4.534000,26.04
2.325956,0.570000,0.032000,-0.810000,-2.458000,63.817000,3.588000,26.08
2.338233,0.591000,0.086000,-0.721000,1.817000,65.374000,2.305000,26.04
2.345660,0.616000,0.032000,-0.804000,4.305000,68.656000,3.237000,26.08
2.358047,0.655000,0.056000,-0.761000,4.977000,67.634000,5.817000,26.08
2.365083,0.648000,0.009000,-0.792000,5.756000,65.298000,7.481000,26.04
2.377526,0.616000,0.026000,-0.835000,6.321000,62.412000,9.939000,26.08
2.389947,0.575000,0.042000,-0.855000,4.779000,74.351000,13.282000,26.08
2.397063,0.572000,-0.037000,-0.836000,4.733000,82.794000,10.580000,26.04
2.409301,0.601000,-0.014000,-0.875000,17.420000,90.260000,5.023000,25.99
2.416279,0.651000,-0.054000,-0.820000,24.794000,93.634000,3.191000,25.99
2.428573,0.599000,-0.139000,-0.866000,19.740000,103.145000,0.214000,26.04
2.435662,0.674000,-0.085000,-0.931000,19.817000,113.420000,-0.321000,25.99
2.447668,0.767000,-0.092000,-1.092000,25.359000,121.176000,-0.260000,26.08
2.459991,0.756000,0.060000,-1.081000,20.885000,126.153000,5.420000,25.94
2.466854,0.749000,0.114000,-0.998000,26.458000,130.550000,10.626000,25.99
2.479076,0.679000,0.101000,-1.067000,41.618000,134.779000,13.588000,26.04
2.486259,0.677000,0.063000,-0.829000,51.771000,126.153000,14.885000,26.04
2.498370,0.589000,0.136000,-0.919000,64.763000,103.542000,12.443000,25.99
2.505703,0.416000,0.069000,-1.460000,60.840000,72.794000,-4.641000,26.04
2.517568,-0.807000,0.616000,-1.964000,32.214000,15.053000,-30.473000,26.04
2.529840,-1.531000,0.890000,-2.236000,11.466000,-48.183000,-42.244000,26.08
2.536151,-1.536000,0.668000,-2.456000,-15.527000,-113.405000,-41.084000,26.04
2.548093,-1.165000,0.524000,-2.289000,-50.489000,-166.321000,-30.748000,26.04
2.560265,-0.752000,0.562000,-1.939000,-62.947000,-191.282000,-17.954000,26.08
2.566578,-0.204000,0.539000,-1.763000,-67.863000,-200.565000,-8.901000,26.04
2.578835,0.202000,0.538000,-1.516000,-67.481000,-201.771000,-3.679000,26.13
2.585855,0.642000,0.260000,-1.170000,-58.901000,-193.786000,13.130000,25.99
2.597691,1.472000,-0.413000,-0.585000,-53.725000,-165.511000,54.198000,26.04
2.609572,2.695000,-1.393000,0.397000,-57.267000,-101.740000,88.855000,26.04
2.616663,4.000000,-1.819000,2.330000,-26.916000,-9.130000,109.084000,26.08
2.628791,4.000000,-1.520000,1.554000,-37.893000,24.931000,78.595000,26.04
2.636089,1.928000,-0.494000,0.504000,-24.672000,21.771000,46.183000,26.04
2.648117,1.511000,-0.397000,0.036000,-3.435000,22.061000,24.672000,26.04
2.655759,1.258000,-0.479000,-0.104000,-0.046000,7.298000,5.878000,26.04
2.667621,1.531000,-0.607000,0.065000,10.168000,8.733000,-7.069000,25.99
2.679679,1.901000,-0.636000,0.306000,15.023000,14.458000,-19.069000,26.08
2.687056,1.909000,-0.556000,0.293000,15.634000,22.137000,-25.924000,26.04
2.698966,0.648000,0.043000,-0.710000,5.618000,-7.389000,-26.504000,25.99
2.706951,0.478000,0.236000,-0.837000,6.870000,-5.924000,-14.153000,26.13
2.718546,0.684000,0.206000,-0.750000,5.786000,-4.351000,-2.122000,25.94
2.725928,0.564000,0.160000,-0.795000,-1.679000,8.214000,9.435000,26.08
2.738318,0.516000,0.106000,-0.869000,-1.603000,21.908000,17.374000,26.08
2.750227,0.612000,0.073000,-0.822000,-2.397000,29.847000,22.733000,25.94
2.757331,0.699000,-0.048000,-0.765000,0.534000,30.427000,24.107000,25.99
2.769593,0.613000,-0.180000,-0.807000,1.160000,25.771000,19.481000,25.94
2.776874,0.570000,-0.221000,-0.860000,1.588000,28.458000,14.076000,26.04
2.789198,0.605000,-0.199000,-0.846000,8.992000,30.473000,6.137000,26.08
2.796068,0.587000,-0.173000,-0.882000,10.656000,35.603000,-1.832000,26.04
2.808337,0.584000,-0.035000,-0.905000,10.534000,48.504000,-6.153000,26.04
2.815335,0.651000,-0.025000,-0.890000,9.481000,59.466000,-6.794000,26.08
2.827870,0.719000,-0.010000,-0.841000,9.084000,64.733000,-6.534000,25.94
2.839762,0.667000,0.021000,-0.832000,13.527000,69.344000,-7.679000,26.04
2.846584,0.656000,-0.048000,-0.799000,17.206000,68.626000,-6.977000,26.08
2.858745,0.460000,0.106000,-0.873000,21.649000,59.679000,-10.000000,26.04
2.865817,0.024000,0.172000,-1.171000,25.069000,37.679000,-18.229000,26.08
2.878075,-0.383000,0.238000,-1.366000,14.611000,10.061000,-24.656000,25.99
2.889965,-0.523000,0.252000,-1.458000,-0.504000,-20.992000,-25.863000,26.13
2.896940,-0.424000,0.200000,-1.438000,-14.214000,-53.099000,-22.855000,26.08
2.908838,-0.201000,0.139000,-1.352000,-24.519000,-80.473000,-17.267000,26.08
2.915738,0.089000,0.163000,-1.260000,-28.550000,-97.435000,-13.099000,25.94
2.927804,0.236000,0.237000,-1.078000,-25.557000,-110.321000,-10.061000,26.08
2.939477,0.759000,0.202000,-0.885000,-16.305000,-113.847000,-2.305000,26.08
2.946597,0.797000,0.048000,-0.536000,-10.015000,-112.244000,9.359000,26.04
2.958761,1.510000,-0.272000,-0.121000,-11.802000,-78.229000,23.832000,26.08
2.965506,2.098000,-0.437000,0.285000,-12.550000,-48.687000,34.992000,26.04
2.977770,2.660000,-0.563000,0.772000,-3.221000,-4.214000,34.458000,26.13
2.990112,3.028000,-0.660000,0.851000,-0.504000,31.908000,22.107000,26.18
2.997843,1.295000,-0.283000,-0.257000,6.214000,28.595000,9.863000,26.13
3.009784,0.178000,-0.410000,-0.966000,15.405000,9.756000,-1.649000,26.04
3.016564,0.777000,-0.125000,-0.530000,-1.466000,16.656000,-7.878000,26.04
3.028955,0.650000,-0.179000,-0.734000,2.947000,9.740000,-12.519000,26.13
3.035928,0.642000,-0.010000,-0.728000,-1.267000,8.275000,-14.641000,25.99
3.048141,0.666000,0.022000,-0.728000,-1.038000,7.557000,-11.481000,26.08
3.055395,0.669000,0.061000,-0.757000,-2.153000,4.824000,-7.435000,26.04
3.067902,0.633000,0.158000,-0.802000,-1.008000,5.405000,0.153000,25.99
3.080013,0.601000,0.183000,-0.836000,-0.687000,10.031000,10.626000,26.04
3.087098,0.591000,0.087000,-0.824000,1.725000,16.885000,18.504000,26.13
3.099425,0.616000,-0.108000,-0.775000,0.229000,20.153000,18.992000,26.08
3.106666,0.648000,-0.186000,-0.721000,0.000000,21.115000,13.679000,26.04
3.118819,0.664000,-0.234000,-0.710000,-0.198000,20.305000,6.168000,26.13
3.125787,0.661000,-0.217000,-0.700000,0.733000,17.847000,-1.924000,26.08
3.138157,0.671000,-0.175000,-0.699000,0.015000,15.893000,-8.107000,26.13
3.150115,0.670000,-0.078000,-0.723000,-0.641000,14.473000,-10.000000,26.04
3.157129,0.685000,0.023000,-0.740000,-0.443000,12.855000,-8.198000,25.99
3.169617,0.672000,0.079000,-0.740000,0.519000,11.878000,-3.450000,26.13
3.176791,0.666000,0.081000,-0.744000,0.565000,11.756000,2.580000,26.04
3.189245,0.661000,0.051000,-0.683000,-1.344000,11.466000,7.832000,26.08
3.196375,0.662000,-0.022000,-0.686000,-2.305000,11.328000,10.641000,26.13
3.208491,0.645000,-0.060000,-0.701000,-1.939000,10.458000,10.794000,26.04
3.215590,0.701000,-0.137000,-0.643000,-2.382000,8.244000,7.542000,26.08
3.228051,0.715000,-0.158000,-0.650000,-1.634000,4.061000,2.519000,26.13
3.240104,0.690000,-0.129000,-0.694000,-0.595000,0.015000,-1.985000,26.04
3.247523,0.678000,-0.060000,-0.703000,-0.031000,-2.137000,-3.023000,26.08
3.259639,0.656000,0.010000,-0.739000,-0.931000,-3.008000,-0.351000,26.13
3.266552,0.646000,-0.001000,-0.769000,-2.718000,-1.740000,4.031000,25.99
3.278753,0.655000,-0.019000,-0.777000,-2.748000,-0.122000,6.504000,26.18
3.286196,0.640000,-0.024000,-0.781000,-1.374000,2.687000,7.924000,26.04
3.298353,0.634000,-0.039000,-0.778000,-1.603000,5.847000,9.634000,25.99
3.305572,0.645000,-0.076000,-0.747000,-3.359000,9.084000,9.603000,26.08
3.317866,0.631000,-0.057000,-0.800000,-3.802000,12.611000,9.145000,26.04
3.329815,0.612000,-0.018000,-0.814000,-3.847000,18.076000,9.435000,26.08
3.337049,0.624000,-0.035000,-0.796000,-6.885000,22.092000,11.328000,26.08
3.349273,0.637000,-0.046000,-0.760000,-9.771000,24.305000,12.290000,26.04
3.356059,0.655000,-0.034000,-0.730000,-12.702000,25.359000,14.275000,25.99
3.368344,0.665000,-0.032000,-0.699000,-15.939000,23.802000,15.985000,26.13
3.373721,0.677000,-0.040000,-0.681000,-18.595000,19.481000,17.130000,26.04
3.387416,0.677000,-0.028000,-0.680000,-20.260000,14.092000,17.573000,26.08
3.399421,0.595000,0.029000,-0.741000,-17.618000,5.878000,15.786000,26.04
3.406439,0.510000,0.001000,-0.809000,-17.603000,-2.214000,13.237000,26.04
3.418700,0.478000,0.119000,-0.890000,-17.786000,-8.870000,9.893000,26.18
3.425636,0.409000,0.164000,-0.935000,-16.275000,-15.527000,5.389000,26.13
3.438266,0.360000,0.155000,-0.953000,-17.450000,-21.740000,1.282000,26.04
3.450178,0.366000,0.129000,-0.940000,-19.435000,-27.252000,-2.565000,26.18
3.456916,0.411000,0.057000,-0.886000,-20.397000,-31.313000,-5.420000,26.04
3.468959,0.551000,-0.049000,-0.822000,-19.481000,-33.466000,-6.779000,26.04
3.475840,0.708000,-0.205000,-0.689000,-16.595000,-32.504000,-6.290000,25.99
3.487940,0.875000,-0.303000,-0.567000,-10.534000,-27.802000,-4.534000,26.13
3.499897,1.013000,-0.228000,-0.507000,-1.527000,-19.084000,-5.191000,26.08
3.506971,1.003000,-0.182000,-0.510000,8.397000,-8.947000,-8.046000,26.22
3.519441,0.844000,-0.219000,-0.606000,9.344000,-1.115000,-8.641000,26.13
3.526525,0.716000,-0.148000,-0.694000,8.611000,4.351000,-7.969000,26.08
3.539201,0.612000,-0.098000,-0.753000,7.237000,6.168000,-8.168000,26.08
3.546146,0.533000,-0.092000,-0.786000,5.618000,5.756000,-10.092000,26.04
3.558252,0.528000,-0.098000,-0.801000,5.328000,2.489000,-13.191000,26.18
3.565488,0.601000,-0.122000,-0.753000,6.580000,-1.771000,-16.137000,26.13
3.577766,0.724000,-0.173000,-0.700000,7.695000,-3.603000,-17.603000,26.04
3.589769,0.818000,-0.084000,-0.708000,7.374000,-2.489000,-16.885000,26.08
3.597089,0.744000,0.021000,-0.738000,6.641000,-2.076000,-17.221000,26.13
3.609129,0.590000,0.033000,-0.775000,5.511000,-3.313000,-15.756000,26.04
3.616131,0.455000,0.073000,-0.844000,1.878000,-5.511000,-13.374000,26.08
3.628476,0.395000,0.075000,-0.902000,-1.603000,-9.160000,-10.046000,26.04
3.635513,0.385000,0.022000,-0.887000,-6.473000,-13.450000,-4.076000,26.13
3.647461,0.463000,-0.053000,-0.687000,-11.771000,-13.206000,5.038000,26.08
3.659438,1.024000,-0.330000,-0.278000,-11.298000,5.893000,18.031000,26.13
3.666493,1.505000,-0.296000,-0.200000,-13.786000,17.649000,22.076000,26.04
3.678715,1.020000,0.026000,-0.467000,-4.412000,15.588000,8.305000,26.08
3.685852,0.448000,-0.256000,-0.796000,7.725000,10.336000,-1.466000,26.13
3.698230,0.667000,-0.069000,-0.738000,3.374000,12.580000,-2.763000,26.13
3.705142,0.654000,-0.014000,-0.766000,7.634000,10.076000,-3.618000,26.08
3.717501,0.615000,-0.061000,-0.794000,6.229000,11.893000,-2.748000,26.04
3.729812,0.646000,-0.022000,-0.778000,4.641000,13.679000,-1.282000,25.99
3.737115,0.645000,-0.052000,-0.758000,2.504000,15.252000,0.122000,26.18
3.749068,0.623000,-0.029000,-0.788000,2.244000,17.374000,-0.336000,26.04
3.756260,0.617000,-0.050000,-0.801000,0.397000,21.237000,0.473000,26.08
3.768786,0.618000,-0.043000,-0.809000,-1.237000,25.573000,1.053000,26.08
3.775914,0.621000,-0.023000,-0.811000,-3.420000,29.344000,2.000000,26.04
3.788095,0.630000,-0.027000,-0.823000,-3.649000,32.534000,3.389000,26.18
3.800622,0.643000,-0.079000,-0.799000,-4.321000,35.420000,3.053000,26.04
3.807272,0.646000,-0.068000,-0.804000,-5.313000,38.275000,1.618000,26.04
3.819627,0.647000,-0.065000,-0.811000,-3.008000,42.366000,0.504000,26.18
3.826984,0.646000,-0.055000,-0.829000,0.855000,45.618000,0.412000,26.13
3.839279,0.676000,-0.039000,-0.836000,3.359000,50.382000,0.321000,26.04
3.846252,0.700000,0.042000,-0.868000,9.206000,54.947000,1.496000,26.08
3.858719,0.561000,0.080000,-0.946000,12.504000,55.771000,1.145000,26.13
3.867717,0.301000,0.181000,-1.194000,13.282000,46.733000,-3.221000,26.13
3.877796,-0.023000,0.312000,-1.383000,14.672000,31.603000,-12.015000,26.13
3.889782,-0.195000,0.469000,-1.568000,14.351000,13.802000,-25.267000,26.22
3.896980,-0.399000,0.576000,-1.584000,19.588000,-6.000000,-40.824000,26.08
3.908797,-0.499000,0.512000,-1.598000,14.611000,-23.542000,-56.885000,26.08
3.915828,-0.473000,0.458000,-1.609000,4.733000,-40.855000,-70.153000,26.04
3.928254,-0.227000,0.362000,-1.625000,-8.305000,-56.046000,-77.618000,26.18
3.939854,-0.154000,0.244000,-1.604000,-8.931000,-77.954000,-74.412000,26.13
3.946471,-0.082000,0.084000,-1.515000,-10.412000,-93.740000,-65.145000,26.13
3.958413,0.012000,-0.008000,-1.453000,-12.046000,-104.168000,-52.076000,26.18
3.965247,0.125000,-0.089000,-1.393000,-13.496000,-109.298000,-37.053000,26.04
3.977071,0.232000,-0.140000,-1.346000,-16.366000,-115.344000,-23.191000,26.22
3.988868,0.314000,-0.151000,-1.269000,-19.374000,-114.901000,-11.344000,25.99
3.996480,0.366000,-0.138000,-1.188000,-20.443000,-117.389000,-1.695000,26.13
4.007799,0.447000,-0.143000,-1.114000,-24.565000,-112.153000,4.992000,26.08
4.019798,0.500000,-0.129000,-1.045000,-29.557000,-108.550000,8.916000,26.18
4.026614,0.561000,-0.081000,-1.019000,-31.496000,-103.221000,10.443000,26.13
4.038682,0.675000,-0.108000,-1.027000,-36.824000,-100.870000,7.802000,26.18
4.045788,0.724000,-0.079000,-0.983000,-38.962000,-101.939000,2.626000,26.08
4.057381,0.678000,-0.046000,-0.979000,-32.672000,-101.863000,-4.412000,26.04
4.069294,0.662000,-0.081000,-0.936000,-24.733000,-103.557000,-12.840000,26.08
4.075876,0.631000,-0.093000,-0.874000,-17.130000,-103.450000,-21.328000,26.13
4.087799,0.592000,-0.118000,-0.822000,-9.618000,-100.183000,-27.557000,26.04
4.100037,0.590000,-0.136000,-0.775000,-4.672000,-94.901000,-32.244000,26.18
4.107036,0.607000,-0.148000,-0.730000,-0.992000,-89.710000,-34.702000,26.04
4.118827,0.642000,-0.127000,-0.677000,4.779000,-85.756000,-35.282000,26.04
4.125763,0.645000,-0.135000,-0.616000,11.374000,-80.824000,-35.710000,26.13
4.137913,0.636000,-0.146000,-0.519000,15.725000,-74.397000,-36.214000,26.04
4.149744,0.654000,-0.149000,-0.472000,17.511000,-65.969000,-35.863000,26.08
4.156885,0.708000,-0.140000,-0.451000,16.336000,-57.863000,-34.489000,26.08
4.168889,0.768000,-0.116000,-0.435000,14.809000,-51.450000,-32.183000,26.13
4.175388,0.819000,-0.099000,-0.426000,13.115000,-46.580000,-28.733000,26.08
4.187532,0.872000,-0.100000,-0.373000,9.847000,-43.374000,-23.710000,26.13
4.199826,0.838000,-0.071000,-0.260000,7.756000,-39.603000,-17.313000,26.04
4.206673,0.820000,-0.120000,-0.182000,0.840000,-33.267000,-10.794000,26.08
4.218845,0.842000,-0.153000,-0.054000,-11.511000,-26.092000,-1.557000,26.04
4.225759,0.771000,-0.680000,0.082000,-38.183000,2.809000,10.458000,26.08
4.237798,0.822000,-0.205000,0.938000,-55.893000,18.183000,14.977000,26.18
4.250235,1.678000,0.008000,1.394000,-57.084000,94.641000,32.168000,26.04
4.257313,0.455000,0.361000,0.584000,18.855000,115.664000,57.496000,26.18
4.269693,1.977000,0.728000,-2.402000,31.084000,70.519000,54.565000,26.08
4.276587,1.535000,1.253000,-1.645000,15.374000,115.969000,67.313000,26.22
4.289048,1.162000,0.598000,-0.943000,75.832000,109.313000,22.443000,25.99
4.295693,1.733000,-0.442000,-1.737000,45.099000,120.015000,-15.954000,26.13
4.307787,1.000000,-0.881000,-1.240000,6.748000,105.145000,5.863000,25.94
4.319728,0.254000,-0.472000,-0.824000,-15.008000,111.847000,26.718000,26.18
4.326818,0.940000,1.168000,-0.882000,-9.527000,127.481000,13.282000,26.13
4.338936,0.832000,0.484000,-0.667000,31.664000,115.649000,1.511000,26.18
4.346197,0.756000,-0.543000,-1.003000,34.962000,104.565000,17.542000,26.08
4.357967,0.686000,-0.213000,-0.903000,11.053000,112.611000,18.000000,26.04
4.365532,0.884000,0.185000,-0.817000,32.214000,92.153000,8.229000,26.08
4.377569,0.676000,-0.259000,-0.939000,20.031000,61.802000,8.565000,26.13
4.389958,0.738000,-0.286000,-0.938000,7.634000,50.229000,4.733000,26.13
4.396786,0.580000,-0.086000,-0.855000,-2.687000,40.305000,-0.809000,26.08
4.409192,0.596000,0.015000,-0.800000,-3.603000,38.733000,-0.809000,26.13
4.416022,0.558000,-0.023000,-0.811000,-1.832000,33.374000,-0.916000,26.13
4.428172,0.574000,-0.062000,-0.831000,-2.733000,34.626000,-1.878000,25.99
4.435463,0.557000,0.005000,-0.813000,-5.740000,32.840000,-3.359000,26.13
4.447552,0.602000,-0.039000,-0.800000,-8.031000,27.359000,-4.031000,26.18
4.460021,0.634000,0.007000,-0.793000,-7.817000,26.611000,-5.435000,26.08
4.467058,0.642000,0.006000,-0.778000,-6.626000,23.573000,-5.084000,26.04
4.479152,0.634000,0.016000,-0.773000,-5.160000,17.282000,-4.031000,26.08
4.486306,0.625000,-0.003000,-0.785000,-4.519000,16.382000,-3.053000,25.99
4.498454,0.625000,0.017000,-0.765000,-3.847000,9.481000,-2.748000,26.13
4.505886,0.614000,0.017000,-0.779000,-3.176000,9.679000,-1.618000,26.18
4.517847,0.596000,-0.008000,-0.808000,-3.588000,9.359000,-2.198000,26.18
4.530024,0.592000,0.006000,-0.787000,-5.237000,12.427000,-2.641000,26.04
4.537247,0.581000,0.035000,-0.773000,-4.351000,11.542000,-2.931000,26.08
4.549563,0.574000,0.018000,-0.802000,-4.351000,14.214000,-3.206000,26.13
4.556752,0.594000,0.032000,-0.764000,-4.321000,17.389000,-2.779000,26.13
4.569086,0.591000,0.013000,-0.772000,-3.847000,17.527000,-2.534000,26.08
4.576047,0.596000,0.003000,-0.778000,-4.595000,18.489000,-2.977000,26.13
4.588279,0.589000,0.001000,-0.776000,-6.183000,21.191000,-4.015000,26.18
4.595291,0.589000,0.028000,-0.780000,-7.038000,24.214000,-3.924000,26.08
4.607858,0.590000,0.004000,-0.798000,-7.664000,26.015000,-3.725000,26.04
4.619875,0.590000,0.010000,-0.763000,-8.718000,29.588000,-4.015000,26.08
4.626922,0.625000,0.032000,-0.754000,-9.786000,35.405000,-4.107000,26.04
4.639248,0.621000,0.012000,-0.775000,-10.046000,37.344000,-4.137000,26.13
4.646203,0.631000,0.026000,-0.747000,-9.603000,38.595000,-3.573000,26.08
4.658409,0.658000,0.033000,-0.776000,-9.496000,44.565000,-4.443000,26.08
4.665593,0.706000,0.010000,-0.710000,-8.412000,29.786000,-3.450000,26.13
4.677877,0.653000,-0.024000,-0.755000,-10.229000,50.107000,-5.832000,26.08
4.689976,0.655000,0.023000,-0.762000,-7.634000,49.344000,-6.748000,26.22
4.696940,0.636000,0.000000,-0.770000,-1.038000,46.427000,-8.122000,26.13
4.709557,0.565000,0.158000,-0.911000,-1.511000,56.672000,-2.412000,26.08
4.716673,0.666000,-0.069000,-0.789000,6.351000,58.137000,-2.840000,26.13
4.728679,0.646000,-0.003000,-0.820000,5.588000,66.595000,-4.977000,26.13
4.735801,0.641000,-0.017000,-0.794000,9.389000,71.237000,-5.481000,26.08
4.748018,0.676000,0.005000,-0.772000,21.725000,72.977000,-7.664000,26.13
4.760298,0.677000,-0.013000,-0.838000,16.015000,86.275000,-6.168000,26.08
4.767220,0.659000,0.073000,-0.894000,21.359000,92.061000,-4.183000,26.18
4.779565,0.688000,0.039000,-0.952000,26.656000,104.382000,1.221000,26.13
4.786856,0.646000,0.006000,-0.918000,25.252000,112.885000,6.092000,26.08
4.799106,0.614000,-0.043000,-0.880000,33.969000,131.053000,7.481000,26.08
4.805889,0.705000,-0.047000,-0.821000,41.374000,129.038000,5.420000,26.13
4.818260,0.602000,-0.147000,-0.842000,43.221000,138.168000,-0.427000,26.08
4.830226,0.633000,-0.123000,-0.799000,62.198000,133.511000,-6.397000,26.08
4.837195,0.645000,-0.123000,-1.004000,65.618000,140.656000,-8.702000,26.13
4.849243,0.608000,0.053000,-0.971000,60.458000,206.565000,-11.786000,26.08
4.856088,0.814000,0.065000,-0.931000,75.099000,245.511000,-7.817000,26.04
4.868195,0.975000,-0.070000,-1.233000,102.397000,219.878000,2.855000,26.22
4.880065,1.135000,-0.089000,-1.512000,34.412000,343.115000,-16.015000,26.18
4.887598,0.987000,-0.053000,-1.098000,60.565000,212.702000,0.412000,26.22
4.899413,1.564000,-0.049000,-1.244000,49.695000,262.244000,1.527000,26.18
4.906253,1.165000,-0.104000,-1.163000,62.275000,228.015000,-1.802000,26.18
4.918730,1.083000,0.017000,-1.188000,39.649000,268.351000,-9.099000,26.04
4.925729,1.305000,0.220000,-1.370000,63.908000,233.481000,-3.023000,26.08
4.937907,1.799000,-0.016000,-1.209000,61.038000,286.702000,3.679000,26.13
4.949938,1.080000,0.152000,-1.193000,78.015000,185.344000,6.427000,26.04
4.956644,-0.127000,-0.065000,-1.786000,53.985000,110.107000,16.504000,26.18
4.968816,0.590000,-0.680000,-1.881000,16.153000,115.908000,43.802000,26.13
4.975802,0.161000,0.034000,-1.776000,-24.580000,26.397000,67.954000,26.08
4.988131,-0.042000,0.167000,-1.215000,-20.244000,2.595000,93.832000,26.08
5.000010,-0.047000,0.159000,-1.095000,-18.183000,-19.679000,113.679000,26.04
5.006611,-0.035000,0.129000,-0.924000,-26.046000,-31.756000,123.405000,26.18
5.018614,-0.009000,0.230000,-0.876000,-51.679000,-32.595000,118.473000,26.13
5.025356,0.115000,0.356000,-0.863000,-51.924000,-45.771000,118.458000,26.22
5.037622,0.232000,0.482000,-0.827000,-48.107000,-65.603000,105.481000,26.08
5.049524,0.314000,0.549000,-0.817000,-31.069000,-82.962000,91.527000,26.22
5.056464,0.387000,0.556000,-0.815000,-26.427000,-102.916000,70.977000,26.13
5.068700,0.440000,0.523000,-0.827000,-23.053000,-124.397000,50.580000,26.08
5.075354,0.410000,0.503000,-0.830000,-30.595000,-129.939000,26.336000,26.13
5.087407,0.554000,0.436000,-0.831000,-46.916000,-160.336000,-1.206000,26.18
5.099367,0.605000,0.437000,-0.816000,-56.580000,-170.763000,-24.626000,26.08
5.106247,0.687000,0.436000,-0.805000,-54.733000,-194.061000,-41.954000,26.04
5.118247,0.763000,0.361000,-0.799000,-55.496000,-198.153000,-54.672000,26.18
5.130096,0.821000,0.260000,-0.803000,-54.489000,-211.389000,-62.015000,26.04
5.136735,0.851000,0.193000,-0.755000,-58.519000,-218.427000,-67.084000,26.04
5.148661,0.861000,0.144000,-0.725000,-60.641000,-232.000000,-70.412000,26.08
5.155409,0.849000,0.107000,-0.643000,-59.695000,-211.786000,-69.924000,26.13
5.167767,0.872000,0.075000,-0.722000,-63.160000,-221.435000,-73.740000,26.13
5.179457,0.910000,0.053000,-0.785000,-60.626000,-222.031000,-75.328000,26.08
5.186346,0.976000,0.053000,-0.838000,-59.557000,-222.718000,-76.107000,26.13
5.198320,1.056000,0.056000,-0.922000,-60.290000,-224.580000,-76.305000,26.13
5.210475,1.132000,0.084000,-0.999000,-60.870000,-229.420000,-76.504000,26.08
5.216723,1.181000,0.113000,-1.037000,-62.840000,-234.855000,-76.748000,26.13
5.228985,1.201000,0.143000,-1.055000,-69.389000,-220.870000,-77.145000,25.99
5.235514,1.247000,0.170000,-1.081000,-70.458000,-246.672000,-77.221000,26.08
5.247505,1.280000,0.194000,-1.073000,-74.198000,-244.366000,-77.557000,26.13
5.259492,1.342000,0.209000,-1.051000,-78.595000,-242.550000,-81.466000,26.08
5.266327,1.424000,0.177000,-1.011000,-80.305000,-245.206000,-88.336000,26.04
5.278285,1.458000,0.082000,-0.965000,-81.221000,-241.649000,-96.153000,26.13
5.289963,1.513000,-0.072000,-0.882000,-80.595000,-233.237000,-103.313000,26.08
5.296442,1.559000,-0.227000,-0.808000,-78.382000,-220.534000,-106.809000,26.13
5.308295,1.665000,-0.366000,-0.733000,-68.916000,-207.954000,-104.229000,26.04
5.320168,1.808000,-0.474000,-0.687000,-55.481000,-205.954000,-94.763000,26.13
5.326844,1.959000,-0.595000,-0.514000,-47.939000,-200.611000,-79.649000,26.04
5.338917,2.112000,-0.608000,-0.334000,-38.168000,-191.542000,-59.725000,26.08
5.345777,1.864000,-0.734000,0.243000,-29.603000,-167.237000,-27.298000,26.18
5.357486,1.942000,-0.994000,0.484000,-42.824000,-130.046000,-5.053000,26.13
5.369636,1.875000,-1.025000,0.795000,-51.802000,-71.359000,18.901000,26.08
5.376527,1.928000,-0.997000,0.946000,-40.397000,-34.153000,43.115000,26.04
5.388671,1.966000,-0.914000,1.065000,-13.267000,19.802000,66.366000,26.04
5.395912,1.964000,-0.801000,1.147000,25.053000,61.969000,89.282000,26.08
5.407980,2.139000,-0.996000,1.506000,53.954000,127.176000,110.794000,26.13
5.419985,0.488000,-0.559000,0.511000,97.344000,143.206000,105.069000,26.13
5.426946,1.401000,0.609000,-2.359000,81.756000,114.351000,58.626000,26.18
5.439264,0.480000,0.922000,-1.495000,56.275000,146.107000,46.595000,26.13
5.446455,0.759000,0.311000,-0.630000,78.519000,205.466000,28.840000,26.18
5.458434,2.033000,-0.279000,-1.417000,75.557000,180.137000,3.099000,26.18
5.465784,1.925000,0.021000,-1.752000,52.061000,184.229000,8.687000,26.04
5.477507,1.635000,-0.229000,-1.075000,21.832000,147.954000,22.427000,26.08
5.489731,0.963000,0.206000,-1.042000,36.641000,129.588000,19.344000,26.13
5.496871,0.815000,-0.008000,-0.989000,48.672000,91.206000,21.878000,26.13
5.508963,1.004000,-0.198000,-1.049000,48.443000,55.191000,26.382000,26.08
5.516081,0.724000,-0.115000,-0.876000,33.939000,48.992000,22.458000,26.13
5.528336,0.743000,-0.027000,-0.935000,27.649000,29.298000,16.305000,26.13
5.535288,0.717000,-0.276000,-0.935000,16.382000,7.664000,12.473000,26.18
5.547594,0.613000,-0.195000,-0.891000,11.328000,-2.244000,6.305000,26.04
5.559913,0.555000,-0.113000,-0.934000,-10.382000,53.115000,1.481000,25.99
5.567026,0.542000,0.032000,-0.832000,-6.427000,31.130000,1.634000,26.04
5.579152,0.552000,0.008000,-0.828000,-8.107000,35.374000,2.382000,26.13
5.586417,0.574000,0.021000,-0.808000,-3.557000,40.962000,2.336000,26.08
5.598735,0.567000,0.011000,-0.821000,-5.511000,40.366000,2.824000,26.18
5.605950,0.584000,0.040000,-0.792000,-5.893000,35.740000,2.382000,26.04
5.618292,0.557000,0.027000,-0.862000,-3.405000,18.427000,2.870000,26.18
5.625331,0.582000,0.035000,-0.771000,-2.977000,27.160000,2.550000,26.13
5.638078,0.594000,0.029000,-0.778000,-4.397000,20.000000,3.252000,26.13
5.650244,0.580000,0.046000,-0.790000,-2.321000,16.840000,3.145000,26.18
5.657223,0.548000,0.067000,-0.804000,-2.214000,20.321000,4.366000,26.13
5.669789,0.551000,0.050000,-0.778000,0.763000,21.634000,5.481000,26.22
5.677165,0.568000,0.024000,-0.798000,0.534000,20.870000,6.168000,26.08
5.689203,0.575000,0.000000,-0.797000,-0.168000,22.809000,5.649000,26.13
5.696217,0.584000,-0.006000,-0.794000,-0.992000,24.733000,5.053000,26.22
5.708652,0.601000,-0.021000,-0.777000,-2.244000,27.557000,4.855000,26.18
5.715924,0.600000,-0.005000,-0.780000,-3.664000,31.069000,5.237000,26.13
5.727960,0.604000,0.008000,-0.778000,-5.176000,36.015000,4.824000,26.13
5.735372,0.609000,0.014000,-0.773000,-6.351000,41.496000,4.458000,26.08
5.747687,0.588000,0.021000,-0.774000,-7.847000,42.260000,4.153000,26.13
5.759992,0.583000,0.036000,-0.781000,-8.656000,46.748000,4.290000,26.13
5.767023,0.582000,0.027000,-0.777000,-9.817000,48.519000,4.901000,26.08
5.779401,0.607000,-0.024000,-0.796000,-6.489000,55.618000,2.382000,26.13
5.786667,0.657000,-0.020000,-0.777000,-7.298000,60.061000,1.496000,26.18
5.798730,0.657000,0.022000,-0.696000,-6.473000,58.565000,0.092000,26.08
5.805903,0.643000,0.027000,-0.748000,-4.718000,63.664000,-0.061000,26.22
5.817943,0.604000,-0.016000,-0.838000,-1.786000,82.290000,-3.328000,26.08
5.823815,0.695000,-0.004000,-0.800000,1.542000,93.053000,-2.885000,26.18
5.837359,0.640000,-0.021000,-0.864000,-3.069000,107.313000,-2.824000,26.22
5.849341,0.602000,0.064000,-0.859000,-4.748000,116.824000,-2.321000,26.08
5.856533,0.708000,0.064000,-0.703000,-7.863000,125.344000,2.550000,26.08
5.868809,0.709000,0.071000,-0.653000,-11.954000,112.000000,8.779000,26.13
5.875558,0.690000,0.080000,-0.793000,-11.557000,120.366000,10.427000,26.08
5.888096,0.697000,0.084000,-0.755000,2.458000,135.679000,19.557000,26.13
5.899925,0.767000,-0.026000,-0.704000,10.427000,113.771000,23.160000,26.04
5.906976,0.731000,-0.011000,-0.757000,12.214000,133.649000,24.214000,26.18
5.918967,0.812000,-0.026000,-0.692000,10.687000,130.947000,27.847000,26.13
5.926201,0.905000,-0.012000,-0.385000,-3.282000,143.176000,33.344000,26.04
5.938347,0.821000,0.012000,-0.796000,17.115000,124.870000,38.092000,26.18
5.944315,0.735000,0.031000,-0.882000,20.901000,108.824000,45.954000,26.13
5.957562,0.499000,0.027000,-0.408000,34.458000,53.252000,50.992000,26.13
5.969730,0.712000,0.154000,-1.226000,34.611000,45.130000,48.275000,26.08
5.976813,0.911000,0.116000,-1.142000,82.962000,44.855000,43.237000,26.13
5.989367,0.864000,-0.021000,-1.028000,109.450000,87.344000,38.611000,26.13
5.995850,0.870000,0.096000,-1.051000,92.504000,133.649000,43.206000,26.04
6.008108,0.990000,-0.013000,-1.007000,132.763000,179.069000,44.916000,26.13
6.019881,1.267000,-0.151000,-1.328000,98.107000,183.832000,45.588000,26.18
6.026918,1.236000,-0.194000,-0.803000,66.611000,209.527000,45.130000,26.08
6.038743,1.194000,-0.030000,-0.877000,43.969000,217.344000,46.443000,26.13
6.045777,1.240000,0.212000,-0.887000,55.695000,217.191000,53.863000,26.18
6.058010,1.206000,0.316000,-1.093000,58.443000,199.099000,55.450000,26.13
6.064949,0.786000,0.113000,-1.575000,38.122000,136.519000,57.664000,26.13
6.077273,0.050000,0.245000,-1.339000,13.695000,82.809000,67.084000,26.18
6.089440,0.069000,0.263000,-1.168000,-9.191000,65.985000,83.740000,26.18
6.096534,0.346000,0.428000,-1.330000,-28.397000,33.588000,84.031000,26.13
6.108727,0.234000,0.534000,-1.106000,-36.824000,8.626000,73.267000,26.08
6.115819,0.298000,0.573000,-1.011000,-39.252000,-19.756000,52.763000,26.13
6.127787,0.196000,0.591000,-0.795000,-36.626000,-47.985000,26.702000,26.13
6.139904,0.080000,0.532000,-0.667000,-33.221000,-77.084000,-0.702000,26.08
6.146787,0.055000,0.438000,-0.575000,-36.473000,-80.412000,-27.618000,26.04
6.158740,0.050000,0.356000,-0.546000,-39.099000,-86.748000,-47.802000,26.18
6.165655,0.103000,0.286000,-0.582000,-44.031000,-99.863000,-62.198000,26.08
6.177672,0.207000,0.213000,-0.667000,-50.321000,-118.275000,-74.611000,26.13
6.189478,0.360000,0.096000,-0.764000,-61.282000,-145.588000,-90.870000,26.18
6.196436,0.289000,0.054000,-0.769000,-68.122000,-166.794000,-106.611000,26.18
6.208046,0.175000,0.008000,-0.727000,-64.885000,-192.840000,-120.458000,26.04
6.220118,0.073000,-0.155000,-0.689000,-56.275000,-209.084000,-131.832000,26.18
6.226574,0.078000,-0.306000,-0.762000,-53.817000,-223.786000,-137.130000,26.13
6.238522,0.098000,-0.378000,-0.874000,-51.939000,-237.496000,-136.351000,26.13
6.249959,1.410000,-0.997000,-1.093000,-66.947000,-218.046000,-116.779000,26.22
6.256879,2.382000,-1.230000,-0.721000,-55.435000,-285.176000,-33.267000,26.04
6.268818,2.592000,-1.285000,-0.166000,-80.412000,-264.122000,0.214000,26.08
6.275613,2.193000,-1.031000,0.613000,-76.198000,-189.221000,10.595000,26.08
6.287722,3.315000,-0.961000,0.872000,-70.565000,-130.321000,18.840000,26.13
6.299777,2.974000,-0.734000,1.485000,-25.603000,-113.603000,22.962000,26.18
6.306755,3.620000,-0.695000,1.836000,-11.313000,-51.221000,17.664000,26.13
6.319220,4.000000,-1.130000,1.983000,10.748000,10.046000,5.466000,26.22
6.326208,3.045000,-1.176000,1.628000,22.656000,48.031000,1.786000,26.08
6.338180,0.361000,-0.194000,-1.133000,45.740000,-18.763000,-24.718000,26.13
6.345458,0.051000,-0.281000,-0.980000,8.794000,22.580000,-22.076000,26.13
6.357505,1.043000,0.069000,-0.364000,-6.626000,23.450000,-24.321000,26.18
6.369939,0.890000,0.073000,-0.536000,3.038000,4.412000,-23.527000,26.13
6.376819,0.658000,0.062000,-0.648000,-3.374000,-1.420000,-14.229000,26.13
6.389042,0.747000,0.185000,-0.580000,-12.382000,-11.252000,-3.481000,26.08
6.396168,0.784000,0.196000,-0.596000,-13.252000,-9.145000,5.435000,26.13
6.408428,0.722000,0.059000,-0.711000,-12.748000,-11.038000,11.863000,26.18
6.420111,0.689000,0.010000,-0.755000,-10.687000,-11.374000,13.496000,26.18
6.427438,0.694000,0.001000,-0.752000,-9.618000,-9.771000,12.977000,26.13
6.439390,0.650000,0.009000,-0.782000,-6.168000,-10.214000,12.351000,26.08
6.446344,0.648000,0.004000,-0.760000,-5.313000,-10.214000,11.908000,26.08
6.458503,0.695000,-0.052000,-0.724000,-3.695000,-6.244000,9.450000,26.13
6.465721,0.687000,-0.079000,-0.706000,-2.504000,-2.718000,5.603000,26.08
6.478088,0.674000,-0.058000,-0.705000,0.611000,0.076000,1.710000,26.18
6.485513,0.701000,-0.057000,-0.698000,3.023000,2.214000,-1.008000,26.13
6.497526,0.708000,-0.017000,-0.680000,3.634000,2.718000,-2.168000,26.08
6.510034,0.706000,0.016000,-0.670000,4.366000,2.931000,-1.435000,26.22
6.517250,0.710000,0.037000,-0.666000,5.160000,2.076000,0.885000,26.13
6.529737,0.734000,0.027000,-0.644000,5.008000,-0.702000,3.847000,26.18
6.540267,0.719000,0.005000,-0.638000,4.489000,-3.481000,6.443000,26.04
6.549742,0.724000,-0.025000,-0.619000,3.099000,-6.107000,7.496000,26.13
6.556220,0.716000,-0.038000,-0.622000,-1.069000,-14.473000,7.511000,26.18
6.568793,0.628000,-0.053000,-0.820000,-1.038000,-4.794000,8.260000,26.13
6.575584,0.670000,-0.074000,-0.707000,-5.618000,-14.153000,6.534000,26.22
6.587741,0.714000,-0.084000,-0.698000,-3.939000,-53.954000,4.000000,26.08
6.599945,0.663000,-0.062000,-0.734000,-5.863000,-14.885000,2.702000,26.13
6.607252,0.665000,-0.025000,-0.744000,-3.328000,-11.237000,1.252000,26.08
6.619289,0.661000,-0.015000,-0.745000,-4.153000,-9.969000,0.458000,26.13
6.628982,0.655000,0.007000,-0.766000,-2.626000,-7.206000,0.305000,26.13
6.638661,0.643000,-0.006000,-0.765000,-0.702000,-5.176000,0.336000,26.18
6.648443,0.652000,-0.003000,-0.750000,-1.374000,-1.664000,1.145000,26.18
6.658631,0.650000,-0.007000,-0.757000,-0.489000,0.687000,2.382000,26.04
6.665338,0.671000,-0.048000,-0.726000,-1.160000,1.725000,2.885000,26.18
6.679667,0.667000,-0.061000,-0.714000,-1.634000,-2.168000,2.458000,26.22
6.689839,0.703000,-0.134000,-0.769000,6.977000,-21.527000,-1.542000,26.13
6.696710,0.693000,-0.133000,-0.689000,-5.710000,-4.198000,-2.229000,26.08
6.708989,0.690000,-0.084000,-0.698000,-6.122000,-5.679000,-4.840000,26.13
6.715919,0.694000,-0.044000,-0.708000,-6.824000,-7.252000,-5.969000,26.13
6.728285,0.685000,0.002000,-0.723000,-6.702000,-8.672000,-6.061000,26.08
6.735376,0.661000,0.031000,-0.736000,-5.466000,-8.916000,-4.351000,26.22
6.747522,0.674000,0.003000,-0.722000,-4.443000,-9.450000,-3.237000,26.13
6.759726,0.668000,-0.008000,-0.725000,-3.664000,-9.496000,-2.672000,26.18
6.766845,0.652000,-0.004000,-0.741000,-1.969000,-8.656000,-2.229000,26.22
6.779039,0.634000,-0.028000,-0.722000,-0.794000,-9.359000,-2.489000,26.08
6.786201,0.593000,0.002000,-0.783000,-1.221000,-5.603000,-1.878000,26.18
6.798368,0.634000,-0.034000,-0.765000,-1.206000,-4.458000,-2.031000,26.13
6.805395,0.630000,-0.026000,-0.762000,-0.824000,-3.588000,-2.550000,26.18
6.817594,0.645000,-0.021000,-0.762000,-0.458000,-2.733000,-2.947000,26.18
6.830014,0.656000,0.002000,-0.756000,0.229000,-3.725000,-2.534000,26.13
6.837039,0.639000,-0.003000,-0.758000,1.069000,-4.519000,-2.031000,26.18
6.849310,0.635000,-0.013000,-0.761000,0.824000,-3.496000,-1.649000,26.18
6.856195,0.625000,-0.008000,-0.767000,-0.687000,-3.924000,-0.901000,26.22
6.868817,0.618000,-0.025000,-0.760000,-1.435000,-2.962000,-0.260000,26.18
6.875379,0.644000,-0.031000,-0.760000,-1.802000,-2.107000,-0.290000,26.22
6.887939,0.635000,-0.012000,-0.750000,-2.290000,-1.863000,-0.565000,26.13
6.899874,0.649000,-0.012000,-0.738000,-1.282000,-1.115000,-0.489000,26.08
6.906980,0.631000,-0.026000,-0.748000,-2.733000,-1.176000,-0.565000,26.13
6.919446,0.641000,-0.023000,-0.734000,-2.809000,0.992000,-0.427000,26.13
6.926268,0.651000,-0.037000,-0.737000,-2.840000,0.504000,-0.794000,26.13
6.938524,0.656000,-0.023000,-0.737000,-4.137000,-0.183000,-0.626000,26.22
6.945760,0.679000,-0.018000,-0.719000,-3.557000,0.046000,-0.718000,26.18
6.957734,0.671000,-0.019000,-0.721000,-2.855000,0.092000,-0.901000,26.18
6.970079,0.653000,-0.012000,-0.732000,-2.550000,0.260000,-0.489000,26.13
6.977079,0.640000,-0.025000,-0.754000,-2.489000,1.542000,-0.519000,26.27
6.989234,0.636000,-0.031000,-0.752000,-2.626000,3.710000,-0.473000,26.13
6.996431,0.635000,-0.039000,-0.764000,-3.313000,6.031000,-0.763000,26.22
7.008684,0.644000,-0.050000,-0.756000,-3.771000,8.687000,-1.481000,26.18
7.015916,0.610000,-0.023000,-0.756000,-4.382000,10.382000,-1.695000,26.22
7.029726,0.630000,-0.013000,-0.742000,-3.954000,11.542000,-2.092000,26.13
7.040163,0.646000,-0.030000,-0.722000,-4.733000,11.832000,-2.672000,26.18
7.047600,0.650000,-0.035000,-0.720000,-4.687000,10.672000,-3.206000,26.13
7.059649,0.670000,-0.049000,-0.720000,-4.885000,5.191000,-3.924000,26.18
7.066508,0.684000,-0.035000,-0.714000,-5.511000,6.611000,-4.443000,26.18
7.080373,0.679000,-0.012000,-0.710000,-5.008000,4.595000,-4.122000,26.22
7.085823,0.682000,0.005000,-0.718000,-5.481000,4.382000,-3.573000,26.18
7.097958,0.650000,0.027000,-0.748000,-4.076000,4.611000,-2.580000,26.18
7.105189,0.610000,0.043000,-0.769000,-3.511000,5.802000,-1.038000,26.13
7.117827,0.576000,0.050000,-0.797000,-0.153000,7.557000,0.137000,26.08
7.123495,0.602000,-0.004000,-0.811000,0.168000,9.924000,0.687000,26.13
7.137162,0.624000,-0.058000,-0.791000,-2.321000,13.908000,-0.748000,26.04
7.149242,0.627000,-0.050000,-0.779000,-4.794000,17.420000,-2.901000,26.18
7.156844,0.621000,-0.024000,-0.784000,-6.931000,20.977000,-4.015000,26.13
7.168663,0.660000,-0.034000,-0.779000,-9.664000,24.595000,-4.427000,26.13
7.175786,0.652000,0.006000,-0.792000,-9.313000,27.359000,-4.137000,26.08
7.187830,0.616000,0.060000,-0.835000,-6.397000,28.931000,-1.802000,26.13
7.195435,0.547000,0.045000,-0.948000,-8.351000,29.374000,1.618000,26.13
7.207523,0.290000,0.191000,-1.206000,-26.336000,10.931000,9.405000,26.08
7.220049,0.040000,0.535000,-1.286000,-21.496000,-46.305000,12.672000,26.22
7.226617,0.013000,0.619000,-1.387000,-37.771000,-10.855000,8.885000,26.18
7.238899,-0.076000,0.688000,-1.368000,-37.466000,-16.366000,-1.267000,26.13
7.245374,-0.239000,0.740000,-1.353000,-33.176000,-28.504000,-11.405000,26.13
7.257376,-0.241000,0.498000,-1.308000,-29.466000,-45.878000,-17.969000,26.18
7.269730,0.103000,0.222000,-1.015000,-22.519000,-54.626000,-27.176000,26.18
7.276232,1.017000,0.018000,-0.652000,8.366000,-49.252000,-23.725000,26.13
7.288480,1.161000,-0.699000,-0.386000,35.359000,-43.863000,-14.046000,26.27
7.295743,1.087000,-0.597000,-0.680000,2.992000,29.298000,-7.863000,26.22
7.307466,0.902000,0.073000,-0.996000,-7.817000,-22.183000,-13.466000,26.13
7.319816,0.645000,0.641000,-1.086000,-0.901000,-33.786000,-30.183000,26.18
7.326501,0.375000,0.635000,-0.999000,21.481000,-53.191000,-48.901000,26.13
7.338875,0.149000,0.366000,-0.786000,22.519000,-42.885000,-61.176000,26.18
7.345791,0.108000,0.163000,-0.663000,23.908000,-31.099000,-58.321000,26.08
7.357689,0.210000,-0.183000,-0.479000,36.702000,-26.885000,-40.702000,26.22
7.369824,0.375000,-0.475000,-0.257000,47.664000,-2.015000,-17.313000,26.08
7.376779,0.726000,-0.534000,-0.010000,61.969000,57.069000,13.985000,26.18
7.389067,1.628000,-1.247000,-0.249000,50.794000,52.931000,77.588000,26.22
7.396170,2.608000,-1.145000,-0.801000,-45.527000,0.824000,68.718000,26.08
7.408029,1.023000,-0.406000,-0.501000,-81.496000,-27.328000,60.366000,26.22
7.420143,0.655000,0.238000,-0.229000,-55.725000,0.275000,64.397000,26.22
7.427293,1.218000,0.305000,-0.343000,-25.023000,1.542000,43.771000,26.08
7.439700,0.961000,0.083000,-0.391000,-2.366000,2.092000,16.962000,26.13
7.446895,0.863000,-0.297000,-0.364000,10.015000,8.763000,3.863000,26.13
7.459143,1.056000,-0.476000,-0.519000,1.206000,9.084000,5.634000,26.18
7.466277,0.817000,0.098000,-0.784000,-3.725000,-9.756000,-6.397000,26.13
7.478651,0.543000,0.169000,-0.874000,0.885000,-2.198000,-2.916000,26.18
7.485946,0.597000,0.291000,-0.957000,1.771000,-0.397000,0.855000,26.13
7.498506,0.444000,0.376000,-0.921000,13.160000,7.130000,2.687000,26.13
7.505595,0.363000,0.251000,-1.048000,22.519000,11.634000,-4.565000,26.18
7.517646,0.054000,0.532000,-1.458000,8.656000,2.321000,-34.244000,26.18
7.529865,-0.396000,0.712000,-1.497000,-7.053000,2.229000,-52.947000,26.13
7.537084,-0.366000,0.528000,-1.420000,-20.458000,-3.710000,-51.542000,26.18
7.548737,-0.080000,-0.065000,-1.258000,-16.779000,-3.939000,-24.260000,26.13
7.555846,0.187000,-0.696000,-1.066000,-32.076000,-2.214000,10.351000,26.13
7.568059,0.332000,-0.652000,-1.016000,-51.511000,6.076000,43.069000,26.08
7.580052,0.287000,-0.230000,-1.141000,-66.198000,8.611000,62.626000,26.13
7.587330,0.105000,0.297000,-1.330000,-67.176000,3.878000,60.473000,26.18
7.599434,0.008000,0.699000,-1.460000,-52.168000,-1.511000,43.817000,26.18
7.606272,-0.222000,0.753000,-1.525000,-34.290000,-12.214000,23.496000,26.13
7.618264,-0.421000,0.551000,-1.443000,-24.824000,-19.023000,9.191000,26.18
7.624123,-0.481000,0.366000,-1.360000,-27.618000,-19.221000,-1.298000,26.22
7.637272,-0.359000,0.287000,-1.456000,-32.015000,-21.634000,-6.519000,26.13
7.649085,-0.020000,0.290000,-1.536000,-27.328000,-27.435000,-3.740000,26.18
7.656189,0.067000,0.209000,-1.467000,-13.786000,-38.397000,3.344000,26.22
7.668577,0.237000,0.179000,-1.615000,-26.641000,-48.534000,0.214000,26.13
7.675343,0.315000,0.319000,-1.603000,-39.496000,-66.565000,-9.435000,26.13
7.687313,0.190000,0.437000,-1.373000,-32.168000,-80.763000,-17.863000,26.22
7.699592,0.049000,0.320000,-1.181000,-22.382000,-83.145000,-26.901000,26.18
7.706316,0.071000,0.216000,-1.123000,-23.878000,-78.901000,-38.534000,26.27
7.718331,0.146000,0.184000,-1.105000,-23.099000,-77.145000,-48.626000,26.13
7.730171,0.233000,0.134000,-1.104000,-17.344000,-79.863000,-55.908000,26.27
7.737159,0.286000,0.062000,-1.085000,-10.763000,-84.336000,-59.847000,26.22
7.749201,0.317000,-0.009000,-1.018000,-6.809000,-87.160000,-59.893000,26.13
7.756165,0.352000,-0.041000,-0.952000,-2.824000,-87.695000,-56.977000,26.08
7.768002,0.408000,-0.048000,-0.906000,1.420000,-86.290000,-52.427000,26.22
7.779984,0.463000,-0.068000,-0.818000,4.595000,-86.901000,-48.305000,26.13
7.787128,0.488000,-0.060000,-0.706000,6.290000,-80.336000,-44.565000,26.18
7.799186,0.524000,-0.037000,-0.605000,8.153000,-75.893000,-41.130000,26.22
7.806189,0.499000,-0.015000,-0.477000,12.473000,-69.634000,-36.214000,26.18
7.818354,0.557000,-0.038000,-0.471000,3.679000,-33.725000,-31.649000,26.18
7.830083,0.788000,-0.128000,-0.496000,-4.809000,-44.565000,-25.084000,26.22
7.837123,0.890000,-0.133000,-0.564000,-27.954000,-25.145000,-19.557000,26.08
7.848936,0.919000,-0.056000,-0.525000,-26.733000,-47.893000,-8.244000,26.13
7.856305,0.936000,0.003000,-0.481000,-26.763000,-49.130000,2.198000,26.13
7.868120,1.016000,-0.019000,-0.440000,-28.076000,-49.954000,8.840000,26.08
7.880034,1.085000,-0.031000,-0.316000,-35.420000,-50.534000,10.473000,26.13
7.887378,0.867000,0.122000,0.307000,-7.130000,-49.756000,22.397000,26.18
7.899628,1.246000,-0.263000,0.677000,1.863000,5.145000,25.221000,26.18
7.906812,1.557000,-0.303000,0.865000,7.908000,74.290000,25.069000,26.13
7.919158,1.896000,-0.374000,1.368000,28.092000,120.427000,22.626000,26.27
7.926095,2.006000,-0.660000,1.943000,60.916000,198.489000,29.817000,26.13
7.938083,1.024000,-0.157000,-1.048000,106.565000,91.038000,-5.160000,26.13
7.950128,2.269000,-0.185000,-2.572000,34.260000,217.405000,9.878000,26.08
7.957345,1.500000,-0.130000,-1.144000,51.695000,195.893000,63.542000,26.13
7.969429,2.062000,0.313000,-1.559000,48.183000,159.099000,30.931000,26.13
7.976703,2.448000,0.419000,-1.371000,23.863000,114.427000,2.870000,26.08
7.988813,0.367000,-0.518000,-0.880000,65.298000,9.420000,31.725000,26.22
7.995989,0.269000,0.151000,-0.960000,36.626000,106.580000,26.214000,26.27
8.007982,0.918000,0.031000,-0.924000,16.702000,117.725000,15.466000,26.18
8.020178,1.002000,-0.329000,-0.976000,35.893000,49.481000,20.992000,26.13
8.027116,0.653000,-0.155000,-0.935000,23.634000,29.313000,15.847000,26.18
8.039398,0.687000,-0.245000,-0.996000,9.695000,25.832000,7.649000,26.08
8.046683,0.546000,-0.230000,-0.943000,-2.366000,38.351000,0.550000,26.13
8.058787,0.586000,-0.025000,-0.838000,-8.137000,24.305000,-3.847000,26.27
8.066072,0.564000,0.017000,-0.835000,-7.481000,20.046000,-2.885000,26.13
8.078126,0.546000,0.049000,-0.827000,-6.855000,16.748000,-2.687000,26.22
8.083867,0.567000,0.042000,-0.839000,-3.557000,14.122000,-0.931000,26.18
8.097573,0.559000,0.012000,-0.790000,-3.405000,13.679000,-0.641000,26.13
8.109674,0.548000,0.055000,-0.806000,-2.015000,14.244000,-1.069000,26.08
8.116859,0.562000,0.032000,-0.803000,-0.809000,14.947000,-0.183000,26.13
8.129274,0.563000,0.000000,-0.805000,-0.153000,15.160000,0.168000,26.32
8.136259,0.544000,0.027000,-0.805000,0.824000,12.092000,0.931000,26.18
8.148754,0.536000,0.013000,-0.820000,2.031000,15.420000,1.695000,26.18
8.156058,0.561000,-0.016000,-0.836000,-0.672000,11.511000,1.023000,26.22
8.174019,0.536000,-0.016000,-0.837000,0.275000,12.550000,1.099000,26.18
8.175013,0.558000,-0.019000,-0.807000,-0.687000,16.718000,0.840000,26.13
8.187519,0.572000,-0.025000,-0.782000,-0.611000,7.756000,0.198000,26.13
8.199782,0.563000,-0.011000,-0.800000,-3.450000,19.863000,-0.305000,26.18
8.206941,0.583000,0.012000,-0.776000,-3.832000,16.076000,-0.260000,26.13
8.219088,0.539000,0.028000,-0.790000,-3.481000,13.511000,0.153000,26.18
8.226772,0.541000,0.038000,-0.765000,-0.214000,4.260000,1.237000,26.18
8.238767,0.536000,0.065000,-0.782000,-4.275000,17.115000,2.947000,26.22
8.246001,0.520000,0.032000,-0.818000,-1.557000,14.504000,4.244000,26.18
8.258359,0.577000,0.006000,-0.811000,-6.855000,28.672000,4.840000,26.18
8.265532,0.554000,0.000000,-0.814000,-2.397000,14.901000,4.260000,26.13
8.277634,0.577000,-0.056000,-0.819000,-8.397000,32.779000,2.931000,26.18
8.290001,0.591000,-0.053000,-0.784000,-5.969000,13.344000,0.901000,26.13
8.297236,0.616000,-0.044000,-0.748000,-9.344000,17.786000,0.366000,26.13
8.309237,0.615000,0.028000,-0.755000,-14.000000,37.496000,0.198000,26.08
8.316334,0.647000,-0.005000,-0.750000,-4.137000,4.977000,0.626000,26.22
8.328832,0.600000,0.011000,-0.786000,-5.237000,10.687000,1.466000,26.22
8.336339,0.576000,-0.026000,-0.851000,-11.679000,43.588000,1.359000,26.18
8.348034,0.579000,-0.017000,-0.861000,-4.260000,19.374000,0.702000,26.13
8.355333,0.631000,-0.013000,-0.822000,-7.313000,23.359000,0.229000,26.18
8.367493,0.497000,0.020000,-0.921000,-11.328000,44.687000,-0.656000,26.22
8.379864,0.540000,0.066000,-0.885000,-6.992000,34.656000,1.527000,26.22
8.387183,0.557000,0.046000,-0.840000,-7.969000,55.756000,3.359000,26.08
8.399195,0.583000,-0.036000,-0.823000,-7.954000,58.046000,2.855000,26.18
8.406597,0.542000,0.141000,-0.916000,-5.893000,66.168000,7.893000,26.13
8.418866,0.458000,-0.174000,-0.982000,12.840000,72.748000,13.771000,26.18
8.425535,0.632000,-0.066000,-0.901000,10.504000,77.496000,10.962000,26.13
8.437809,0.661000,-0.120000,-0.914000,14.824000,100.962000,6.901000,26.13
8.449992,0.541000,-0.008000,-1.096000,21.282000,127.466000,3.893000,26.18
8.456951,0.380000,0.093000,-1.171000,31.176000,156.076000,7.573000,26.13
8.469577,0.526000,0.166000,-1.107000,32.443000,197.328000,9.710000,26.22
8.476368,0.562000,0.194000,-1.145000,50.687000,234.153000,18.305000,26.18
8.488437,0.593000,0.176000,-1.155000,73.542000,252.000000,26.336000,26.22
8.495958,0.703000,0.098000,-1.089000,100.244000,228.473000,30.901000,26.18
8.507851,0.578000,0.084000,-1.130000,94.947000,345.756000,38.611000,26.27
8.519736,1.169000,-0.019000,-1.022000,117.221000,279.481000,41.466000,26.22
8.526774,1.375000,-0.126000,-1.412000,92.107000,287.664000,46.840000,26.18
8.538979,1.194000,-0.234000,-1.194000,49.985000,268.076000,45.725000,26.27
8.545957,1.375000,0.007000,-1.376000,58.321000,249.664000,48.168000,26.22
8.558016,1.259000,0.317000,-1.472000,55.435000,230.229000,43.328000,26.18
8.570336,0.929000,0.472000,-2.089000,49.832000,186.702000,34.794000,26.32
8.577159,0.130000,0.362000,-2.060000,29.298000,113.588000,37.298000,26.13
8.589257,-0.060000,0.132000,-1.753000,-3.740000,96.351000,49.115000,26.18
8.596196,0.263000,0.407000,-1.885000,-24.809000,62.321000,60.794000,26.22
8.608254,0.041000,0.505000,-1.634000,-28.779000,22.122000,70.061000,26.18
8.615102,-0.010000,0.495000,-1.491000,-36.504000,-16.458000,71.649000,26.22
8.627128,-0.150000,0.486000,-1.233000,-45.939000,-50.260000,68.473000,26.13
8.639268,-0.179000,0.521000,-1.076000,-55.038000,-62.336000,62.290000,26.08
8.646023,-0.132000,0.527000,-0.983000,-58.931000,-77.328000,51.695000,26.18
8.658172,-0.074000,0.521000,-0.975000,-63.756000,-90.687000,36.351000,26.22
8.670142,0.006000,0.500000,-0.958000,-66.962000,-100.046000,17.160000,26.18
8.676951,0.071000,0.490000,-0.960000,-66.580000,-114.061000,-3.878000,26.22
8.688777,0.158000,0.438000,-0.943000,-62.626000,-131.221000,-24.550000,26.22
8.696032,0.264000,0.399000,-0.967000,-59.221000,-146.351000,-43.267000,26.18
8.707748,0.376000,0.345000,-0.994000,-57.115000,-157.832000,-59.099000,26.32
8.719631,0.471000,0.290000,-1.032000,-53.160000,-171.817000,-72.031000,26.13
8.726520,0.578000,0.231000,-1.085000,-52.962000,-184.122000,-82.611000,26.27
8.738474,0.727000,0.135000,-1.168000,-56.122000,-199.099000,-89.802000,26.13
8.744183,0.823000,0.064000,-1.221000,-63.237000,-214.641000,-95.221000,26.27
8.756981,0.878000,0.011000,-1.213000,-69.099000,-229.466000,-96.092000,26.18
8.769858,0.926000,-0.062000,-1.216000,-71.588000,-244.672000,-92.855000,26.22
8.775479,0.979000,-0.137000,-1.201000,-77.160000,-253.634000,-89.237000,26.27
8.787507,1.034000,-0.178000,-1.203000,-81.863000,-256.229000,-80.092000,26.13
8.799263,1.087000,-0.211000,-1.201000,-88.183000,-259.206000,-70.733000,26.22
8.805882,1.165000,-0.231000,-1.212000,-93.924000,-257.206000,-59.756000,26.18
8.817507,1.238000,-0.201000,-1.193000,-100.565000,-254.931000,-48.473000,26.13
8.829942,1.300000,-0.122000,-1.150000,-106.015000,-249.679000,-38.656000,26.32
8.837821,1.342000,-0.028000,-1.119000,-107.405000,-243.634000,-33.542000,26.18
8.848989,1.395000,0.073000,-1.080000,-106.992000,-235.832000,-34.901000,26.13
8.859735,1.427000,0.186000,-1.032000,-103.252000,-227.145000,-44.076000,26.22
8.866572,1.446000,0.199000,-0.917000,-90.321000,-217.573000,-61.389000,26.13
8.878690,1.155000,0.013000,-0.397000,-26.489000,-205.344000,-60.779000,26.13
8.885017,1.500000,-0.493000,-0.540000,-36.427000,-136.748000,-88.351000,26.18
8.896967,1.614000,-0.524000,-0.630000,-50.504000,-139.817000,-109.786000,26.18
8.908920,1.667000,-0.339000,-0.610000,-67.282000,-128.260000,-128.260000,26.22
8.915491,1.716000,-0.145000,-0.476000,-46.595000,-141.511000,-134.824000,26.27
8.927352,1.756000,-0.117000,-0.164000,-5.893000,-141.817000,-130.519000,26.13
8.939003,1.740000,-0.352000,0.175000,22.489000,-128.198000,-124.656000,26.22
8.946136,1.681000,-0.579000,0.378000,26.534000,-99.053000,-121.084000,26.18
8.958246,1.624000,-0.631000,0.523000,20.885000,-64.489000,-112.947000,26.22
8.970055,1.599000,-0.684000,0.543000,13.740000,-29.145000,-99.985000,26.22
8.977461,1.534000,-0.687000,0.506000,6.382000,-1.267000,-84.031000,26.18
8.989308,1.479000,-0.877000,0.595000,17.557000,41.008000,-51.282000,26.22
8.996611,1.117000,-0.636000,0.887000,51.710000,68.641000,-24.931000,26.22
9.008652,1.648000,-0.826000,0.686000,43.939000,141.359000,14.641000,26.18
9.016103,1.650000,-0.630000,0.684000,57.725000,187.221000,61.664000,26.22
9.027902,1.411000,-0.003000,-1.365000,69.359000,200.962000,74.702000,26.18
9.039898,0.813000,0.318000,-1.930000,64.214000,139.511000,85.313000,26.18
9.047052,0.231000,0.141000,-0.663000,76.519000,153.573000,82.947000,26.13
9.059188,0.934000,-0.078000,-1.104000,66.061000,234.183000,36.427000,26.18
9.066393,2.179000,0.268000,-1.479000,64.962000,184.290000,5.603000,26.08
9.078326,1.360000,-0.282000,-1.139000,62.168000,163.939000,15.832000,26.13
9.085492,1.773000,-0.039000,-1.585000,43.573000,199.481000,30.229000,26.18
9.097681,1.548000,0.109000,-0.835000,40.885000,149.695000,25.603000,26.22
9.110000,1.042000,0.018000,-0.895000,63.710000,91.924000,27.863000,26.22
9.116530,0.860000,-0.197000,-1.065000,36.702000,118.626000,28.779000,26.18
9.129130,1.067000,-0.313000,-1.090000,42.534000,65.511000,27.908000,26.22
9.135871,0.833000,-0.239000,-0.990000,36.702000,37.618000,20.595000,26.22
9.148103,0.733000,-0.205000,-0.989000,19.954000,18.901000,10.214000,26.18
9.153723,0.602000,-0.195000,-0.938000,5.954000,15.115000,3.252000,26.13
9.167366,0.561000,-0.074000,-0.917000,-0.840000,28.397000,1.160000,26.27
9.179616,0.496000,0.054000,-0.844000,-1.130000,17.344000,0.061000,26.04
9.186968,0.527000,-0.005000,-0.847000,-3.573000,22.305000,1.405000,26.13
9.198979,0.544000,-0.005000,-0.884000,-6.229000,21.084000,0.534000,26.27
9.207941,0.562000,0.020000,-0.840000,-3.786000,20.901000,-0.061000,26.18
9.218377,0.584000,-0.004000,-0.834000,-6.076000,26.962000,0.351000,26.22
9.225420,0.606000,-0.027000,-0.816000,-1.206000,14.351000,-0.504000,26.08
9.237520,0.597000,-0.002000,-0.805000,-3.191000,23.344000,-1.145000,26.22
9.249699,0.569000,0.028000,-0.815000,-1.603000,15.985000,-0.794000,26.13
9.256846,0.577000,0.032000,-0.806000,-0.122000,9.893000,-0.183000,26.27
9.269259,0.552000,0.042000,-0.810000,-1.466000,17.695000,0.656000,26.22
9.276357,0.550000,0.032000,-0.810000,-1.160000,17.389000,1.557000,26.13
9.288724,0.571000,0.010000,-0.803000,-2.901000,17.710000,2.321000,26.08
9.295963,0.578000,-0.010000,-0.800000,-2.855000,15.771000,1.725000,26.22
9.308269,0.584000,-0.007000,-0.789000,-4.626000,16.870000,1.328000,26.22
9.315178,0.593000,-0.011000,-0.785000,-3.618000,16.382000,1.542000,26.18
9.328436,0.599000,0.002000,-0.765000,-3.786000,15.206000,1.710000,26.13
9.340744,0.589000,0.019000,-0.772000,-4.122000,15.649000,1.466000,26.13
9.349976,0.569000,0.002000,-0.799000,-4.687000,20.611000,0.779000,26.18
9.359461,0.582000,-0.007000,-0.782000,-6.382000,19.802000,0.000000,26.22
9.366214,0.559000,-0.001000,-0.794000,-9.389000,16.382000,0.489000,26.27
9.378689,0.576000,0.014000,-0.762000,-8.305000,22.748000,-0.092000,26.27
9.385753,0.594000,0.014000,-0.760000,2.076000,-15.939000,-1.847000,26.13
9.398087,0.595000,0.018000,-0.795000,-5.328000,12.855000,-1.725000,26.18
9.405070,0.601000,0.001000,-0.788000,-3.145000,11.740000,-1.725000,26.18
9.417197,0.636000,-0.019000,-0.763000,-4.153000,20.198000,-1.405000,26.22
9.429477,0.603000,0.024000,-0.776000,-0.397000,13.282000,-2.931000,26.18
9.436528,0.579000,-0.017000,-0.800000,-8.901000,33.802000,-1.634000,26.27
9.448701,0.597000,-0.013000,-0.763000,-3.878000,29.038000,-3.420000,26.32
9.455851,0.615000,0.020000,-0.798000,-7.588000,46.550000,-4.748000,26.18
9.468001,0.575000,0.075000,-0.806000,-4.031000,29.313000,-1.130000,26.18
9.475273,0.619000,0.048000,-0.873000,-4.855000,46.931000,2.092000,26.22
9.487677,0.551000,0.020000,-0.898000,-10.992000,55.450000,7.924000,26.18
9.499943,0.581000,-0.019000,-0.901000,1.527000,64.962000,12.107000,26.22
9.506836,0.560000,0.024000,-0.933000,-0.672000,79.786000,13.450000,26.22
9.519599,0.610000,-0.058000,-0.879000,5.557000,85.038000,12.305000,26.18
9.525975,0.653000,-0.037000,-0.899000,8.947000,104.977000,11.786000,26.13
9.538382,0.623000,-0.008000,-0.941000,13.817000,116.046000,10.519000,26.22
9.545566,0.585000,0.047000,-1.083000,16.351000,153.237000,15.832000,26.08
9.557544,0.618000,0.063000,-1.023000,24.275000,183.557000,21.588000,26.22
9.569774,0.622000,0.030000,-0.992000,31.237000,212.565000,25.771000,26.13
9.576758,0.546000,0.054000,-1.074000,43.679000,246.000000,25.710000,26.27
9.588885,0.582000,0.115000,-1.153000,62.458000,290.183000,20.870000,26.22
9.595960,0.632000,0.059000,-1.277000,72.153000,323.344000,21.588000,26.18
9.608318,0.637000,0.016000,-1.128000,132.290000,333.466000,25.053000,26.22
9.620298,1.139000,-0.185000,-1.330000,177.664000,215.023000,37.710000,26.22
9.627332,1.602000,-0.438000,-1.583000,51.267000,388.473000,16.412000,26.18
9.639315,1.398000,-0.261000,-1.208000,40.382000,297.603000,16.321000,26.27
9.646204,1.363000,-0.296000,-1.409000,0.198000,349.221000,11.908000,26.13
9.658492,1.072000,0.005000,-1.104000,9.145000,317.878000,18.534000,26.18
9.665614,1.294000,0.268000,-0.912000,28.153000,303.450000,24.443000,26.32
9.677932,1.734000,0.145000,-1.287000,35.023000,199.847000,26.809000,26.22
9.692939,0.769000,-0.013000,-1.525000,3.267000,149.969000,40.412000,26.27
9.696819,-0.518000,-0.505000,-1.524000,-34.443000,83.695000,81.130000,26.13
9.708496,0.378000,-0.160000,-1.880000,-68.122000,89.542000,112.260000,26.13
9.715463,0.230000,0.149000,-1.402000,-81.466000,11.496000,135.496000,26.18
9.727487,0.126000,0.348000,-1.166000,-75.710000,-43.756000,145.206000,26.22
9.739392,0.018000,0.419000,-0.858000,-71.908000,-77.740000,141.191000,26.13
9.746508,-0.026000,0.501000,-0.698000,-65.282000,-90.183000,127.618000,26.27
9.758333,-0.072000,0.560000,-0.604000,-57.252000,-99.939000,106.382000,26.22
9.765315,0.038000,0.548000,-0.579000,-52.855000,-101.893000,79.282000,26.18
9.777392,0.098000,0.545000,-0.569000,-50.000000,-104.092000,49.115000,26.18
9.789037,0.208000,0.537000,-0.626000,-47.939000,-113.786000,20.427000,26.22
9.796213,0.347000,0.512000,-0.687000,-46.107000,-126.565000,-5.328000,26.27
9.808004,0.473000,0.446000,-0.748000,-46.565000,-143.313000,-26.366000,26.18
9.819791,0.563000,0.349000,-0.807000,-52.260000,-161.053000,-43.313000,26.22
9.826697,0.689000,0.266000,-0.864000,-61.023000,-180.336000,-55.771000,26.27
9.839111,0.745000,0.185000,-0.869000,-68.565000,-201.359000,-64.611000,26.22
9.845729,0.747000,0.094000,-0.824000,-76.229000,-216.183000,-69.206000,26.22
9.857223,0.773000,-0.019000,-0.775000,-83.573000,-223.237000,-68.794000,26.08
9.869147,0.827000,-0.138000,-0.739000,-93.328000,-225.863000,-64.626000,26.13
9.875834,0.882000,-0.209000,-0.760000,-100.214000,-225.878000,-57.786000,26.22
9.887738,0.967000,-0.284000,-0.839000,-105.817000,-224.061000,-51.206000,26.18
9.899501,1.117000,-0.356000,-0.930000,-111.221000,-226.198000,-44.076000,26.22
9.906260,1.238000,-0.367000,-0.975000,-116.794000,-230.595000,-34.443000,26.13
9.917899,1.303000,-0.327000,-0.943000,-119.679000,-232.702000,-21.237000,26.22
9.929872,1.321000,-0.293000,-0.850000,-120.366000,-228.198000,-8.809000,26.22
9.936354,1.313000,-0.221000,-0.755000,-121.817000,-224.901000,0.107000,26.18
9.948613,1.299000,-0.126000,-0.694000,-124.855000,-209.725000,1.969000,26.18
9.960536,1.312000,0.018000,-0.692000,-123.908000,-191.634000,-3.573000,26.22
9.967185,1.356000,0.171000,-0.719000,-117.282000,-179.832000,-19.221000,26.27
9.978737,1.357000,0.280000,-0.750000,-103.099000,-172.962000,-43.450000,26.22
9.985758,1.334000,0.322000,-0.777000,-85.832000,-169.099000,-74.290000,26.22
9.997870,1.304000,0.317000,-0.762000,-69.740000,-164.702000,-106.916000,26.18
10.009162,1.289000,0.277000,-0.749000,-53.481000,-160.092000,-138.473000,26.32
