# Gait Analysis Data - MPU6050 IMU
# Duration: 10 seconds
# Format: timestamp(s),ax(g),ay(g),az(g),gx(deg/s),gy(deg/s),gz(deg/s),temp(C)
# Note: Document sensor placement (ankle/wrist) separately
timestamp,ax,ay,az,gx,gy,gz,temp
0.000706,0.040000,0.429000,-0.864000,4.870000,-18.305000,21.405000,26.37
0.001465,0.132000,0.342000,-0.868000,13.710000,-10.397000,17.618000,26.41
0.002182,0.137000,0.368000,-0.857000,18.565000,-12.137000,5.618000,26.41
0.002880,0.090000,0.363000,-0.860000,34.977000,-17.405000,-1.695000,26.37
0.003563,0.074000,0.291000,-0.954000,30.351000,-11.099000,-9.130000,26.32
0.004251,0.305000,0.514000,-1.273000,-6.290000,46.565000,-55.863000,26.41
0.004940,0.041000,0.266000,-0.997000,59.313000,-27.939000,14.336000,26.27
0.005621,0.065000,0.409000,-0.665000,91.863000,1.908000,-16.580000,26.32
0.006284,0.174000,0.355000,-1.159000,87.252000,-7.511000,13.603000,26.41
0.006951,0.111000,0.363000,-0.825000,91.832000,-8.412000,4.427000,26.37
0.007684,0.072000,0.206000,-0.923000,99.649000,-17.344000,-10.687000,26.22
0.008449,0.030000,0.308000,-0.952000,104.366000,-16.305000,-2.092000,26.32
0.009215,-0.001000,0.367000,-0.954000,115.817000,-11.679000,15.679000,26.37
0.010073,0.058000,0.315000,-0.897000,136.626000,-9.527000,5.374000,26.41
0.010838,0.129000,0.299000,-1.110000,132.244000,-11.664000,24.595000,26.32
0.011704,-0.010000,0.232000,-0.950000,140.229000,-24.656000,27.466000,26.27
0.012582,0.189000,0.696000,-1.139000,123.328000,-2.656000,37.481000,26.41
0.013261,0.142000,0.047000,-1.053000,115.221000,-32.901000,12.718000,26.41
0.013823,0.018000,0.381000,-1.040000,119.985000,-27.221000,-1.466000,26.46
0.014378,0.062000,0.333000,-1.112000,100.183000,-6.000000,-24.519000,26.41
0.014927,0.125000,0.559000,-1.463000,89.878000,-5.389000,-19.511000,26.32
0.015652,-0.050000,0.497000,-1.188000,71.725000,-9.756000,-20.794000,26.27
0.016404,-0.084000,0.563000,-1.255000,27.252000,9.924000,-1.863000,26.32
0.017154,0.101000,0.552000,-1.433000,6.763000,15.053000,30.046000,26.37
0.017921,-0.101000,0.904000,-1.280000,-1.542000,12.885000,37.802000,26.27
0.018516,-0.180000,-0.712000,-1.295000,203.908000,48.870000,2.534000,26.32
0.019144,-0.801000,-0.643000,-0.824000,439.237000,-66.748000,-57.511000,26.32
0.020049,-0.079000,-1.301000,-2.411000,220.580000,-35.405000,16.733000,26.37
0.021158,-0.095000,2.333000,-1.612000,33.649000,30.977000,11.191000,26.32
0.022087,-0.383000,-0.170000,-1.187000,335.053000,123.221000,216.168000,26.41
0.022920,0.278000,0.435000,-1.577000,128.962000,-36.198000,50.473000,26.37
0.023742,0.342000,-0.163000,-1.963000,107.191000,-87.863000,240.794000,26.32
0.024492,0.115000,-0.610000,-1.063000,254.687000,-103.130000,-211.878000,26.46
0.025212,0.478000,0.562000,-1.241000,103.786000,-4.916000,-83.389000,26.37
0.025938,-0.550000,0.514000,-0.386000,93.679000,39.725000,-200.275000,26.32
0.026660,-0.791000,1.811000,-0.884000,196.290000,-35.664000,-93.802000,26.37
0.027383,-0.425000,1.117000,-1.006000,-47.344000,-40.168000,91.863000,26.27
0.028123,-0.523000,1.047000,0.069000,-79.649000,-132.947000,355.298000,26.22
0.028851,-0.130000,0.459000,-0.051000,-137.954000,-201.282000,310.840000,26.37
0.029888,0.679000,0.488000,-0.658000,-98.779000,-170.733000,180.168000,26.27
0.030729,0.854000,0.222000,-0.457000,-116.656000,-41.695000,136.504000,26.41
0.031597,0.528000,0.508000,-0.253000,-92.550000,-28.168000,59.420000,26.37
0.032287,0.609000,0.513000,-0.353000,-100.885000,-23.328000,-47.191000,26.37
0.032927,0.442000,0.471000,-0.328000,-82.611000,10.718000,-106.473000,26.41
0.033564,0.099000,0.408000,-0.460000,-75.176000,29.908000,-203.359000,26.27
0.034206,0.209000,0.831000,-1.241000,-61.863000,17.908000,-240.290000,26.27
0.034859,-0.303000,0.217000,-1.173000,-133.527000,-0.153000,-302.000000,26.32
0.035516,0.309000,0.045000,-1.594000,-301.420000,-91.328000,-196.076000,26.37
0.036147,0.275000,0.455000,-1.415000,-286.076000,-10.061000,-10.565000,26.37
0.036767,0.011000,0.419000,-0.844000,-269.008000,7.374000,-33.893000,26.32
0.037399,-0.099000,0.399000,-1.105000,-247.282000,16.260000,-37.832000,26.27
0.038027,-0.294000,0.406000,-1.192000,-250.794000,18.107000,-14.321000,26.37
0.038669,-0.332000,0.407000,-1.331000,-281.817000,-8.275000,35.084000,26.32
0.039281,-0.162000,0.285000,-1.464000,-296.031000,-16.656000,78.305000,26.37
0.039984,-0.047000,0.173000,-1.546000,-297.420000,-17.863000,78.229000,26.37
0.040696,0.433000,0.166000,-1.829000,-267.160000,16.687000,124.260000,26.32
0.041279,0.434000,-0.098000,-1.625000,-256.901000,22.137000,72.809000,26.27
0.041839,0.540000,-0.235000,-1.771000,-259.542000,54.305000,7.725000,26.27
0.042419,0.625000,-0.230000,-1.727000,-254.031000,53.863000,-26.901000,26.32
0.043028,0.647000,-0.369000,-1.707000,-263.649000,70.977000,-93.053000,26.37
0.043655,0.661000,-0.530000,-1.793000,-253.573000,113.374000,-128.137000,26.37
0.044280,0.575000,-0.573000,-1.756000,-229.664000,139.282000,-222.092000,26.41
0.044857,0.429000,-0.592000,-1.823000,-222.672000,147.969000,-277.588000,26.18
0.045423,0.190000,-0.666000,-1.799000,-223.985000,139.832000,-316.244000,26.27
0.045994,0.204000,-0.680000,-1.793000,-248.336000,119.802000,-319.695000,26.41
0.046574,0.382000,-0.716000,-2.250000,-249.038000,195.481000,-264.061000,26.27
0.047150,-0.253000,-1.088000,-0.802000,-150.183000,193.557000,-8.718000,26.37
0.047718,-0.079000,-1.248000,-0.636000,-179.847000,127.679000,28.229000,26.32
0.048277,0.523000,-1.520000,-2.572000,-187.466000,161.939000,-106.198000,26.37
0.048823,0.158000,-1.435000,-1.491000,-160.489000,155.221000,-138.840000,26.27
0.049342,0.095000,-1.599000,-1.657000,-75.435000,130.015000,12.015000,26.32
0.049930,-0.015000,-1.652000,-2.079000,-50.779000,116.534000,79.099000,26.27
0.050539,-0.308000,-1.677000,-2.339000,110.779000,60.977000,20.550000,26.27
0.051107,-0.855000,-1.418000,-0.967000,324.015000,27.847000,-145.496000,26.32
0.051651,-0.720000,-0.922000,-0.932000,466.748000,-13.145000,-196.443000,26.27
0.052173,0.619000,4.000000,-3.990000,-158.885000,203.160000,-495.725000,26.32
0.052692,-0.111000,-1.623000,-1.774000,-118.092000,92.412000,372.580000,26.32
0.053196,-1.032000,-1.508000,-0.505000,180.534000,5.863000,48.489000,26.37
0.053705,0.004000,1.812000,-1.239000,187.160000,-3.160000,-90.611000,26.37
0.054220,-0.418000,-1.094000,-0.952000,82.351000,-45.008000,35.099000,26.32
0.054732,0.417000,3.222000,-1.696000,23.527000,66.687000,-21.099000,26.46
0.055238,0.083000,1.278000,-1.485000,28.412000,41.359000,-21.527000,26.37
0.055752,-0.253000,0.743000,-1.032000,36.153000,-13.832000,92.458000,26.41
0.056265,-0.204000,0.257000,-0.906000,11.084000,-17.496000,53.527000,26.27
0.056772,-0.081000,0.270000,-0.499000,-1.252000,-15.267000,121.450000,26.27
0.057278,0.249000,0.544000,-0.585000,43.069000,-16.427000,49.008000,26.32
0.057785,0.211000,0.393000,-0.929000,22.382000,-14.565000,-100.061000,26.27
0.058288,0.216000,0.542000,-1.071000,8.885000,7.008000,-111.679000,26.27
0.058762,0.014000,0.682000,-0.709000,5.450000,11.069000,-73.405000,26.32
0.059215,-0.199000,0.417000,-0.915000,6.366000,2.763000,-45.557000,26.27
0.059774,-0.204000,0.701000,-0.565000,41.084000,60.290000,-33.603000,26.27
0.060380,-0.042000,0.707000,-1.366000,83.771000,26.733000,13.405000,26.32
0.060896,-0.252000,0.557000,-0.656000,51.038000,41.649000,32.718000,26.37
0.061376,0.012000,0.675000,-1.176000,23.115000,36.122000,30.626000,26.27
0.061872,-0.004000,0.522000,-0.852000,26.351000,38.870000,45.695000,26.32
0.062385,0.073000,0.490000,-0.752000,51.298000,39.740000,56.931000,26.27
0.062916,0.203000,0.379000,-0.993000,51.542000,40.229000,42.046000,26.27
0.063382,0.138000,0.431000,-1.116000,2.351000,40.763000,25.405000,26.41
0.063837,0.148000,0.415000,-0.886000,2.061000,31.511000,46.840000,26.37
0.064290,0.219000,0.431000,-0.909000,4.718000,33.817000,26.000000,26.37
0.064745,0.167000,0.394000,-0.903000,-10.305000,22.137000,5.115000,26.22
0.065212,0.110000,0.429000,-0.909000,-18.382000,13.679000,-4.092000,26.27
0.065676,0.070000,0.480000,-0.850000,-20.366000,21.649000,-8.580000,26.37
0.066130,0.004000,0.479000,-0.887000,-6.748000,25.573000,-2.519000,26.22
0.066588,0.002000,0.551000,-0.878000,-12.092000,35.389000,9.038000,26.32
0.067042,0.044000,0.604000,-0.815000,-2.672000,37.511000,40.901000,26.27
0.067521,0.068000,0.500000,-0.868000,5.756000,37.573000,51.634000,26.22
0.067981,0.108000,0.527000,-0.870000,-3.206000,33.420000,71.710000,26.32
0.068436,0.110000,0.454000,-0.788000,-15.176000,25.328000,84.397000,26.37
0.068879,0.196000,0.457000,-0.871000,1.298000,27.450000,63.527000,26.32
0.069315,0.138000,0.456000,-0.856000,-6.366000,36.672000,48.321000,26.32
0.069831,0.150000,0.540000,-0.815000,1.557000,19.344000,71.573000,26.27
0.070392,-0.018000,0.402000,-1.004000,-13.817000,21.634000,111.206000,26.32
0.070971,-0.109000,0.551000,-0.679000,-45.374000,-3.420000,217.053000,26.41
0.071442,0.508000,0.163000,-1.000000,-18.840000,-10.534000,150.763000,26.37
0.071891,0.495000,0.247000,-0.771000,-5.786000,23.405000,-27.786000,26.22
0.072336,0.230000,0.445000,-0.838000,29.313000,47.557000,-104.748000,26.32
0.072786,0.024000,0.586000,-0.864000,42.168000,32.290000,-48.870000,26.37
0.073229,0.018000,0.616000,-0.870000,13.908000,22.779000,44.534000,26.32
0.073667,0.214000,0.435000,-0.813000,12.061000,7.542000,76.260000,26.22
0.074098,0.354000,0.293000,-0.880000,33.344000,28.168000,0.885000,26.27
0.074546,0.213000,0.437000,-0.833000,39.908000,25.328000,-21.496000,26.32
0.074988,0.203000,0.460000,-0.873000,34.168000,25.069000,-16.427000,26.22
0.075436,0.149000,0.466000,-0.835000,36.870000,17.252000,13.847000,26.18
0.075879,0.263000,0.326000,-0.894000,31.985000,15.893000,13.802000,26.32
0.076309,0.235000,0.411000,-0.831000,22.366000,14.443000,4.885000,26.32
0.076734,0.220000,0.390000,-0.873000,21.450000,17.420000,8.473000,26.27
0.077173,0.214000,0.425000,-0.863000,26.977000,13.298000,13.481000,26.32
0.077610,0.226000,0.402000,-0.889000,21.282000,20.153000,2.626000,26.32
0.078029,0.216000,0.436000,-0.872000,27.557000,22.626000,6.489000,26.27
0.078463,0.269000,0.361000,-0.994000,13.695000,18.031000,11.237000,26.22
0.078899,0.235000,0.430000,-0.834000,14.336000,13.817000,11.237000,26.32
0.079323,0.199000,0.382000,-0.848000,32.504000,22.092000,-0.092000,26.27
0.079740,0.217000,0.394000,-0.943000,38.153000,34.763000,4.305000,26.32
0.080164,0.219000,0.428000,-0.912000,37.466000,27.542000,25.832000,26.22
0.080585,0.289000,0.372000,-0.902000,32.718000,31.618000,30.748000,26.37
0.081149,0.284000,0.392000,-0.918000,12.855000,28.153000,29.527000,26.27
0.081681,0.284000,0.376000,-0.916000,13.038000,25.206000,27.084000,26.32
0.082160,0.314000,0.341000,-0.906000,3.557000,20.305000,14.244000,26.37
0.082606,0.311000,0.341000,-0.862000,5.786000,11.908000,3.420000,26.32
0.083056,0.291000,0.365000,-0.863000,8.198000,8.824000,-5.481000,26.32
0.083484,0.273000,0.370000,-0.876000,9.099000,6.366000,-7.618000,26.37
0.083905,0.291000,0.384000,-0.856000,14.595000,2.015000,-10.137000,26.37
0.084324,0.300000,0.436000,-0.796000,27.542000,-1.511000,-11.649000,26.32
0.084736,0.298000,0.462000,-0.847000,45.313000,-3.374000,-9.084000,26.37
0.085162,0.281000,0.412000,-0.895000,56.763000,-4.290000,-15.634000,26.32
0.085610,0.284000,0.429000,-0.943000,60.763000,-11.099000,-31.634000,26.32
0.086028,0.271000,0.337000,-0.986000,55.374000,0.015000,-62.763000,26.37
0.086453,0.361000,0.450000,-1.000000,51.603000,-5.847000,-62.137000,26.37
0.086869,0.544000,0.020000,-1.021000,12.595000,-0.489000,-63.130000,26.41
0.087292,0.460000,-0.266000,-1.102000,4.809000,33.267000,-265.191000,26.27
0.087729,-0.003000,-0.123000,-1.218000,18.794000,77.115000,-475.130000,26.32
0.088163,-0.230000,0.141000,-1.178000,43.023000,93.481000,-500.275000,26.32
0.088592,-0.304000,0.152000,-1.193000,16.275000,102.992000,-405.802000,26.27
0.089042,-0.089000,-0.060000,-1.113000,10.061000,98.992000,-271.008000,26.27
0.089492,0.135000,-0.108000,-1.212000,10.122000,104.794000,-281.878000,26.32
0.089932,0.220000,-0.070000,-1.250000,17.145000,128.870000,-394.977000,26.18
0.090366,0.162000,0.005000,-1.049000,38.748000,154.427000,-478.137000,26.41
0.090890,0.421000,0.113000,-1.394000,73.878000,180.336000,-435.481000,26.32
0.091484,0.176000,-0.168000,-0.975000,117.603000,146.000000,-419.023000,26.37
0.091990,0.147000,-0.553000,-1.361000,7.267000,139.282000,-500.275000,26.37
0.092468,-0.387000,-0.276000,-0.847000,16.427000,161.802000,-500.275000,26.32
0.092908,-0.717000,0.608000,-0.944000,51.206000,143.374000,-500.275000,26.27
0.093367,-0.790000,0.356000,-0.908000,67.740000,118.992000,-500.275000,26.22
0.093828,-0.460000,0.199000,-1.166000,3.695000,94.718000,-397.710000,26.22
0.094276,-0.623000,0.278000,-0.972000,54.214000,107.542000,-333.130000,26.27
0.094716,-0.240000,0.233000,-0.911000,67.481000,85.115000,-335.954000,26.27
0.095142,-0.273000,0.297000,-0.829000,74.076000,81.511000,-312.275000,26.32
0.095568,-0.210000,0.314000,-0.756000,78.473000,71.832000,-269.695000,26.27
0.095996,-0.117000,0.349000,-0.762000,90.046000,69.069000,-252.489000,26.32
0.096428,-0.083000,0.354000,-0.803000,85.908000,70.489000,-246.260000,26.41
0.096854,0.048000,0.383000,-0.932000,90.855000,65.267000,-239.603000,26.37
0.097278,0.093000,0.424000,-0.850000,89.435000,65.176000,-228.931000,26.27
0.097705,0.159000,0.353000,-0.819000,77.985000,70.031000,-221.817000,26.32
0.098125,0.310000,0.244000,-0.873000,65.924000,64.580000,-246.931000,26.27
0.098620,0.072000,0.450000,-0.875000,3.191000,2.397000,2.214000,26.22
0.099023,0.087000,0.458000,-0.875000,2.809000,1.420000,3.053000,26.27
0.099435,0.070000,0.456000,-0.886000,3.359000,2.244000,-2.733000,26.37
0.099844,0.060000,0.469000,-0.881000,1.328000,2.641000,-0.809000,26.22
0.100250,0.065000,0.461000,-0.882000,0.473000,2.244000,2.275000,26.27
0.100738,0.063000,0.458000,-0.874000,0.076000,3.069000,-0.641000,26.22
0.105115,0.096000,0.448000,-0.887000,0.885000,2.672000,-5.969000,26.22
0.117296,0.034000,0.454000,-0.872000,0.870000,0.321000,1.878000,26.27
0.124642,0.037000,0.438000,-0.869000,-0.595000,2.550000,3.313000,26.27
0.136982,0.074000,0.421000,-0.900000,-1.450000,3.573000,-0.321000,26.32
0.144117,0.067000,0.418000,-0.892000,-1.664000,3.115000,-0.947000,26.27
0.156558,0.069000,0.435000,-0.885000,-3.817000,3.588000,0.718000,26.32
0.163858,0.063000,0.438000,-0.869000,-4.611000,2.947000,3.771000,26.32
0.176386,0.052000,0.464000,-0.867000,-6.214000,6.351000,7.817000,26.27
0.188566,0.061000,0.452000,-0.876000,-4.779000,4.382000,17.985000,26.37
0.195762,0.091000,0.430000,-0.896000,-3.634000,5.176000,11.282000,26.32
0.208310,0.063000,0.423000,-0.890000,-2.885000,5.679000,8.885000,26.27
0.215436,0.050000,0.439000,-0.886000,-2.107000,5.176000,15.863000,26.22
0.227710,0.084000,0.390000,-0.881000,-0.809000,-5.466000,17.511000,26.32
0.234979,0.057000,0.451000,-0.826000,-0.824000,2.443000,7.099000,26.18
0.247300,0.097000,0.434000,-0.889000,7.328000,4.046000,-0.916000,26.27
0.254305,0.089000,0.455000,-0.833000,24.992000,-5.908000,3.450000,26.32
0.266837,0.126000,0.412000,-0.886000,27.496000,0.153000,-18.321000,26.32
0.274089,0.080000,0.459000,-0.905000,24.427000,3.847000,-28.794000,26.18
0.286147,0.046000,0.485000,-0.883000,26.061000,-1.618000,-11.603000,26.32
0.298375,0.055000,0.463000,-0.868000,23.939000,-2.382000,-2.412000,26.41
0.305470,0.068000,0.463000,-0.849000,25.527000,4.397000,-9.145000,26.27
0.318103,0.060000,0.437000,-0.867000,34.092000,1.802000,-8.748000,26.22
0.324975,0.083000,0.375000,-0.959000,28.214000,4.962000,-20.061000,26.41
0.337262,0.026000,0.435000,-0.842000,24.214000,-4.672000,-11.969000,26.22
0.344161,0.026000,0.432000,-0.874000,16.595000,6.809000,-17.328000,26.32
0.356789,0.045000,0.420000,-0.901000,17.771000,5.450000,-9.221000,26.27
0.368914,0.039000,0.423000,-0.890000,19.924000,6.351000,-2.519000,26.27
0.376256,0.036000,0.436000,-0.861000,32.885000,2.473000,4.382000,26.32
0.388734,0.093000,0.316000,-0.971000,41.786000,1.924000,-11.420000,26.27
0.395638,0.104000,0.299000,-0.965000,36.901000,5.954000,-38.183000,26.22
0.407852,-0.003000,0.420000,-0.946000,29.405000,8.443000,-24.977000,26.32
0.415150,0.070000,0.342000,-0.926000,29.435000,6.931000,-18.992000,26.27
0.427167,0.035000,0.369000,-0.896000,21.466000,-0.305000,-3.969000,26.27
0.434267,0.087000,0.340000,-0.943000,8.427000,7.603000,-13.832000,26.32
0.448245,0.062000,0.359000,-0.899000,18.580000,3.618000,-2.748000,26.27
0.458721,0.079000,0.371000,-0.923000,9.008000,5.725000,-10.137000,26.22
0.466085,0.100000,0.356000,-0.912000,16.000000,2.656000,2.947000,26.22
0.478276,0.063000,0.344000,-0.912000,27.160000,4.916000,-10.275000,26.27
0.485659,0.032000,0.345000,-0.912000,28.763000,5.664000,-9.557000,26.27
0.497914,0.057000,0.303000,-0.907000,32.015000,4.672000,-13.832000,26.22
0.505085,0.050000,0.271000,-0.938000,33.618000,6.550000,-20.321000,26.18
0.517124,0.096000,0.240000,-0.970000,19.160000,12.580000,-14.977000,26.32
0.524416,0.117000,0.278000,-0.945000,6.748000,7.176000,-10.718000,26.22
0.536712,0.065000,0.252000,-0.920000,5.191000,7.802000,-23.435000,26.27
0.549081,0.017000,0.287000,-0.902000,1.878000,12.260000,-36.824000,26.27
0.556088,0.025000,0.379000,-0.883000,-0.458000,14.580000,-32.305000,26.32
0.568259,-0.002000,0.370000,-0.891000,10.153000,12.748000,-24.076000,26.27
0.575644,-0.018000,0.381000,-0.916000,22.260000,15.389000,-12.015000,26.32
0.587378,-0.010000,0.369000,-0.926000,29.466000,14.244000,-9.969000,26.32
0.594493,-0.020000,0.350000,-0.947000,40.595000,14.046000,-0.962000,26.27
0.606369,0.051000,0.372000,-0.930000,39.756000,12.595000,8.397000,26.37
0.618730,0.143000,0.331000,-0.944000,36.061000,14.473000,5.282000,26.22
0.626168,0.123000,0.335000,-0.929000,25.588000,9.496000,2.840000,26.27
0.638637,0.164000,0.270000,-0.956000,25.008000,15.160000,-9.481000,26.22
0.645422,0.031000,0.298000,-0.950000,13.237000,8.351000,10.290000,26.32
0.658018,0.126000,0.204000,-0.899000,3.466000,3.924000,7.008000,26.27
0.665046,0.062000,0.286000,-0.976000,-1.695000,6.931000,-18.641000,26.18
0.677301,0.016000,0.335000,-0.981000,-7.634000,6.947000,-6.794000,26.22
0.684735,0.018000,0.314000,-0.983000,-9.405000,8.519000,3.695000,26.27
0.696873,0.078000,0.326000,-0.968000,-12.855000,12.260000,13.420000,26.32
0.704013,0.144000,0.273000,-0.932000,-11.573000,11.069000,8.809000,26.22
0.716304,0.124000,0.273000,-0.891000,-8.641000,8.885000,-6.229000,26.37
0.729641,0.097000,0.295000,-0.907000,-9.191000,8.687000,-3.985000,26.27
0.735904,0.105000,0.300000,-0.870000,-7.939000,3.267000,2.718000,26.32
0.748225,0.151000,0.321000,-0.809000,-5.817000,2.687000,6.336000,26.27
0.755540,0.183000,0.300000,-0.786000,1.603000,-2.916000,1.832000,26.32
0.767802,0.111000,0.245000,-0.923000,10.702000,-5.374000,-18.351000,26.22
0.774688,0.022000,0.315000,-0.892000,12.687000,-3.969000,-11.832000,26.27
0.787117,0.095000,0.332000,-0.802000,20.137000,-7.954000,13.740000,26.27
0.794461,0.193000,0.302000,-0.796000,31.084000,-10.137000,6.168000,26.22
0.806347,0.145000,0.261000,-0.941000,46.489000,-5.221000,-27.527000,26.27
0.818506,0.011000,0.330000,-0.860000,63.725000,-12.916000,-4.015000,26.32
0.825504,-0.023000,0.300000,-0.977000,72.962000,-11.695000,-7.237000,26.32
0.837643,-0.082000,0.356000,-0.951000,79.176000,-14.351000,12.198000,26.27
0.844694,0.119000,0.295000,-0.899000,93.527000,-10.534000,8.885000,26.32
0.856662,-0.013000,0.241000,-0.962000,103.985000,-22.412000,33.634000,26.32
0.868830,0.189000,0.216000,-0.859000,114.168000,-26.901000,22.260000,26.18
0.875849,0.233000,0.103000,-0.942000,124.931000,-43.023000,-46.412000,26.32
0.887826,-0.053000,0.198000,-1.036000,122.916000,-60.397000,-38.260000,26.22
0.894276,0.010000,0.357000,-0.795000,109.389000,-112.733000,-35.511000,26.18
0.906236,-0.014000,0.231000,-1.219000,141.878000,-48.931000,-129.710000,26.22
0.918243,-0.225000,0.417000,-1.069000,125.863000,-54.183000,-12.565000,26.32
0.925184,-0.006000,0.262000,-1.097000,111.328000,-32.840000,12.870000,26.27
0.937458,0.094000,0.607000,-1.234000,97.099000,-12.626000,8.641000,26.22
0.944344,0.113000,0.029000,-1.196000,87.588000,-50.947000,-30.275000,26.32
0.956224,-0.134000,0.443000,-1.132000,65.603000,-37.618000,-62.718000,26.18
0.968253,-0.113000,0.675000,-1.294000,33.908000,-31.389000,-52.748000,26.22
0.987874,-0.137000,0.559000,-1.231000,12.305000,-27.344000,-29.725000,26.32
1.011880,0.015000,0.494000,-1.444000,-47.176000,7.557000,-17.115000,26.27
1.012458,-0.017000,0.754000,-1.488000,-47.924000,2.656000,12.763000,26.22
1.012941,0.134000,0.535000,-1.629000,-47.160000,12.244000,123.679000,26.18
1.018340,-0.147000,0.878000,-1.809000,73.786000,-21.771000,188.473000,26.18
1.025372,-0.177000,-0.663000,-1.506000,376.382000,21.023000,185.374000,26.32
1.037365,0.534000,2.375000,-1.037000,48.611000,-74.183000,18.275000,26.27
1.043825,0.039000,-0.864000,-2.040000,452.809000,-26.046000,166.580000,26.27
1.056252,0.749000,3.624000,-1.369000,85.267000,-97.802000,-88.870000,26.32
1.068354,0.225000,-0.695000,-1.841000,347.908000,-66.962000,8.824000,26.27
1.075022,0.176000,-0.592000,-1.867000,185.176000,-154.565000,7.710000,26.27
1.087023,0.393000,0.104000,-1.091000,233.802000,-61.221000,-300.046000,26.22
1.092658,-0.036000,0.406000,-0.910000,122.031000,17.115000,-190.962000,26.37
1.105959,-0.845000,1.403000,-0.414000,215.069000,4.489000,-168.916000,26.37
1.117847,-0.307000,1.491000,-0.816000,93.527000,-32.626000,120.626000,26.22
1.124768,0.088000,1.244000,-0.969000,-71.038000,-94.580000,360.656000,26.27
1.136758,0.085000,0.904000,-0.208000,-96.122000,5.359000,433.634000,26.32
1.149738,2.610000,2.879000,-1.496000,71.893000,-181.176000,-24.489000,26.22
1.155535,0.185000,0.641000,-0.094000,-36.168000,-95.832000,-201.664000,26.18
1.167544,0.303000,0.265000,-0.897000,-59.771000,-110.565000,-60.473000,26.22
1.174336,0.153000,0.626000,-0.466000,-96.977000,-28.626000,-9.344000,26.32
1.186496,0.255000,0.533000,-0.609000,-108.931000,-23.542000,27.282000,26.18
1.198518,0.443000,0.548000,-0.798000,-147.359000,12.458000,11.969000,26.32
1.205459,0.408000,0.518000,-0.856000,-183.618000,47.771000,-24.947000,26.32
1.217498,0.333000,0.540000,-0.887000,-203.328000,59.679000,-72.137000,26.18
1.224444,0.152000,0.466000,-0.962000,-243.557000,78.229000,-103.084000,26.22
1.236361,0.088000,0.474000,-0.945000,-238.122000,63.176000,-86.137000,26.22
1.248371,0.064000,0.452000,-0.936000,-242.824000,62.748000,-74.427000,26.27
1.255245,-0.015000,0.383000,-1.004000,-233.191000,45.573000,-53.008000,26.22
1.267086,-0.129000,0.368000,-0.978000,-247.344000,46.580000,-54.168000,26.22
1.272833,-0.226000,0.345000,-1.095000,-244.244000,33.740000,-37.908000,26.27
1.285873,-0.307000,0.378000,-1.249000,-243.313000,45.053000,-5.802000,26.13
1.297860,-0.303000,0.390000,-1.377000,-249.038000,34.214000,27.634000,26.22
1.304643,-0.215000,0.293000,-1.094000,-197.802000,60.015000,32.916000,26.13
1.316856,-0.136000,0.275000,-1.713000,-249.420000,37.099000,5.573000,26.32
1.328754,-0.250000,0.295000,-1.549000,-260.061000,35.756000,11.908000,26.18
1.335668,-0.212000,0.273000,-1.572000,-262.351000,28.382000,32.504000,26.18
1.347754,-0.093000,0.224000,-1.699000,-256.718000,25.908000,45.863000,26.22
1.354424,-0.023000,0.180000,-1.668000,-257.206000,29.847000,32.718000,26.37
1.366657,0.132000,0.137000,-1.747000,-246.290000,38.687000,29.954000,26.32
1.379146,0.139000,0.087000,-1.753000,-254.427000,51.176000,6.214000,26.32
1.385828,0.189000,-0.021000,-1.738000,-251.252000,69.985000,-19.695000,26.27
1.397950,0.164000,-0.123000,-1.764000,-228.046000,88.916000,-68.656000,26.27
1.404349,0.090000,-0.241000,-1.997000,-217.221000,101.908000,-120.275000,26.22
1.416203,-0.305000,-0.997000,-1.404000,-173.221000,10.672000,-99.435000,26.22
1.428042,0.121000,-0.950000,-1.575000,-259.924000,20.366000,-155.344000,26.22
1.434604,0.380000,-1.433000,-1.736000,-239.618000,131.099000,-241.008000,26.22
1.446330,-1.162000,-1.035000,-1.542000,-61.344000,144.947000,-474.824000,26.27
1.458374,-0.545000,-2.118000,-1.748000,-79.649000,89.008000,-308.809000,26.18
1.465088,-1.509000,-1.741000,-0.535000,-177.863000,-89.924000,500.260000,26.13
1.476768,-0.276000,-0.911000,-1.665000,-214.672000,32.931000,500.260000,26.18
1.488922,-0.476000,-1.503000,-0.000000,-166.824000,98.412000,240.550000,26.13
1.494932,-0.142000,-1.419000,-1.490000,-100.427000,-4.916000,-286.947000,26.22
1.506893,-0.256000,-1.171000,-0.930000,-57.389000,41.496000,-66.076000,26.27
1.512589,-0.267000,-1.629000,-1.259000,-41.573000,4.000000,267.328000,26.27
1.525929,-0.452000,-1.797000,-0.893000,408.015000,14.153000,81.954000,26.22
1.537516,-0.366000,-1.138000,-0.729000,489.954000,-83.786000,-434.672000,26.18
1.544115,-0.126000,-0.368000,-1.656000,484.397000,-57.359000,-434.427000,26.22
1.556455,-0.660000,3.252000,-1.282000,-77.053000,120.351000,8.473000,26.22
1.568289,-0.008000,-0.792000,-0.442000,-55.084000,13.664000,500.260000,26.18
1.574796,-0.192000,-1.576000,-0.939000,326.641000,-104.107000,391.679000,26.08
1.586783,2.185000,4.000000,-4.000000,17.588000,141.679000,-176.840000,26.22
1.599018,-0.512000,-0.452000,-0.639000,-30.122000,-9.069000,-13.679000,26.18
1.605656,-0.393000,0.643000,-0.339000,-41.924000,3.573000,128.656000,26.22
1.617771,-0.020000,0.588000,-0.550000,89.221000,-19.237000,114.107000,26.32
1.624654,0.153000,0.359000,-0.719000,61.191000,-62.092000,-22.718000,26.18
1.636777,0.730000,1.081000,-1.348000,59.771000,-43.328000,35.450000,26.18
1.643890,0.358000,0.956000,-1.753000,143.374000,60.336000,-8.214000,26.22
1.656256,-0.231000,0.603000,-0.972000,112.198000,9.237000,38.153000,26.27
1.668277,0.120000,0.417000,-0.863000,94.855000,40.183000,61.435000,26.13
1.675465,0.409000,0.278000,-0.985000,126.763000,1.328000,38.000000,26.22
1.687373,0.244000,0.269000,-0.876000,115.069000,-14.107000,-46.977000,26.27
1.694542,0.243000,0.275000,-1.044000,96.672000,3.771000,-85.618000,26.18
1.706925,0.159000,0.315000,-0.971000,86.977000,-10.504000,-97.878000,26.22
1.718575,-0.111000,0.525000,-1.028000,44.153000,-13.511000,-71.252000,26.18
1.725852,-0.068000,0.454000,-0.976000,34.046000,-4.092000,13.145000,26.22
1.738480,0.111000,0.357000,-0.926000,47.053000,2.076000,14.321000,26.13
1.745280,0.086000,0.410000,-0.918000,46.534000,10.733000,16.611000,26.27
1.757548,0.112000,0.373000,-0.930000,40.214000,9.542000,38.366000,26.27
1.764983,0.118000,0.336000,-0.933000,33.023000,3.969000,44.061000,26.13
1.777000,0.130000,0.229000,-0.901000,26.336000,4.198000,41.008000,26.27
1.784634,0.121000,0.277000,-0.919000,12.275000,3.710000,34.015000,26.22
1.796952,0.077000,0.347000,-0.836000,15.725000,2.321000,30.412000,26.22
1.809003,0.173000,0.235000,-0.959000,5.496000,1.527000,-0.672000,26.27
1.816273,0.092000,0.309000,-0.868000,19.466000,-9.298000,-14.351000,26.22
1.827996,-0.843000,1.274000,-0.798000,-58.443000,38.885000,305.588000,26.22
1.835070,0.424000,0.459000,-0.934000,-77.374000,16.550000,175.908000,26.18
1.847097,-0.474000,0.210000,-0.858000,-91.206000,38.840000,203.771000,26.22
1.858931,-0.015000,0.316000,-1.050000,-204.626000,-32.687000,262.046000,26.22
1.865924,0.327000,0.297000,-0.710000,-63.573000,45.176000,246.733000,26.18
1.877999,0.495000,0.448000,-1.188000,-87.740000,46.916000,146.626000,26.13
1.884923,0.357000,0.347000,-0.750000,71.130000,-25.603000,48.412000,26.22
1.897089,0.382000,0.044000,-0.776000,85.191000,15.511000,-95.038000,26.18
1.908860,-0.123000,0.330000,-0.422000,155.130000,-73.206000,-128.168000,26.13
1.915866,0.430000,0.097000,-1.667000,183.985000,-10.244000,-209.328000,26.22
1.927824,-0.034000,0.684000,-1.583000,135.328000,27.099000,-137.985000,26.18
1.934890,0.179000,0.467000,-1.288000,135.786000,-54.992000,9.985000,26.32
1.946865,0.205000,0.541000,-0.777000,102.809000,-57.069000,63.313000,26.22
1.958597,0.305000,0.229000,-1.075000,108.260000,-27.130000,-30.321000,26.27
1.965838,0.154000,0.381000,-1.011000,101.603000,-42.840000,-36.718000,26.22
1.977873,0.037000,0.385000,-1.045000,91.817000,-42.824000,-15.069000,26.13
1.985008,0.139000,0.410000,-1.028000,80.550000,-35.740000,6.122000,26.18
1.997092,0.215000,0.523000,-1.133000,79.374000,-42.611000,-10.809000,26.22
2.008929,0.135000,0.435000,-1.022000,79.023000,-44.687000,-28.260000,26.22
2.016149,0.069000,0.427000,-1.067000,74.336000,-37.939000,-21.786000,26.18
2.027787,0.152000,0.492000,-1.073000,61.618000,-39.924000,-27.267000,26.22
2.034902,0.068000,0.711000,-1.153000,55.542000,-55.221000,-8.763000,26.22
2.047125,0.071000,0.582000,-1.436000,81.206000,-70.137000,33.466000,26.27
2.054137,2.421000,4.000000,-0.290000,-34.382000,83.649000,53.588000,26.13
2.066123,-0.139000,0.242000,-1.935000,328.046000,-122.977000,68.962000,26.18
2.078068,-0.222000,0.362000,-1.194000,293.710000,-146.809000,11.328000,26.27
2.084896,0.575000,0.609000,-1.662000,389.420000,-110.656000,3.435000,26.22
2.096887,0.290000,0.124000,-2.298000,361.450000,-147.023000,-63.710000,26.18
2.108732,0.450000,0.403000,-2.340000,383.939000,-39.710000,-183.328000,26.27
2.115646,0.236000,2.158000,-1.177000,201.389000,-89.664000,-79.695000,26.13
2.127632,-0.014000,0.450000,-1.570000,406.672000,-149.298000,101.374000,26.18
2.134276,0.575000,-0.350000,-1.706000,264.534000,-206.870000,90.107000,26.18
2.146109,0.514000,-0.080000,-1.895000,135.527000,-76.931000,-164.595000,26.22
2.158085,-0.490000,0.542000,-0.669000,144.824000,50.992000,-355.771000,26.08
2.165064,-0.215000,2.451000,-2.135000,83.481000,137.359000,-205.069000,26.18
2.176957,-0.953000,1.704000,0.750000,39.267000,-207.695000,369.176000,26.22
2.189078,0.787000,0.884000,-1.847000,-143.481000,-102.687000,500.260000,26.18
2.195552,0.613000,-1.077000,-0.510000,-131.282000,-137.206000,249.740000,26.27
2.207562,0.311000,-0.290000,-0.865000,-226.153000,78.718000,223.145000,26.22
2.214426,1.165000,0.024000,-0.538000,-212.885000,47.374000,148.229000,26.18
2.226434,0.493000,0.550000,0.328000,-96.305000,-77.847000,284.015000,26.27
2.238605,1.642000,-0.234000,-0.999000,-58.534000,35.008000,63.863000,26.32
2.245889,0.951000,0.244000,-0.790000,-131.985000,116.931000,-116.168000,26.18
2.257034,0.455000,0.457000,-0.603000,-131.924000,102.824000,-103.099000,26.18
2.262591,0.187000,0.615000,-0.711000,-161.160000,105.573000,3.115000,26.13
2.275879,0.238000,0.515000,-0.946000,-191.420000,116.366000,94.443000,26.18
2.287824,0.346000,0.394000,-0.913000,-200.336000,142.122000,113.160000,26.18
2.294614,0.323000,0.417000,-0.986000,-193.282000,161.466000,73.939000,26.22
2.306848,0.349000,0.351000,-0.973000,-225.954000,165.206000,-12.534000,26.18
2.318269,0.096000,0.321000,-1.062000,-255.023000,198.046000,-101.954000,26.18
2.325244,-0.294000,0.504000,-0.969000,-233.954000,181.130000,-87.649000,26.22
2.337095,-0.441000,0.540000,-1.102000,-252.382000,145.939000,10.473000,26.18
2.348776,-0.423000,0.463000,-1.214000,-272.931000,126.733000,106.015000,26.18
2.355961,-0.343000,0.387000,-1.228000,-273.405000,113.237000,144.916000,26.13
2.367450,-0.149000,0.312000,-1.386000,-276.489000,120.305000,155.557000,26.18
2.374768,-0.111000,0.360000,-1.491000,-252.122000,123.939000,143.298000,26.08
2.396835,0.111000,0.142000,-2.202000,-231.069000,134.336000,122.962000,26.13
2.400245,0.131000,0.184000,-1.835000,-253.069000,94.870000,157.603000,26.18
2.406723,0.373000,-0.057000,-1.658000,-247.313000,141.695000,125.298000,26.18
2.416529,0.486000,-0.014000,-1.611000,-222.962000,161.282000,89.450000,26.13
2.428552,0.597000,-0.057000,-1.836000,-204.458000,180.947000,12.931000,26.18
2.435109,0.457000,-0.027000,-1.834000,-184.901000,226.458000,-126.779000,26.18
2.447203,0.187000,0.040000,-1.912000,-164.962000,267.954000,-243.466000,26.13
2.458769,-0.287000,0.026000,-1.896000,-166.565000,241.847000,-232.427000,26.18
2.465676,-0.450000,-0.134000,-1.990000,-182.779000,204.183000,-189.099000,26.18
2.482073,-0.406000,-0.317000,-1.942000,-210.229000,194.397000,-205.878000,26.22
2.488788,-0.499000,-0.569000,-1.833000,-178.305000,172.031000,-228.626000,26.18
2.495460,-0.587000,-0.364000,-1.874000,-155.328000,132.809000,-243.130000,26.18
2.507052,-0.603000,-1.259000,-1.932000,-89.160000,118.351000,-210.183000,26.13
2.518831,-0.641000,-0.643000,-1.728000,-187.817000,153.756000,-145.756000,26.18
2.525475,-0.834000,-0.707000,-1.261000,-141.924000,156.458000,216.763000,26.08
2.537010,-0.874000,-0.980000,-2.068000,-133.908000,115.634000,322.504000,26.13
2.544026,-1.123000,-1.113000,-2.189000,-153.344000,97.878000,141.267000,26.18
2.556037,-1.466000,-1.224000,-1.351000,-155.527000,5.527000,31.405000,26.18
2.567656,-1.421000,-1.444000,-1.764000,-145.557000,-108.366000,58.244000,26.22
2.574491,-1.314000,-1.685000,-1.287000,75.695000,-273.786000,180.290000,26.18
2.586321,-0.782000,-1.598000,-0.641000,472.733000,-500.275000,73.924000,26.22
2.598145,0.526000,-0.861000,-1.852000,500.260000,-500.275000,-500.275000,26.13
2.604627,1.839000,-0.196000,-3.229000,500.260000,-408.092000,-500.275000,26.18
2.616943,1.573000,4.000000,-4.000000,-57.237000,73.282000,468.748000,26.13
2.629005,0.802000,-1.531000,-0.551000,87.481000,22.412000,-243.176000,26.22
2.635609,0.484000,1.047000,-1.062000,210.198000,132.275000,-423.344000,26.18
2.647549,-0.296000,0.667000,-1.219000,213.450000,119.008000,-367.008000,26.22
2.654295,-0.572000,0.889000,-1.586000,132.427000,68.901000,-246.015000,26.22
2.666566,-0.928000,0.444000,-1.056000,121.786000,-16.229000,24.351000,26.18
2.678223,-0.843000,0.735000,-0.544000,34.840000,-106.061000,111.557000,26.13
2.685174,0.510000,-0.377000,-2.055000,134.672000,-3.527000,167.847000,26.13
2.697100,-0.144000,1.250000,0.199000,-69.649000,-72.504000,-160.901000,26.08
2.708899,0.392000,-0.359000,-1.227000,129.802000,84.748000,-25.618000,26.32
2.716403,0.118000,0.418000,-1.059000,160.076000,12.687000,-15.282000,26.13
2.727974,-0.093000,0.355000,-0.964000,123.527000,17.420000,-1.374000,26.18
2.735172,-0.007000,0.361000,-0.996000,76.565000,-11.405000,54.550000,26.22
2.747278,0.161000,0.262000,-0.980000,37.038000,-37.786000,1.954000,26.13
2.754543,0.079000,0.350000,-0.846000,40.718000,-23.954000,-71.725000,26.27
2.766435,0.001000,0.333000,-0.861000,65.985000,-19.130000,-93.878000,26.13
2.778222,-0.108000,0.382000,-0.982000,53.664000,-20.427000,-74.336000,26.04
2.785075,-0.026000,0.330000,-1.004000,34.061000,-17.954000,-45.176000,26.18
2.801478,-0.066000,0.309000,-0.920000,24.626000,-20.198000,-20.840000,26.22
2.803826,0.034000,0.326000,-0.865000,24.641000,-21.542000,-14.122000,26.08
2.816188,0.131000,0.325000,-0.880000,21.969000,-24.244000,-26.305000,26.13
2.828080,0.046000,0.315000,-0.874000,25.099000,-20.702000,-40.168000,26.13
2.834898,-0.052000,0.263000,-0.897000,36.702000,-18.443000,-52.595000,26.27
2.847150,-0.174000,0.214000,-0.933000,43.573000,-3.344000,-35.603000,26.18
2.854423,-0.182000,0.350000,-1.029000,30.947000,-3.786000,-9.420000,26.22
2.866431,-0.096000,0.371000,-0.833000,40.260000,-1.511000,20.947000,26.18
2.878261,-0.196000,0.378000,-0.603000,66.702000,-14.183000,24.641000,26.13
2.885370,0.012000,0.246000,-0.798000,91.863000,-53.069000,30.580000,26.22
2.897402,-0.014000,0.237000,-0.740000,89.756000,-27.450000,-31.084000,26.27
2.904548,0.032000,0.206000,-0.978000,91.664000,-39.664000,-49.511000,26.18
2.916485,-0.366000,0.213000,0.218000,155.664000,-39.206000,-86.137000,26.13
2.928839,-0.315000,0.225000,-1.060000,170.260000,-10.275000,9.542000,26.27
2.935621,0.101000,-0.089000,-0.670000,146.901000,18.336000,42.107000,26.13
2.948006,-0.094000,0.150000,-1.095000,166.794000,5.847000,-12.351000,26.22
2.954387,0.252000,-0.025000,-1.268000,197.420000,-84.824000,-46.565000,26.18
2.966675,-0.157000,0.270000,-0.945000,186.046000,-45.817000,-8.397000,26.22
2.978656,-0.143000,0.273000,-0.999000,184.611000,-29.359000,-1.008000,26.13
2.985415,0.023000,0.281000,-1.204000,191.176000,-19.557000,13.756000,26.18
2.997366,-0.224000,-0.101000,-0.888000,143.756000,-58.031000,-25.893000,26.22
3.004367,-0.356000,0.261000,-1.140000,156.672000,-15.344000,-75.450000,26.22
3.016243,-0.345000,0.117000,-1.204000,129.084000,9.298000,-35.435000,26.18
3.028321,-0.328000,0.354000,-1.323000,96.840000,-7.664000,-33.740000,26.18
3.037300,-0.366000,0.529000,-1.082000,103.145000,8.672000,-54.122000,26.13
3.047212,-0.313000,0.679000,-1.518000,65.969000,31.939000,-28.427000,26.27
3.054574,-0.427000,0.964000,-1.425000,14.000000,40.901000,1.206000,26.22
3.067396,0.260000,0.521000,-1.822000,21.924000,56.336000,7.084000,26.13
3.079125,-0.159000,1.030000,-1.638000,58.290000,56.489000,59.206000,26.18
3.085669,-0.290000,0.395000,-2.395000,138.977000,-16.809000,146.901000,26.13
3.097866,0.096000,-0.058000,-3.120000,270.870000,3.695000,77.969000,26.13
3.104925,-0.417000,0.653000,-1.416000,323.374000,9.588000,145.084000,26.18
3.117291,0.668000,0.456000,-2.197000,162.947000,0.718000,56.473000,26.13
3.129185,-0.104000,3.030000,-1.514000,234.641000,-102.260000,132.229000,26.13
3.135947,0.347000,1.703000,-0.566000,85.069000,-96.977000,168.977000,26.08
3.147956,0.563000,2.229000,-0.445000,62.076000,-208.031000,370.137000,26.13
3.154830,1.053000,1.884000,0.088000,-44.733000,-162.427000,366.397000,26.22
3.166708,2.593000,1.672000,-1.343000,-161.282000,130.000000,414.718000,26.08
3.178974,1.023000,1.634000,0.969000,-331.008000,63.481000,366.748000,26.22
3.185638,2.701000,0.978000,-0.484000,-212.260000,-14.031000,324.794000,26.22
3.197335,1.775000,0.394000,-0.089000,-169.298000,202.000000,-290.153000,26.18
3.204174,0.812000,0.532000,-0.637000,-235.359000,244.000000,-500.275000,26.22
3.216026,-0.053000,1.252000,-1.035000,-364.885000,222.611000,-457.649000,26.13
3.227477,-0.450000,-0.091000,-1.585000,-392.366000,153.756000,-302.794000,26.08
3.234275,-0.759000,0.400000,-1.595000,-399.145000,129.893000,-131.969000,26.22
3.246135,-0.629000,-1.411000,-3.524000,-298.153000,92.015000,47.115000,26.13
3.257939,-0.996000,-1.518000,-2.663000,-328.534000,67.863000,-23.985000,26.18
3.264675,-1.114000,-1.314000,-1.590000,-341.053000,51.634000,-71.664000,26.22
3.276474,-1.096000,-1.811000,-2.255000,-358.611000,19.267000,50.275000,26.13
3.288763,-1.033000,-2.568000,-1.819000,-233.130000,15.924000,44.382000,26.18
3.295439,-0.665000,-1.894000,-1.883000,-258.687000,9.328000,56.366000,26.13
3.307101,-0.202000,-1.323000,-1.551000,-359.725000,-20.382000,213.969000,26.22
3.318940,0.305000,-1.392000,-2.398000,-372.534000,86.519000,433.603000,26.08
3.325847,0.085000,-2.193000,-2.807000,-228.092000,250.916000,500.260000,26.22
3.337567,-0.629000,-1.809000,-2.261000,-220.885000,267.176000,274.565000,26.22
3.344206,-1.010000,-2.290000,-2.136000,-184.519000,290.458000,141.527000,26.08
3.356232,-1.496000,-2.248000,-1.751000,-45.618000,274.092000,69.313000,26.13
3.368046,-2.077000,-1.642000,-0.329000,222.412000,104.092000,48.229000,26.13
3.374933,-1.783000,-1.277000,-0.663000,332.641000,-166.977000,-83.420000,26.18
3.386777,-1.192000,-0.818000,-1.705000,482.397000,-273.313000,-364.290000,26.22
3.398314,4.000000,4.000000,-2.531000,-500.275000,46.534000,500.260000,26.18
3.405395,-0.497000,-1.372000,-0.402000,-89.084000,-80.168000,238.565000,26.08
3.416830,-0.077000,-1.712000,-1.102000,120.412000,-239.771000,-376.885000,26.13
3.429229,1.323000,0.825000,-0.541000,71.435000,27.802000,156.015000,26.08
3.436076,0.418000,-0.380000,-0.695000,96.427000,-51.588000,-23.985000,26.18
3.447824,0.503000,0.660000,-1.021000,84.443000,59.206000,-225.786000,26.22
3.454622,-0.153000,0.631000,-0.883000,75.496000,37.298000,-160.992000,26.18
3.466705,-0.437000,0.807000,-1.015000,77.435000,8.550000,-58.962000,26.08
3.478949,-0.270000,0.609000,-1.026000,20.748000,-14.748000,90.244000,26.13
3.485713,0.046000,0.447000,-0.856000,21.863000,-18.015000,119.405000,26.27
3.498216,0.217000,0.377000,-0.920000,31.313000,-0.702000,47.359000,26.18
3.505522,0.145000,0.320000,-0.892000,44.473000,8.519000,-30.229000,26.22
3.517541,0.017000,0.297000,-0.931000,47.313000,15.969000,-56.031000,26.18
3.524354,-0.031000,0.298000,-0.963000,32.885000,13.939000,-29.099000,26.18
3.536878,-0.109000,0.154000,-0.748000,8.534000,15.725000,3.328000,26.22
3.549032,0.169000,0.187000,-0.928000,-6.702000,20.168000,2.214000,26.08
3.556609,0.249000,0.249000,-0.857000,12.260000,16.779000,-8.198000,26.27
3.568402,0.225000,0.165000,-0.940000,8.168000,16.183000,-14.733000,26.13
3.575365,0.223000,0.169000,-0.932000,-3.298000,16.855000,-18.427000,26.08
3.587717,0.179000,0.180000,-0.877000,-2.611000,10.214000,-1.481000,26.18
3.594580,0.218000,0.148000,-0.885000,-9.389000,4.824000,19.038000,26.22
3.607307,0.250000,0.222000,-0.925000,-11.405000,5.435000,8.092000,26.08
3.614227,0.163000,0.248000,-0.895000,-3.481000,5.603000,-14.977000,26.08
3.626385,0.116000,0.290000,-0.942000,-17.282000,4.656000,7.756000,26.13
3.638694,0.141000,0.260000,-0.894000,-18.931000,-0.290000,15.634000,26.18
3.645582,0.119000,0.250000,-0.748000,-18.565000,-12.947000,6.229000,26.13
3.658000,0.128000,0.239000,-0.826000,-19.603000,5.099000,-24.519000,26.22
3.665087,0.108000,0.303000,-0.858000,-16.214000,4.565000,-27.954000,26.18
3.677071,0.050000,0.312000,-0.849000,-6.076000,12.534000,-26.840000,26.22
3.684209,0.109000,0.301000,-0.882000,-3.466000,-2.046000,-8.336000,26.22
3.696654,0.135000,0.357000,-0.863000,0.183000,4.565000,-1.496000,26.18
3.702228,0.181000,0.389000,-0.924000,-3.908000,2.321000,1.725000,26.13
3.716584,0.164000,0.366000,-0.935000,-4.580000,-3.053000,4.015000,26.13
3.728427,0.216000,0.391000,-0.971000,-15.893000,-2.809000,-10.092000,26.18
3.735230,0.171000,0.361000,-0.894000,-10.015000,-0.901000,-27.206000,26.22
3.747445,0.119000,0.357000,-0.943000,-8.595000,4.534000,-48.427000,26.13
3.754476,0.088000,0.400000,-0.927000,-8.137000,9.282000,-45.740000,26.18
3.766695,0.030000,0.392000,-0.930000,-13.221000,4.550000,-23.313000,26.22
3.772690,0.122000,0.450000,-0.902000,-20.763000,5.069000,-4.153000,26.18
3.786315,0.133000,0.388000,-0.891000,-20.107000,1.389000,3.496000,26.13
3.798442,0.145000,0.340000,-0.900000,-17.496000,3.191000,-0.046000,26.22
3.805592,0.152000,0.350000,-0.917000,-18.031000,3.038000,-6.351000,26.18
3.817827,0.143000,0.386000,-0.914000,-17.725000,1.191000,-2.947000,26.18
3.824918,0.121000,0.389000,-0.912000,-15.847000,-1.710000,-1.664000,26.22
3.837426,0.072000,0.495000,-0.841000,-18.198000,-4.244000,2.718000,26.18
3.844290,0.110000,0.497000,-0.905000,-21.511000,2.962000,-4.214000,26.13
3.856694,0.112000,0.480000,-0.931000,-21.710000,5.527000,-6.122000,26.13
3.868735,0.059000,0.477000,-0.907000,-21.191000,8.565000,-10.046000,26.18
3.875842,0.053000,0.457000,-0.895000,-21.817000,11.817000,-3.252000,26.18
3.887778,0.081000,0.445000,-0.908000,-21.771000,12.092000,7.038000,26.22
3.894779,0.138000,0.408000,-0.876000,-19.359000,10.137000,10.214000,26.18
3.907269,0.178000,0.354000,-0.865000,-17.924000,8.855000,6.427000,26.13
3.914362,0.188000,0.342000,-0.871000,-13.557000,6.840000,-0.412000,26.13
3.926471,0.168000,0.313000,-0.894000,-12.748000,6.382000,-4.733000,26.18
3.938808,0.156000,0.343000,-0.894000,-14.076000,5.573000,-7.954000,26.18
3.945757,0.150000,0.402000,-0.875000,-16.168000,3.328000,-2.031000,26.22
3.958054,0.158000,0.423000,-0.885000,-17.069000,2.504000,-5.786000,26.18
3.964978,0.141000,0.448000,-0.899000,-19.267000,2.672000,-7.527000,26.22
3.979079,0.104000,0.458000,-0.886000,-19.221000,4.779000,-6.000000,26.13
3.984481,0.093000,0.447000,-0.890000,-19.038000,5.237000,-0.275000,26.18
3.999180,0.104000,0.447000,-0.870000,-17.344000,4.107000,4.290000,26.27
4.004567,0.129000,0.425000,-0.879000,-16.214000,3.634000,7.542000,26.13
4.016610,0.150000,0.417000,-0.857000,-14.244000,2.885000,6.656000,26.08
4.028789,0.153000,0.435000,-0.866000,-10.275000,1.985000,1.939000,26.13
4.036234,0.154000,0.440000,-0.857000,-6.779000,1.252000,2.779000,26.13
4.048608,0.156000,0.427000,-0.851000,-2.092000,0.153000,0.901000,26.18
4.055946,0.133000,0.423000,-0.868000,3.176000,-1.176000,-4.275000,26.13
4.068344,0.113000,0.436000,-0.875000,4.565000,-1.252000,-2.305000,26.22
4.075356,0.121000,0.444000,-0.880000,3.725000,-1.084000,2.992000,26.18
4.087749,0.149000,0.421000,-0.875000,2.641000,-1.664000,3.588000,26.22
4.095202,0.150000,0.423000,-0.894000,0.427000,-2.031000,-0.580000,26.13
4.107412,0.134000,0.424000,-0.875000,-1.298000,-2.122000,-1.634000,26.18
4.114575,0.136000,0.405000,-0.889000,-2.076000,-2.046000,-2.107000,26.13
4.126544,0.131000,0.413000,-0.872000,-3.053000,-2.504000,-0.489000,26.04
4.139104,0.135000,0.429000,-0.884000,-2.779000,-2.443000,-2.198000,26.08
4.146084,0.113000,0.449000,-0.880000,-3.023000,-0.580000,-4.366000,26.13
4.158778,0.130000,0.476000,-0.865000,-1.786000,-1.466000,-0.061000,26.13
4.165282,0.122000,0.453000,-0.883000,0.366000,-0.718000,-2.305000,26.18
4.177844,0.124000,0.461000,-0.872000,1.786000,-0.061000,-0.733000,26.13
4.185061,0.118000,0.443000,-0.886000,1.679000,0.473000,0.031000,26.13
4.197881,0.115000,0.427000,-0.883000,1.679000,0.656000,-0.260000,26.18
4.205710,0.119000,0.427000,-0.894000,0.977000,0.870000,1.847000,26.13
4.217499,0.137000,0.432000,-0.884000,0.992000,-0.504000,2.885000,26.13
4.224788,0.147000,0.441000,-0.868000,3.023000,-2.840000,1.405000,26.18
4.237214,0.152000,0.451000,-0.872000,5.542000,-4.107000,0.397000,26.13
4.244265,0.154000,0.463000,-0.875000,7.588000,-5.832000,1.511000,26.13
4.256845,0.200000,0.553000,-0.851000,8.534000,-10.855000,12.779000,26.08
4.268605,0.225000,0.471000,-0.868000,17.618000,-18.672000,-4.107000,26.22
4.275907,0.185000,0.473000,-0.956000,18.107000,-15.603000,-37.710000,26.18
4.293141,0.097000,0.519000,-0.865000,38.840000,-17.603000,-49.008000,26.18
4.294565,0.106000,0.490000,-0.952000,41.588000,-7.527000,-55.908000,26.22
4.306632,0.080000,0.586000,-0.916000,49.725000,-9.878000,-41.725000,26.18
4.318864,0.091000,0.550000,-0.957000,52.763000,-15.267000,-13.496000,26.18
4.325856,0.102000,0.550000,-0.892000,52.672000,-18.473000,1.847000,26.22
4.338017,0.096000,0.542000,-0.921000,59.374000,-9.481000,11.511000,26.18
4.345201,0.120000,0.573000,-0.848000,66.870000,-23.176000,50.214000,26.18
4.357596,0.242000,0.452000,-0.847000,64.580000,-23.893000,40.015000,26.13
4.364783,0.165000,0.632000,-0.684000,68.947000,-12.336000,10.046000,26.08
4.376787,0.313000,1.156000,-0.485000,16.366000,-15.038000,86.290000,26.13
4.388809,0.731000,1.632000,-0.091000,-49.267000,-19.542000,114.626000,26.22
4.395774,0.876000,1.732000,0.050000,-81.969000,19.863000,29.878000,26.18
4.408392,0.508000,1.623000,-0.174000,-88.870000,50.901000,-38.672000,26.13
4.415074,0.149000,1.342000,-0.458000,-123.145000,25.588000,-10.809000,26.13
4.426818,0.067000,0.528000,-0.761000,-160.412000,-6.489000,30.748000,26.08
4.438784,-0.176000,-0.608000,-1.714000,-108.473000,-6.015000,11.359000,26.13
4.445754,0.073000,-0.370000,-1.865000,-235.725000,29.450000,129.282000,26.22
4.457531,0.118000,-0.925000,-3.416000,-373.649000,58.290000,94.779000,26.27
4.464416,-0.093000,-1.480000,-3.548000,-425.206000,303.282000,141.206000,26.22
4.483298,-2.170000,-2.055000,2.301000,-43.847000,167.420000,500.260000,26.22
4.487858,-1.161000,-1.565000,-0.950000,131.313000,-42.504000,-110.321000,26.08
4.494147,-0.990000,-0.884000,-1.883000,347.435000,-134.198000,-345.389000,26.13
4.506001,-0.722000,-0.226000,-0.907000,389.099000,-236.351000,-91.893000,26.22
4.518015,0.716000,3.257000,-2.146000,-205.939000,12.092000,360.107000,26.18
4.524892,0.189000,-1.317000,-1.074000,-166.214000,-34.366000,13.069000,26.13
4.536848,0.031000,-1.191000,-1.093000,140.321000,-59.176000,-290.122000,26.13
4.548910,4.000000,4.000000,-0.124000,-171.206000,47.145000,188.931000,26.18
4.555909,0.023000,-0.161000,-0.867000,3.359000,-9.847000,-51.023000,26.22
4.568110,0.423000,0.665000,-0.773000,37.130000,2.351000,-81.359000,26.13
4.575852,0.153000,0.491000,-0.794000,28.702000,7.160000,-88.794000,26.18
4.587266,-0.001000,0.633000,-0.781000,27.969000,-3.511000,-48.000000,26.13
4.594372,0.046000,0.622000,-0.786000,46.076000,-17.847000,-16.198000,26.22
4.606790,0.124000,0.472000,-0.903000,38.855000,-14.061000,-6.779000,26.08
4.618747,0.152000,0.424000,-0.915000,43.282000,-3.130000,-37.924000,26.13
4.626288,0.125000,0.444000,-0.949000,49.603000,9.008000,-66.427000,26.22
4.638050,0.074000,0.564000,-0.951000,62.321000,7.160000,-55.466000,26.22
4.645201,0.074000,0.649000,-0.907000,57.053000,-13.298000,6.031000,26.04
4.657515,0.199000,0.567000,-0.914000,55.267000,-22.290000,34.885000,26.13
4.664610,0.301000,0.471000,-0.938000,57.191000,-21.878000,19.802000,26.18
4.676527,0.282000,0.439000,-0.961000,61.756000,-18.885000,-14.504000,26.13
4.688632,0.238000,0.570000,-0.837000,56.198000,-14.931000,-22.855000,26.27
4.695805,0.282000,0.773000,-0.737000,37.374000,-10.595000,-9.725000,26.13
4.707640,0.407000,1.007000,-0.507000,19.313000,6.519000,-10.122000,26.13
4.714784,0.459000,1.109000,-0.470000,-2.901000,15.954000,-1.359000,26.08
4.726942,0.580000,1.127000,-0.438000,-25.359000,25.466000,1.817000,26.08
4.734033,0.711000,1.236000,-0.434000,-37.374000,48.031000,-15.710000,26.13
4.746118,0.859000,1.347000,-0.477000,-55.939000,50.519000,5.084000,26.18
4.758217,0.975000,1.323000,-0.405000,-85.649000,59.740000,21.023000,26.13
4.765382,1.000000,1.226000,-0.341000,-103.298000,81.618000,-1.573000,26.22
4.777093,1.064000,1.213000,-0.371000,-106.641000,108.641000,-44.580000,26.08
4.784057,0.760000,1.048000,-0.404000,-106.947000,95.725000,-90.290000,26.08
4.795918,0.361000,0.488000,-1.022000,-67.344000,110.733000,-180.824000,26.13
4.808062,-0.867000,-0.364000,-1.333000,-44.611000,7.191000,-60.519000,26.18
4.814852,-0.495000,-0.689000,-2.267000,-183.405000,58.626000,-110.198000,26.13
4.826671,-0.557000,-0.847000,-2.478000,-178.229000,151.603000,0.611000,26.13
4.838789,-1.055000,-1.043000,-1.045000,-42.015000,88.611000,270.641000,26.08
4.845351,-0.694000,-0.950000,-2.460000,-70.382000,161.649000,11.863000,26.22
4.857477,-1.337000,-1.055000,-0.713000,96.947000,11.649000,-34.870000,26.13
4.864193,-0.890000,-0.785000,-1.527000,67.130000,-92.763000,-118.763000,26.18
4.876116,-0.412000,-0.809000,-1.597000,180.870000,-96.092000,-95.740000,26.04
4.887969,-0.413000,-0.430000,-0.232000,256.947000,-173.893000,-117.969000,26.13
4.894387,-0.496000,-1.470000,0.329000,-33.679000,-74.351000,469.008000,26.18
4.906474,0.213000,-1.433000,-1.024000,-16.855000,-19.832000,-230.565000,26.13
4.918496,3.548000,4.000000,-1.237000,-56.458000,104.305000,56.092000,26.13
4.925417,-0.104000,-0.856000,-0.662000,65.695000,-39.328000,0.519000,26.18
4.937536,0.301000,0.186000,-0.594000,31.053000,15.847000,-97.786000,26.04
4.944466,0.064000,0.709000,-0.751000,17.908000,11.832000,-79.618000,26.13
4.956815,-0.139000,0.657000,-0.768000,1.420000,5.420000,37.115000,26.18
4.968517,-0.032000,0.487000,-0.925000,-15.282000,-54.947000,167.832000,26.22
4.975447,0.115000,0.309000,-0.899000,-39.298000,-57.221000,179.191000,26.13
4.987526,0.218000,0.170000,-0.878000,-47.435000,-39.313000,126.870000,26.08
4.994440,0.177000,0.128000,-0.942000,-45.802000,-2.916000,34.947000,26.22
5.006864,0.144000,0.201000,-0.992000,-39.313000,3.496000,18.809000,26.13
5.018883,0.209000,0.115000,-1.100000,-43.160000,74.275000,-129.359000,26.18
5.025538,-0.456000,0.673000,-0.552000,26.473000,81.282000,-178.412000,26.13
5.037809,-0.096000,1.018000,-0.835000,-26.611000,27.450000,58.092000,26.13
5.044589,0.160000,0.827000,-0.725000,-58.748000,-32.336000,248.824000,26.08
5.056682,0.552000,0.393000,-0.959000,-6.504000,-38.336000,200.824000,26.13
5.062563,0.651000,0.327000,-0.744000,33.374000,12.000000,16.672000,26.18
5.075845,0.321000,0.498000,-0.836000,49.710000,36.260000,-98.580000,26.08
5.088318,0.108000,0.574000,-0.881000,31.847000,24.656000,-64.198000,26.13
5.095196,0.018000,0.589000,-0.799000,12.656000,10.198000,12.824000,26.18
5.107617,0.198000,0.530000,-0.790000,35.389000,4.427000,45.053000,26.18
5.114900,0.260000,0.368000,-0.856000,47.145000,11.298000,24.229000,26.22
5.126935,0.320000,0.403000,-0.895000,73.145000,15.420000,-10.870000,26.27
5.134372,0.265000,0.442000,-0.834000,70.519000,23.389000,-39.786000,26.08
5.146367,0.174000,0.497000,-0.786000,67.817000,9.969000,-28.336000,26.13
5.158415,0.120000,0.509000,-0.870000,72.489000,15.130000,-27.038000,26.18
5.165567,0.145000,0.472000,-0.909000,63.771000,19.206000,1.420000,26.08
5.177936,0.188000,0.490000,-0.846000,52.443000,8.397000,44.473000,26.13
5.185115,0.321000,0.312000,-0.920000,51.038000,7.588000,29.115000,26.18
5.199967,0.299000,0.346000,-0.916000,51.969000,9.115000,-1.786000,26.18
5.205135,0.217000,0.374000,-0.868000,40.809000,2.229000,0.977000,26.04
5.217383,0.278000,0.421000,-0.811000,34.000000,-1.542000,7.191000,26.18
5.227129,0.320000,0.361000,-0.860000,34.992000,-7.969000,4.305000,26.18
5.236015,0.261000,0.376000,-0.820000,43.130000,-17.145000,-11.221000,26.13
5.249064,0.156000,0.369000,-0.899000,49.939000,-10.214000,-29.344000,26.08
5.255345,0.168000,0.401000,-0.861000,54.443000,-16.656000,-1.145000,26.08
5.267546,0.213000,0.400000,-0.797000,56.534000,-20.947000,9.038000,26.13
5.274607,0.223000,0.348000,-0.941000,70.397000,-27.160000,9.405000,26.08
5.286768,0.270000,0.239000,-1.018000,63.191000,-24.031000,1.710000,26.13
5.293815,0.212000,0.284000,-0.999000,66.092000,-39.420000,2.122000,26.13
5.306321,0.184000,0.313000,-0.924000,72.473000,-37.924000,0.153000,26.18
5.318278,0.184000,0.363000,-0.888000,91.939000,-37.588000,-13.924000,26.13
5.325443,0.164000,0.284000,-0.971000,82.580000,-32.305000,-0.824000,26.13
5.337568,0.164000,0.268000,-1.002000,74.962000,-40.702000,3.328000,26.08
5.344477,0.245000,0.404000,-1.035000,60.351000,-40.290000,4.748000,26.13
5.356747,0.199000,0.402000,-0.914000,55.573000,-46.290000,23.511000,26.13
5.363891,0.228000,0.184000,-1.075000,53.725000,-35.664000,-25.099000,26.18
5.375744,0.152000,0.322000,-1.052000,48.702000,-40.443000,-11.618000,26.22
5.388176,0.213000,0.325000,-0.947000,41.069000,-45.802000,11.573000,26.13
5.395044,0.251000,0.338000,-1.024000,49.557000,-46.595000,-21.985000,26.08
5.407037,0.190000,0.417000,-0.940000,54.153000,-54.260000,-32.656000,26.13
5.414257,0.214000,0.283000,-1.070000,55.481000,-47.069000,-60.183000,26.04
5.426096,0.152000,0.511000,-1.120000,36.092000,-36.321000,-66.061000,26.13
5.438305,-0.032000,0.580000,-1.096000,29.573000,-47.725000,-15.649000,26.22
5.445150,0.270000,0.588000,-1.244000,34.962000,-50.947000,26.519000,26.18
5.457562,-0.125000,0.391000,-1.779000,125.832000,-85.130000,63.573000,26.18
5.464088,-0.512000,-0.484000,-1.756000,201.878000,-161.313000,120.427000,26.13
5.475919,0.160000,0.171000,-1.330000,311.130000,-94.397000,-7.298000,26.18
5.487998,-0.033000,-0.019000,-1.165000,181.053000,-98.412000,57.099000,26.04
5.494600,0.249000,-0.332000,-1.457000,348.595000,-42.489000,-94.672000,26.13
5.506827,0.122000,0.432000,-1.780000,264.565000,-118.076000,-72.000000,26.18
5.518567,-0.065000,-0.108000,-1.566000,307.771000,-41.389000,-72.076000,26.08
5.525559,-0.074000,0.263000,-1.787000,200.855000,-167.450000,162.183000,26.04
5.537073,0.121000,0.200000,-0.965000,227.191000,-122.443000,21.298000,26.18
5.544337,2.089000,2.332000,-1.763000,27.359000,-68.931000,111.985000,26.22
5.556432,0.652000,1.915000,-1.073000,84.901000,-12.565000,-86.183000,26.13
5.568387,0.025000,1.317000,-0.468000,87.664000,-30.855000,-44.229000,26.08
5.575729,0.379000,1.637000,-1.259000,22.992000,-54.992000,116.870000,26.08
5.587457,0.325000,1.088000,-0.342000,-75.802000,-86.550000,274.290000,26.13
5.594309,0.728000,0.766000,-0.394000,-95.802000,-97.939000,288.626000,26.08
5.606298,0.955000,0.685000,-0.293000,-124.305000,-53.267000,178.489000,26.13
5.618535,0.830000,0.529000,0.035000,-130.824000,-36.656000,149.374000,26.13
5.625811,0.846000,0.213000,-0.793000,-86.641000,-9.618000,37.328000,26.18
5.637405,-4.000000,-1.735000,0.787000,-4.550000,-223.038000,156.687000,26.18
5.643142,0.486000,-0.720000,-0.136000,-207.115000,12.046000,239.344000,26.13
5.656090,0.927000,0.069000,-0.708000,-193.817000,56.748000,20.824000,26.18
5.667895,0.977000,-0.399000,-0.479000,-83.878000,91.191000,-137.435000,26.13
5.674575,-0.098000,0.532000,-0.570000,-69.115000,129.878000,-139.359000,26.22
5.686661,0.366000,0.352000,-0.750000,-75.939000,171.435000,-227.328000,26.18
5.698542,0.061000,0.649000,-0.896000,-121.542000,159.878000,-140.076000,26.04
5.705287,-0.107000,0.767000,-0.944000,-161.893000,145.206000,-15.878000,26.13
5.717153,-0.016000,0.605000,-0.919000,-187.771000,115.771000,106.000000,26.18
5.728956,0.232000,0.613000,-1.108000,-183.756000,143.267000,49.817000,26.22
5.735806,0.214000,0.551000,-1.039000,-184.443000,159.756000,-2.595000,26.13
5.750084,0.088000,0.643000,-1.115000,-192.336000,172.687000,-4.718000,26.08
5.754315,-0.027000,0.520000,-1.229000,-246.885000,130.336000,61.527000,26.22
5.766488,-0.078000,0.597000,-1.615000,-181.160000,151.405000,-15.802000,26.13
5.778598,0.036000,0.602000,-1.357000,-213.756000,147.237000,2.748000,26.08
5.785333,0.009000,0.613000,-1.321000,-224.580000,141.023000,27.405000,26.04
5.797350,0.130000,0.569000,-1.296000,-217.771000,137.176000,37.664000,26.13
5.804148,0.203000,0.478000,-1.468000,-206.153000,150.977000,3.802000,26.08
5.816507,0.107000,0.514000,-1.592000,-220.458000,141.893000,-2.214000,26.13
5.828307,0.211000,0.461000,-1.565000,-208.718000,143.588000,-15.908000,26.08
5.835018,0.219000,0.403000,-1.633000,-205.634000,145.634000,-27.237000,26.18
5.846915,0.205000,0.421000,-1.696000,-201.344000,157.221000,-31.435000,26.22
5.854107,0.155000,0.366000,-1.658000,-210.046000,142.565000,0.382000,26.08
5.866155,0.249000,0.188000,-1.638000,-212.366000,151.863000,-5.710000,26.18
5.877932,0.249000,0.103000,-1.509000,-198.565000,163.023000,-56.000000,26.04
5.884962,0.122000,0.046000,-1.505000,-167.084000,163.389000,-93.603000,26.18
5.896710,-0.013000,-0.051000,-1.575000,-154.214000,152.443000,-100.260000,26.18
5.908468,-0.053000,-0.176000,-1.661000,-149.618000,141.008000,-95.450000,26.13
5.914932,-0.087000,-0.528000,-1.491000,-166.565000,146.092000,-111.221000,26.08
5.926730,-0.430000,-0.730000,-1.716000,-115.725000,156.733000,-171.359000,26.08
5.938477,-0.652000,-0.587000,-1.660000,-67.053000,148.840000,-136.443000,26.13
5.945248,-0.845000,-0.562000,-1.436000,-94.214000,79.618000,-3.847000,26.08
5.957102,-0.643000,-0.678000,-1.159000,-128.473000,48.931000,69.435000,26.13
5.968937,-0.454000,-0.940000,-1.299000,-120.550000,69.191000,79.985000,26.04
5.976436,-0.489000,-0.989000,-1.446000,-87.679000,86.382000,110.977000,26.08
5.987781,-0.720000,-1.100000,-1.570000,-77.176000,74.504000,117.664000,26.13
5.994575,-1.001000,-1.194000,-1.229000,-35.359000,47.176000,87.023000,26.13
6.006382,-1.164000,-1.341000,-1.417000,-4.901000,-118.122000,110.305000,26.18
6.018229,-0.854000,-1.359000,-1.962000,214.763000,-282.763000,34.198000,26.13
6.024824,-1.014000,-0.973000,-0.132000,482.550000,-500.275000,-148.702000,26.13
6.036890,4.000000,4.000000,-2.774000,44.779000,-197.145000,500.260000,26.13
6.048749,0.117000,-2.065000,0.173000,-47.786000,-247.053000,130.351000,26.13
6.055331,0.721000,-1.901000,-2.248000,458.794000,-125.221000,-500.275000,26.08
6.067252,0.302000,2.464000,-1.896000,77.008000,144.916000,-377.069000,26.18
6.074246,0.159000,0.431000,-1.047000,86.168000,145.389000,364.351000,26.04
6.086300,-0.651000,0.117000,-1.550000,235.389000,-57.053000,35.084000,26.18
6.098243,0.203000,-0.337000,-1.274000,57.008000,-28.198000,-49.573000,26.13
6.105306,0.246000,0.611000,-1.144000,44.260000,61.420000,-100.702000,26.13
6.117253,-0.208000,0.904000,-1.182000,96.382000,-4.076000,-33.160000,26.08
6.124317,0.127000,0.897000,-0.815000,61.908000,-64.351000,57.038000,26.08
6.136642,0.147000,-0.110000,-1.323000,30.458000,-8.672000,-14.763000,26.04
6.148478,-0.010000,0.708000,-0.958000,102.580000,57.145000,-112.748000,26.08
6.155311,-0.238000,0.675000,-1.158000,93.557000,-13.374000,17.649000,26.13
6.167813,0.056000,0.599000,-0.861000,88.473000,-34.611000,119.115000,26.04
6.174241,0.464000,0.633000,-0.768000,11.878000,-14.779000,144.290000,26.08
6.186592,0.544000,0.221000,-1.207000,-38.305000,-22.305000,86.122000,26.04
6.198505,0.391000,0.421000,-0.204000,-100.260000,4.794000,-134.031000,26.04
6.205425,0.352000,-0.522000,-1.514000,31.145000,-21.130000,-119.863000,26.08
6.217257,-0.113000,-0.023000,-0.656000,65.511000,18.000000,-165.344000,26.22
6.224082,0.142000,0.663000,-1.061000,-11.282000,3.695000,-99.008000,26.04
6.236322,0.121000,0.546000,-0.924000,25.099000,-5.450000,-68.809000,26.08
6.248560,0.176000,0.531000,-0.916000,13.924000,-4.779000,-39.847000,26.22
6.256101,0.305000,0.481000,-0.989000,-5.450000,-13.679000,-10.443000,26.13
6.268049,0.175000,0.427000,-0.370000,0.794000,4.931000,30.519000,26.18
6.274954,0.352000,0.467000,-0.711000,30.092000,-7.252000,-22.656000,26.13
6.287236,0.215000,0.187000,-0.683000,40.947000,11.420000,20.031000,26.18
6.294401,0.193000,0.541000,-0.727000,38.931000,3.450000,-49.634000,26.18
6.306610,0.157000,0.618000,-0.754000,19.511000,-7.710000,1.573000,26.04
6.318633,0.211000,0.470000,-1.179000,58.885000,-18.153000,18.794000,26.08
6.325859,0.276000,0.539000,-0.683000,54.229000,-19.969000,21.802000,26.18
6.337960,0.273000,0.330000,-0.920000,81.863000,-6.809000,-31.115000,26.04
6.345198,0.095000,0.499000,-0.875000,94.519000,-3.985000,-22.076000,26.08
6.357382,0.136000,0.504000,-0.873000,103.176000,-9.557000,28.137000,26.08
6.364267,0.291000,0.511000,-0.791000,106.840000,-14.046000,43.832000,26.13
6.376362,0.327000,0.424000,-0.818000,123.344000,-25.924000,22.412000,26.08
6.388588,0.252000,0.382000,-0.923000,130.366000,-23.191000,3.802000,26.13
6.395363,0.197000,0.351000,-0.953000,131.176000,-23.115000,4.779000,26.13
6.407641,0.136000,0.348000,-0.924000,138.366000,-29.908000,20.733000,25.99
6.414630,0.225000,0.382000,-0.933000,125.450000,-28.275000,30.504000,26.13
6.426672,0.511000,0.241000,-1.096000,91.634000,-41.786000,52.840000,26.13
6.438945,0.227000,0.363000,-0.955000,140.000000,-35.924000,-49.496000,26.08
6.445567,0.069000,0.510000,-1.061000,118.183000,-40.733000,-9.969000,26.13
6.457756,0.140000,0.517000,-1.039000,110.794000,-38.672000,32.427000,26.22
6.464748,0.268000,0.549000,-0.986000,114.351000,-51.878000,42.168000,26.08
6.476803,0.259000,0.621000,-0.900000,114.412000,-56.550000,10.733000,26.04
6.488626,0.156000,0.569000,-1.198000,109.649000,-41.573000,-21.695000,26.13
6.495765,0.211000,0.886000,-1.159000,71.725000,-32.031000,-13.817000,26.08
6.507880,0.283000,1.330000,-1.102000,62.092000,-69.863000,29.710000,26.13
6.514815,0.358000,1.247000,-1.400000,157.511000,-69.038000,59.328000,26.13
6.526777,0.329000,0.753000,-1.588000,328.794000,-124.504000,107.771000,26.13
6.538826,0.998000,2.137000,-1.214000,237.802000,-106.733000,171.740000,26.13
6.545551,0.566000,0.106000,-2.718000,273.115000,-86.153000,76.534000,26.08
6.558469,0.159000,0.257000,-0.993000,232.702000,-177.420000,-34.031000,26.08
6.564441,0.576000,0.205000,-1.404000,179.344000,-112.473000,-85.313000,26.13
6.576673,1.854000,4.000000,-0.100000,42.809000,-65.542000,45.908000,26.18
6.588739,0.907000,2.399000,-1.386000,4.458000,-36.824000,-39.145000,26.13
6.595528,0.006000,1.719000,0.039000,-29.924000,-79.221000,-13.985000,26.13
6.607809,-0.247000,1.370000,0.042000,14.519000,-128.534000,57.176000,26.08
6.614433,-0.047000,1.402000,-0.351000,-101.053000,-124.763000,241.527000,26.08
6.626124,0.266000,1.081000,-0.194000,-106.366000,-149.740000,381.481000,26.13
6.637919,1.070000,0.687000,0.009000,-196.092000,-141.313000,382.733000,26.08
6.645027,1.341000,0.022000,-0.582000,-161.176000,-80.611000,233.237000,26.04
6.657094,1.620000,0.413000,-0.656000,-81.802000,-3.130000,55.267000,26.13
6.668915,1.167000,0.387000,-0.452000,-118.107000,63.130000,-10.107000,25.99
6.675755,0.978000,0.353000,-0.976000,-126.153000,142.244000,68.000000,26.08
6.687814,1.568000,-0.167000,-1.042000,-210.718000,58.076000,286.885000,26.04
6.694720,0.985000,0.081000,-0.895000,-185.038000,120.000000,180.321000,26.08
6.706693,0.771000,0.262000,-1.033000,-123.908000,143.344000,69.176000,26.13
6.718336,0.877000,0.087000,-1.444000,-85.359000,254.366000,-121.527000,26.04
6.725392,0.913000,0.033000,-1.300000,-96.977000,279.649000,-250.779000,26.08
6.737128,-0.021000,0.212000,-1.135000,-112.580000,204.275000,-335.618000,26.13
6.748929,0.230000,0.091000,-0.920000,-131.191000,300.611000,-496.489000,26.13
6.755638,-0.170000,0.374000,-1.409000,-125.298000,271.420000,-500.275000,26.08
6.767333,-0.598000,0.669000,-1.343000,-185.328000,217.298000,-327.771000,26.04
6.774128,-0.734000,0.896000,-1.231000,-229.252000,133.374000,-14.916000,26.04
6.786089,-0.190000,0.590000,-1.292000,-245.160000,90.687000,141.374000,26.08
6.798007,0.153000,0.316000,-0.892000,-231.557000,144.672000,90.977000,25.94
6.805640,0.368000,0.391000,-1.474000,-226.748000,139.130000,20.412000,26.04
6.816829,0.085000,0.185000,-1.321000,-233.328000,127.023000,-104.061000,26.08
6.828679,-0.115000,0.173000,-1.628000,-192.748000,122.809000,-119.145000,26.13
6.834977,-0.402000,-0.340000,-2.209000,-181.802000,74.931000,-91.664000,26.04
6.846918,-0.506000,-0.413000,-1.314000,-207.847000,130.458000,237.817000,26.08
6.858440,-0.755000,-0.932000,-2.160000,-250.321000,197.420000,328.137000,26.13
6.865304,-0.907000,-1.050000,-3.519000,-216.626000,181.008000,217.939000,26.08
6.877098,-1.324000,-1.367000,-3.986000,-60.550000,31.450000,147.405000,26.08
6.888838,-1.516000,-0.592000,-2.166000,-106.733000,93.695000,-108.901000,26.13
6.895437,-1.463000,-0.813000,-0.761000,-109.924000,-92.076000,-238.809000,25.99
6.907332,-0.948000,-0.817000,-0.873000,-12.977000,-131.985000,-127.359000,26.08
6.918849,-0.352000,-1.018000,-0.846000,-12.198000,-180.336000,115.756000,26.13
6.925737,0.242000,-1.158000,-2.753000,-15.176000,-116.351000,57.634000,26.08
6.937867,-0.011000,-1.244000,-2.533000,7.756000,39.008000,96.702000,26.08
6.944486,-0.295000,-1.172000,-1.694000,79.527000,-200.519000,197.618000,26.04
6.956560,0.087000,-1.137000,-1.128000,226.580000,-306.641000,-116.947000,26.08
6.968169,0.761000,-0.764000,-1.019000,284.122000,-301.557000,-500.275000,26.08
6.975101,0.348000,-1.675000,-0.106000,-55.679000,-49.786000,500.260000,26.04
6.987109,-0.146000,-1.296000,0.324000,127.985000,36.534000,-365.557000,26.08
6.999192,1.086000,1.740000,-1.726000,51.267000,48.565000,-303.252000,26.08
7.008846,0.290000,-0.092000,-1.451000,53.282000,31.099000,-23.374000,26.04
7.017982,-0.385000,0.512000,-0.098000,-29.817000,-32.076000,-90.641000,26.08
7.025199,0.082000,1.293000,-1.552000,44.611000,92.763000,-187.298000,26.08
7.036652,-0.065000,0.501000,-1.019000,33.160000,80.305000,-211.359000,26.13
7.048865,-0.562000,1.382000,-0.673000,-31.725000,74.931000,21.802000,26.08
7.056048,-1.008000,1.144000,-0.354000,14.595000,0.550000,-24.779000,26.04
7.067897,-0.010000,0.750000,-0.858000,22.748000,-28.809000,134.519000,26.04
7.074512,0.237000,0.527000,-0.728000,16.931000,-32.718000,157.084000,26.08
7.086725,0.507000,0.461000,-0.958000,31.374000,-11.603000,110.275000,26.13
7.093720,0.436000,0.422000,-0.736000,42.565000,-0.504000,51.206000,25.94
7.106646,0.401000,0.504000,-0.658000,1.084000,19.160000,27.267000,26.08
7.118588,0.322000,0.379000,-0.430000,-25.008000,9.450000,66.290000,26.04
7.126717,0.431000,0.685000,-1.469000,53.939000,14.397000,-16.153000,26.13
7.137876,0.289000,0.617000,-0.910000,11.481000,17.496000,-18.061000,26.08
7.145255,0.093000,0.554000,-0.958000,-3.695000,11.511000,12.534000,26.13
7.157157,0.139000,0.571000,-0.831000,-11.832000,-18.107000,63.466000,26.04
7.164230,0.357000,0.484000,-0.869000,-13.924000,-20.198000,49.969000,25.99
7.176221,0.437000,0.415000,-0.869000,-0.351000,0.000000,-14.992000,26.04
7.188361,0.366000,0.524000,-0.794000,11.985000,15.527000,-54.137000,26.04
7.195704,0.257000,0.521000,-0.805000,-0.061000,12.229000,-50.519000,26.08
7.208207,0.128000,0.559000,-0.658000,0.855000,0.977000,-9.069000,26.04
7.214932,0.307000,0.516000,-0.855000,12.702000,-19.313000,21.771000,26.13
7.227237,0.344000,0.481000,-0.762000,-0.336000,9.145000,5.863000,26.08
7.234636,0.277000,0.558000,-0.692000,11.374000,-8.214000,10.977000,26.04
7.246954,0.316000,0.491000,-0.771000,-6.153000,7.038000,-3.802000,26.13
7.258958,0.225000,0.543000,-0.868000,-25.405000,1.756000,13.374000,26.04
7.266297,0.343000,0.528000,-1.007000,-3.939000,25.282000,-24.855000,26.13
7.278266,0.107000,0.660000,-0.455000,30.290000,-4.748000,-16.046000,25.99
7.285487,0.403000,0.382000,-1.002000,1.756000,37.740000,-29.954000,26.08
7.297879,0.173000,0.509000,-0.793000,6.794000,15.084000,-4.397000,26.04
7.304929,0.247000,0.501000,-0.839000,-0.427000,7.939000,30.550000,26.18
7.317276,0.256000,0.522000,-0.874000,2.702000,9.435000,1.939000,26.04
7.324651,0.258000,0.483000,-0.801000,-3.664000,1.053000,17.634000,26.13
7.336746,0.270000,0.503000,-0.786000,-4.336000,1.053000,22.504000,26.08
7.344450,0.352000,0.503000,-0.839000,-8.107000,3.649000,12.000000,26.08
7.356335,0.313000,0.519000,-0.859000,-2.641000,13.160000,-16.794000,26.04
7.368449,0.269000,0.524000,-0.823000,0.718000,11.023000,-21.817000,26.08
7.375699,0.213000,0.518000,-0.837000,-1.908000,7.603000,-12.855000,26.13
7.387822,0.256000,0.527000,-0.814000,-2.321000,3.084000,0.015000,26.04
7.395157,0.290000,0.534000,-0.792000,-4.656000,1.191000,4.183000,26.08
7.407402,0.325000,0.486000,-0.801000,-4.244000,6.962000,-7.679000,26.04
7.414700,0.311000,0.483000,-0.821000,-0.672000,5.603000,-19.145000,26.04
7.426893,0.265000,0.502000,-0.781000,2.779000,6.534000,-25.237000,26.08
7.434084,0.263000,0.505000,-0.818000,-0.885000,6.061000,-18.962000,26.13
7.446411,0.243000,0.518000,-0.798000,2.076000,4.962000,-12.122000,26.04
7.458703,0.246000,0.529000,-0.798000,1.710000,2.641000,-1.908000,26.08
7.466192,0.264000,0.509000,-0.802000,1.084000,1.664000,5.344000,26.04
7.478695,0.266000,0.500000,-0.814000,2.092000,2.031000,5.237000,26.04
7.486117,0.251000,0.510000,-0.801000,2.076000,1.588000,7.588000,25.99
7.498792,0.271000,0.500000,-0.800000,-1.740000,2.046000,9.282000,26.13
7.505548,0.275000,0.501000,-0.803000,-1.985000,-0.519000,10.427000,26.04
7.517944,0.301000,0.491000,-0.818000,2.153000,1.908000,4.840000,26.08
7.525316,0.286000,0.499000,-0.784000,0.977000,1.725000,7.847000,26.04
7.537890,0.288000,0.495000,-0.840000,0.275000,-0.366000,11.924000,25.99
7.544991,0.274000,0.504000,-0.735000,0.412000,-0.718000,22.092000,25.99
7.557418,0.264000,0.476000,-0.842000,-3.634000,2.748000,21.023000,25.94
7.564592,0.281000,0.543000,-0.766000,-2.427000,-7.359000,31.802000,25.99
7.576808,0.334000,0.503000,-0.724000,2.794000,-3.084000,23.832000,26.08
7.582548,0.295000,0.523000,-0.773000,4.412000,2.046000,10.412000,26.04
7.596412,0.257000,0.510000,-0.806000,10.992000,1.389000,8.183000,26.08
7.608641,0.298000,0.452000,-0.797000,13.206000,-2.168000,14.550000,26.13
7.615910,0.302000,0.509000,-0.860000,7.618000,-0.321000,10.092000,26.13
7.628219,0.294000,0.493000,-0.857000,24.336000,3.695000,5.939000,26.08
7.635289,0.336000,0.390000,-0.773000,-9.099000,-0.931000,53.832000,26.04
7.647572,0.276000,0.601000,-1.182000,22.687000,9.389000,-31.313000,26.13
7.654809,0.265000,0.424000,-0.834000,20.076000,-6.000000,-6.275000,26.08
7.667097,0.273000,0.494000,-0.856000,12.260000,0.870000,-2.702000,26.04
7.674358,0.248000,0.506000,-0.771000,3.176000,-3.664000,17.802000,26.04
7.686647,0.243000,0.474000,-0.796000,6.046000,-9.679000,25.328000,26.08
7.698924,0.317000,0.468000,-0.794000,4.336000,-7.542000,17.374000,26.13
7.706058,0.315000,0.439000,-0.822000,-1.496000,-2.427000,1.603000,26.04
7.718522,0.320000,0.507000,-0.751000,-5.130000,-2.366000,0.702000,25.99
7.725812,0.272000,0.401000,-0.953000,16.626000,-7.344000,4.153000,26.04
7.738022,0.324000,0.491000,-0.802000,16.000000,-8.962000,-0.122000,26.04
7.744885,0.317000,0.489000,-0.845000,18.473000,-5.847000,-7.573000,26.13
7.757350,0.287000,0.492000,-0.824000,26.763000,-8.702000,-9.695000,26.04
7.764312,0.295000,0.577000,-0.820000,26.015000,-9.130000,-7.740000,26.04
7.776670,0.252000,0.605000,-0.763000,8.611000,-13.588000,-3.282000,26.08
7.788778,0.249000,0.524000,-0.543000,-48.794000,-23.328000,10.260000,25.94
7.796027,0.396000,0.423000,-1.267000,59.588000,8.382000,-8.153000,25.99
7.808722,0.348000,0.597000,-0.528000,-0.061000,1.527000,-40.519000,26.04
7.815101,0.374000,0.414000,-0.845000,17.954000,-19.603000,57.069000,26.04
7.827305,0.308000,0.522000,-0.826000,48.489000,-6.687000,-10.656000,26.08
7.833905,0.418000,0.801000,-1.034000,48.870000,-24.305000,-14.031000,25.99
7.846499,0.241000,0.684000,-0.646000,79.252000,-47.893000,25.145000,26.04
7.858800,0.408000,0.636000,-0.912000,90.992000,-63.847000,14.473000,26.08
7.867678,0.461000,0.602000,-0.848000,103.008000,-40.260000,-26.015000,26.13
7.878588,0.288000,0.593000,-0.688000,103.878000,-41.008000,-10.031000,26.04
7.884048,0.294000,0.504000,-0.553000,100.031000,-68.397000,29.221000,26.08
7.895984,0.324000,0.247000,-1.250000,126.855000,-19.756000,-16.733000,25.99
7.908210,0.287000,0.670000,-1.004000,28.076000,15.130000,-26.412000,26.04
7.915309,0.409000,1.064000,-0.331000,-118.198000,74.672000,0.244000,26.08
7.927464,0.544000,1.035000,-0.069000,-43.237000,13.328000,95.115000,26.04
7.934801,0.952000,0.815000,-0.392000,-12.855000,52.244000,17.252000,26.13
7.946663,0.658000,0.688000,-0.640000,-18.458000,115.359000,-134.611000,26.08
7.958491,0.046000,0.321000,-0.597000,-18.824000,100.779000,-154.397000,25.94
7.965450,-0.724000,-1.088000,-1.230000,4.489000,50.779000,-416.916000,26.04
7.978507,-0.852000,-2.035000,-3.418000,13.588000,50.840000,-203.221000,26.08
7.983859,-0.686000,-0.849000,-3.344000,-500.275000,16.794000,500.260000,26.04
7.995810,0.136000,-1.085000,-0.292000,-8.916000,-79.771000,387.053000,26.04
8.007974,0.546000,-0.644000,-0.054000,66.427000,-45.557000,17.588000,25.99
8.014868,0.860000,1.671000,-1.270000,40.397000,143.939000,-189.038000,26.13
8.027069,0.070000,0.688000,-1.062000,10.794000,-5.954000,-41.145000,26.04
8.033867,0.207000,0.386000,-0.653000,-18.962000,18.092000,-89.084000,26.08
8.046185,0.085000,0.406000,-0.711000,-1.710000,37.389000,-21.618000,26.04
8.058213,0.057000,0.460000,-0.851000,-27.344000,17.359000,81.511000,26.13
8.065216,0.263000,0.513000,-0.764000,-24.947000,-25.206000,156.519000,26.08
8.077512,0.470000,0.104000,-0.951000,15.908000,-10.443000,82.748000,26.13
8.084470,0.477000,0.448000,-0.653000,24.427000,-3.176000,28.748000,26.08
8.097101,0.513000,0.732000,-0.739000,-4.931000,4.718000,20.153000,26.08
8.104276,0.323000,0.514000,-0.818000,9.511000,2.931000,-3.695000,26.04
8.116897,0.278000,0.476000,-0.845000,2.534000,1.023000,-4.260000,26.08
8.122387,0.266000,0.467000,-0.817000,6.137000,-3.328000,5.588000,26.18
8.136532,0.312000,0.485000,-0.790000,10.718000,-6.229000,8.870000,26.13
8.148441,0.388000,0.420000,-0.835000,15.939000,-10.672000,-1.573000,25.99
8.155482,0.410000,0.326000,-0.805000,39.374000,-4.947000,-25.267000,26.08
8.167895,0.437000,0.411000,-0.897000,24.168000,-6.260000,-66.427000,26.13
8.174463,0.305000,0.410000,-0.849000,26.534000,10.809000,-77.023000,26.08
8.186833,0.251000,0.448000,-0.842000,31.664000,-1.344000,-52.031000,26.18
8.192594,0.149000,0.388000,-0.796000,38.275000,1.023000,-33.679000,26.13
8.206469,0.234000,0.474000,-0.933000,27.634000,1.481000,-19.115000,26.18
8.218352,0.195000,0.333000,-0.959000,17.802000,3.145000,-12.809000,26.08
8.225674,0.214000,0.408000,-0.854000,39.405000,-0.748000,0.489000,26.04
8.237966,0.337000,0.366000,-1.004000,36.672000,5.618000,-15.115000,26.08
8.245214,0.255000,0.355000,-0.693000,43.817000,3.863000,-33.802000,26.08
8.257234,0.338000,0.417000,-0.807000,42.382000,14.733000,-52.427000,26.04
8.264186,0.246000,0.433000,-0.801000,55.405000,13.695000,-59.328000,25.99
8.276355,0.243000,0.498000,-0.844000,28.443000,16.809000,-23.847000,26.04
8.288515,0.282000,0.478000,-0.745000,-10.473000,18.321000,39.176000,26.13
8.295513,0.216000,0.308000,-0.933000,15.832000,17.160000,18.229000,26.08
8.307962,0.089000,0.305000,-0.962000,18.595000,1.267000,33.435000,26.04
8.315002,0.218000,0.393000,-0.837000,35.344000,6.382000,12.092000,26.04
8.327589,0.319000,0.342000,-0.880000,39.221000,3.237000,10.412000,26.08
8.334550,0.317000,0.298000,-0.916000,35.267000,10.947000,-8.443000,26.04
8.346769,0.274000,0.340000,-0.848000,39.405000,8.229000,-15.389000,26.13
8.358825,0.281000,0.375000,-0.892000,37.634000,11.328000,-10.397000,25.99
8.366246,0.263000,0.426000,-0.862000,34.870000,5.145000,1.954000,26.04
8.378687,0.284000,0.418000,-0.831000,38.962000,4.046000,1.557000,26.13
8.385588,0.272000,0.370000,-0.873000,38.702000,8.076000,-2.183000,25.99
8.398116,0.279000,0.428000,-1.091000,16.763000,-0.855000,8.397000,26.04
8.405124,0.221000,0.331000,-0.866000,34.779000,-12.397000,34.489000,26.13
8.417408,0.312000,0.360000,-0.828000,31.145000,-3.634000,25.099000,26.13
8.424457,0.358000,0.261000,-0.912000,29.618000,2.809000,-8.366000,26.04
8.437061,0.299000,0.335000,-0.893000,26.931000,-2.504000,-9.053000,26.08
8.444018,0.273000,0.323000,-0.884000,21.817000,-1.603000,-4.092000,26.08
8.456043,0.266000,0.328000,-0.896000,15.435000,0.153000,-1.939000,26.13
8.468510,0.311000,0.312000,-0.930000,14.031000,-2.534000,1.130000,26.08
8.475652,0.224000,0.320000,-0.819000,21.267000,-7.328000,6.214000,26.04
8.488288,0.241000,0.327000,-0.901000,16.733000,2.458000,0.214000,26.04
8.495470,0.249000,0.293000,-0.929000,24.275000,-1.924000,6.198000,26.08
8.507674,0.274000,0.309000,-0.900000,18.244000,-1.389000,20.519000,26.08
8.514783,0.279000,0.273000,-0.832000,22.260000,-7.099000,30.473000,26.04
8.526886,0.327000,0.276000,-0.822000,24.443000,-0.275000,20.107000,26.08
8.534355,0.365000,0.239000,-0.885000,37.008000,-7.206000,8.962000,26.13
8.546662,0.321000,0.336000,-0.816000,56.275000,-20.901000,13.450000,26.04
8.558701,0.300000,0.352000,-0.835000,69.847000,-24.687000,14.504000,25.99
8.565589,0.319000,0.281000,-0.887000,87.557000,-23.725000,-3.466000,26.04
8.577750,0.291000,0.370000,-0.877000,88.992000,-26.763000,-2.183000,26.04
8.584825,0.231000,0.303000,-0.946000,87.786000,-25.435000,12.748000,26.08
8.597058,0.244000,0.287000,-0.911000,91.008000,-34.275000,33.786000,26.04
8.604259,0.329000,0.230000,-0.924000,96.626000,-32.611000,17.740000,26.04
8.616346,0.303000,0.289000,-0.947000,98.244000,-44.031000,15.130000,26.08
8.628597,0.492000,0.571000,-1.062000,75.817000,-27.389000,34.779000,26.04
8.635245,0.444000,0.187000,-0.966000,77.924000,-71.985000,12.122000,26.04
8.647547,0.253000,0.314000,-0.997000,63.695000,-59.221000,-20.275000,26.08
8.654496,0.272000,0.395000,-1.097000,49.267000,-52.992000,-17.282000,26.04
8.666562,0.300000,0.385000,-1.140000,24.962000,-61.954000,-7.817000,26.04
8.678759,0.202000,0.636000,-1.024000,9.542000,-65.466000,-10.351000,26.08
8.685970,0.318000,0.479000,-1.277000,-0.824000,-60.015000,-43.924000,26.04
8.697935,0.310000,0.488000,-1.252000,-33.374000,-53.634000,-33.756000,26.04
8.705137,0.222000,0.536000,-1.401000,1.252000,-69.695000,20.321000,26.18
8.716834,0.407000,0.083000,-1.886000,199.130000,-59.985000,-37.176000,26.04
8.728899,-0.681000,-0.964000,-1.168000,386.702000,-146.382000,-11.695000,25.99
8.735251,-0.795000,-2.119000,-2.295000,321.176000,-286.015000,500.260000,25.99
8.747054,-0.629000,-0.246000,0.404000,303.267000,-109.878000,-308.046000,25.94
8.758766,0.346000,-1.157000,-3.240000,347.618000,-222.794000,40.534000,26.08
8.765920,0.616000,0.450000,-1.724000,343.252000,-63.740000,-186.992000,26.08
8.777726,0.488000,0.632000,-1.576000,257.053000,-59.756000,-155.466000,26.04
8.784608,0.918000,2.717000,-1.292000,160.885000,-94.122000,-33.817000,26.08
8.796732,0.429000,0.257000,-1.849000,287.954000,-122.260000,87.176000,26.08
8.808693,0.798000,0.422000,-1.548000,-4.794000,-91.160000,-24.046000,26.04
8.815804,0.514000,0.725000,-0.731000,100.382000,-5.420000,-9.908000,26.08
8.828017,0.368000,2.956000,-0.234000,-12.061000,33.160000,2.397000,26.08
8.834959,0.091000,1.803000,-1.149000,-42.565000,33.542000,302.611000,26.13
8.846867,0.051000,1.310000,0.336000,-142.382000,-66.107000,411.908000,26.08
8.858817,0.625000,1.248000,0.438000,-210.824000,-161.298000,500.260000,26.08
8.865571,1.437000,0.400000,-1.154000,-202.565000,-77.191000,387.313000,26.04
8.877789,1.415000,0.181000,0.271000,-201.038000,7.649000,107.527000,26.08
8.884288,1.079000,0.330000,-0.775000,-188.290000,38.107000,88.092000,26.13
8.896598,0.724000,0.344000,-1.220000,-126.977000,50.321000,143.099000,26.13
8.908401,0.838000,0.433000,-0.872000,-80.718000,65.924000,178.565000,26.08
8.915264,0.670000,0.264000,-0.353000,-178.076000,106.473000,66.519000,26.04
8.927617,1.245000,3.085000,-2.908000,-55.099000,61.115000,500.260000,26.04
8.934019,1.452000,-0.476000,-1.068000,-159.435000,198.412000,219.817000,26.08
8.946009,1.077000,-1.533000,-1.508000,-137.008000,210.122000,92.748000,26.04
8.957942,1.319000,-0.309000,-1.315000,-125.420000,273.969000,-369.954000,26.13
8.964319,-0.815000,-0.055000,-1.765000,-122.718000,190.519000,-117.023000,26.04
8.976215,0.010000,0.215000,-1.433000,-93.817000,200.427000,-117.038000,26.04
8.988274,0.044000,0.314000,-1.434000,-188.214000,224.382000,-50.153000,26.08
8.994993,-0.056000,0.214000,-1.196000,-195.649000,214.122000,-41.511000,25.99
9.008873,-0.203000,0.219000,-1.373000,-187.725000,201.939000,-11.221000,26.04
9.018706,-0.270000,0.263000,-1.216000,-150.534000,184.305000,25.908000,25.99
9.026715,0.254000,0.533000,-0.958000,-157.771000,184.489000,111.786000,26.04
9.037609,0.228000,0.455000,-1.105000,-144.061000,183.450000,69.893000,26.04
9.044591,0.363000,0.639000,-1.103000,-123.557000,162.763000,-15.328000,25.99
9.056289,0.358000,0.336000,-1.275000,-98.137000,159.008000,-21.298000,26.08
9.069195,0.319000,0.385000,-1.319000,-87.328000,163.649000,-33.588000,26.04
9.075231,0.375000,0.323000,-1.287000,-82.000000,159.832000,-37.649000,25.99
9.087278,0.461000,0.304000,-1.351000,-96.046000,185.130000,-64.962000,25.94
9.095388,0.320000,0.327000,-1.417000,-105.450000,179.588000,-70.870000,26.04
9.105975,0.227000,0.377000,-1.244000,-114.336000,172.473000,-42.244000,26.08
9.117963,0.321000,0.328000,-1.283000,-111.969000,163.573000,-20.321000,26.04
9.126341,0.293000,0.357000,-1.285000,-101.542000,157.328000,-4.061000,26.04
9.136724,0.383000,0.250000,-1.411000,-93.634000,167.740000,-17.725000,25.99
9.150424,0.443000,0.176000,-1.238000,-125.420000,180.489000,-64.031000,26.13
9.155263,0.150000,-0.020000,-0.706000,-186.947000,169.939000,-131.115000,26.04
9.167068,-0.051000,-0.414000,-1.391000,-104.885000,168.092000,-285.557000,25.99
9.178866,-0.262000,-0.156000,-1.672000,-93.832000,168.137000,-244.076000,25.94
9.187452,-0.663000,-0.055000,-1.171000,-12.550000,134.992000,0.198000,26.04
9.199837,-0.646000,-0.281000,-1.458000,-44.107000,102.641000,25.160000,25.99
9.204218,-0.328000,-0.093000,-1.843000,-57.847000,92.916000,23.237000,25.94
9.216836,-0.682000,-0.445000,-1.145000,-115.756000,55.038000,-65.695000,26.04
9.229930,-0.702000,-0.500000,-0.878000,-96.031000,36.901000,-74.809000,26.08
9.235083,-0.508000,-0.849000,-1.366000,-77.206000,43.771000,-74.321000,26.04
9.250598,-0.642000,-0.599000,-1.406000,-72.275000,20.656000,24.809000,26.08
9.254942,-0.734000,-0.829000,-1.351000,-99.450000,-19.420000,67.817000,26.08
9.266166,-0.834000,-1.060000,-1.065000,-76.489000,-38.519000,39.893000,26.13
9.280287,-0.723000,-1.376000,-1.880000,-146.000000,-107.023000,-66.702000,26.08
9.284156,-0.940000,-1.475000,-1.277000,141.069000,-209.023000,41.878000,25.99
9.295839,-0.209000,-1.738000,-0.541000,445.786000,-460.763000,-100.305000,26.04
9.307691,0.843000,-0.734000,-2.593000,455.145000,-406.168000,-500.275000,26.08
9.314313,1.084000,0.396000,-2.767000,398.183000,-22.809000,-414.534000,26.08
9.329047,0.215000,-0.050000,0.593000,-55.237000,-40.412000,500.260000,25.94
9.338523,-0.985000,-1.962000,-1.376000,52.794000,32.824000,439.649000,25.99
9.344989,-0.279000,-0.416000,-1.170000,432.779000,9.710000,-392.962000,25.99
9.357194,-0.982000,0.096000,0.615000,36.275000,-132.809000,-196.626000,25.94
9.367014,0.311000,-0.085000,-2.333000,34.122000,-100.153000,259.618000,25.99
9.375865,-0.173000,-0.119000,-2.485000,292.672000,-68.397000,75.969000,26.08
9.388040,0.578000,0.274000,-1.178000,186.672000,-44.366000,29.206000,26.04
9.396581,0.475000,0.496000,-1.054000,171.191000,-16.046000,-24.153000,26.08
9.412423,0.324000,0.397000,-0.834000,198.534000,-4.672000,-37.756000,25.99
9.413009,0.280000,0.458000,-0.955000,183.359000,-20.916000,-34.611000,26.04
9.428007,0.335000,0.364000,-1.001000,143.832000,-23.435000,-6.947000,26.08
9.438204,0.239000,0.377000,-0.853000,121.191000,-4.656000,29.084000,25.89
9.444939,0.422000,0.256000,-1.059000,78.015000,-2.733000,34.519000,25.94
9.457306,0.450000,0.165000,-0.983000,63.145000,-22.809000,-0.824000,25.99
9.466218,0.365000,0.188000,-1.031000,57.145000,-16.672000,-45.359000,25.99
9.476232,0.208000,0.339000,-0.967000,37.634000,-14.336000,-7.924000,26.04
9.488520,0.321000,0.247000,-0.929000,25.176000,-11.695000,17.802000,25.99
9.495516,0.400000,0.194000,-0.896000,18.183000,-18.534000,1.573000,25.99
9.507727,0.384000,0.221000,-0.864000,12.107000,-27.206000,-14.718000,25.94
9.519413,0.315000,0.255000,-0.909000,4.107000,-28.076000,-15.359000,26.08
9.528501,0.284000,0.266000,-0.916000,-2.534000,-29.145000,-10.443000,26.04
9.534921,0.270000,0.339000,-0.787000,15.359000,-12.824000,-21.786000,26.04
9.545723,0.357000,0.220000,-0.956000,47.740000,-27.145000,-21.542000,26.08
9.558756,0.290000,0.235000,-0.927000,48.427000,-14.595000,-20.534000,26.04
9.564750,-0.346000,1.426000,-1.646000,-15.221000,122.214000,218.718000,26.04
9.576671,0.466000,0.484000,0.207000,46.412000,-181.527000,200.748000,26.08
9.585892,0.197000,0.281000,-1.104000,51.588000,-9.160000,-75.099000,26.04
9.598060,0.336000,0.108000,-0.874000,111.282000,-52.809000,-141.450000,25.94
9.607699,0.029000,0.465000,-0.953000,100.031000,-33.237000,-80.840000,25.99
9.615016,0.194000,0.426000,-0.902000,92.397000,-39.939000,52.626000,26.04
9.628478,0.434000,0.021000,-0.971000,81.649000,-57.008000,15.420000,26.13
9.633694,0.261000,0.197000,-0.909000,108.397000,-62.702000,-37.099000,26.04
9.646217,0.246000,0.157000,-1.072000,105.496000,-42.718000,-31.908000,25.94
9.657904,0.179000,0.249000,-1.061000,97.634000,-48.870000,34.046000,25.99
9.667470,0.301000,0.234000,-1.006000,95.893000,-54.748000,30.656000,25.99
9.677559,0.308000,0.256000,-1.002000,93.328000,-61.695000,12.290000,25.94
9.685129,0.337000,0.375000,-1.140000,93.771000,-68.244000,4.321000,25.99
9.696385,0.206000,0.242000,-1.055000,93.802000,-73.557000,-0.595000,25.94
9.708660,0.209000,0.277000,-1.081000,70.366000,-68.198000,5.756000,25.94
9.715614,0.293000,0.219000,-1.178000,65.786000,-67.481000,-19.908000,25.99
9.728440,0.331000,0.252000,-1.244000,43.786000,-69.145000,-53.863000,25.89
9.735334,0.530000,0.478000,-1.384000,9.191000,-58.580000,-30.366000,25.94
9.746974,0.211000,0.777000,-1.177000,-19.313000,-138.595000,89.710000,25.99
9.753667,0.517000,0.133000,-1.668000,23.359000,-130.015000,40.244000,25.94
9.765664,0.612000,0.639000,-2.312000,125.176000,-141.511000,99.618000,26.13
9.778480,0.266000,0.214000,-1.762000,251.405000,-87.832000,-10.977000,26.08
9.786085,0.167000,0.914000,-1.126000,274.901000,-112.321000,36.137000,26.04
9.796569,-0.154000,-0.318000,-2.067000,219.160000,-175.374000,67.618000,25.94
9.808406,-0.151000,-0.413000,-2.030000,122.580000,-215.740000,103.893000,25.99
9.815065,0.426000,-0.241000,-1.209000,206.824000,-173.008000,-2.702000,26.04
9.827374,1.339000,1.045000,-1.129000,41.344000,-126.672000,37.557000,25.94
9.835355,0.938000,2.006000,-0.816000,30.779000,1.053000,-190.076000,25.99
9.851530,-0.343000,1.816000,0.401000,76.595000,-48.473000,-95.573000,26.04
9.869166,0.232000,1.712000,-0.396000,-78.565000,-62.931000,216.534000,26.04
9.869882,0.328000,1.341000,0.033000,-153.130000,-163.908000,493.557000,25.99
9.876997,1.134000,0.630000,-0.189000,-205.969000,-109.847000,467.206000,25.94
9.882767,1.497000,0.420000,-0.383000,-181.634000,-50.473000,335.664000,25.94
9.895751,1.542000,0.393000,-0.380000,-200.656000,1.084000,218.916000,25.99
9.907777,1.699000,0.071000,-0.632000,-175.328000,87.542000,104.809000,25.94
9.914469,1.451000,0.257000,-0.577000,-134.214000,121.496000,26.885000,25.94
9.926650,1.328000,0.227000,-0.544000,-80.656000,180.443000,-80.702000,25.99
9.938830,1.206000,0.331000,-0.687000,-96.061000,232.519000,-147.405000,26.04
9.945217,0.609000,0.541000,-1.485000,-46.885000,270.336000,-304.412000,26.04
9.957603,-3.518000,0.788000,-1.501000,-144.962000,203.206000,203.069000,25.99
9.964019,0.613000,0.156000,-2.118000,-248.229000,228.550000,62.824000,26.13
9.975973,0.045000,-0.803000,-1.600000,-173.771000,191.252000,67.573000,26.04
9.987694,0.444000,-0.553000,-2.254000,-168.122000,241.359000,-328.794000,25.99
9.994290,-0.253000,-0.182000,-0.949000,-112.672000,291.786000,-455.634000,26.04
10.006047,-0.629000,0.450000,-1.263000,-119.069000,188.992000,-246.565000,26.04
