# Gait Analysis Data - MPU6050 IMU
# Duration: 10 seconds
# Format: timestamp(s),ax(g),ay(g),az(g),gx(deg/s),gy(deg/s),gz(deg/s),temp(C)
# Note: Document sensor placement (ankle/wrist) separately
timestamp,ax,ay,az,gx,gy,gz,temp
0.000749,0.400000,0.569000,-0.802000,-82.137000,-62.351000,85.038000,26.51
0.001574,0.451000,0.643000,-0.811000,-66.779000,-84.137000,61.863000,26.55
0.002376,0.555000,0.656000,-0.841000,-54.641000,-103.282000,36.611000,26.51
0.003161,0.597000,0.601000,-0.884000,-48.061000,-129.832000,9.206000,26.60
0.003952,0.581000,0.506000,-0.841000,-49.924000,-159.573000,-18.611000,26.55
0.004738,0.516000,0.407000,-0.796000,-59.832000,-179.893000,-43.252000,26.51
0.005516,0.481000,0.291000,-0.771000,-76.504000,-186.779000,-63.985000,26.60
0.006297,0.528000,0.224000,-0.768000,-87.328000,-199.695000,-76.931000,26.55
0.007105,0.621000,0.139000,-0.798000,-96.061000,-209.115000,-82.061000,26.60
0.008001,0.714000,0.045000,-0.827000,-102.443000,-223.664000,-80.748000,26.46
0.008919,0.776000,-0.043000,-0.828000,-111.084000,-232.168000,-76.290000,26.60
0.009585,0.836000,-0.147000,-0.843000,-119.588000,-244.412000,-70.855000,26.51
0.010220,0.870000,-0.228000,-0.822000,-130.779000,-248.366000,-65.634000,26.46
0.010719,0.927000,-0.260000,-0.845000,-139.725000,-248.748000,-59.695000,26.55
0.011225,1.027000,-0.289000,-0.887000,-144.061000,-249.313000,-53.710000,26.60
0.011729,1.161000,-0.315000,-0.955000,-145.130000,-253.802000,-48.534000,26.55
0.012204,1.317000,-0.334000,-1.002000,-148.229000,-258.824000,-45.588000,26.51
0.012657,1.444000,-0.308000,-0.994000,-150.336000,-263.695000,-44.656000,26.60
0.013093,1.461000,-0.248000,-0.951000,-148.427000,-264.718000,-45.786000,26.55
0.013535,1.452000,-0.119000,-0.899000,-144.229000,-262.779000,-49.115000,26.55
0.013987,1.431000,-0.057000,-0.884000,-132.290000,-257.679000,-53.985000,26.51
0.014423,1.406000,0.036000,-0.880000,-122.733000,-243.038000,-63.542000,26.65
0.014872,1.421000,0.064000,-0.939000,-112.244000,-233.145000,-78.046000,26.51
0.015307,1.490000,0.078000,-0.979000,-103.374000,-227.053000,-95.237000,26.51
0.015779,1.542000,0.116000,-0.991000,-92.611000,-226.168000,-114.580000,26.55
0.016238,1.596000,0.117000,-0.986000,-79.450000,-225.344000,-135.557000,26.55
0.016688,1.615000,0.123000,-0.962000,-60.901000,-227.924000,-157.374000,26.51
0.017119,1.591000,0.120000,-0.876000,-37.069000,-228.427000,-176.137000,26.55
0.017575,1.555000,0.052000,-0.748000,-11.573000,-222.366000,-192.702000,26.51
0.018025,1.491000,-0.211000,-0.619000,11.023000,-216.824000,-207.557000,26.51
0.018461,1.530000,-0.226000,-0.452000,29.618000,-198.534000,-209.542000,26.55
0.018913,1.595000,-0.313000,-0.249000,46.031000,-177.771000,-202.321000,26.46
0.019382,1.645000,-0.465000,0.016000,50.611000,-158.733000,-187.786000,26.51
0.019948,1.635000,-0.703000,0.305000,37.176000,-130.748000,-167.969000,26.46
0.020403,1.694000,-0.924000,0.525000,12.412000,-101.542000,-143.924000,26.51
0.020855,1.654000,-0.991000,0.814000,-6.336000,-65.435000,-112.885000,26.60
0.021298,1.556000,-0.907000,0.871000,-7.313000,-25.237000,-76.779000,26.65
0.021728,1.573000,-0.854000,0.686000,-3.481000,11.771000,-40.718000,26.55
0.022171,1.554000,-0.766000,0.449000,-7.588000,38.580000,-10.901000,26.51
0.022612,1.504000,-0.616000,0.221000,-26.092000,51.267000,10.794000,26.55
0.023053,2.106000,-0.593000,0.019000,-16.275000,100.351000,38.443000,26.51
0.023488,-0.138000,0.029000,0.973000,87.802000,102.779000,82.947000,26.51
0.023935,0.505000,0.406000,-1.366000,47.359000,200.290000,81.313000,26.55
0.024366,0.451000,0.621000,-1.751000,38.214000,158.031000,61.038000,26.55
0.024794,0.137000,0.556000,-0.509000,78.031000,166.550000,61.634000,26.51
0.025216,0.833000,-0.138000,-1.166000,82.412000,234.137000,42.595000,26.46
0.025641,2.144000,-0.087000,-1.617000,55.786000,215.282000,30.595000,26.51
0.026081,1.542000,-0.217000,-1.156000,73.481000,149.405000,29.313000,26.51
0.026595,1.116000,-0.341000,-1.307000,35.206000,175.252000,12.382000,26.55
0.027092,1.770000,0.256000,-1.152000,17.176000,163.130000,9.511000,26.55
0.027526,1.219000,-0.101000,-0.911000,30.489000,150.595000,17.786000,26.51
0.027982,0.797000,0.094000,-0.910000,32.870000,102.779000,18.015000,26.55
0.028421,0.820000,0.052000,-0.884000,35.359000,107.237000,24.794000,26.51
0.028857,1.045000,-0.130000,-0.955000,36.046000,69.008000,25.634000,26.51
0.029272,0.772000,0.027000,-0.910000,32.443000,55.939000,26.031000,26.65
0.029811,0.685000,-0.135000,-0.986000,26.122000,41.389000,20.901000,26.55
0.030440,0.766000,-0.293000,-0.999000,10.519000,36.427000,12.779000,26.51
0.031063,0.475000,-0.055000,-0.936000,8.198000,30.962000,5.099000,26.55
0.031624,0.620000,-0.038000,-0.828000,0.718000,21.924000,3.374000,26.51
0.032087,0.541000,0.034000,-0.841000,-1.466000,16.000000,1.389000,26.60
0.032823,0.537000,-0.021000,-0.872000,-6.260000,19.817000,0.458000,26.55
0.033499,0.563000,-0.005000,-0.835000,-8.122000,26.290000,-1.969000,26.51
0.034121,0.613000,0.011000,-0.808000,-5.985000,20.305000,-2.183000,26.51
0.034732,0.592000,0.060000,-0.792000,-4.840000,18.153000,-2.336000,26.46
0.035351,0.612000,0.068000,-0.776000,-2.992000,14.656000,-1.115000,26.51
0.035961,0.610000,0.055000,-0.775000,-0.366000,10.947000,-0.015000,26.51
0.036563,0.594000,0.060000,-0.786000,0.031000,10.153000,0.656000,26.55
0.037150,0.599000,0.063000,-0.772000,1.466000,6.885000,1.832000,26.51
0.037738,0.602000,0.055000,-0.788000,3.298000,3.237000,2.916000,26.60
0.038329,0.589000,0.042000,-0.797000,3.176000,7.679000,3.435000,26.55
0.038915,0.559000,0.031000,-0.786000,2.916000,3.374000,2.901000,26.51
0.039508,0.577000,-0.011000,-0.791000,2.168000,4.733000,1.969000,26.51
0.040053,0.585000,-0.002000,-0.787000,1.771000,0.641000,0.779000,26.55
0.040634,0.599000,0.006000,-0.772000,6.809000,-16.473000,0.977000,26.51
0.041214,0.628000,0.022000,-0.738000,5.603000,-2.916000,0.076000,26.51
0.041814,0.611000,0.032000,-0.762000,1.863000,1.695000,-0.336000,26.55
0.042376,0.581000,0.045000,-0.771000,5.511000,-5.206000,0.168000,26.60
0.042928,0.592000,0.029000,-0.787000,3.099000,-5.573000,-0.092000,26.60
0.043474,0.588000,0.062000,-0.766000,7.740000,-22.824000,1.267000,26.55
0.044016,0.534000,0.068000,-0.838000,-1.344000,12.702000,0.763000,26.51
0.044563,0.573000,0.027000,-0.797000,1.115000,-1.893000,1.176000,26.41
0.045119,0.573000,0.031000,-0.779000,-5.298000,21.420000,-1.420000,26.55
0.045665,0.569000,-0.002000,-0.802000,-6.000000,19.939000,-2.916000,26.60
0.046216,0.553000,0.013000,-0.813000,-8.321000,18.351000,-5.817000,26.51
0.046765,0.513000,0.010000,-0.828000,-18.931000,25.527000,-8.550000,26.65
0.047317,0.534000,0.044000,-0.828000,-9.924000,25.542000,-9.038000,26.60
0.047865,0.587000,0.059000,-0.812000,-12.290000,28.260000,-8.183000,26.51
0.048412,0.598000,0.059000,-0.783000,-7.557000,33.191000,-7.649000,26.46
0.048967,0.565000,0.060000,-0.792000,-12.153000,43.710000,-6.153000,26.69
0.049518,0.563000,0.036000,-0.819000,-10.076000,48.809000,-5.435000,26.55
0.050090,0.615000,0.029000,-0.842000,-10.840000,51.298000,-5.710000,26.46
0.050618,0.513000,0.088000,-0.825000,-5.832000,53.634000,-2.718000,26.51
0.051117,0.573000,0.052000,-0.865000,-8.214000,63.771000,-6.763000,26.46
0.051618,0.634000,0.008000,-0.842000,-8.458000,65.023000,-6.977000,26.55
0.052126,0.650000,0.004000,-0.813000,-9.542000,74.229000,-8.595000,26.51
0.052618,0.458000,0.369000,-0.958000,-1.573000,81.939000,2.885000,26.55
0.053119,0.664000,-0.086000,-0.844000,1.298000,92.550000,4.489000,26.55
0.053616,0.577000,-0.037000,-0.807000,8.473000,97.725000,4.885000,26.41
0.054114,0.653000,0.059000,-0.855000,4.214000,109.679000,6.489000,26.55
0.054604,0.643000,0.096000,-0.905000,7.466000,117.115000,11.084000,26.55
0.055135,0.590000,0.147000,-0.994000,13.679000,131.023000,20.611000,26.51
0.055646,0.654000,0.079000,-0.997000,22.595000,144.656000,28.260000,26.55
0.056153,0.718000,0.032000,-0.972000,31.344000,147.008000,32.641000,26.46
0.056652,0.616000,-0.030000,-1.048000,56.702000,161.573000,27.786000,26.51
0.057160,0.766000,0.015000,-1.134000,68.412000,166.229000,18.611000,26.55
0.057667,0.685000,0.086000,-1.118000,74.305000,192.076000,16.962000,26.55
0.058175,0.667000,0.009000,-1.084000,106.061000,214.779000,19.267000,26.41
0.058707,0.924000,-0.275000,-1.497000,74.977000,295.160000,3.832000,26.55
0.059223,0.603000,-0.329000,-1.156000,73.435000,237.710000,-1.649000,26.55
0.059840,0.774000,-0.450000,-0.952000,66.519000,271.359000,-14.382000,26.60
0.060527,0.965000,-0.142000,-1.217000,60.275000,288.489000,-26.214000,26.55
0.061085,0.683000,0.026000,-0.778000,82.198000,274.107000,-41.878000,26.51
0.061657,1.374000,-0.049000,-1.169000,67.985000,358.275000,-17.389000,26.60
0.062179,1.271000,0.402000,-0.951000,89.115000,319.924000,-21.878000,26.46
0.062667,1.515000,0.156000,-1.199000,168.885000,124.656000,-5.618000,26.60
0.063159,1.054000,-0.058000,-0.879000,158.168000,216.214000,-2.046000,26.51
0.063654,0.736000,-0.225000,-1.213000,111.863000,188.916000,-15.618000,26.55
0.064157,0.236000,-0.748000,-1.495000,14.229000,180.412000,13.450000,26.51
0.064652,0.935000,-0.498000,-1.653000,-56.595000,183.481000,45.466000,26.60
0.065124,0.364000,-0.116000,-1.413000,-63.191000,30.702000,80.534000,26.60
0.065637,0.285000,0.052000,-1.164000,-54.534000,-10.305000,105.252000,26.60
0.066156,0.146000,0.131000,-0.982000,-54.855000,-36.031000,117.847000,26.46
0.066659,0.203000,0.118000,-0.813000,-54.641000,-68.397000,121.954000,26.55
0.067134,0.182000,0.115000,-0.757000,-71.832000,-71.328000,118.870000,26.60
0.067614,0.198000,0.208000,-0.666000,-93.450000,-61.099000,114.580000,26.46
0.068092,0.231000,0.248000,-0.605000,-114.412000,-51.405000,103.145000,26.51
0.068565,0.307000,0.349000,-0.645000,-91.344000,-143.420000,94.824000,26.60
0.069040,0.371000,0.373000,-0.613000,-90.931000,-124.733000,80.718000,26.55
0.069521,0.435000,0.367000,-0.679000,-85.710000,-152.656000,62.534000,26.55
0.070071,0.530000,0.315000,-0.741000,-96.366000,-150.092000,41.099000,26.51
0.070676,0.626000,0.269000,-0.731000,-95.359000,-192.046000,23.298000,26.55
0.071195,0.629000,0.224000,-0.713000,-101.908000,-208.183000,8.519000,26.51
0.071694,0.616000,0.141000,-0.679000,-106.580000,-220.748000,-0.534000,26.51
0.072166,0.632000,0.067000,-0.681000,-112.015000,-224.321000,-5.099000,26.55
0.072630,0.695000,-0.030000,-0.700000,-121.527000,-223.099000,-6.611000,26.65
0.073088,0.830000,-0.103000,-0.740000,-129.466000,-226.809000,-5.038000,26.51
0.073548,0.939000,-0.139000,-0.780000,-137.221000,-231.145000,-1.603000,26.55
0.074013,1.021000,-0.156000,-0.809000,-140.687000,-233.649000,1.435000,26.60
0.074479,1.106000,-0.178000,-0.834000,-142.595000,-233.359000,0.840000,26.51
0.074939,1.246000,-0.173000,-0.830000,-145.008000,-231.679000,-3.298000,26.55
0.075406,1.362000,-0.109000,-0.808000,-142.947000,-229.695000,-10.107000,26.55
0.075879,1.447000,-0.007000,-0.777000,-135.664000,-226.977000,-19.618000,26.60
0.076357,1.454000,0.117000,-0.759000,-123.679000,-224.031000,-32.763000,26.55
0.076832,1.496000,0.180000,-0.750000,-110.198000,-217.954000,-51.359000,26.51
0.077292,1.539000,0.230000,-0.678000,-96.962000,-209.206000,-74.305000,26.51
0.077748,1.545000,0.287000,-0.631000,-82.397000,-200.305000,-98.550000,26.46
0.078218,1.544000,0.303000,-0.611000,-64.870000,-190.046000,-124.336000,26.55
0.078696,1.525000,0.268000,-0.609000,-48.168000,-181.023000,-149.954000,26.51
0.079179,1.496000,0.157000,-0.613000,-33.344000,-174.748000,-172.046000,26.55
0.079754,1.427000,-0.040000,-0.603000,-20.840000,-168.000000,-187.466000,26.51
0.080289,1.370000,-0.216000,-0.596000,-9.954000,-163.557000,-191.237000,26.51
0.080772,1.362000,-0.371000,-0.596000,-2.244000,-151.618000,-183.588000,26.65
0.081293,1.400000,-0.480000,-0.593000,2.565000,-147.802000,-166.107000,26.55
0.081786,1.388000,-0.475000,-0.569000,2.519000,-143.756000,-140.321000,26.60
0.082247,1.331000,-0.441000,-0.513000,-0.901000,-139.115000,-108.534000,26.55
0.082703,1.256000,-0.415000,-0.452000,-12.183000,-128.885000,-76.763000,26.51
0.083152,1.217000,-0.424000,-0.354000,-32.870000,-116.611000,-49.099000,26.51
0.083595,1.239000,-0.387000,-0.250000,-56.611000,-103.176000,-29.038000,26.46
0.084040,1.208000,-0.288000,-0.112000,-69.695000,-88.397000,-13.649000,26.55
0.084467,1.180000,-0.213000,-0.032000,-68.916000,-68.427000,-5.557000,26.60
0.084906,1.223000,-0.200000,-0.004000,-60.962000,-49.557000,-3.344000,26.55
0.085359,1.229000,-0.193000,0.026000,-50.473000,-34.076000,-3.450000,26.60
0.085797,1.184000,-0.192000,0.051000,-42.809000,-17.160000,-3.191000,26.51
0.086230,1.109000,-0.217000,0.069000,-40.229000,1.634000,-3.206000,26.46
0.086659,1.068000,-0.195000,0.030000,-43.221000,21.389000,-5.756000,26.55
0.087112,0.925000,0.314000,-0.350000,-20.931000,44.046000,-13.405000,26.60
0.087549,1.119000,0.242000,0.286000,124.748000,68.382000,-5.511000,26.55
0.087986,1.035000,-0.638000,0.394000,131.206000,106.702000,-18.397000,26.51
0.088436,0.662000,0.055000,-1.323000,111.740000,127.511000,-37.710000,26.51
0.088865,0.021000,-0.027000,-1.625000,92.794000,73.389000,-41.405000,26.55
0.089300,-0.381000,-0.549000,-0.851000,76.733000,99.008000,-22.000000,26.55
0.089854,-0.288000,-0.828000,-0.688000,61.908000,160.809000,10.260000,26.60
0.090427,0.864000,-0.994000,-1.404000,24.809000,178.107000,26.855000,26.46
0.090934,1.684000,-0.444000,-1.280000,3.527000,119.282000,39.221000,26.51
0.091811,0.601000,-0.005000,-0.750000,-6.534000,7.298000,-2.931000,26.60
0.092254,0.600000,-0.007000,-0.765000,-4.870000,4.275000,-2.015000,26.65
0.092700,0.616000,-0.023000,-0.768000,-2.824000,1.053000,-1.252000,26.60
0.093149,0.612000,-0.020000,-0.765000,-3.450000,3.221000,-0.992000,26.60
0.093574,0.619000,-0.022000,-0.798000,-4.580000,2.366000,-0.870000,26.55
0.094450,0.626000,-0.028000,-0.770000,-6.168000,3.450000,-2.244000,26.51
0.101337,0.609000,-0.043000,-0.765000,-4.855000,1.145000,-2.718000,26.60
0.113558,0.600000,-0.021000,-0.777000,-1.924000,-6.855000,-2.244000,26.46
0.120269,0.602000,-0.044000,-0.769000,-5.786000,-1.466000,-3.084000,26.51
0.132504,0.591000,-0.046000,-0.786000,-5.344000,-5.725000,-4.000000,26.51
0.144904,0.551000,-0.026000,-0.800000,-2.824000,-4.656000,-3.221000,26.55
0.151831,0.544000,-0.006000,-0.803000,-0.870000,-5.237000,-2.168000,26.51
0.164483,0.541000,-0.037000,-0.809000,-1.298000,-4.000000,-2.290000,26.51
0.171156,0.577000,-0.052000,-0.791000,-1.664000,-3.634000,-2.840000,26.65
0.183115,0.593000,-0.083000,-0.818000,-4.061000,-10.260000,-3.756000,26.51
0.190205,0.592000,-0.038000,-0.803000,-7.863000,-6.931000,-5.084000,26.60
0.202415,0.596000,-0.030000,-0.792000,-9.969000,-9.817000,-6.443000,26.46
0.214701,0.568000,0.015000,-0.772000,-8.229000,-14.840000,-6.840000,26.60
0.221851,0.541000,0.063000,-0.770000,-7.115000,-4.397000,-4.611000,26.51
0.233823,0.570000,0.058000,-0.768000,-4.534000,-4.901000,-2.947000,26.55
0.241030,0.585000,0.015000,-0.814000,-1.618000,-2.748000,-1.328000,26.60
0.253631,0.558000,-0.027000,-0.823000,0.748000,-5.344000,-1.450000,26.51
0.260443,0.551000,-0.038000,-0.835000,-3.710000,0.489000,-2.061000,26.55
0.272650,0.537000,-0.039000,-0.833000,-4.626000,3.191000,-3.328000,26.51
0.284925,0.515000,-0.034000,-0.841000,-7.206000,8.137000,-3.847000,26.60
0.291981,0.533000,-0.057000,-0.838000,-7.847000,10.977000,-3.771000,26.55
0.304316,0.543000,-0.009000,-0.838000,-11.099000,11.573000,-4.382000,26.51
0.311522,0.562000,0.025000,-0.820000,-9.908000,10.794000,-4.122000,26.51
0.323350,0.567000,0.088000,-0.782000,-8.382000,7.557000,-2.824000,26.46
0.330793,0.587000,0.084000,-0.782000,-2.443000,6.504000,-1.176000,26.51
0.342887,0.589000,0.045000,-0.793000,-1.069000,2.824000,-0.183000,26.41
0.350322,0.563000,0.041000,-0.796000,-0.840000,7.099000,1.603000,26.55
0.362931,0.537000,0.046000,-0.768000,3.664000,9.023000,2.443000,26.60
0.375095,0.522000,0.032000,-0.765000,3.053000,11.008000,2.275000,26.51
0.382636,0.496000,0.051000,-0.782000,5.176000,16.122000,2.855000,26.55
0.395295,0.559000,0.030000,-0.811000,6.870000,20.519000,2.947000,26.55
0.401973,0.599000,-0.092000,-0.801000,0.046000,21.496000,2.809000,26.51
0.414554,0.520000,0.056000,-0.749000,-1.557000,23.420000,2.779000,26.55
0.421757,0.592000,-0.021000,-0.808000,-1.740000,23.496000,2.855000,26.55
0.433942,0.484000,0.099000,-0.790000,-3.954000,24.992000,3.374000,26.51
0.441321,0.556000,-0.033000,-0.846000,-1.481000,23.420000,4.489000,26.55
0.453482,0.589000,-0.069000,-0.848000,-3.221000,34.977000,2.076000,26.55
0.460449,0.585000,-0.043000,-0.850000,-5.405000,35.267000,1.466000,26.60
0.472683,0.611000,-0.030000,-0.809000,-5.969000,37.115000,0.565000,26.55
0.485095,0.657000,-0.018000,-0.862000,-2.244000,45.267000,0.061000,26.55
0.492091,0.693000,-0.040000,-0.880000,-6.137000,51.435000,-1.206000,26.51
0.504331,0.568000,0.006000,-0.871000,-8.076000,62.427000,-2.489000,26.65
0.511504,0.606000,-0.048000,-0.841000,-4.840000,72.000000,-3.740000,26.55
0.523880,0.566000,-0.056000,-0.909000,-5.771000,77.374000,0.565000,26.51
0.531155,0.448000,0.137000,-1.078000,14.855000,94.214000,6.962000,26.55
0.542911,0.673000,-0.020000,-0.993000,14.275000,113.435000,10.015000,26.46
0.555188,0.567000,-0.022000,-1.166000,28.000000,127.252000,9.008000,26.60
0.562178,0.297000,0.051000,-1.241000,39.634000,145.191000,13.878000,26.55
0.574163,0.527000,0.041000,-1.101000,55.115000,160.260000,12.504000,26.55
0.581210,0.148000,0.074000,-1.268000,84.824000,256.489000,-2.290000,26.51
0.593378,0.727000,0.112000,-1.359000,110.397000,169.130000,12.351000,26.55
0.605221,0.666000,0.065000,-1.330000,109.069000,177.008000,21.588000,26.55
0.612264,0.833000,0.009000,-1.217000,112.168000,261.832000,27.985000,26.51
0.624056,1.335000,-0.178000,-1.675000,48.901000,314.519000,24.687000,26.55
0.631712,1.000000,0.020000,-1.294000,56.534000,317.878000,36.656000,26.51
0.643323,1.232000,0.336000,-1.408000,57.191000,309.389000,45.282000,26.41
0.650285,0.911000,0.559000,-1.353000,143.878000,234.580000,53.008000,26.46
0.662587,0.753000,0.448000,-1.800000,140.580000,238.611000,50.214000,26.51
0.674708,0.420000,0.263000,-2.084000,77.130000,209.435000,38.550000,26.60
0.681666,0.026000,0.029000,-1.922000,26.687000,135.130000,43.328000,26.55
0.693548,-0.229000,0.322000,-2.077000,-26.931000,126.122000,45.588000,26.60
0.700618,-0.100000,0.372000,-1.579000,-20.687000,9.466000,50.580000,26.51
0.712786,-0.193000,0.435000,-1.484000,-33.069000,-13.420000,52.382000,26.46
0.724568,-0.235000,0.380000,-1.279000,-31.191000,-62.000000,51.969000,26.60
0.731601,-0.261000,0.396000,-1.092000,-35.053000,-75.740000,48.718000,26.41
0.743571,-0.192000,0.391000,-1.015000,-49.847000,-73.634000,39.511000,26.55
0.750468,-0.211000,0.443000,-0.973000,-63.924000,-73.740000,26.611000,26.51
0.762486,0.095000,0.443000,-0.958000,-53.511000,-110.214000,15.008000,26.51
0.774377,0.218000,0.462000,-0.972000,-51.679000,-126.916000,-0.076000,26.55
0.781199,0.352000,0.429000,-0.968000,-51.038000,-138.489000,-16.244000,26.60
0.793112,0.443000,0.414000,-0.981000,-51.053000,-145.130000,-32.412000,26.60
0.805440,0.538000,0.382000,-0.988000,-51.084000,-156.824000,-47.527000,26.55
0.812120,0.647000,0.341000,-1.004000,-50.977000,-171.038000,-60.855000,26.51
0.824136,0.761000,0.292000,-1.038000,-51.954000,-185.542000,-72.412000,26.60
0.830833,0.837000,0.250000,-1.066000,-53.420000,-199.344000,-81.893000,26.55
0.842477,0.902000,0.196000,-1.048000,-55.267000,-211.405000,-89.939000,26.60
0.854428,0.936000,0.162000,-1.015000,-55.176000,-220.473000,-92.855000,26.51
0.861526,0.939000,0.127000,-0.978000,-53.847000,-225.389000,-95.695000,26.55
0.873370,0.937000,0.084000,-0.954000,-54.015000,-224.351000,-96.214000,26.51
0.885283,0.941000,0.038000,-0.954000,-53.496000,-220.092000,-94.366000,26.51
0.892142,0.974000,0.006000,-0.987000,-55.237000,-215.511000,-90.519000,26.65
0.903777,1.015000,-0.019000,-1.027000,-56.794000,-211.481000,-84.473000,26.60
0.910610,1.066000,-0.051000,-1.065000,-58.061000,-211.924000,-74.870000,26.51
0.923051,1.114000,-0.059000,-1.085000,-64.122000,-212.931000,-63.634000,26.55
0.934333,1.115000,-0.031000,-1.065000,-68.977000,-211.053000,-52.672000,26.51
0.941524,1.102000,0.007000,-1.027000,-75.008000,-205.008000,-44.107000,26.60
0.953407,1.085000,0.033000,-1.003000,-80.840000,-195.496000,-38.458000,26.46
0.965195,1.154000,0.039000,-0.971000,-86.885000,-187.237000,-38.061000,26.60
0.971799,1.249000,0.063000,-0.960000,-94.229000,-176.031000,-39.954000,26.60
0.983583,1.404000,0.064000,-0.956000,-98.107000,-173.618000,-43.893000,26.55
0.990772,1.540000,0.046000,-0.914000,-100.840000,-178.916000,-50.992000,26.60
1.001896,1.678000,-0.010000,-0.812000,-99.740000,-187.252000,-60.198000,26.51
1.013910,1.644000,-0.031000,-0.588000,-88.046000,-191.435000,-69.664000,26.65
1.020605,1.481000,-0.087000,-0.142000,-63.740000,-181.679000,-74.947000,26.60
1.032397,1.509000,-0.253000,0.038000,-47.908000,-153.084000,-89.099000,26.60
1.044384,1.545000,-0.287000,0.226000,-33.389000,-118.840000,-101.084000,26.55
1.051101,1.617000,-0.287000,0.404000,-14.947000,-82.260000,-104.183000,26.51
1.063598,1.687000,-0.385000,0.533000,6.595000,-46.748000,-97.496000,26.60
1.070478,1.673000,-0.565000,0.604000,23.099000,-13.374000,-85.405000,26.55
1.082361,1.848000,-0.659000,0.699000,40.931000,18.321000,-67.740000,26.51
1.094589,1.796000,-0.594000,0.764000,57.252000,51.176000,-46.382000,26.69
1.101561,1.973000,-0.676000,0.875000,82.824000,96.366000,-17.099000,26.55
1.114146,2.252000,-0.833000,1.297000,109.863000,157.725000,9.802000,26.51
1.120679,0.008000,-0.722000,0.060000,157.053000,169.023000,8.733000,26.41
1.132967,0.656000,-0.417000,-2.384000,115.511000,211.679000,-0.916000,26.51
1.145058,0.011000,-0.610000,-1.306000,114.534000,188.947000,31.710000,26.51
1.151541,0.904000,-1.118000,-1.034000,72.229000,243.069000,27.252000,26.55
1.163937,2.324000,-0.417000,-1.487000,39.832000,221.435000,21.344000,26.55
1.170683,1.523000,-0.257000,-1.156000,30.153000,186.916000,20.550000,26.51
1.182790,1.939000,0.834000,-1.095000,30.824000,189.053000,10.550000,26.46
1.195097,1.534000,0.069000,-0.776000,60.305000,118.763000,24.244000,26.51
1.202185,0.939000,-0.370000,-1.031000,56.794000,93.954000,33.038000,26.60
1.214305,1.039000,-0.085000,-0.971000,48.794000,79.878000,38.015000,26.65
1.221404,1.035000,-0.117000,-0.918000,58.702000,15.130000,33.084000,26.55
1.233726,0.679000,-0.298000,-1.001000,35.588000,16.351000,22.595000,26.51
1.240287,0.756000,-0.339000,-1.013000,21.053000,-8.198000,11.160000,26.55
1.252865,0.547000,-0.098000,-0.906000,6.046000,1.053000,2.626000,26.51
1.260080,0.531000,0.035000,-0.880000,1.878000,12.916000,2.580000,26.51
1.272925,0.552000,0.007000,-0.850000,-6.443000,22.412000,3.130000,26.55
1.284811,0.527000,-0.010000,-0.849000,-6.061000,23.771000,3.359000,26.55
1.292032,0.552000,-0.001000,-0.836000,-6.336000,24.260000,2.947000,26.51
1.304548,0.609000,0.033000,-0.802000,-4.718000,23.282000,2.611000,26.65
1.311552,0.604000,0.036000,-0.792000,-3.282000,22.366000,3.542000,26.60
1.323817,0.590000,0.024000,-0.799000,-2.336000,20.198000,3.603000,26.60
1.330946,0.607000,0.014000,-0.805000,-1.160000,18.458000,3.649000,26.65
1.343387,0.582000,0.023000,-0.794000,-1.344000,17.527000,3.695000,26.55
1.350481,0.581000,0.031000,-0.805000,-0.916000,16.031000,4.656000,26.60
1.363093,0.567000,0.014000,-0.800000,-0.458000,15.252000,5.160000,26.65
1.375149,0.556000,-0.002000,-0.793000,-1.099000,15.847000,4.947000,26.60
1.382174,0.539000,0.034000,-0.787000,-0.977000,17.344000,4.214000,26.60
1.394821,0.519000,0.013000,-0.807000,0.275000,12.122000,3.603000,26.55
1.401921,0.550000,0.008000,-0.805000,-1.511000,16.489000,3.405000,26.55
1.414550,0.548000,-0.003000,-0.809000,-2.656000,20.275000,3.221000,26.51
1.421195,0.578000,-0.012000,-0.791000,-10.550000,21.649000,1.420000,26.55
1.433434,0.576000,-0.006000,-0.794000,-8.031000,26.214000,0.840000,26.60
1.440523,0.556000,0.016000,-0.828000,-16.641000,32.046000,0.153000,26.60
1.452718,0.590000,0.028000,-0.784000,-17.130000,36.336000,-0.550000,26.55
1.464914,0.551000,0.053000,-0.799000,-14.992000,38.855000,-0.504000,26.55
1.472038,0.587000,0.044000,-0.846000,-25.130000,50.855000,-1.206000,26.51
1.483979,0.636000,-0.017000,-0.793000,-14.382000,50.168000,-2.733000,26.55
1.491143,0.592000,-0.059000,-0.809000,-16.015000,53.756000,-6.763000,26.60
1.502949,0.584000,-0.025000,-0.822000,-16.183000,59.435000,-9.389000,26.51
1.515116,0.633000,0.028000,-0.789000,-12.092000,59.481000,-8.275000,26.65
1.522382,0.523000,0.090000,-0.960000,-1.008000,59.847000,-3.282000,26.55
1.534635,0.676000,0.042000,-0.801000,6.168000,61.573000,4.031000,26.60
1.542153,0.607000,0.077000,-0.865000,3.099000,83.069000,8.000000,26.65
1.554445,0.618000,0.081000,-0.875000,8.718000,92.595000,13.053000,26.60
1.561333,0.658000,0.046000,-0.897000,11.069000,103.313000,17.939000,26.60
1.573415,0.614000,-0.033000,-0.924000,11.908000,136.351000,22.794000,26.55
1.580404,0.648000,-0.072000,-0.980000,18.977000,124.855000,22.977000,26.55
1.592521,0.617000,-0.065000,-0.947000,20.000000,144.504000,23.145000,26.60
1.604742,0.623000,-0.009000,-0.924000,24.809000,157.771000,21.786000,26.65
1.611597,0.586000,-0.006000,-1.015000,34.351000,177.145000,21.053000,26.51
1.623908,0.628000,0.062000,-1.085000,65.557000,208.412000,18.229000,26.41
1.630995,0.654000,0.242000,-1.199000,84.992000,195.908000,25.359000,26.65
1.642728,0.533000,0.205000,-1.170000,107.924000,236.137000,37.237000,26.55
1.655017,0.812000,0.069000,-1.323000,164.214000,251.069000,37.267000,26.60
1.661923,0.887000,-0.044000,-1.378000,164.382000,244.198000,41.695000,26.55
1.673820,1.426000,-0.415000,-1.531000,103.557000,267.557000,29.023000,26.51
1.681240,1.026000,-0.313000,-1.296000,78.336000,267.588000,16.962000,26.60
1.693008,1.066000,-0.108000,-1.081000,64.641000,337.710000,11.649000,26.55
1.705154,1.391000,-0.094000,-1.968000,-46.840000,500.260000,13.481000,26.51
1.712073,1.631000,0.508000,-1.197000,85.344000,253.847000,39.664000,26.60
1.724404,1.812000,0.456000,-1.155000,109.802000,224.504000,48.321000,26.65
1.730946,0.760000,0.033000,-1.423000,122.870000,171.756000,53.969000,26.60
1.743138,-0.618000,-0.550000,-2.106000,27.740000,119.771000,63.038000,26.60
1.755206,0.490000,-0.250000,-2.257000,-94.046000,184.458000,65.603000,26.55
1.762191,-0.000000,0.333000,-1.372000,-88.183000,9.374000,91.267000,26.69
1.774071,-0.092000,0.430000,-1.152000,-80.031000,-17.710000,105.954000,26.60
1.784084,-0.164000,0.396000,-0.952000,-68.366000,-33.527000,114.092000,26.55
1.792492,-0.173000,0.414000,-0.776000,-80.672000,-39.237000,106.076000,26.51
1.804564,0.003000,0.424000,-0.787000,-84.641000,-58.641000,91.740000,26.51
1.811397,0.160000,0.492000,-0.822000,-57.206000,-131.130000,72.702000,26.46
1.823659,0.232000,0.571000,-0.867000,-78.901000,-84.122000,43.511000,26.60
1.830632,0.319000,0.520000,-0.815000,-79.588000,-113.832000,14.901000,26.60
1.842585,0.441000,0.472000,-0.822000,-79.084000,-136.122000,-10.870000,26.65
1.854490,0.535000,0.370000,-0.872000,-85.817000,-156.641000,-35.603000,26.51
1.861316,0.585000,0.269000,-0.851000,-92.779000,-177.863000,-55.985000,26.46
1.872973,0.641000,0.187000,-0.839000,-94.992000,-208.916000,-70.641000,26.65
1.885027,0.654000,0.077000,-0.798000,-98.397000,-210.641000,-77.740000,26.60
1.891727,0.689000,-0.039000,-0.775000,-99.649000,-220.366000,-79.481000,26.55
1.903450,0.701000,-0.148000,-0.794000,-104.351000,-218.290000,-77.908000,26.55
1.915106,0.804000,-0.256000,-0.814000,-105.130000,-220.153000,-72.504000,26.51
1.921876,0.862000,-0.335000,-0.856000,-107.771000,-218.855000,-64.076000,26.51
1.933834,0.925000,-0.411000,-0.932000,-108.092000,-222.061000,-54.382000,26.55
1.940621,1.005000,-0.469000,-1.016000,-110.214000,-226.321000,-43.725000,26.60
1.952010,1.040000,-0.481000,-1.044000,-115.725000,-227.069000,-31.924000,26.41
1.963991,1.089000,-0.458000,-1.055000,-120.061000,-236.092000,-19.099000,26.46
1.970653,1.144000,-0.391000,-1.034000,-126.534000,-234.977000,-8.229000,26.51
1.982463,1.208000,-0.312000,-1.006000,-133.588000,-233.084000,-1.695000,26.51
1.994465,1.271000,-0.198000,-0.982000,-139.786000,-231.725000,-0.595000,26.55
2.001065,1.315000,-0.077000,-0.940000,-139.542000,-230.275000,-5.679000,26.60
2.012728,1.366000,0.055000,-0.918000,-132.885000,-223.450000,-17.817000,26.51
2.024598,1.386000,0.140000,-0.939000,-119.359000,-217.298000,-38.748000,26.65
2.031153,1.362000,0.143000,-0.933000,-98.855000,-212.794000,-68.107000,26.51
2.043052,1.318000,0.080000,-0.910000,-76.519000,-205.603000,-101.328000,26.60
2.054972,1.313000,-0.006000,-0.893000,-52.809000,-199.695000,-131.542000,26.55
2.061396,1.322000,-0.073000,-0.885000,-25.237000,-195.863000,-151.344000,26.51
2.073414,1.441000,-0.198000,-0.886000,-2.076000,-191.908000,-162.626000,26.55
2.079065,1.555000,-0.288000,-0.841000,16.107000,-195.282000,-165.282000,26.55
2.092214,1.556000,-0.344000,-0.709000,28.183000,-198.092000,-159.099000,26.51
2.103980,1.518000,-0.466000,-0.510000,27.603000,-196.061000,-148.260000,26.55
2.110323,1.410000,-0.522000,-0.291000,16.840000,-181.267000,-135.664000,26.55
2.122555,1.300000,-0.506000,-0.043000,6.565000,-155.802000,-121.573000,26.60
2.134569,1.354000,-0.582000,0.155000,0.870000,-125.664000,-107.878000,26.55
2.141469,1.388000,-0.645000,0.255000,-0.229000,-97.282000,-92.504000,26.46
2.153541,1.509000,-0.691000,0.329000,-2.412000,-72.702000,-77.924000,26.51
2.160423,1.606000,-0.671000,0.395000,-1.099000,-58.977000,-59.130000,26.55
2.172427,1.557000,-0.698000,0.486000,-4.076000,-42.550000,-39.282000,26.46
2.184547,1.810000,-0.964000,0.851000,-26.656000,23.237000,-12.595000,26.51
2.191661,0.926000,-0.347000,1.587000,32.748000,95.160000,20.183000,26.55
2.203990,2.129000,-0.753000,1.519000,14.916000,195.053000,48.458000,26.55
2.211049,0.317000,0.200000,0.030000,63.389000,234.611000,55.511000,26.60
2.223148,0.813000,0.635000,-2.307000,51.344000,188.824000,53.359000,26.55
2.228795,-0.306000,0.402000,-0.988000,70.489000,175.878000,68.656000,26.55
2.242207,1.093000,0.016000,-0.916000,58.595000,250.137000,45.344000,26.41
2.254802,2.670000,-0.358000,-1.479000,53.893000,226.122000,39.618000,26.55
2.261178,1.537000,-0.526000,-1.188000,46.275000,187.450000,43.710000,26.46
2.273407,2.565000,0.729000,-1.532000,23.115000,165.221000,16.046000,26.60
2.280632,1.208000,-0.287000,-0.983000,61.893000,94.992000,18.870000,26.46
2.292769,0.935000,-0.598000,-1.151000,35.130000,84.763000,20.763000,26.55
2.305046,0.882000,-0.150000,-0.871000,11.832000,101.160000,12.031000,26.51
2.312013,1.016000,0.164000,-0.841000,20.458000,69.618000,13.359000,26.55
2.324104,0.856000,-0.248000,-0.885000,18.397000,29.466000,11.802000,26.55
2.331285,0.717000,-0.166000,-0.935000,14.595000,2.702000,6.198000,26.51
2.343619,0.592000,0.013000,-0.958000,-1.313000,21.008000,1.893000,26.55
2.350920,0.659000,0.031000,-0.833000,0.931000,8.779000,0.550000,26.55
2.367926,0.609000,0.025000,-0.792000,3.435000,3.221000,-0.092000,26.51
2.371419,0.544000,0.070000,-0.802000,1.924000,10.977000,0.290000,26.55
2.383785,0.545000,0.078000,-0.804000,-1.725000,21.160000,0.718000,26.55
2.395341,0.588000,-0.005000,-0.825000,-1.145000,14.153000,0.489000,26.60
2.402440,0.583000,0.046000,-0.813000,0.260000,11.939000,0.565000,26.55
2.414850,0.583000,0.018000,-0.811000,0.244000,13.863000,0.962000,26.60
2.422402,0.606000,0.014000,-0.788000,0.656000,13.405000,0.504000,26.60
2.434527,0.585000,0.042000,-0.787000,1.985000,11.191000,1.313000,26.55
2.441806,0.604000,0.048000,-0.786000,2.656000,8.580000,3.099000,26.60
2.454266,0.621000,0.033000,-0.786000,0.061000,5.481000,5.053000,26.60
2.461564,0.668000,-0.005000,-0.792000,-2.336000,2.427000,6.092000,26.55
2.473844,0.615000,0.034000,-0.780000,-2.443000,-0.656000,6.504000,26.60
2.481085,0.564000,0.052000,-0.789000,0.015000,-2.092000,7.374000,26.60
2.493593,0.577000,0.026000,-0.784000,1.481000,-2.519000,7.756000,26.55
2.500572,0.580000,-0.010000,-0.790000,2.534000,-2.000000,7.252000,26.60
2.513424,0.553000,0.005000,-0.794000,3.069000,-2.855000,6.931000,26.51
2.520428,0.576000,0.001000,-0.795000,2.916000,-3.420000,6.656000,26.55
2.532962,0.569000,0.018000,-0.779000,3.511000,-3.786000,6.244000,26.60
2.538909,0.539000,0.025000,-0.799000,3.557000,-2.580000,6.229000,26.51
2.552343,0.535000,0.013000,-0.798000,3.588000,-1.878000,5.863000,26.65
2.564847,0.520000,-0.006000,-0.849000,2.855000,1.511000,4.550000,26.60
2.572293,0.538000,-0.036000,-0.855000,-0.473000,6.382000,2.656000,26.60
2.584454,0.527000,-0.001000,-0.833000,-1.756000,11.863000,0.824000,26.55
2.591459,0.544000,0.010000,-0.800000,-2.763000,13.237000,-0.214000,26.51
2.603862,0.573000,0.030000,-0.788000,0.595000,5.771000,-0.031000,26.51
2.611067,0.542000,0.029000,-0.816000,-5.130000,22.168000,-0.443000,26.55
2.623480,0.540000,0.031000,-0.816000,-3.298000,19.695000,0.061000,26.60
2.630447,0.547000,0.060000,-0.809000,-1.252000,19.267000,0.809000,26.60
2.642928,0.572000,0.017000,-0.802000,-0.809000,20.107000,0.992000,26.51
2.655171,0.606000,-0.001000,-0.765000,0.046000,18.443000,1.008000,26.51
2.662539,0.614000,-0.001000,-0.767000,0.885000,14.977000,1.191000,26.65
2.674669,0.588000,-0.007000,-0.780000,1.069000,12.137000,1.099000,26.55
2.682016,0.530000,0.016000,-0.810000,-0.260000,13.099000,1.374000,26.60
2.694238,0.524000,0.008000,-0.836000,-1.084000,15.344000,2.107000,26.55
2.701300,0.548000,-0.022000,-0.826000,-2.870000,16.275000,1.573000,26.60
2.714362,0.597000,-0.015000,-0.808000,-4.382000,17.557000,1.206000,26.51
2.721020,0.613000,-0.001000,-0.785000,-4.550000,17.038000,1.130000,26.55
2.733429,0.607000,0.006000,-0.782000,-3.939000,15.725000,1.527000,26.65
2.740417,0.628000,0.010000,-0.768000,-3.634000,14.183000,1.649000,26.51
2.752593,0.625000,-0.011000,-0.760000,-3.679000,12.122000,1.176000,26.55
2.765160,0.624000,-0.009000,-0.754000,-2.580000,9.405000,0.687000,26.60
2.772323,0.613000,-0.000000,-0.767000,-2.489000,8.824000,0.519000,26.60
2.784520,0.603000,0.002000,-0.771000,-2.290000,6.870000,0.473000,26.55
2.791899,0.612000,0.008000,-0.774000,-2.015000,5.863000,0.748000,26.46
2.804388,0.604000,0.012000,-0.771000,-1.954000,5.496000,0.580000,26.51
2.811587,0.605000,0.003000,-0.784000,-1.969000,4.977000,0.260000,26.55
2.823856,0.611000,0.005000,-0.770000,-1.954000,3.466000,0.031000,26.51
2.831294,0.603000,0.005000,-0.769000,-1.679000,3.221000,-0.229000,26.51
2.843406,0.613000,0.008000,-0.755000,-1.328000,2.321000,-0.137000,26.46
2.850764,0.615000,0.014000,-0.763000,-1.099000,1.435000,-0.214000,26.65
2.863211,0.601000,0.006000,-0.775000,-0.962000,0.977000,0.092000,26.60
2.868710,0.595000,0.019000,-0.785000,-0.656000,1.267000,0.153000,26.55
2.882552,0.581000,0.009000,-0.798000,-0.763000,2.611000,0.489000,26.51
2.895291,0.570000,0.018000,-0.791000,-0.901000,4.214000,0.214000,26.51
2.902401,0.586000,0.011000,-0.799000,-1.099000,6.275000,0.153000,26.55
2.914835,0.593000,0.003000,-0.789000,-1.664000,7.603000,0.153000,26.55
2.922240,0.592000,0.008000,-0.773000,-2.687000,8.779000,0.122000,26.51
2.934287,0.576000,-0.009000,-0.797000,-3.084000,9.069000,0.641000,26.65
2.941584,0.602000,-0.001000,-0.776000,-2.809000,8.794000,0.565000,26.51
2.953826,0.628000,-0.011000,-0.754000,-2.962000,7.618000,0.092000,26.60
2.960916,0.635000,-0.010000,-0.750000,-2.977000,5.160000,-0.443000,26.55
2.973857,0.638000,-0.004000,-0.750000,-2.733000,3.069000,-0.824000,26.60
2.980395,0.623000,-0.003000,-0.763000,-2.519000,1.374000,-1.038000,26.51
2.992356,0.617000,0.009000,-0.770000,-2.504000,0.931000,-0.931000,26.55
3.004968,0.599000,0.020000,-0.784000,-1.985000,0.885000,-0.809000,26.51
3.011992,0.598000,0.012000,-0.789000,-2.092000,1.740000,-0.443000,26.51
3.024586,0.587000,0.008000,-0.791000,-2.137000,2.565000,-0.397000,26.55
3.031519,0.602000,0.000000,-0.785000,-2.000000,2.473000,-0.702000,26.51
3.043875,0.612000,-0.007000,-0.775000,-1.771000,2.137000,-0.733000,26.51
3.050977,0.604000,0.004000,-0.773000,-2.076000,2.137000,-1.282000,26.55
3.063434,0.598000,0.001000,-0.780000,-2.168000,2.076000,-1.053000,26.60
3.070614,0.615000,-0.007000,-0.767000,-2.076000,1.221000,-1.389000,26.51
3.082802,0.613000,0.010000,-0.766000,-2.336000,0.260000,-1.435000,26.55
3.095363,0.607000,0.009000,-0.769000,-2.229000,-0.962000,-1.176000,26.51
3.101975,0.605000,-0.002000,-0.776000,-2.504000,-1.008000,-1.267000,26.60
3.114881,0.609000,0.005000,-0.774000,-2.000000,-1.282000,-1.008000,26.46
3.121621,0.600000,0.017000,-0.773000,-1.832000,-1.298000,-0.611000,26.51
3.133835,0.592000,-0.001000,-0.780000,-1.893000,-0.550000,-0.580000,26.51
3.140997,0.599000,0.000000,-0.781000,-2.183000,-0.198000,-0.885000,26.55
3.153210,0.571000,0.004000,-0.794000,-2.015000,1.008000,-0.794000,26.46
3.160482,0.604000,0.011000,-0.778000,-2.229000,0.794000,-0.916000,26.51
3.172927,0.608000,0.013000,-0.772000,-1.725000,0.290000,-0.977000,26.55
3.185230,0.602000,0.017000,-0.795000,-1.557000,0.275000,-0.687000,26.51
3.192169,0.607000,0.005000,-0.782000,-1.527000,0.275000,-0.443000,26.51
3.204535,0.600000,0.001000,-0.785000,-1.603000,0.504000,-0.244000,26.55
3.211977,0.583000,-0.005000,-0.799000,-1.985000,0.885000,-0.458000,26.55
3.223854,0.600000,-0.005000,-0.780000,-2.260000,1.206000,-0.870000,26.51
3.231147,0.595000,0.021000,-0.788000,-2.397000,1.282000,-1.176000,26.65
3.244511,0.587000,0.028000,-0.778000,-1.985000,2.153000,-0.840000,26.51
3.250479,0.587000,0.023000,-0.798000,-1.603000,2.595000,-0.305000,26.51
3.262728,0.592000,0.011000,-0.779000,-1.298000,3.359000,-0.061000,26.65
3.275088,0.598000,0.009000,-0.777000,-1.298000,3.130000,0.229000,26.55
3.282512,0.580000,0.031000,-0.797000,-0.977000,4.336000,0.580000,26.60
3.295326,0.585000,0.009000,-0.792000,-1.023000,5.740000,0.656000,26.55
3.302446,0.598000,0.002000,-0.787000,-1.237000,6.198000,0.366000,26.60
3.314850,0.601000,0.005000,-0.771000,-1.130000,6.046000,0.061000,26.60
3.322007,0.595000,0.004000,-0.771000,-1.084000,5.878000,0.046000,26.55
3.334425,0.608000,0.006000,-0.764000,-0.580000,5.481000,-0.061000,26.46
3.341651,0.607000,0.011000,-0.771000,0.031000,4.611000,0.031000,26.60
3.354209,0.602000,0.010000,-0.772000,0.321000,5.588000,0.443000,26.65
3.361653,0.593000,0.011000,-0.793000,0.321000,6.656000,1.023000,26.51
3.374103,0.574000,0.018000,-0.805000,0.641000,8.397000,1.649000,26.60
3.381310,0.605000,0.007000,-0.792000,1.282000,8.580000,1.573000,26.55
3.393874,0.597000,0.021000,-0.789000,0.733000,11.832000,1.679000,26.46
3.400923,0.589000,0.016000,-0.813000,0.214000,13.878000,2.641000,26.60
3.413235,0.591000,-0.006000,-0.814000,-0.092000,16.580000,3.038000,26.55
3.420513,0.585000,0.007000,-0.829000,-1.084000,21.130000,4.076000,26.51
3.432798,0.570000,0.022000,-0.835000,-0.855000,24.473000,4.229000,26.60
3.444995,0.551000,0.030000,-0.875000,-3.313000,29.389000,6.351000,26.55
3.451985,0.466000,0.102000,-0.964000,-7.817000,42.427000,12.351000,26.46
3.464329,0.525000,0.052000,-0.958000,-15.557000,60.122000,14.366000,26.60
3.471441,0.493000,0.166000,-1.060000,-18.626000,84.122000,18.183000,26.55
3.483565,0.643000,0.086000,-1.037000,-2.504000,101.786000,26.137000,26.60
3.490344,0.634000,-0.010000,-1.064000,-8.031000,118.992000,32.519000,26.60
3.502723,0.611000,-0.018000,-1.126000,-27.771000,128.397000,44.885000,26.55
3.517999,0.523000,0.110000,-1.109000,-42.122000,132.061000,49.038000,26.55
3.521293,0.414000,0.179000,-1.148000,-54.443000,118.458000,57.664000,26.51
3.533213,-0.017000,0.401000,-1.104000,-68.366000,95.130000,67.496000,26.55
3.540284,-0.938000,0.956000,-1.759000,-52.626000,32.611000,49.267000,26.60
3.552319,-1.427000,0.679000,-1.904000,-56.687000,-40.153000,18.565000,26.51
3.564402,-1.058000,0.355000,-1.795000,-66.840000,-105.695000,-2.733000,26.55
3.570974,-0.387000,-0.008000,-1.512000,-65.878000,-152.305000,-1.374000,26.55
3.582914,0.518000,-0.203000,-1.133000,-49.099000,-179.740000,22.046000,26.60
3.595323,0.998000,-0.541000,-0.590000,-52.076000,-171.344000,46.107000,26.69
3.601608,1.792000,-0.596000,0.324000,-51.771000,-117.176000,75.756000,26.60
3.618024,3.689000,-0.765000,1.552000,-16.168000,-17.282000,80.305000,26.51
3.620901,4.000000,-0.985000,1.480000,1.237000,54.901000,44.611000,26.51
3.633344,1.858000,-1.029000,0.255000,9.817000,72.901000,21.282000,26.55
3.640026,-0.042000,-0.318000,-1.097000,35.405000,37.389000,-9.206000,26.51
3.652448,0.596000,-0.296000,-0.623000,16.443000,42.977000,-15.985000,26.51
3.664729,0.932000,-0.048000,-0.454000,19.435000,20.153000,-24.733000,26.51
3.671371,0.707000,-0.015000,-0.619000,17.405000,13.176000,-26.198000,26.60
3.684043,0.741000,0.035000,-0.576000,8.351000,2.427000,-22.504000,26.60
3.690987,0.774000,0.157000,-0.555000,-0.427000,-9.099000,-12.840000,26.55
3.702949,0.691000,0.145000,-0.651000,-5.176000,-18.000000,-1.206000,26.51
3.709102,0.675000,0.039000,-0.716000,-9.176000,-21.252000,5.954000,26.46
3.722342,0.665000,-0.012000,-0.752000,-9.527000,-20.656000,8.031000,26.51
3.734632,0.606000,0.009000,-0.814000,-7.649000,-17.985000,7.557000,26.60
3.741814,0.582000,0.039000,-0.843000,-6.916000,-11.649000,8.092000,26.55
3.753962,0.580000,-0.000000,-0.853000,-5.160000,-5.130000,6.977000,26.55
3.761209,0.607000,-0.059000,-0.820000,-3.679000,-0.809000,3.557000,26.60
3.773781,0.585000,-0.052000,-0.808000,-2.702000,1.969000,-0.351000,26.55
3.780391,0.602000,-0.045000,-0.787000,-2.763000,4.702000,-1.771000,26.51
3.792808,0.632000,-0.038000,-0.769000,-2.809000,6.809000,-3.649000,26.60
3.805182,0.624000,-0.010000,-0.754000,-3.206000,7.863000,-5.099000,26.65
3.812181,0.637000,0.011000,-0.721000,-3.634000,7.450000,-5.771000,26.55
3.824541,0.674000,0.001000,-0.666000,-5.511000,4.748000,-5.359000,26.51
3.831721,0.712000,-0.007000,-0.632000,-5.527000,-1.725000,-5.344000,26.55
3.843768,0.745000,-0.043000,-0.576000,-7.466000,-11.115000,-5.298000,26.51
3.850769,0.767000,-0.088000,-0.621000,-7.405000,-19.863000,-5.664000,26.60
3.862597,0.709000,-0.049000,-0.676000,-7.557000,-26.672000,-6.076000,26.65
3.874672,0.734000,0.022000,-0.707000,-0.519000,-35.679000,-5.099000,26.55
3.882006,0.700000,-0.003000,-0.746000,-0.137000,-38.565000,-5.237000,26.51
3.894060,0.663000,-0.072000,-0.760000,2.244000,-40.641000,-7.817000,26.46
3.900882,0.576000,-0.025000,-0.827000,2.885000,-36.443000,-9.695000,26.60
3.913500,0.500000,0.036000,-0.846000,5.298000,-29.328000,-7.939000,26.60
3.919269,0.461000,-0.036000,-0.875000,3.740000,-22.198000,-6.229000,26.55
3.932396,0.548000,-0.049000,-0.815000,-0.458000,-17.924000,-7.893000,26.55
3.944652,0.523000,0.061000,-0.817000,-0.565000,-12.290000,-8.763000,26.51
3.951675,0.528000,0.048000,-0.846000,-2.366000,-6.947000,-7.450000,26.65
3.963920,0.573000,0.021000,-0.813000,-3.466000,-5.008000,-6.183000,26.60
3.970774,0.540000,0.009000,-0.842000,-5.695000,-1.267000,-5.115000,26.51
3.983477,0.542000,0.015000,-0.862000,-6.061000,2.672000,-6.305000,26.55
3.990592,0.579000,0.025000,-0.833000,-6.260000,5.328000,-5.847000,26.55
4.002958,0.578000,0.043000,-0.802000,-5.939000,6.504000,-5.252000,26.60
4.015050,0.554000,0.043000,-0.842000,-7.115000,12.382000,-4.931000,26.55
4.022360,0.540000,0.109000,-0.757000,-4.092000,11.344000,-4.687000,26.60
4.034507,0.565000,0.072000,-0.823000,-2.824000,15.145000,-3.008000,26.69
4.041649,0.604000,0.049000,-0.800000,-1.313000,16.107000,-1.832000,26.65
4.054156,0.583000,0.048000,-0.794000,-0.412000,17.893000,-0.458000,26.55
4.061222,0.576000,0.035000,-0.794000,0.412000,20.076000,0.870000,26.60
4.073133,0.583000,-0.005000,-0.805000,0.137000,19.878000,1.115000,26.55
4.080354,0.621000,-0.011000,-0.762000,-0.931000,22.504000,0.611000,26.60
4.092292,0.641000,-0.042000,-0.742000,-3.618000,23.374000,-0.489000,26.60
4.104649,0.571000,-0.036000,-0.793000,-3.893000,31.221000,-2.519000,26.55
4.111673,0.506000,-0.020000,-0.856000,-3.160000,35.557000,-1.908000,26.55
4.123882,0.573000,-0.053000,-0.796000,-3.221000,44.458000,-0.489000,26.60
4.130953,0.599000,-0.014000,-0.812000,-1.328000,44.840000,-0.168000,26.55
4.143379,0.625000,0.006000,-0.754000,0.580000,43.863000,0.412000,26.60
4.150636,0.615000,0.010000,-0.797000,1.771000,48.763000,-0.321000,26.60
4.163032,0.557000,-0.044000,-0.931000,0.794000,54.687000,1.237000,26.65
4.175161,0.642000,-0.006000,-0.831000,9.191000,60.733000,3.328000,26.60
4.182165,0.667000,-0.001000,-0.842000,10.962000,65.725000,4.000000,26.60
4.194831,0.672000,-0.001000,-0.830000,12.336000,72.748000,5.267000,26.55
4.201837,0.647000,0.044000,-0.856000,15.237000,78.809000,8.763000,26.51
4.213969,0.597000,0.094000,-0.925000,21.939000,88.641000,14.519000,26.51
4.221295,0.570000,0.051000,-0.996000,27.573000,101.603000,23.740000,26.55
4.233529,0.612000,0.057000,-0.941000,39.267000,111.588000,30.000000,26.51
4.240523,0.476000,0.161000,-1.032000,57.145000,117.053000,35.649000,26.51
4.252799,0.487000,0.083000,-1.040000,57.603000,156.687000,34.443000,26.65
4.264817,0.690000,0.068000,-1.122000,37.359000,219.725000,30.641000,26.51
4.271692,0.780000,0.116000,-1.277000,64.107000,298.137000,36.611000,26.60
4.283839,0.662000,-0.057000,-1.195000,82.153000,290.870000,37.664000,26.55
4.290893,0.674000,-0.056000,-1.063000,97.924000,313.359000,39.145000,26.60
4.303294,1.018000,-0.171000,-1.191000,101.084000,282.489000,41.771000,26.51
4.314892,1.466000,-0.291000,-1.657000,54.504000,295.725000,39.786000,26.55
4.322194,1.361000,-0.169000,-1.368000,36.351000,282.824000,40.244000,26.51
4.334037,1.506000,0.096000,-1.715000,44.366000,224.580000,40.107000,26.60
4.340865,1.280000,0.615000,-2.103000,49.053000,184.290000,19.038000,26.46
4.353424,0.100000,0.909000,-2.761000,52.962000,96.779000,-3.115000,26.51
4.365098,-0.877000,0.688000,-2.551000,48.321000,21.450000,-12.534000,26.60
4.372543,-0.509000,0.445000,-2.375000,9.878000,-2.641000,-2.427000,26.55
4.384494,-0.773000,0.397000,-1.967000,1.664000,-114.473000,14.550000,26.60
4.391514,-0.780000,0.363000,-1.628000,-27.282000,-118.107000,30.977000,26.60
4.403458,-0.674000,0.344000,-1.466000,-49.176000,-131.160000,46.122000,26.55
4.415306,-0.402000,0.354000,-1.366000,-59.847000,-148.931000,53.985000,26.60
4.421997,-0.156000,0.413000,-1.300000,-65.679000,-158.595000,52.061000,26.55
4.433991,0.061000,0.494000,-1.257000,-65.893000,-152.794000,41.145000,26.55
4.440895,0.198000,0.497000,-1.163000,-58.458000,-175.099000,22.458000,26.60
4.453146,0.348000,0.452000,-1.111000,-44.122000,-200.794000,3.023000,26.46
4.464596,0.459000,0.431000,-1.042000,-48.076000,-192.229000,-20.351000,26.65
4.471647,0.551000,0.411000,-1.016000,-46.763000,-184.809000,-38.214000,26.51
4.483358,0.656000,0.341000,-1.021000,-54.580000,-177.756000,-51.221000,26.60
4.490061,1.058000,0.078000,-1.201000,-77.771000,-180.763000,-63.679000,26.55
4.502135,1.624000,0.096000,-1.208000,-71.725000,-206.809000,-69.496000,26.60
4.514006,1.217000,0.192000,-0.893000,-54.840000,-228.214000,-70.198000,26.60
4.520799,1.041000,0.041000,-0.926000,-55.038000,-206.809000,-66.855000,26.65
4.532550,1.077000,-0.073000,-0.921000,-56.107000,-191.023000,-62.901000,26.60
4.544584,1.343000,-0.172000,-1.083000,-80.748000,-195.313000,-64.977000,26.60
4.551063,1.374000,-0.077000,-1.101000,-85.405000,-205.099000,-62.992000,26.65
4.563084,1.284000,-0.066000,-1.021000,-77.053000,-210.931000,-59.160000,26.60
4.574933,1.171000,-0.144000,-0.923000,-73.405000,-205.878000,-55.710000,26.41
4.581554,1.111000,-0.175000,-0.867000,-76.794000,-195.756000,-52.870000,26.55
4.593346,1.101000,-0.145000,-0.850000,-78.855000,-184.397000,-49.695000,26.51
4.600471,1.108000,-0.103000,-0.865000,-76.748000,-174.351000,-46.885000,26.60
4.612054,1.105000,-0.077000,-0.847000,-71.786000,-167.191000,-44.779000,26.55
4.623856,1.448000,-0.010000,-0.581000,-43.481000,-132.687000,-38.550000,26.51
4.630994,0.958000,-0.050000,-0.527000,-24.153000,-119.206000,-36.168000,26.60
4.642626,1.209000,-0.370000,-0.808000,-37.618000,-118.137000,-49.603000,26.55
4.654532,1.301000,-0.168000,-0.961000,-68.672000,-123.802000,-71.252000,26.51
4.661006,1.362000,0.034000,-0.998000,-67.008000,-141.649000,-79.985000,26.60
4.673105,1.279000,0.101000,-0.850000,-38.885000,-155.267000,-82.260000,26.55
4.684952,1.296000,-0.066000,-0.729000,-16.550000,-163.832000,-86.977000,26.51
4.691972,1.333000,-0.192000,-0.495000,-6.168000,-168.641000,-97.038000,26.55
4.703679,1.333000,-0.223000,-0.229000,-0.275000,-161.008000,-104.718000,26.55
4.710407,1.356000,-0.279000,-0.014000,4.321000,-144.321000,-109.389000,26.60
4.722540,1.386000,-0.344000,0.202000,9.969000,-119.298000,-110.214000,26.55
4.734599,1.470000,-0.432000,0.367000,14.641000,-88.763000,-104.885000,26.55
4.741444,1.516000,-0.548000,0.526000,14.122000,-56.870000,-94.427000,26.51
4.753591,1.507000,-0.579000,0.652000,11.405000,-21.664000,-77.496000,26.55
4.760862,1.506000,-0.588000,0.609000,4.015000,10.870000,-56.672000,26.46
4.772925,1.501000,-0.553000,0.470000,-10.489000,38.061000,-36.489000,26.51
4.785174,2.168000,-0.849000,0.851000,-18.137000,90.198000,2.076000,26.55
4.791827,1.383000,-0.247000,1.025000,39.450000,133.328000,21.863000,26.46
4.804254,1.344000,-0.232000,0.632000,76.962000,175.634000,63.817000,26.60
4.811238,0.743000,0.238000,-1.269000,87.679000,202.046000,58.977000,26.55
4.823768,0.451000,0.179000,-1.544000,72.901000,174.321000,54.794000,26.55
4.830351,0.208000,0.033000,-0.903000,68.672000,233.542000,46.947000,26.60
4.842282,1.199000,-0.466000,-1.242000,61.313000,251.740000,23.588000,26.55
4.854425,2.230000,-0.246000,-1.460000,60.641000,207.664000,25.191000,26.55
4.861430,1.526000,-0.389000,-1.218000,46.290000,186.672000,19.557000,26.51
4.873710,1.450000,0.710000,-1.389000,15.557000,197.542000,6.076000,26.55
4.880831,2.126000,0.488000,-0.968000,31.435000,131.466000,10.992000,26.46
4.892862,1.135000,-0.071000,-1.030000,38.977000,105.618000,12.229000,26.60
4.905076,0.828000,-0.285000,-0.944000,36.977000,69.130000,20.901000,26.55
4.912194,1.011000,0.106000,-0.884000,32.962000,61.496000,22.275000,26.55
4.924246,1.006000,-0.105000,-0.930000,38.122000,44.718000,22.275000,26.41
4.931593,0.691000,-0.330000,-0.966000,23.282000,13.588000,15.588000,26.55
4.943644,0.720000,-0.180000,-0.924000,4.214000,20.885000,5.237000,26.55
4.951050,0.598000,-0.072000,-0.886000,5.588000,6.718000,2.397000,26.51
4.963460,0.605000,-0.017000,-0.852000,1.206000,9.832000,0.748000,26.55
4.971100,0.584000,0.009000,-0.860000,2.122000,5.740000,0.519000,26.46
4.983750,0.554000,-0.027000,-0.847000,-1.756000,10.763000,-0.046000,26.51
4.995925,0.561000,0.010000,-0.823000,-1.634000,9.374000,-0.260000,26.55
5.002632,0.560000,-0.012000,-0.814000,-2.840000,11.603000,-0.076000,26.55
5.014074,0.558000,-0.010000,-0.814000,-2.947000,10.366000,-0.092000,26.51
5.021448,0.560000,0.010000,-0.800000,-3.664000,10.885000,0.229000,26.55
5.033582,0.575000,0.011000,-0.802000,-3.053000,11.099000,0.351000,26.55
5.040824,0.576000,0.033000,-0.791000,-2.061000,9.603000,1.069000,26.60
5.053343,0.558000,0.043000,-0.787000,-1.908000,10.885000,1.496000,26.55
5.060327,0.567000,0.020000,-0.797000,-0.870000,7.511000,1.725000,26.55
5.073523,0.560000,0.021000,-0.800000,-2.061000,9.008000,2.092000,26.41
5.080182,0.540000,0.050000,-0.785000,-0.901000,8.687000,2.366000,26.55
5.093300,0.532000,0.042000,-0.805000,-0.061000,11.237000,2.656000,26.46
5.105479,0.576000,0.017000,-0.778000,1.176000,7.466000,3.221000,26.51
5.112611,0.539000,0.018000,-0.814000,2.824000,6.031000,3.038000,26.55
5.124921,0.527000,0.037000,-0.840000,2.260000,12.305000,3.573000,26.65
5.132481,0.606000,-0.068000,-0.827000,-0.534000,11.038000,3.725000,26.51
5.144317,0.547000,-0.017000,-0.797000,-4.626000,18.137000,1.328000,26.55
5.151388,0.526000,0.031000,-0.799000,-7.527000,24.977000,1.710000,26.55
5.163726,0.478000,0.076000,-0.790000,-9.099000,26.748000,2.809000,26.51
5.170717,0.515000,0.054000,-0.828000,-11.542000,39.008000,1.679000,26.55
5.183105,0.578000,-0.007000,-0.796000,-9.924000,32.198000,1.481000,26.46
5.190633,0.555000,0.025000,-0.851000,-4.626000,14.504000,-0.534000,26.51
5.202890,0.687000,-0.025000,-0.830000,-9.511000,28.672000,-4.702000,26.55
5.214693,0.645000,-0.056000,-0.873000,-8.870000,49.786000,-4.595000,26.55
5.221532,0.569000,-0.024000,-0.819000,-8.718000,31.053000,-5.969000,26.51
5.233856,0.596000,-0.004000,-0.848000,-10.534000,48.366000,-5.237000,26.55
5.242201,0.635000,0.077000,-0.844000,-12.687000,55.557000,-4.809000,26.55
5.252896,0.607000,0.021000,-0.830000,-9.542000,60.000000,-2.580000,26.60
5.265050,0.593000,0.002000,-0.830000,-15.405000,67.710000,-0.870000,26.55
5.272374,0.581000,0.090000,-0.888000,-13.649000,77.099000,6.015000,26.55
5.284663,0.484000,0.223000,-1.029000,6.336000,89.313000,13.939000,26.60
5.291870,0.561000,0.008000,-0.992000,2.855000,105.389000,18.412000,26.60
5.304476,0.615000,-0.095000,-0.980000,11.847000,122.855000,19.023000,26.55
5.310732,0.567000,-0.112000,-0.984000,13.954000,137.924000,13.344000,26.60
5.322548,0.536000,-0.104000,-1.033000,23.817000,156.214000,12.580000,26.46
5.334827,0.625000,-0.093000,-1.026000,32.718000,177.115000,4.351000,26.55
5.341862,0.565000,-0.050000,-1.089000,46.855000,199.450000,1.069000,26.60
5.354166,0.620000,0.002000,-1.235000,50.626000,227.282000,0.427000,26.46
5.361175,0.484000,0.176000,-1.359000,50.580000,321.771000,-2.290000,26.55
5.373317,0.593000,0.250000,-1.218000,46.107000,450.107000,5.069000,26.51
5.380592,1.000000,-0.030000,-1.589000,54.672000,413.542000,16.901000,26.55
5.392399,0.944000,-0.300000,-1.307000,45.802000,389.802000,18.122000,26.55
5.404598,1.042000,-0.192000,-1.464000,26.565000,428.580000,11.267000,26.51
5.411562,0.982000,0.137000,-1.090000,112.443000,232.779000,22.885000,26.55
5.423599,1.489000,0.154000,-1.604000,52.718000,367.557000,22.443000,26.55
5.430627,1.289000,0.641000,-1.158000,104.489000,267.786000,50.885000,26.51
5.442709,1.902000,0.476000,-1.109000,102.015000,302.000000,66.244000,26.46
5.454899,0.834000,0.249000,-0.959000,125.618000,255.588000,68.931000,26.55
5.462251,-0.162000,-0.646000,-2.002000,54.718000,118.885000,89.206000,26.60
5.473637,0.949000,-0.503000,-2.219000,-60.290000,102.397000,92.061000,26.55
5.481188,-0.053000,0.262000,-1.474000,-99.359000,9.771000,109.267000,26.46
5.492805,-0.120000,0.496000,-1.196000,-81.359000,-10.229000,118.412000,26.51
5.504635,-0.231000,0.503000,-0.938000,-58.504000,-20.000000,118.534000,26.55
5.511330,-0.147000,0.549000,-0.820000,-43.496000,-45.649000,107.298000,26.46
5.523303,0.009000,0.535000,-0.740000,-41.267000,-63.802000,86.275000,26.60
5.530211,0.138000,0.554000,-0.912000,-40.229000,-83.466000,59.710000,26.55
5.542344,0.239000,0.592000,-0.926000,-40.641000,-102.305000,29.527000,26.55
5.554482,0.339000,0.615000,-0.808000,-35.405000,-137.832000,2.397000,26.51
5.561097,0.482000,0.553000,-0.848000,-25.817000,-150.382000,-21.282000,26.55
5.573284,0.556000,0.486000,-0.833000,-34.000000,-167.420000,-45.298000,26.55
5.585140,0.557000,0.381000,-0.822000,-37.954000,-184.931000,-61.160000,26.60
5.591820,0.579000,0.274000,-0.843000,-28.794000,-257.313000,-71.130000,26.46
5.603902,0.541000,0.189000,-0.719000,-51.328000,-254.809000,-78.489000,26.55
5.610496,0.586000,0.117000,-0.719000,-57.267000,-253.863000,-77.710000,26.60
5.622342,0.692000,0.033000,-0.744000,-71.237000,-258.321000,-73.954000,26.46
5.634501,0.803000,-0.061000,-0.796000,-86.198000,-262.244000,-66.183000,26.55
5.640993,0.895000,-0.130000,-0.829000,-99.618000,-271.664000,-55.756000,26.60
5.653090,0.974000,-0.199000,-0.891000,-113.496000,-271.374000,-45.389000,26.46
5.664571,1.061000,-0.251000,-0.939000,-124.885000,-268.947000,-36.305000,26.60
5.671255,1.204000,-0.281000,-1.006000,-135.145000,-265.878000,-29.588000,26.51
5.682897,1.312000,-0.318000,-1.082000,-141.847000,-266.992000,-24.931000,26.65
5.695091,1.413000,-0.329000,-1.115000,-145.985000,-270.947000,-22.626000,26.51
5.701459,1.475000,-0.266000,-1.125000,-146.550000,-271.435000,-21.466000,26.51
5.713171,1.505000,-0.191000,-1.082000,-141.328000,-267.832000,-22.473000,26.55
5.724924,1.516000,-0.113000,-1.040000,-131.542000,-264.015000,-26.229000,26.51
5.731464,1.531000,-0.056000,-1.029000,-121.389000,-256.107000,-33.664000,26.51
5.743205,1.613000,0.004000,-1.032000,-114.656000,-245.115000,-47.511000,26.55
5.749037,1.692000,0.042000,-0.984000,-104.931000,-242.962000,-68.565000,26.51
5.761955,1.738000,0.034000,-0.864000,-89.344000,-239.389000,-97.679000,26.60
5.773993,1.757000,0.030000,-0.733000,-61.756000,-235.008000,-126.107000,26.55
5.780425,1.731000,-0.053000,-0.537000,-25.435000,-225.069000,-148.366000,26.51
5.792421,1.632000,-0.130000,-0.364000,11.802000,-207.908000,-163.496000,26.51
5.804254,1.576000,-0.258000,-0.247000,38.977000,-183.634000,-170.519000,26.55
5.810942,1.440000,-0.451000,-0.117000,50.229000,-160.779000,-168.855000,26.60
5.823295,1.469000,-0.671000,0.036000,39.053000,-133.359000,-158.015000,26.60
5.834862,1.520000,-0.827000,0.172000,15.435000,-109.191000,-130.779000,26.51
5.841889,1.576000,-0.974000,0.324000,-14.626000,-86.870000,-91.511000,26.51
5.853843,1.552000,-0.987000,0.460000,-43.985000,-68.626000,-47.573000,26.55
5.860706,1.358000,-0.886000,0.526000,-65.908000,-42.168000,-6.870000,26.65
5.872998,1.449000,-0.558000,0.816000,-33.160000,24.580000,39.878000,26.60
5.885207,1.216000,-0.564000,0.894000,12.916000,90.397000,62.198000,26.55
5.892077,1.676000,-0.515000,0.745000,29.359000,133.069000,83.420000,26.51
5.904436,1.258000,-0.220000,0.862000,69.847000,173.282000,104.580000,26.60
5.911622,0.468000,0.532000,-1.277000,74.046000,213.939000,88.931000,26.55
5.924203,0.606000,0.714000,-1.812000,67.679000,167.069000,51.710000,26.55
5.930496,0.531000,0.256000,-0.866000,72.198000,184.504000,45.786000,26.51
5.942669,1.647000,-0.283000,-1.199000,61.878000,204.427000,38.046000,26.55
5.954860,1.991000,-0.250000,-1.421000,60.137000,148.519000,39.924000,26.51
5.961641,1.236000,-0.307000,-1.181000,48.687000,98.534000,30.107000,26.51
5.973762,1.139000,0.421000,-1.376000,28.351000,160.305000,11.588000,26.55
5.980999,1.591000,0.225000,-0.893000,29.679000,84.137000,11.511000,26.55
5.993081,0.989000,-0.188000,-0.957000,22.626000,105.832000,18.015000,26.60
6.005211,0.813000,-0.024000,-0.943000,36.229000,58.641000,21.847000,26.55
6.012300,0.802000,-0.039000,-0.847000,31.176000,62.244000,19.863000,26.60
6.024493,0.904000,-0.071000,-0.907000,31.008000,38.092000,20.504000,26.60
6.031704,0.772000,-0.097000,-0.926000,26.489000,23.328000,19.176000,26.55
6.043565,0.662000,-0.172000,-0.913000,18.382000,15.664000,12.656000,26.51
6.050681,0.654000,-0.104000,-0.894000,10.733000,10.427000,7.023000,26.51
6.063166,0.619000,-0.029000,-0.872000,7.237000,9.924000,3.954000,26.55
6.071159,0.590000,-0.015000,-0.862000,4.092000,10.580000,2.687000,26.51
6.082946,0.565000,0.031000,-0.829000,4.260000,7.481000,2.275000,26.51
6.095331,0.488000,0.064000,-0.854000,4.687000,12.855000,3.191000,26.55
6.102743,0.551000,0.025000,-0.837000,5.985000,14.580000,4.458000,26.51
6.114807,0.588000,0.027000,-0.817000,6.183000,12.840000,4.534000,26.60
6.121796,0.546000,0.034000,-0.807000,6.550000,13.115000,5.710000,26.65
6.134409,0.511000,0.080000,-0.830000,9.435000,15.573000,7.420000,26.60
6.141633,0.499000,0.056000,-0.823000,10.641000,18.855000,8.214000,26.51
6.153835,0.617000,-0.078000,-0.855000,3.023000,19.069000,6.840000,26.46
6.161271,0.594000,-0.009000,-0.818000,2.275000,16.504000,6.000000,26.60
6.173335,0.569000,-0.002000,-0.798000,0.427000,14.840000,6.336000,26.51
6.180961,0.563000,0.003000,-0.800000,0.290000,13.878000,6.550000,26.55
6.193319,0.541000,0.009000,-0.812000,-1.466000,15.985000,6.840000,26.41
6.200410,0.544000,-0.018000,-0.812000,-2.672000,16.855000,6.962000,26.60
6.212435,0.556000,-0.002000,-0.813000,-2.855000,16.931000,7.725000,26.46
6.224790,0.569000,0.005000,-0.816000,-4.794000,20.611000,7.847000,26.60
6.231958,0.610000,-0.009000,-0.799000,-2.504000,16.656000,7.542000,26.51
6.244282,0.665000,-0.007000,-0.761000,-4.275000,20.595000,7.771000,26.55
6.251262,0.569000,0.005000,-0.807000,-7.206000,28.061000,7.344000,26.60
6.263711,0.496000,0.057000,-0.813000,-5.466000,33.725000,8.336000,26.60
6.270882,0.550000,0.001000,-0.790000,-3.084000,34.504000,10.137000,26.55
6.283162,0.663000,-0.098000,-0.724000,-17.252000,41.817000,9.878000,26.55
6.295384,0.668000,-0.123000,-0.753000,-0.977000,16.046000,4.137000,26.51
6.302416,0.639000,-0.058000,-0.843000,-14.290000,54.321000,1.939000,26.46
6.314806,0.482000,0.044000,-0.932000,-14.122000,68.031000,0.489000,26.51
6.321576,0.503000,-0.012000,-0.912000,-15.023000,96.397000,-1.481000,26.41
6.333395,0.536000,-0.019000,-0.850000,-12.412000,112.870000,-1.328000,26.55
6.340314,0.587000,-0.080000,-0.809000,-12.458000,123.115000,-7.282000,26.51
6.352431,0.698000,0.044000,-0.919000,-7.924000,119.313000,-11.618000,26.51
6.364525,0.563000,0.205000,-0.845000,-3.832000,122.687000,-8.290000,26.37
6.371933,0.593000,0.282000,-0.899000,5.985000,90.916000,4.931000,26.51
6.384159,0.659000,0.117000,-0.875000,22.565000,90.672000,12.229000,26.51
6.391319,0.722000,0.033000,-0.726000,21.817000,89.053000,19.389000,26.65
6.403559,0.833000,-0.022000,-0.626000,19.573000,80.000000,23.221000,26.60
6.410365,0.814000,-0.040000,-0.585000,19.115000,74.214000,25.282000,26.60
6.422498,0.800000,-0.077000,-0.624000,14.870000,68.290000,25.374000,26.55
6.435109,0.783000,-0.128000,-0.650000,9.527000,64.595000,26.809000,26.51
6.441930,0.732000,-0.108000,-0.646000,9.740000,57.405000,26.244000,26.60
6.454264,0.756000,-0.128000,-0.576000,6.031000,49.084000,24.061000,26.55
6.461378,0.809000,-0.114000,-0.512000,5.588000,39.985000,20.733000,26.55
6.473559,0.823000,-0.146000,-0.456000,8.214000,30.992000,16.336000,26.51
6.480987,0.858000,-0.163000,-0.434000,11.740000,23.008000,11.328000,26.55
6.492887,0.833000,-0.162000,-0.428000,18.992000,18.061000,5.618000,26.60
6.505574,0.810000,-0.131000,-0.519000,21.817000,10.260000,1.099000,26.60
6.512301,0.753000,-0.124000,-0.538000,12.962000,4.519000,-2.687000,26.55
6.524581,0.786000,-0.083000,-0.552000,19.802000,1.863000,-5.588000,26.55
6.531648,0.778000,-0.048000,-0.610000,22.061000,-0.137000,-5.969000,26.60
6.543906,0.787000,0.014000,-0.553000,19.863000,-1.542000,-4.183000,26.65
6.550948,0.786000,0.026000,-0.573000,14.992000,-3.176000,0.244000,26.41
6.563420,0.790000,-0.004000,-0.565000,10.366000,-1.344000,3.420000,26.51
6.570506,0.782000,-0.044000,-0.546000,7.328000,-0.443000,5.573000,26.65
6.582759,0.789000,-0.064000,-0.552000,2.916000,0.061000,5.573000,26.55
6.595352,0.774000,-0.081000,-0.572000,3.008000,-6.015000,4.565000,26.60
6.602465,0.798000,-0.090000,-0.554000,1.084000,-4.870000,3.267000,26.65
6.615164,0.747000,-0.077000,-0.533000,2.550000,-12.092000,2.779000,26.51
6.621589,0.734000,-0.059000,-0.556000,0.412000,-10.458000,2.275000,26.60
6.634029,0.725000,-0.083000,-0.615000,-3.023000,-8.122000,0.977000,26.55
6.640859,0.719000,-0.124000,-0.633000,-12.977000,18.489000,-1.557000,26.55
6.653043,0.764000,-0.118000,-0.625000,-7.267000,-8.168000,-3.313000,26.60
6.665293,0.748000,-0.117000,-0.623000,-5.420000,-6.916000,-6.290000,26.55
6.672495,0.750000,-0.104000,-0.590000,-6.718000,-5.282000,-8.916000,26.60
6.684258,0.750000,-0.091000,-0.549000,-7.908000,-3.145000,-10.443000,26.60
6.691377,0.735000,-0.050000,-0.647000,-7.756000,-6.809000,-10.290000,26.55
6.703738,0.747000,-0.034000,-0.662000,-6.656000,-6.947000,-8.794000,26.55
6.710380,0.766000,-0.012000,-0.672000,-6.031000,-6.901000,-6.076000,26.60
6.722838,0.752000,0.018000,-0.715000,-3.908000,-4.443000,-2.198000,26.55
6.734822,0.753000,0.041000,-0.704000,-2.031000,-1.069000,3.313000,26.60
6.742375,0.735000,0.047000,-0.720000,-0.748000,0.779000,10.687000,26.60
6.754505,0.745000,-0.004000,-0.695000,-0.031000,6.534000,15.527000,26.65
6.761596,0.732000,-0.049000,-0.692000,1.221000,9.237000,16.794000,26.46
6.773913,0.718000,-0.081000,-0.698000,3.084000,13.038000,16.076000,26.60
6.781191,0.752000,-0.122000,-0.670000,3.878000,14.702000,13.954000,26.55
6.793353,0.757000,-0.143000,-0.660000,4.595000,14.916000,11.450000,26.51
6.800469,0.671000,-0.098000,-0.703000,4.687000,17.344000,10.076000,26.60
6.812570,0.725000,-0.078000,-0.733000,7.008000,16.565000,10.992000,26.55
6.824967,0.719000,-0.096000,-0.724000,8.947000,23.634000,11.267000,26.60
6.832525,0.699000,-0.046000,-0.812000,-0.779000,75.466000,9.985000,26.60
6.844523,0.805000,0.006000,-0.799000,8.534000,37.008000,13.115000,26.55
6.851577,0.780000,0.066000,-0.719000,9.328000,53.939000,16.885000,26.60
6.864200,0.780000,0.004000,-0.652000,7.573000,61.374000,22.382000,26.51
6.870936,0.768000,-0.100000,-0.605000,4.534000,52.366000,24.214000,26.55
6.883121,0.763000,-0.135000,-0.583000,-4.763000,52.962000,23.084000,26.60
6.895633,0.802000,-0.101000,-0.573000,-10.748000,56.840000,21.511000,26.60
6.902350,0.796000,-0.120000,-0.544000,-5.298000,45.191000,18.931000,26.55
6.914666,0.777000,-0.205000,-0.542000,-6.183000,39.664000,14.321000,26.69
6.921838,0.593000,-0.136000,-0.630000,-7.053000,32.366000,6.565000,26.51
6.933788,0.482000,-0.083000,-0.744000,-8.626000,22.885000,-2.092000,26.55
6.941832,0.449000,0.007000,-0.840000,-6.687000,10.702000,-9.679000,26.60
6.953028,0.395000,0.013000,-0.860000,-2.427000,-3.160000,-15.832000,26.60
6.964896,0.429000,-0.034000,-0.839000,-3.328000,-17.176000,-20.427000,26.55
6.971699,0.510000,-0.090000,-0.808000,-4.947000,-28.321000,-22.198000,26.60
6.983675,0.609000,-0.055000,-0.754000,-1.740000,-34.809000,-22.962000,26.51
6.990802,0.687000,-0.048000,-0.677000,8.809000,-37.405000,-21.145000,26.55
7.002810,0.759000,-0.094000,-0.685000,8.244000,-38.092000,-21.740000,26.60
7.014966,0.813000,-0.078000,-0.661000,2.351000,-41.618000,-23.786000,26.51
7.022083,0.830000,0.009000,-0.599000,3.710000,-43.450000,-23.130000,26.55
7.034174,0.848000,0.021000,-0.624000,6.916000,-43.893000,-22.382000,26.51
7.041300,0.734000,0.002000,-0.634000,2.962000,-43.084000,-20.626000,26.60
7.053406,0.704000,-0.032000,-0.598000,-2.916000,-42.305000,-16.931000,26.55
7.065189,0.852000,-0.145000,-0.516000,-13.863000,-36.794000,-10.443000,26.60
7.072211,1.026000,-0.203000,-0.414000,-18.947000,-31.863000,-2.366000,26.60
7.083758,1.127000,-0.231000,-0.299000,-22.962000,-23.298000,5.084000,26.65
7.090878,1.233000,-0.197000,-0.289000,-21.878000,-6.626000,12.611000,26.60
7.102747,1.199000,-0.057000,-0.302000,-14.870000,11.282000,18.641000,26.51
7.115066,1.075000,-0.074000,-0.378000,-10.687000,23.878000,25.527000,26.55
7.123676,0.921000,-0.128000,-0.454000,-16.061000,34.733000,29.588000,26.69
7.134123,0.840000,-0.126000,-0.487000,-19.588000,38.000000,31.359000,26.51
7.140835,0.825000,-0.126000,-0.369000,-17.069000,39.740000,30.489000,26.55
7.153071,1.033000,-0.308000,-0.276000,-11.038000,43.267000,28.427000,26.60
7.160087,0.960000,-0.276000,-0.350000,-0.794000,38.626000,18.565000,26.51
7.172526,0.769000,-0.323000,-0.497000,6.824000,28.809000,5.603000,26.55
7.184870,0.746000,-0.310000,-0.522000,6.977000,24.840000,-5.603000,26.60
7.191676,0.724000,-0.201000,-0.567000,2.840000,17.420000,-13.206000,26.51
7.203833,0.866000,-0.103000,-0.587000,-0.214000,20.229000,-16.779000,26.55
7.210977,0.777000,0.006000,-0.683000,0.473000,27.130000,-14.015000,26.51
7.223322,0.755000,0.061000,-0.803000,0.580000,29.420000,-7.389000,26.51
7.230571,0.768000,0.071000,-0.867000,-1.298000,37.969000,0.580000,26.55
7.242893,0.889000,0.068000,-0.754000,-2.122000,39.786000,5.771000,26.60
7.255106,0.880000,-0.003000,-0.691000,-4.855000,41.542000,10.672000,26.55
7.261969,0.714000,-0.002000,-0.709000,-8.580000,46.458000,16.168000,26.55
7.274204,0.609000,0.064000,-0.747000,-11.420000,46.122000,19.176000,26.51
7.281155,0.410000,0.162000,-0.913000,-9.710000,38.214000,17.191000,26.65
7.293762,0.141000,0.204000,-1.083000,-8.687000,16.046000,8.275000,26.55
7.300582,0.057000,0.225000,-1.154000,-8.412000,-7.832000,-0.718000,26.51
7.312840,0.129000,0.179000,-1.126000,-8.076000,-34.687000,-7.466000,26.55
7.324779,0.267000,0.063000,-1.004000,-10.092000,-58.885000,-10.031000,26.55
7.331735,0.482000,-0.072000,-0.791000,-16.855000,-72.076000,-8.595000,26.60
7.343815,0.818000,-0.153000,-0.577000,-18.550000,-74.519000,-3.069000,26.55
7.350839,1.205000,-0.271000,-0.335000,-21.588000,-75.481000,-1.542000,26.55
7.362678,1.267000,-0.326000,-0.133000,-16.763000,-64.489000,-2.519000,26.51
7.374608,1.379000,-0.367000,-0.031000,-11.802000,-47.298000,-1.115000,26.55
7.382053,1.369000,-0.336000,-0.013000,-5.450000,-32.718000,0.916000,26.55
7.394078,1.281000,-0.327000,0.101000,-2.809000,-18.229000,0.702000,26.60
7.401281,1.644000,-0.510000,0.291000,4.489000,9.664000,6.626000,26.65
7.413775,1.365000,-0.422000,0.039000,9.298000,20.565000,5.160000,26.55
7.421165,0.440000,-0.197000,-0.747000,8.351000,2.412000,-5.237000,26.51
7.433231,0.772000,-0.173000,-0.519000,3.527000,4.061000,-6.580000,26.55
7.440364,0.839000,-0.167000,-0.518000,2.885000,-3.176000,-12.229000,26.55
7.452446,0.743000,-0.117000,-0.638000,-1.908000,-5.679000,-13.038000,26.51
7.464503,0.756000,-0.047000,-0.609000,-1.603000,-6.397000,-12.366000,26.46
7.471524,0.774000,-0.065000,-0.593000,-2.885000,-8.122000,-10.779000,26.55
7.483483,0.767000,-0.100000,-0.593000,-4.061000,-9.221000,-10.412000,26.51
7.490620,0.762000,-0.119000,-0.578000,-3.786000,-10.656000,-11.832000,26.65
7.502535,0.754000,-0.144000,-0.577000,-3.634000,-13.802000,-15.038000,26.55
7.514386,0.749000,-0.148000,-0.570000,-3.985000,-16.214000,-18.092000,26.51
7.521546,0.766000,-0.117000,-0.580000,-4.641000,-19.344000,-20.107000,26.55
7.533249,0.763000,-0.061000,-0.603000,-9.206000,-22.000000,-19.924000,26.65
7.545285,0.749000,-0.010000,-0.630000,-11.664000,-23.099000,-18.305000,26.60
7.552451,0.740000,0.094000,-0.739000,-7.924000,-19.740000,-15.740000,26.55
7.564538,0.718000,0.192000,-0.809000,-0.611000,-12.427000,-8.092000,26.55
7.571897,0.711000,0.133000,-0.783000,-2.076000,-2.656000,4.779000,26.51
7.584033,0.755000,0.064000,-0.725000,-6.443000,5.664000,15.618000,26.55
7.591106,0.721000,0.011000,-0.729000,-7.008000,11.557000,22.107000,26.55
7.603447,0.709000,-0.053000,-0.721000,-4.702000,14.443000,24.397000,26.51
7.609005,0.736000,-0.163000,-0.683000,-3.740000,15.740000,22.672000,26.55
7.622402,0.763000,-0.225000,-0.641000,-2.947000,19.252000,16.748000,26.51
7.634659,0.755000,-0.227000,-0.646000,0.443000,18.870000,9.252000,26.60
7.641751,0.716000,-0.174000,-0.690000,1.817000,18.397000,3.069000,26.55
7.654398,0.731000,-0.149000,-0.664000,1.435000,16.992000,-1.206000,26.51
7.661151,0.769000,-0.137000,-0.622000,-0.656000,15.664000,-4.611000,26.51
7.678519,0.772000,-0.078000,-0.630000,-0.595000,14.366000,-7.191000,26.55
7.683193,0.754000,-0.029000,-0.685000,0.382000,12.931000,-8.137000,26.60
7.693651,0.675000,-0.024000,-0.732000,2.290000,10.351000,-6.763000,26.51
7.706420,0.565000,-0.010000,-0.781000,3.939000,4.718000,-6.702000,26.55
7.714962,0.473000,0.024000,-0.855000,4.885000,-2.183000,-6.672000,26.51
7.724543,0.431000,0.050000,-0.876000,4.656000,-9.969000,-6.305000,26.60
7.731325,0.462000,0.043000,-0.863000,4.046000,-19.450000,-6.641000,26.46
7.743832,0.552000,0.028000,-0.788000,3.221000,-27.603000,-7.679000,26.51
7.750767,0.686000,0.020000,-0.704000,4.046000,-29.527000,-8.366000,26.51
7.763175,0.825000,-0.019000,-0.572000,7.878000,-28.107000,-8.534000,26.55
7.775011,0.936000,-0.128000,-0.456000,10.489000,-20.595000,-9.573000,26.51
7.782086,1.130000,-0.220000,-0.288000,16.244000,-5.008000,-7.954000,26.51
7.794345,1.382000,-0.295000,-0.136000,25.374000,16.382000,-3.542000,26.55
7.801277,1.152000,-0.349000,-0.298000,24.534000,33.542000,-0.718000,26.60
7.813537,0.589000,-0.010000,-0.900000,14.580000,33.786000,-5.023000,26.55
7.820625,0.610000,0.070000,-0.920000,17.481000,47.359000,1.679000,26.51
7.833070,0.746000,0.081000,-0.909000,27.725000,56.153000,3.985000,26.51
7.840190,0.692000,-0.068000,-0.973000,31.069000,64.947000,5.298000,26.55
7.852342,0.615000,0.095000,-1.229000,36.672000,77.084000,4.107000,26.55
7.864806,0.397000,0.297000,-1.585000,40.046000,71.939000,1.023000,26.69
7.871593,-0.024000,0.441000,-1.825000,40.397000,59.893000,-10.336000,26.46
7.883897,-0.408000,0.573000,-1.931000,24.718000,39.298000,-26.473000,26.51
7.890709,-0.529000,0.635000,-2.049000,11.527000,24.153000,-39.450000,26.51
7.902902,-0.562000,0.643000,-2.140000,4.855000,-2.168000,-44.122000,26.55
7.915052,-0.609000,0.547000,-2.126000,-0.168000,-29.206000,-42.687000,26.65
7.921852,-0.611000,0.423000,-2.051000,-9.954000,-55.115000,-36.168000,26.51
7.933877,-0.493000,0.290000,-1.895000,-27.939000,-78.427000,-25.954000,26.55
7.940467,-0.263000,0.184000,-1.825000,-45.481000,-108.076000,-16.275000,26.60
7.952426,-0.103000,0.116000,-1.692000,-56.260000,-127.664000,-8.489000,26.60
7.964328,0.095000,0.089000,-1.589000,-61.954000,-142.198000,-2.366000,26.65
7.971644,0.329000,0.083000,-1.527000,-60.702000,-156.687000,1.527000,26.55
7.983541,0.490000,0.104000,-1.416000,-58.977000,-164.779000,1.893000,26.51
7.990626,0.592000,0.124000,-1.274000,-59.389000,-151.618000,-0.427000,26.55
8.002573,0.640000,0.128000,-1.178000,-55.740000,-153.130000,-4.656000,26.51
8.014643,0.744000,0.122000,-1.043000,-50.580000,-155.206000,-9.939000,26.51
8.021494,0.787000,0.134000,-0.959000,-45.939000,-134.153000,-16.137000,26.55
8.033372,0.909000,0.104000,-0.935000,-43.908000,-136.336000,-23.542000,26.51
8.045321,1.083000,0.036000,-0.962000,-51.084000,-136.824000,-32.870000,26.51
8.051857,1.152000,0.042000,-0.947000,-56.305000,-145.191000,-40.718000,26.46
8.063715,1.052000,0.035000,-0.823000,-51.267000,-151.038000,-42.565000,26.60
8.070670,0.894000,-0.013000,-0.679000,-43.771000,-144.275000,-39.664000,26.51
8.082184,0.828000,-0.069000,-0.589000,-41.786000,-129.817000,-34.290000,26.55
8.094363,0.824000,-0.088000,-0.554000,-43.618000,-114.031000,-27.832000,26.60
8.100896,0.839000,-0.066000,-0.585000,-45.786000,-100.565000,-19.557000,26.60
8.112938,0.838000,-0.051000,-0.618000,-48.504000,-89.496000,-12.366000,26.55
8.125028,0.809000,-0.037000,-0.614000,-48.168000,-80.382000,-5.359000,26.60
8.131981,0.757000,-0.024000,-0.634000,-50.305000,-66.321000,0.458000,26.60
8.144132,0.705000,-0.025000,-0.637000,-52.137000,-56.550000,5.221000,26.55
8.150922,0.687000,-0.029000,-0.674000,-54.611000,-46.824000,8.733000,26.51
8.168244,0.724000,-0.032000,-0.692000,-59.053000,-42.779000,10.519000,26.46
8.174917,0.776000,-0.023000,-0.739000,-64.061000,-45.496000,11.282000,26.55
8.181643,0.806000,0.030000,-0.753000,-63.237000,-53.252000,12.183000,26.60
8.193832,0.793000,0.072000,-0.736000,-61.771000,-54.351000,11.237000,26.55
8.200679,0.723000,0.078000,-0.664000,-58.534000,-57.374000,7.603000,26.55
8.212866,0.655000,0.075000,-0.589000,-55.420000,-54.901000,2.183000,26.51
8.225132,0.650000,0.077000,-0.547000,-52.794000,-47.817000,-3.908000,26.55
8.231946,0.683000,0.077000,-0.551000,-49.069000,-42.092000,-8.977000,26.55
8.244261,0.698000,0.072000,-0.562000,-44.229000,-37.649000,-13.573000,26.51
8.250949,0.718000,0.078000,-0.547000,-39.511000,-32.580000,-17.130000,26.55
8.263047,0.735000,0.114000,-0.521000,-33.832000,-27.603000,-20.763000,26.55
8.274998,0.740000,0.127000,-0.465000,-28.198000,-21.038000,-24.687000,26.60
8.282000,0.766000,0.104000,-0.424000,-24.489000,-13.115000,-30.153000,26.55
8.293994,0.848000,0.106000,-0.397000,-24.626000,-7.924000,-36.092000,26.55
8.300840,0.884000,0.104000,-0.364000,-21.511000,-7.328000,-42.885000,26.51
8.313099,0.903000,0.102000,-0.317000,-17.038000,-1.435000,-48.794000,26.46
8.325053,0.896000,0.048000,-0.264000,-9.023000,1.939000,-50.656000,26.55
8.332242,0.865000,-0.041000,-0.203000,-4.443000,9.481000,-51.237000,26.51
8.344550,0.909000,-0.113000,-0.191000,-5.038000,17.511000,-51.038000,26.55
8.351297,0.950000,-0.131000,-0.139000,-6.779000,23.679000,-50.733000,26.55
8.363578,0.606000,0.404000,-0.672000,68.061000,38.153000,-52.183000,26.60
8.370878,0.618000,0.377000,0.565000,137.008000,58.962000,-16.901000,26.55
8.382692,0.791000,-0.572000,0.530000,177.359000,121.603000,11.069000,26.60
8.394761,0.970000,-0.332000,-1.266000,128.824000,151.359000,-12.351000,26.60
8.401287,0.668000,-0.473000,-1.779000,101.573000,94.153000,-16.275000,26.55
8.413598,-0.479000,-0.766000,-0.897000,129.511000,92.611000,29.084000,26.60
8.420587,0.300000,-1.115000,-1.344000,121.466000,126.275000,33.282000,26.51
8.432389,2.029000,-0.776000,-1.546000,24.046000,221.206000,21.771000,26.65
8.444773,1.941000,-0.365000,-1.259000,33.053000,136.275000,16.748000,26.51
8.451690,0.957000,-0.159000,-1.115000,16.489000,128.137000,5.053000,26.60
8.463752,1.355000,0.210000,-1.225000,9.511000,130.992000,9.710000,26.46
8.470914,1.086000,0.142000,-0.760000,14.122000,100.824000,3.481000,26.60
8.483326,0.874000,0.030000,-0.785000,18.733000,74.336000,12.595000,26.51
8.490435,1.005000,0.232000,-0.886000,25.420000,56.840000,19.481000,26.55
8.502706,0.810000,0.035000,-0.883000,39.511000,28.718000,17.527000,26.60
8.514706,0.740000,-0.352000,-1.030000,30.290000,18.382000,15.252000,26.55
8.521823,0.618000,-0.181000,-0.931000,13.710000,16.870000,8.336000,26.55
8.534377,0.558000,0.092000,-0.913000,12.641000,13.344000,5.252000,26.51
8.541333,0.569000,0.055000,-0.871000,12.107000,17.023000,6.198000,26.55
8.553874,0.625000,0.011000,-0.844000,13.969000,10.733000,5.771000,26.60
8.560899,0.569000,0.026000,-0.836000,9.237000,14.550000,4.000000,26.60
8.573443,0.568000,0.042000,-0.833000,7.420000,18.565000,3.573000,26.55
8.580692,0.623000,0.036000,-0.826000,5.130000,17.328000,3.099000,26.55
8.596013,0.596000,0.030000,-0.825000,5.038000,16.992000,2.992000,26.60
8.600161,0.577000,0.036000,-0.831000,4.366000,15.710000,3.221000,26.55
8.612695,0.541000,0.032000,-0.819000,4.656000,14.687000,3.939000,26.51
8.625230,0.545000,0.041000,-0.817000,5.160000,16.748000,4.244000,26.60
8.632135,0.590000,0.016000,-0.813000,1.481000,19.374000,3.954000,26.65
8.644807,0.583000,0.011000,-0.798000,0.763000,16.305000,3.634000,26.65
8.652000,0.580000,0.004000,-0.809000,0.794000,15.542000,3.038000,26.60
8.664458,0.596000,-0.006000,-0.797000,0.702000,14.443000,2.397000,26.46
8.671620,0.588000,-0.001000,-0.790000,-1.847000,14.977000,1.511000,26.51
8.683817,0.554000,0.034000,-0.797000,-2.809000,16.076000,0.992000,26.51
8.691137,0.554000,0.021000,-0.799000,-4.061000,17.573000,1.527000,26.55
8.703455,0.539000,0.075000,-0.769000,-4.305000,17.481000,1.679000,26.60
8.710408,0.328000,0.083000,-1.108000,-14.336000,41.267000,2.168000,26.51
8.722995,0.544000,0.039000,-0.835000,-4.015000,20.427000,3.237000,26.55
8.735074,0.610000,-0.008000,-0.792000,-6.183000,19.420000,2.443000,26.60
8.742388,0.564000,0.023000,-0.780000,-6.397000,21.679000,0.290000,26.60
8.754629,0.562000,-0.010000,-0.812000,-9.695000,19.573000,-1.649000,26.55
8.761628,0.579000,0.032000,-0.804000,-8.885000,21.221000,-2.656000,26.60
8.773780,0.575000,0.018000,-0.799000,-8.840000,24.763000,-2.427000,26.60
8.780903,0.524000,0.043000,-0.828000,-16.794000,48.061000,-2.473000,26.55
8.793143,0.653000,0.031000,-0.778000,-13.557000,46.153000,-2.748000,26.51
8.805322,0.561000,0.037000,-0.812000,-12.198000,50.290000,-3.481000,26.51
8.812406,0.669000,0.051000,-0.710000,0.031000,9.191000,-2.504000,26.55
8.824523,0.532000,0.012000,-0.819000,-10.137000,62.366000,-5.252000,26.60
8.831743,0.654000,-0.006000,-0.783000,-3.527000,58.046000,-8.672000,26.51
8.843755,0.646000,-0.024000,-0.795000,-2.397000,62.611000,-8.519000,26.55
8.850926,0.618000,0.067000,-0.804000,-3.282000,62.931000,-6.748000,26.60
8.863529,0.500000,0.424000,-0.943000,1.939000,64.748000,4.122000,26.60
8.870407,0.631000,0.041000,-0.880000,5.740000,77.389000,11.863000,26.55
8.882817,0.627000,0.036000,-0.910000,6.901000,84.214000,15.160000,26.51
8.895042,0.690000,-0.019000,-0.901000,8.229000,99.008000,15.985000,26.51
8.902326,0.627000,-0.024000,-0.924000,15.145000,106.366000,15.191000,26.55
8.914221,0.623000,-0.055000,-0.984000,19.008000,122.244000,13.939000,26.51
8.921291,0.585000,-0.053000,-0.951000,33.069000,137.420000,11.924000,26.55
8.933286,0.615000,0.012000,-0.980000,39.405000,156.382000,7.542000,26.55
8.940350,0.576000,0.057000,-1.098000,57.710000,171.328000,8.397000,26.51
8.952890,0.557000,0.153000,-1.193000,66.962000,198.901000,12.565000,26.55
8.964682,0.586000,0.207000,-1.221000,75.206000,313.756000,16.046000,26.55
8.971953,0.700000,0.202000,-0.979000,72.351000,319.145000,27.908000,26.60
8.987798,0.910000,-0.027000,-1.204000,57.832000,390.321000,36.351000,26.55
8.990721,1.633000,-0.405000,-1.721000,41.740000,323.679000,31.038000,26.46
9.002911,0.924000,-0.537000,-1.068000,45.878000,317.527000,22.931000,26.41
9.015220,1.250000,-0.293000,-1.403000,27.649000,297.328000,10.656000,26.55
9.022357,1.048000,0.269000,-1.019000,26.977000,346.107000,10.534000,26.55
9.034318,1.612000,0.257000,-1.254000,45.405000,296.290000,33.099000,26.60
9.041266,1.722000,0.319000,-1.053000,76.702000,239.527000,37.527000,26.55
9.053526,1.433000,0.134000,-1.159000,73.481000,195.267000,42.092000,26.55
9.060626,0.413000,-0.035000,-1.859000,41.191000,138.290000,28.412000,26.60
9.072488,1.068000,-0.508000,-1.810000,-20.916000,131.954000,33.053000,26.46
9.084637,0.157000,0.077000,-1.943000,-55.008000,-5.634000,46.229000,26.60
9.091396,-0.253000,0.317000,-1.166000,-42.076000,12.427000,65.786000,26.60
9.103811,-0.223000,0.257000,-1.162000,-27.328000,-50.321000,78.214000,26.55
9.110616,-0.127000,0.224000,-1.079000,-33.908000,-48.656000,79.618000,26.51
9.122547,-0.064000,0.207000,-1.053000,-46.992000,-58.275000,76.504000,26.60
9.134592,0.047000,0.232000,-1.064000,-59.359000,-74.412000,70.107000,26.55
9.141504,0.109000,0.312000,-1.053000,-66.672000,-90.947000,62.885000,26.51
9.153327,0.196000,0.350000,-1.029000,-68.366000,-109.252000,54.198000,26.60
9.166335,0.302000,0.340000,-1.036000,-69.679000,-131.389000,43.481000,26.46
9.172145,0.463000,0.287000,-1.083000,-75.756000,-153.679000,29.618000,26.60
9.184042,0.589000,0.290000,-1.094000,-84.824000,-177.206000,13.802000,26.60
9.193097,0.663000,0.287000,-1.065000,-89.679000,-207.099000,-1.542000,26.55
9.202897,0.638000,0.297000,-1.009000,-89.618000,-226.870000,-14.611000,26.51
9.214989,0.653000,0.298000,-0.958000,-84.733000,-236.718000,-26.260000,26.60
9.221849,0.680000,0.273000,-0.938000,-83.130000,-236.382000,-37.863000,26.65
9.233724,0.767000,0.232000,-0.952000,-78.000000,-242.183000,-48.076000,26.51
9.240423,0.870000,0.183000,-0.979000,-76.137000,-249.176000,-56.702000,26.51
9.252210,0.965000,0.139000,-0.992000,-76.901000,-255.847000,-62.702000,26.46
9.264232,1.028000,0.091000,-1.017000,-80.031000,-262.382000,-66.931000,26.60
9.271206,1.081000,0.037000,-1.063000,-85.588000,-265.740000,-70.595000,26.60
9.283004,1.152000,-0.008000,-1.121000,-90.397000,-267.664000,-73.389000,26.46
9.294762,1.228000,-0.082000,-1.177000,-94.275000,-268.534000,-72.885000,26.51
9.301566,1.309000,-0.166000,-1.195000,-98.733000,-266.427000,-67.634000,26.41
9.313398,1.403000,-0.223000,-1.197000,-105.023000,-268.214000,-58.305000,26.55
9.324982,1.471000,-0.229000,-1.175000,-114.351000,-266.870000,-47.435000,26.51
9.331904,1.534000,-0.168000,-1.149000,-122.290000,-263.496000,-39.298000,26.60
9.343641,1.582000,-0.056000,-1.062000,-126.885000,-257.328000,-37.634000,26.60
9.355308,1.618000,-0.030000,-0.963000,-126.794000,-248.733000,-45.496000,26.60
9.361909,1.618000,-0.199000,-0.859000,-124.183000,-237.084000,-66.092000,26.46
9.373824,1.757000,-0.216000,-0.757000,-115.328000,-227.740000,-84.641000,26.55
9.380565,1.896000,-0.199000,-0.620000,-90.122000,-224.168000,-97.573000,26.60
9.392200,1.885000,-0.215000,-0.401000,-55.084000,-219.557000,-107.695000,26.55
9.403823,1.856000,-0.265000,-0.097000,-18.855000,-205.053000,-117.160000,26.51
9.415454,1.820000,-0.375000,0.281000,7.069000,-179.435000,-121.328000,26.51
9.422467,1.849000,-0.567000,0.564000,13.542000,-145.725000,-117.649000,26.55
9.434564,1.848000,-0.762000,0.832000,2.076000,-106.168000,-107.084000,26.65
9.441277,1.846000,-0.878000,1.023000,-18.580000,-63.557000,-89.145000,26.51
9.453345,1.752000,-0.836000,1.053000,-32.473000,-18.382000,-69.313000,26.55
9.460133,1.665000,-0.667000,0.890000,-37.298000,24.427000,-47.374000,26.51
9.472459,1.699000,-0.438000,0.503000,-33.756000,53.466000,-27.786000,26.51
9.484631,2.031000,-0.005000,-0.189000,33.496000,84.855000,-15.191000,26.55
9.491367,0.836000,-0.013000,1.158000,117.542000,101.710000,25.130000,26.65
9.503544,0.627000,-0.057000,-0.263000,102.214000,222.107000,43.405000,26.60
9.510359,0.217000,0.600000,-1.892000,124.412000,153.405000,42.107000,26.55
9.522317,-0.246000,0.067000,-1.150000,121.313000,172.809000,38.595000,26.51
9.534559,0.228000,-0.656000,-0.829000,98.076000,244.473000,27.191000,26.69
9.541656,2.324000,-0.822000,-1.534000,73.008000,220.031000,32.321000,26.55
9.553678,2.107000,-0.575000,-1.285000,67.618000,158.763000,50.580000,26.55
9.560357,1.074000,-0.257000,-1.087000,43.588000,165.252000,33.695000,26.69
9.572720,1.770000,0.671000,-1.288000,37.130000,166.229000,9.786000,26.55
9.584917,1.173000,-0.364000,-0.673000,44.992000,103.176000,18.061000,26.51
9.591968,1.117000,-0.206000,-1.034000,34.794000,89.023000,22.458000,26.51
9.604307,0.935000,0.019000,-0.777000,38.061000,49.084000,27.542000,26.55
9.611629,0.867000,0.131000,-0.930000,33.863000,47.344000,24.351000,26.55
9.623427,0.692000,-0.008000,-0.867000,32.809000,22.855000,26.992000,26.51
9.630536,0.744000,-0.223000,-0.945000,31.863000,-11.145000,21.466000,26.55
9.642598,0.667000,-0.214000,-0.886000,19.893000,-11.679000,11.710000,26.60
9.654978,0.569000,0.006000,-0.890000,1.160000,18.977000,5.084000,26.51
9.662507,0.593000,-0.020000,-0.835000,4.443000,3.710000,5.267000,26.46
9.674683,0.561000,0.009000,-0.838000,0.748000,5.802000,4.580000,26.65
9.681844,0.539000,0.026000,-0.851000,-0.809000,12.107000,4.885000,26.60
9.694776,0.582000,-0.002000,-0.832000,-0.046000,6.458000,4.840000,26.55
9.701340,0.566000,0.001000,-0.838000,-1.176000,13.542000,4.702000,26.51
9.714042,0.567000,-0.000000,-0.821000,-2.092000,17.053000,3.710000,26.51
9.720901,0.587000,-0.010000,-0.800000,-1.679000,15.786000,2.412000,26.46
9.733012,0.570000,0.007000,-0.801000,-2.733000,19.924000,2.015000,26.60
9.740564,0.578000,0.013000,-0.802000,-1.954000,17.023000,1.496000,26.51
9.753052,0.558000,0.021000,-0.812000,-1.282000,15.496000,1.634000,26.55
9.765079,0.588000,0.004000,-0.798000,-0.901000,14.855000,2.168000,26.51
9.772438,0.582000,0.002000,-0.792000,-1.237000,14.061000,2.092000,26.60
9.789970,0.584000,-0.021000,-0.790000,-1.710000,12.870000,1.893000,26.55
9.791663,0.595000,-0.004000,-0.783000,-2.092000,11.237000,1.405000,26.51
9.803581,0.584000,0.010000,-0.796000,-1.908000,10.489000,1.679000,26.51
9.810903,0.578000,0.011000,-0.783000,-1.053000,9.939000,2.076000,26.55
9.823200,0.553000,0.021000,-0.782000,-0.702000,10.427000,2.061000,26.51
9.830302,0.540000,0.019000,-0.806000,-1.664000,12.733000,1.802000,26.51
9.842998,0.523000,0.048000,-0.803000,-1.221000,14.916000,2.260000,26.55
9.855263,0.526000,-0.001000,-0.814000,-1.267000,16.702000,2.244000,26.51
9.862373,0.555000,-0.001000,-0.783000,-2.015000,18.168000,1.527000,26.51
9.874546,0.552000,0.002000,-0.809000,-2.412000,20.198000,0.733000,26.55
9.881712,0.571000,-0.009000,-0.801000,-4.565000,21.282000,0.061000,26.51
9.893856,0.590000,-0.020000,-0.793000,-7.069000,26.183000,-1.557000,26.51
9.900751,0.570000,-0.018000,-0.777000,-7.481000,26.824000,-2.763000,26.55
9.913151,0.620000,0.043000,-0.782000,-8.947000,32.885000,-2.565000,26.51
9.920315,0.571000,0.044000,-0.824000,-7.603000,38.992000,-1.893000,26.60
9.932422,0.564000,0.040000,-0.818000,-11.527000,47.649000,-1.802000,26.55
9.944595,0.571000,0.012000,-0.867000,-9.985000,55.618000,-1.725000,26.51
9.951571,0.562000,0.037000,-0.868000,-9.405000,65.710000,-0.534000,26.51
9.963812,0.568000,0.012000,-0.826000,-8.809000,64.626000,-0.565000,26.55
9.970888,0.667000,-0.042000,-0.749000,-0.473000,49.237000,-0.504000,26.51
9.983144,0.675000,-0.037000,-0.773000,-11.954000,65.389000,-1.176000,26.51
9.990028,0.555000,0.156000,-1.008000,-7.450000,88.489000,5.115000,26.55
10.002274,0.614000,-0.077000,-0.911000,2.702000,98.229000,11.435000,26.51
