# Gait Analysis Data - MPU6050 IMU
# Duration: 10 seconds
# Format: timestamp(s),ax(g),ay(g),az(g),gx(deg/s),gy(deg/s),gz(deg/s),temp(C)
# Note: Document sensor placement (ankle/wrist) separately
timestamp,ax,ay,az,gx,gy,gz,temp
0.001289,1.028000,-0.146000,-0.543000,25.542000,-104.427000,-123.405000,26.46
0.003047,1.083000,-0.183000,-0.546000,15.221000,-92.214000,-105.603000,26.55
0.004353,1.094000,-0.168000,-0.481000,1.740000,-78.992000,-87.145000,26.51
0.005572,1.044000,-0.165000,-0.372000,-7.817000,-73.053000,-69.221000,26.46
0.006557,0.976000,-0.117000,-0.282000,-15.115000,-57.679000,-56.489000,26.51
0.007275,0.985000,-0.034000,-0.203000,-18.198000,-39.084000,-50.137000,26.41
0.007971,1.026000,0.037000,-0.181000,-16.412000,-21.466000,-50.626000,26.46
0.008649,1.005000,0.143000,-0.170000,-6.198000,-4.779000,-58.198000,26.46
0.009665,0.980000,0.221000,-0.154000,11.145000,12.748000,-72.351000,26.41
0.010595,0.952000,0.251000,-0.170000,29.420000,28.672000,-91.649000,26.46
0.011592,0.944000,0.251000,-0.212000,43.496000,43.618000,-112.672000,26.41
0.012549,0.975000,0.207000,-0.286000,52.412000,54.931000,-133.969000,26.51
0.013477,0.996000,0.170000,-0.352000,58.458000,61.954000,-150.840000,26.46
0.014389,0.941000,0.129000,-0.386000,63.328000,67.099000,-160.824000,26.55
0.015292,0.804000,-0.237000,-0.618000,58.229000,93.008000,-169.160000,26.51
0.016155,0.226000,-0.104000,-0.835000,64.076000,63.298000,-166.931000,26.46
0.016931,0.161000,-0.352000,-1.258000,48.076000,58.137000,-164.290000,26.51
0.017722,0.033000,-0.292000,-0.837000,36.229000,60.244000,-152.809000,26.51
0.018498,0.121000,-0.406000,-0.655000,35.359000,70.870000,-122.931000,26.46
0.019279,0.174000,-0.660000,-0.733000,33.527000,105.573000,-85.252000,26.51
0.020166,0.213000,-0.951000,-0.969000,26.718000,115.618000,-35.298000,26.41
0.021102,0.486000,-1.057000,-1.336000,10.885000,120.489000,3.756000,26.46
0.021960,0.959000,-0.771000,-1.286000,-8.977000,100.504000,19.847000,26.51
0.022582,1.115000,0.049000,-1.170000,-20.763000,87.618000,1.679000,26.41
0.023160,1.030000,0.344000,-1.212000,-10.092000,74.901000,-10.611000,26.46
0.023716,0.743000,0.075000,-1.111000,-6.947000,77.573000,-8.702000,26.51
0.024283,0.470000,-0.058000,-0.949000,-11.084000,76.809000,-4.366000,26.41
0.024836,0.324000,-0.056000,-0.871000,-14.382000,77.130000,-4.809000,26.37
0.025395,0.325000,-0.013000,-0.818000,-18.947000,79.389000,-7.618000,26.51
0.025933,1.211000,0.392000,-1.094000,-8.427000,90.992000,0.137000,26.41
0.026475,0.930000,0.481000,-0.751000,7.206000,58.901000,-4.015000,26.46
0.027011,0.611000,0.172000,-0.864000,30.962000,38.519000,6.107000,26.51
0.027556,0.534000,0.005000,-0.932000,32.840000,30.779000,12.336000,26.46
0.028198,0.524000,-0.064000,-0.892000,32.198000,29.206000,13.267000,26.46
0.028780,0.620000,-0.054000,-0.992000,14.931000,40.840000,3.557000,26.41
0.029326,0.605000,-0.149000,-0.992000,9.145000,20.794000,0.840000,26.46
0.030017,0.557000,-0.054000,-0.933000,-2.382000,24.779000,-3.405000,26.46
0.030843,0.520000,0.014000,-0.921000,-5.038000,22.748000,-4.534000,26.41
0.031610,0.510000,0.003000,-0.901000,-6.076000,17.588000,-4.885000,26.37
0.032253,0.517000,-0.003000,-0.864000,-8.656000,18.321000,-5.420000,26.46
0.032855,0.494000,-0.012000,-0.849000,-6.931000,9.863000,-4.840000,26.51
0.033469,0.400000,0.103000,-0.855000,-10.382000,24.580000,-5.481000,26.55
0.034081,0.461000,0.051000,-0.896000,-14.840000,36.962000,-6.901000,26.46
0.034695,0.546000,-0.044000,-0.857000,-12.260000,24.901000,-5.649000,26.41
0.035302,0.501000,-0.002000,-0.889000,-11.908000,23.313000,-6.412000,26.46
0.035923,0.537000,0.022000,-0.877000,-10.809000,17.084000,-5.847000,26.46
0.036531,0.585000,-0.019000,-0.856000,-8.931000,5.267000,-5.817000,26.41
0.037140,0.564000,0.052000,-0.843000,-11.725000,15.237000,-6.473000,26.37
0.037759,0.500000,0.039000,-0.862000,-8.443000,11.924000,-5.374000,26.51
0.038370,0.473000,0.035000,-0.873000,-16.198000,31.053000,-6.382000,26.51
0.038983,0.522000,0.026000,-0.851000,-12.061000,23.038000,-5.542000,26.46
0.039585,0.492000,0.031000,-0.834000,-9.649000,15.985000,-6.305000,26.51
0.040215,0.529000,0.050000,-0.825000,-6.489000,10.000000,-4.733000,26.51
0.040788,0.499000,0.016000,-0.856000,-6.855000,13.679000,-6.015000,26.46
0.041345,0.538000,0.012000,-0.833000,-5.496000,9.252000,-6.122000,26.51
0.041894,0.543000,0.005000,-0.819000,-4.015000,3.924000,-6.504000,26.51
0.042446,0.547000,0.012000,-0.847000,-8.473000,13.924000,-6.443000,26.46
0.042997,0.529000,0.003000,-0.842000,-8.351000,11.160000,-6.656000,26.41
0.043565,0.543000,0.014000,-0.831000,-9.038000,10.122000,-6.931000,26.46
0.044122,0.524000,0.042000,-0.835000,-7.649000,4.977000,-7.008000,26.51
0.044676,0.524000,0.048000,-0.830000,-7.053000,8.000000,-6.427000,26.41
0.045219,0.546000,0.056000,-0.818000,-6.916000,7.344000,-5.802000,26.37
0.045761,0.535000,0.032000,-0.826000,-6.351000,5.160000,-5.634000,26.55
0.046309,0.524000,0.057000,-0.827000,-6.489000,7.405000,-5.252000,26.51
0.046860,0.520000,0.045000,-0.823000,-5.969000,8.458000,-5.145000,26.46
0.047413,0.543000,0.050000,-0.823000,-5.832000,8.076000,-4.931000,26.51
0.047953,0.535000,0.043000,-0.832000,-5.832000,7.313000,-4.733000,26.41
0.048489,0.540000,0.028000,-0.826000,-5.878000,6.885000,-5.130000,26.46
0.049039,0.530000,0.054000,-0.830000,-5.802000,6.672000,-5.191000,26.41
0.049585,0.529000,0.060000,-0.825000,-5.573000,6.733000,-4.840000,26.51
0.050214,0.561000,0.047000,-0.800000,0.534000,-12.107000,-3.725000,26.46
0.050852,0.521000,0.053000,-0.834000,-5.038000,6.336000,-4.809000,26.51
0.051405,0.484000,0.068000,-0.851000,-3.374000,2.550000,-4.840000,26.41
0.051918,0.538000,0.044000,-0.824000,-4.977000,7.313000,-5.588000,26.55
0.052481,0.518000,0.047000,-0.835000,-4.153000,5.466000,-5.695000,26.41
0.053044,0.538000,0.052000,-0.831000,-5.038000,7.603000,-5.588000,26.51
0.053555,0.530000,0.080000,-0.838000,-4.901000,8.107000,-4.794000,26.46
0.054056,0.529000,0.088000,-0.819000,-5.481000,7.374000,-3.969000,26.41
0.054556,0.541000,0.084000,-0.823000,-4.931000,7.542000,-3.649000,26.46
0.055100,0.549000,0.058000,-0.822000,-3.435000,6.687000,-3.756000,26.46
0.055642,0.546000,0.063000,-0.833000,-2.672000,5.603000,-3.817000,26.41
0.056143,0.542000,0.044000,-0.829000,-2.809000,5.878000,-3.969000,26.46
0.056651,0.555000,0.064000,-0.825000,-2.992000,5.618000,-4.000000,26.37
0.057147,0.522000,0.081000,-0.840000,-2.550000,6.824000,-4.366000,26.41
0.057646,0.519000,0.065000,-0.846000,-2.458000,8.076000,-4.641000,26.46
0.058139,0.515000,0.047000,-0.858000,-3.084000,9.588000,-5.084000,26.46
0.058636,0.479000,0.059000,-0.844000,4.137000,12.244000,-5.206000,26.51
0.059127,0.510000,0.016000,-0.852000,-3.496000,13.786000,-6.321000,26.46
0.059641,0.533000,0.023000,-0.840000,-3.252000,14.931000,-6.901000,26.46
0.060165,0.533000,0.017000,-0.844000,-4.122000,16.885000,-7.542000,26.51
0.060685,0.570000,0.027000,-0.828000,-5.099000,16.672000,-8.885000,26.46
0.061208,0.578000,0.023000,-0.838000,-1.878000,24.336000,-10.427000,26.46
0.061696,0.569000,0.031000,-0.824000,-2.489000,23.115000,-12.229000,26.41
0.062184,0.532000,0.030000,-0.863000,-1.863000,34.244000,-15.099000,26.46
0.062668,0.525000,0.059000,-0.868000,3.328000,27.832000,-19.588000,26.51
0.063160,0.534000,0.046000,-0.874000,5.725000,42.595000,-27.908000,26.51
0.063651,0.567000,0.049000,-0.898000,13.176000,27.160000,-39.786000,26.55
0.064155,0.653000,0.166000,-0.786000,40.687000,23.618000,-65.740000,26.41
0.064666,0.743000,0.144000,-0.719000,81.985000,31.450000,-105.008000,26.41
0.065160,0.708000,-0.108000,-0.800000,115.435000,36.137000,-137.786000,26.46
0.065758,0.719000,-0.191000,-0.794000,135.603000,16.504000,-162.672000,26.41
0.066263,0.702000,-0.164000,-0.795000,147.573000,23.008000,-185.939000,26.46
0.066858,0.745000,-0.141000,-0.768000,159.908000,20.137000,-207.832000,26.41
0.067502,0.777000,-0.077000,-0.639000,168.534000,30.840000,-227.267000,26.41
0.068006,0.823000,-0.114000,-0.650000,172.870000,29.863000,-242.382000,26.46
0.068483,0.889000,-0.109000,-0.691000,180.427000,18.504000,-255.191000,26.46
0.068962,0.755000,-0.164000,-0.790000,177.206000,21.664000,-265.481000,26.41
0.069441,0.705000,0.022000,-0.898000,190.672000,-15.267000,-277.435000,26.46
0.069941,0.869000,0.389000,-0.954000,216.809000,-7.450000,-301.573000,26.51
0.070486,0.701000,0.066000,-0.789000,256.534000,-30.519000,-296.229000,26.51
0.070974,0.539000,-0.197000,-0.648000,280.534000,-33.435000,-290.794000,26.37
0.071453,0.411000,-0.411000,-0.590000,274.198000,-30.397000,-283.038000,26.41
0.072010,0.329000,-0.483000,-0.609000,258.992000,-34.443000,-268.153000,26.51
0.072515,0.328000,-0.472000,-0.653000,231.405000,-15.130000,-247.740000,26.46
0.072992,0.378000,-0.376000,-0.752000,211.893000,-8.336000,-221.954000,26.51
0.073459,0.383000,-0.317000,-0.840000,198.916000,-8.580000,-195.802000,26.41
0.073929,0.384000,-0.250000,-0.863000,186.977000,-11.115000,-171.191000,26.55
0.074400,0.345000,-0.219000,-0.850000,174.137000,-7.985000,-150.427000,26.41
0.074876,0.334000,-0.183000,-0.853000,156.901000,-1.481000,-133.847000,26.46
0.075334,0.351000,-0.102000,-0.879000,137.542000,-0.473000,-120.977000,26.46
0.075788,0.430000,-0.017000,-0.894000,123.221000,0.626000,-114.015000,26.51
0.076245,0.486000,0.062000,-0.898000,116.336000,-5.359000,-112.153000,26.46
0.076795,0.509000,0.102000,-0.899000,115.542000,-12.504000,-112.290000,26.55
0.077389,0.487000,0.127000,-0.879000,111.603000,-9.756000,-114.656000,26.41
0.077862,0.470000,0.130000,-0.827000,109.389000,-9.359000,-117.954000,26.37
0.078325,0.447000,0.129000,-0.818000,102.962000,-7.649000,-122.214000,26.41
0.078780,0.459000,0.089000,-0.819000,99.847000,-8.473000,-125.786000,26.41
0.079237,0.483000,0.042000,-0.848000,89.649000,8.412000,-128.809000,26.55
0.079685,0.511000,-0.049000,-0.870000,81.008000,1.053000,-132.427000,26.41
0.080214,0.479000,-0.091000,-0.839000,76.031000,-10.229000,-136.870000,26.41
0.080681,0.398000,-0.165000,-0.802000,72.916000,-4.122000,-138.565000,26.55
0.081131,0.397000,-0.190000,-0.780000,73.603000,-2.366000,-135.221000,26.41
0.081585,0.440000,-0.213000,-0.790000,79.893000,-3.115000,-127.756000,26.41
0.082028,0.486000,-0.233000,-0.822000,80.794000,2.015000,-117.878000,26.51
0.082472,0.548000,-0.249000,-0.850000,82.015000,-1.160000,-105.863000,26.51
0.082907,0.532000,-0.205000,-0.822000,75.557000,0.031000,-93.618000,26.46
0.083344,0.487000,-0.166000,-0.777000,72.489000,-6.504000,-80.321000,26.46
0.083780,0.469000,-0.108000,-0.739000,65.908000,-3.878000,-70.916000,26.51
0.084222,0.471000,-0.034000,-0.706000,61.282000,-0.397000,-64.489000,26.46
0.084671,0.484000,0.022000,-0.689000,57.328000,2.595000,-60.641000,26.51
0.085104,0.478000,0.053000,-0.667000,52.870000,6.244000,-58.962000,26.51
0.085525,0.495000,0.071000,-0.705000,46.443000,9.069000,-59.832000,26.46
0.085948,0.792000,-0.200000,-1.227000,-25.740000,2.168000,-58.870000,26.37
0.086383,0.267000,0.367000,-1.006000,-27.847000,-25.725000,-44.885000,26.51
0.086918,0.207000,-0.090000,-0.995000,-40.733000,-12.748000,-34.733000,26.55
0.087491,0.420000,-0.109000,-0.945000,-46.321000,-13.679000,-29.145000,26.41
0.087954,0.693000,-0.132000,-0.904000,-38.489000,-9.649000,-22.260000,26.51
0.088419,0.717000,0.027000,-0.796000,-36.656000,-9.573000,-21.435000,26.46
0.088876,0.674000,0.179000,-0.896000,-27.939000,-15.313000,-19.420000,26.41
0.089357,0.613000,0.070000,-0.934000,-12.107000,-7.466000,-11.069000,26.51
0.089864,0.552000,0.233000,-0.874000,-7.893000,-11.374000,-1.298000,26.46
0.090336,0.542000,0.066000,-0.879000,2.397000,-12.458000,6.550000,26.41
0.090784,0.528000,-0.048000,-0.847000,1.496000,-6.672000,8.748000,26.41
0.091227,0.533000,-0.035000,-0.840000,1.145000,-2.748000,7.802000,26.37
0.091669,0.532000,-0.048000,-0.841000,-0.840000,2.260000,6.122000,26.41
0.092141,0.545000,-0.049000,-0.819000,-3.618000,-0.229000,4.351000,26.41
0.092588,0.559000,-0.011000,-0.815000,-4.672000,2.427000,3.160000,26.46
0.093023,0.573000,-0.013000,-0.808000,-5.359000,1.588000,1.618000,26.41
0.093475,0.574000,-0.038000,-0.797000,-4.351000,0.198000,0.550000,26.41
0.093926,0.567000,-0.054000,-0.799000,-4.336000,-0.137000,-0.397000,26.46
0.094362,0.541000,-0.061000,-0.815000,-2.931000,-7.038000,-1.939000,26.51
0.094816,0.540000,-0.058000,-0.818000,-3.405000,-3.176000,-2.443000,26.46
0.095259,0.521000,-0.048000,-0.844000,-4.656000,-4.443000,-2.321000,26.46
0.095726,0.517000,-0.035000,-0.832000,-6.183000,-3.099000,-2.000000,26.51
0.096180,0.552000,-0.045000,-0.812000,-6.061000,-4.092000,-2.321000,26.46
0.096640,0.571000,-0.052000,-0.821000,-5.435000,-3.328000,-3.099000,26.55
0.097153,0.546000,-0.040000,-0.817000,-5.450000,-3.725000,-4.214000,26.41
0.097601,0.513000,0.006000,-0.823000,-7.664000,-0.122000,-3.756000,26.37
0.098065,0.498000,0.031000,-0.833000,-7.389000,2.412000,-1.893000,26.46
0.098504,0.527000,-0.013000,-0.825000,-5.878000,2.473000,0.290000,26.41
0.098941,0.557000,-0.055000,-0.803000,-5.740000,-0.244000,-0.260000,26.46
0.099373,0.545000,-0.053000,-0.809000,-7.328000,1.405000,-1.924000,26.46
0.099799,0.495000,-0.005000,-0.789000,-9.756000,1.145000,-3.435000,26.41
0.100243,0.483000,-0.027000,-0.856000,-10.504000,5.450000,-2.656000,26.46
0.100673,0.549000,-0.050000,-0.830000,-10.229000,6.107000,-3.420000,26.41
0.101101,0.585000,-0.085000,-0.818000,-9.573000,3.466000,-5.099000,26.51
0.101730,0.550000,0.016000,-0.822000,-1.328000,5.863000,-3.069000,26.46
0.102150,0.553000,0.017000,-0.815000,-1.359000,9.359000,-1.985000,26.41
0.102567,0.569000,0.013000,-0.817000,-1.221000,6.794000,-0.794000,26.55
0.102991,0.564000,0.008000,-0.821000,-0.870000,7.359000,-0.473000,26.51
0.103403,0.562000,0.002000,-0.816000,-1.099000,8.931000,0.153000,26.51
0.103816,0.557000,-0.011000,-0.824000,-1.160000,9.618000,0.351000,26.46
0.105802,0.545000,0.007000,-0.831000,-1.450000,10.794000,-0.840000,26.46
0.118013,0.559000,0.016000,-0.813000,-1.634000,13.573000,-2.565000,26.41
0.125009,0.553000,0.021000,-0.822000,-1.221000,15.481000,-5.115000,26.46
0.137394,0.545000,0.032000,-0.817000,-1.435000,19.191000,-5.924000,26.41
0.149631,0.573000,0.013000,-0.812000,-0.779000,20.137000,-4.992000,26.51
0.156685,0.589000,-0.013000,-0.804000,-1.069000,20.061000,-6.153000,26.46
0.168993,0.610000,0.026000,-0.790000,-2.244000,22.855000,-7.725000,26.46
0.176014,0.618000,0.002000,-0.771000,2.214000,11.527000,-6.519000,26.51
0.188440,0.606000,0.037000,-0.772000,3.817000,10.366000,-5.832000,26.46
0.195748,0.594000,0.045000,-0.783000,4.366000,8.214000,-4.275000,26.51
0.208165,0.615000,0.015000,-0.768000,6.153000,8.840000,-2.672000,26.41
0.215169,0.647000,0.045000,-0.769000,7.817000,2.275000,-3.817000,26.55
0.227659,0.628000,0.007000,-0.771000,9.267000,-2.519000,-5.450000,26.60
0.234927,0.612000,-0.043000,-0.774000,7.771000,-4.718000,-6.275000,26.51
0.246957,0.568000,-0.031000,-0.783000,7.221000,-4.214000,-7.053000,26.46
0.259497,0.563000,-0.010000,-0.803000,7.191000,-4.977000,-8.290000,26.60
0.266464,0.536000,-0.038000,-0.823000,7.053000,-5.221000,-8.031000,26.51
0.278631,0.559000,-0.024000,-0.841000,5.130000,-3.359000,-7.069000,26.55
0.285835,0.572000,0.009000,-0.799000,4.580000,-0.931000,-7.573000,26.51
0.298177,0.565000,0.022000,-0.817000,4.489000,1.099000,-9.985000,26.51
0.305463,0.570000,0.046000,-0.811000,5.634000,4.214000,-15.191000,26.46
0.317947,0.547000,0.098000,-0.796000,9.405000,6.290000,-21.969000,26.51
0.324957,0.527000,0.105000,-0.833000,12.427000,9.313000,-30.214000,26.55
0.336994,0.569000,0.119000,-0.827000,14.840000,12.534000,-41.435000,26.46
0.349203,0.585000,0.198000,-0.808000,21.420000,14.504000,-56.550000,26.60
0.356324,0.578000,0.259000,-0.785000,32.580000,14.885000,-75.618000,26.55
0.368655,0.565000,0.281000,-0.771000,44.809000,15.786000,-97.023000,26.46
0.375452,0.538000,0.234000,-0.756000,59.237000,15.145000,-115.191000,26.41
0.387669,0.555000,0.020000,-0.751000,69.802000,13.817000,-124.947000,26.55
0.399475,0.592000,-0.279000,-0.797000,72.656000,12.137000,-119.863000,26.46
0.406385,0.642000,-0.507000,-0.804000,64.626000,10.336000,-104.168000,26.51
0.418833,0.647000,-0.520000,-0.753000,50.855000,9.282000,-87.939000,26.46
0.426063,0.689000,-0.341000,-0.737000,38.137000,9.710000,-79.053000,26.46
0.439749,0.711000,-0.084000,-0.728000,29.802000,7.160000,-81.252000,26.41
0.444825,0.700000,0.024000,-0.691000,29.573000,1.847000,-83.542000,26.46
0.456973,0.627000,-0.008000,-0.711000,24.824000,1.053000,-76.305000,26.46
0.469155,0.530000,-0.064000,-0.804000,11.420000,-2.092000,-56.824000,26.51
0.476123,0.406000,-0.022000,-0.866000,-10.015000,-6.504000,-24.076000,26.46
0.487962,0.333000,0.194000,-0.776000,-13.176000,-14.427000,10.687000,26.46
0.495430,0.526000,0.384000,-0.663000,7.389000,-16.748000,16.092000,26.41
0.507467,0.701000,0.193000,-0.728000,23.008000,-17.740000,9.282000,26.55
0.519752,0.756000,-0.163000,-0.923000,13.374000,-14.870000,9.328000,26.46
0.526825,0.694000,-0.158000,-0.879000,4.046000,-55.695000,4.870000,26.51
0.538969,0.572000,0.016000,-0.816000,-2.473000,-31.725000,-0.733000,26.46
0.545884,0.488000,-0.041000,-0.841000,-2.718000,-25.466000,-0.840000,26.55
0.557912,0.419000,-0.113000,-0.875000,-3.267000,-26.595000,-1.863000,26.41
0.564976,0.463000,-0.074000,-0.865000,-10.076000,-17.817000,-3.710000,26.46
0.576848,0.499000,0.030000,-0.837000,-10.718000,-11.496000,-5.908000,26.46
0.588943,0.517000,0.064000,-0.794000,-10.031000,-7.344000,-7.389000,26.41
0.596172,0.541000,0.060000,-0.789000,-8.031000,-4.153000,-6.718000,26.46
0.608126,0.700000,0.052000,-0.723000,-6.000000,-31.771000,-6.382000,26.46
0.615163,0.580000,0.073000,-0.820000,-8.229000,-15.252000,-3.450000,26.51
0.627410,0.491000,0.127000,-0.821000,-3.756000,-7.328000,-1.878000,26.46
0.634744,0.521000,0.131000,-0.863000,-3.725000,8.580000,0.656000,26.46
0.647196,0.535000,0.083000,-0.859000,-0.916000,1.160000,0.168000,26.60
0.659800,0.533000,0.057000,-0.848000,0.779000,-3.252000,-0.458000,26.46
0.667039,0.513000,0.062000,-0.848000,1.679000,6.656000,0.489000,26.55
0.679378,0.561000,0.040000,-0.845000,2.305000,0.656000,0.168000,26.51
0.686503,0.536000,0.051000,-0.832000,2.061000,-0.061000,-0.046000,26.46
0.698910,0.533000,0.059000,-0.840000,3.618000,-0.641000,0.137000,26.46
0.706202,0.510000,0.055000,-0.835000,4.076000,-2.931000,0.931000,26.41
0.718741,0.471000,0.064000,-0.827000,7.511000,-5.176000,2.534000,26.46
0.726027,0.595000,0.004000,-0.782000,6.443000,-2.137000,2.153000,26.41
0.738561,0.491000,-0.017000,-0.830000,6.183000,6.351000,3.099000,26.51
0.745750,0.490000,0.047000,-0.775000,7.298000,8.824000,4.702000,26.37
0.758185,0.489000,0.073000,-0.772000,12.962000,4.183000,6.031000,26.51
0.765275,0.484000,0.017000,-0.836000,15.405000,11.725000,7.481000,26.51
0.777689,0.576000,-0.014000,-0.794000,15.466000,6.534000,8.015000,26.46
0.784804,0.499000,0.024000,-0.819000,16.840000,8.473000,8.137000,26.51
0.797165,0.581000,-0.044000,-0.860000,7.878000,11.954000,8.031000,26.51
0.809706,0.503000,-0.010000,-0.815000,4.733000,15.405000,6.794000,26.55
0.816700,0.523000,-0.003000,-0.852000,1.573000,20.412000,7.527000,26.51
0.828969,0.536000,-0.009000,-0.840000,-0.366000,25.740000,6.229000,26.41
0.836228,0.513000,0.003000,-0.863000,-2.702000,34.473000,5.496000,26.46
0.848381,0.520000,0.019000,-0.853000,-5.924000,43.221000,5.481000,26.51
0.855751,0.553000,0.024000,-0.841000,3.863000,8.198000,4.046000,26.41
0.868262,0.490000,0.062000,-0.840000,-1.527000,28.382000,6.489000,26.46
0.875276,0.519000,-0.021000,-0.871000,-2.183000,38.290000,9.023000,26.41
0.887704,0.651000,-0.012000,-0.768000,3.160000,18.611000,7.359000,26.51
0.894864,0.491000,-0.026000,-0.870000,3.893000,39.939000,4.885000,26.46
0.907326,0.504000,0.046000,-0.911000,1.954000,54.733000,5.374000,26.41
0.919947,0.473000,0.033000,-1.010000,6.779000,68.061000,7.649000,26.46
0.926952,0.536000,-0.033000,-1.039000,25.969000,70.321000,4.702000,26.51
0.939050,0.319000,0.201000,-1.209000,24.763000,100.931000,16.565000,26.51
0.946109,0.449000,0.041000,-1.184000,39.099000,100.244000,26.336000,26.55
0.958490,0.496000,0.021000,-1.267000,50.489000,170.687000,31.008000,26.46
0.965205,0.339000,0.048000,-1.316000,57.115000,199.069000,38.473000,26.41
0.977442,0.694000,0.177000,-1.230000,64.534000,234.427000,37.588000,26.55
0.989663,0.573000,0.175000,-1.284000,104.947000,229.649000,42.198000,26.51
0.996506,0.720000,0.116000,-1.251000,134.427000,230.046000,45.038000,26.51
1.008682,0.709000,0.041000,-1.155000,172.290000,244.595000,50.198000,26.46
1.015374,0.780000,0.003000,-1.653000,187.481000,267.359000,43.206000,26.55
1.027572,1.239000,-0.069000,-1.483000,166.947000,245.786000,37.557000,26.41
1.039410,1.029000,0.170000,-1.103000,198.855000,189.832000,27.924000,26.46
1.046494,1.061000,0.026000,-0.886000,215.466000,183.160000,21.847000,26.51
1.058798,0.861000,0.055000,-1.154000,214.870000,147.786000,5.267000,26.41
1.065428,0.345000,0.319000,-1.462000,182.947000,111.267000,-23.145000,26.37
1.077523,0.344000,0.191000,-1.340000,117.939000,84.962000,-41.878000,26.46
1.089620,0.351000,0.325000,-1.444000,98.809000,36.626000,-47.038000,26.60
1.096670,0.242000,0.356000,-1.156000,94.626000,-5.115000,-42.397000,26.46
1.109280,0.229000,0.289000,-1.015000,92.519000,-44.061000,-32.870000,26.41
1.115760,0.042000,0.183000,-0.778000,82.214000,-63.954000,-26.183000,26.51
1.127886,0.027000,0.185000,-0.654000,67.176000,-73.618000,-20.626000,26.46
1.135045,0.072000,0.204000,-0.581000,56.046000,-74.565000,-17.344000,26.46
1.146902,0.164000,0.252000,-0.581000,50.382000,-78.947000,-16.076000,26.51
1.158936,0.255000,0.287000,-0.579000,47.053000,-81.756000,-18.580000,26.55
1.166003,0.345000,0.308000,-0.587000,45.252000,-90.565000,-23.511000,26.60
1.177914,0.431000,0.327000,-0.612000,41.389000,-99.282000,-31.573000,26.51
1.184837,0.499000,0.331000,-0.638000,37.786000,-109.832000,-40.519000,26.46
1.196913,0.587000,0.322000,-0.657000,33.771000,-119.588000,-48.733000,26.55
1.208952,0.705000,0.288000,-0.697000,28.611000,-129.069000,-54.321000,26.51
1.215796,0.784000,0.248000,-0.699000,18.351000,-135.908000,-56.290000,26.46
1.227946,0.836000,0.198000,-0.687000,6.656000,-144.458000,-55.267000,26.51
1.234938,0.859000,0.172000,-0.636000,-7.771000,-148.260000,-52.763000,26.51
1.246866,0.875000,0.157000,-0.604000,-19.573000,-150.885000,-49.786000,26.46
1.258835,0.882000,0.157000,-0.579000,-27.740000,-150.565000,-47.252000,26.51
1.265241,0.887000,0.164000,-0.554000,-31.618000,-147.878000,-46.702000,26.51
1.278137,0.904000,0.148000,-0.563000,-33.786000,-143.985000,-47.893000,26.55
1.289363,0.920000,0.131000,-0.588000,-36.305000,-140.931000,-50.977000,26.51
1.296051,0.963000,0.133000,-0.617000,-38.183000,-137.069000,-53.664000,26.51
1.307993,1.005000,0.118000,-0.665000,-39.939000,-134.107000,-56.382000,26.46
1.314921,1.042000,0.125000,-0.719000,-41.832000,-132.824000,-58.397000,26.51
1.326848,1.052000,0.123000,-0.752000,-43.817000,-132.198000,-60.565000,26.51
1.338699,1.044000,0.146000,-0.764000,-45.740000,-131.069000,-63.099000,26.37
1.345343,1.006000,0.162000,-0.749000,-46.015000,-129.481000,-67.053000,26.41
1.357230,0.961000,0.176000,-0.747000,-45.649000,-126.153000,-72.916000,26.46
1.369161,0.947000,0.191000,-0.764000,-42.641000,-122.809000,-79.954000,26.46
1.376182,0.947000,0.196000,-0.811000,-40.137000,-121.710000,-87.710000,26.51
1.388016,0.941000,0.160000,-0.844000,-38.305000,-122.824000,-94.076000,26.55
1.393723,0.904000,0.134000,-0.875000,-36.305000,-125.374000,-100.198000,26.46
1.406582,0.852000,0.085000,-0.857000,-33.924000,-126.382000,-103.115000,26.51
1.418578,0.805000,0.015000,-0.853000,-31.466000,-126.885000,-103.069000,26.46
1.425515,0.788000,-0.040000,-0.861000,-33.237000,-123.924000,-101.069000,26.46
1.437033,0.778000,-0.100000,-0.864000,-31.618000,-123.450000,-95.298000,26.51
1.448897,0.772000,-0.141000,-0.849000,-32.153000,-120.214000,-88.733000,26.46
1.455623,0.765000,-0.176000,-0.844000,-33.069000,-116.275000,-76.947000,26.46
1.467488,0.754000,-0.198000,-0.834000,-34.305000,-110.656000,-64.107000,26.41
1.479512,0.741000,-0.187000,-0.826000,-38.962000,-97.695000,-51.771000,26.46
1.486402,0.792000,-0.147000,-0.800000,-43.237000,-95.069000,-40.611000,26.46
1.498152,0.835000,-0.071000,-0.770000,-47.053000,-91.420000,-33.924000,26.41
1.504012,0.864000,-0.004000,-0.695000,-49.603000,-85.969000,-31.450000,26.46
1.517032,0.906000,0.062000,-0.629000,-49.405000,-81.069000,-32.947000,26.46
1.528803,0.905000,0.088000,-0.558000,-45.695000,-73.252000,-36.687000,26.51
1.535811,0.913000,0.062000,-0.469000,-42.672000,-61.481000,-42.626000,26.46
1.547725,0.943000,0.042000,-0.407000,-39.344000,-50.107000,-49.756000,26.41
1.559518,0.978000,-0.026000,-0.381000,-36.595000,-41.863000,-56.473000,26.51
1.566518,0.988000,-0.062000,-0.339000,-33.435000,-34.824000,-60.794000,26.55
1.578547,1.133000,-0.021000,-0.156000,6.565000,-22.565000,-61.466000,26.51
1.585401,0.837000,-0.097000,0.147000,49.176000,-7.237000,-54.702000,26.51
1.597646,1.107000,-0.453000,0.063000,51.237000,40.137000,-57.893000,26.46
1.609871,1.279000,-0.478000,0.274000,63.802000,46.183000,-59.374000,26.51
1.617044,1.458000,-0.569000,0.514000,74.061000,89.450000,-58.473000,26.41
1.629128,1.668000,-0.804000,0.913000,89.878000,157.603000,-49.847000,26.46
1.635859,0.295000,-0.234000,-0.675000,133.649000,71.160000,-44.580000,26.51
1.648125,0.220000,-0.498000,-2.249000,92.275000,118.000000,7.985000,26.51
1.654987,0.421000,-0.953000,-1.185000,81.023000,77.496000,63.328000,26.46
1.667290,0.758000,-0.373000,-0.803000,40.290000,146.916000,40.748000,26.51
1.679253,1.759000,0.509000,-1.413000,10.595000,171.282000,1.969000,26.51
1.686555,2.156000,0.396000,-1.305000,20.275000,132.092000,-3.481000,26.55
1.698664,1.051000,-0.531000,-1.196000,41.298000,101.115000,18.137000,26.41
1.705510,0.406000,-0.351000,-1.131000,37.237000,64.198000,17.786000,26.37
1.718141,0.692000,-0.127000,-1.034000,7.267000,91.145000,7.267000,26.51
1.725030,0.916000,-0.071000,-0.937000,7.023000,53.359000,4.992000,26.41
1.737878,0.605000,-0.024000,-0.856000,4.504000,46.382000,5.573000,26.55
1.749625,0.627000,-0.155000,-1.019000,-5.908000,46.687000,2.061000,26.46
1.756559,0.580000,-0.089000,-0.938000,-3.115000,14.748000,-1.252000,26.51
1.768680,0.583000,0.003000,-0.862000,-1.664000,-2.656000,-2.977000,26.46
1.776005,0.591000,0.037000,-0.870000,-0.153000,2.427000,-2.763000,26.41
1.788164,0.548000,0.032000,-0.870000,-2.198000,5.573000,-1.237000,26.51
1.795511,0.487000,0.039000,-0.882000,-2.626000,8.977000,-1.435000,26.46
1.808377,0.503000,0.018000,-0.852000,-5.771000,15.328000,-2.137000,26.55
1.814956,0.521000,0.018000,-0.844000,-3.298000,10.107000,-1.664000,26.41
1.826992,0.530000,0.017000,-0.835000,-3.160000,10.214000,-1.908000,26.46
1.839523,0.532000,0.023000,-0.846000,-3.221000,9.252000,-1.832000,26.51
1.846743,0.547000,0.027000,-0.830000,-3.115000,10.092000,-1.679000,26.60
1.859097,0.549000,0.041000,-0.818000,-2.107000,8.870000,-1.298000,26.46
1.866054,0.536000,0.024000,-0.830000,-2.275000,6.397000,-0.763000,26.55
1.878891,0.534000,0.031000,-0.844000,-5.344000,7.008000,-0.718000,26.51
1.885411,0.531000,0.010000,-0.837000,-10.595000,11.740000,-0.122000,26.46
1.897815,0.541000,0.029000,-0.784000,-7.664000,-0.122000,0.656000,26.51
1.905156,0.523000,0.031000,-0.819000,-8.031000,7.939000,-0.443000,26.41
1.917769,0.519000,0.026000,-0.826000,-7.084000,6.489000,-0.580000,26.37
1.929746,0.525000,0.000000,-0.809000,-4.718000,2.763000,-0.366000,26.51
1.937032,0.503000,0.007000,-0.833000,-6.061000,3.389000,-1.191000,26.51
1.949528,0.516000,0.038000,-0.830000,-5.313000,4.580000,-0.916000,26.55
1.956396,0.542000,0.039000,-0.810000,-3.542000,2.473000,-1.328000,26.41
1.969062,0.526000,0.063000,-0.816000,-3.710000,6.336000,-1.160000,26.51
1.976144,0.508000,0.066000,-0.833000,-1.099000,3.710000,-0.977000,26.46
1.988608,0.518000,0.053000,-0.835000,-0.015000,3.618000,-0.412000,26.51
1.995625,0.512000,0.047000,-0.801000,-1.878000,12.458000,-0.275000,26.51
2.007695,0.443000,0.067000,-0.855000,-3.802000,21.618000,-0.244000,26.46
2.014901,0.482000,0.054000,-0.820000,3.557000,6.275000,0.458000,26.41
2.026932,0.513000,0.033000,-0.812000,-0.672000,17.359000,-0.397000,26.46
2.039442,0.500000,0.021000,-0.857000,-5.206000,21.191000,-1.527000,26.46
2.046391,0.509000,0.042000,-0.845000,-5.282000,20.046000,-1.649000,26.41
2.058743,0.521000,0.034000,-0.822000,-3.069000,16.397000,-1.786000,26.55
2.065723,0.499000,0.047000,-0.856000,-1.481000,10.214000,-2.672000,26.55
2.078263,0.525000,0.015000,-0.845000,-6.855000,19.374000,-4.137000,26.51
2.085159,0.489000,0.077000,-0.833000,-4.779000,14.641000,-5.298000,26.46
2.097335,0.537000,0.009000,-0.885000,-17.176000,33.282000,-5.099000,26.37
2.109541,0.526000,0.046000,-0.823000,-10.137000,41.176000,-6.595000,26.41
2.116391,0.515000,0.062000,-0.892000,-4.855000,41.206000,-5.405000,26.46
2.130177,0.666000,0.055000,-0.857000,-9.252000,65.939000,-5.359000,26.37
2.136054,0.540000,0.024000,-0.871000,2.702000,53.298000,-4.489000,26.41
2.148128,0.633000,-0.034000,-0.834000,3.313000,57.481000,-4.519000,26.46
2.155528,0.485000,0.037000,-0.955000,9.527000,63.649000,-3.634000,26.46
2.167856,0.537000,-0.059000,-0.962000,7.069000,70.092000,-1.237000,26.51
2.174744,0.398000,0.361000,-0.993000,10.275000,75.084000,4.931000,26.55
2.187238,0.589000,-0.030000,-0.938000,12.611000,76.748000,6.382000,26.55
2.199384,0.573000,-0.032000,-0.937000,24.718000,85.405000,6.382000,26.51
2.206596,0.632000,0.058000,-1.025000,41.664000,65.802000,9.588000,26.46
2.218994,0.451000,0.075000,-1.238000,57.008000,58.000000,18.870000,26.60
2.226229,0.522000,0.089000,-1.046000,85.206000,51.695000,17.435000,26.41
2.238272,0.275000,0.072000,-1.096000,84.076000,124.947000,15.847000,26.46
2.245262,0.704000,0.053000,-1.225000,66.336000,263.924000,23.924000,26.51
2.257275,0.917000,0.136000,-1.346000,121.359000,148.229000,20.763000,26.51
2.269609,0.587000,0.087000,-1.309000,125.344000,410.840000,30.031000,26.46
2.276423,1.091000,-0.052000,-2.050000,180.809000,221.771000,31.069000,26.51
2.288534,1.054000,-0.300000,-1.651000,130.809000,367.481000,26.290000,26.51
2.295816,1.523000,-0.552000,-2.466000,80.840000,342.885000,24.366000,26.55
2.307442,1.191000,-0.264000,-1.466000,51.420000,345.405000,29.405000,26.41
2.319910,1.309000,0.302000,-1.085000,55.557000,344.931000,35.695000,26.55
2.326652,1.581000,0.213000,-1.360000,70.687000,356.382000,41.405000,26.51
2.338892,1.667000,0.304000,-1.386000,99.924000,267.832000,37.313000,26.41
2.345727,1.311000,-0.023000,-1.366000,95.023000,221.664000,39.542000,26.37
2.357906,0.114000,-0.087000,-1.782000,45.267000,155.634000,45.817000,26.55
2.370229,0.724000,-0.542000,-1.732000,-28.870000,210.702000,61.176000,26.41
2.378926,0.445000,-0.186000,-1.937000,-52.626000,98.565000,81.740000,26.46
2.388761,0.047000,0.309000,-1.200000,-57.985000,11.847000,91.985000,26.51
2.395914,-0.059000,0.296000,-0.974000,-49.618000,-28.458000,99.939000,26.51
2.407480,-0.068000,0.285000,-0.816000,-48.122000,-22.305000,101.496000,26.55
2.419915,-0.049000,0.302000,-0.715000,-51.405000,-40.305000,93.695000,26.51
2.426338,0.040000,0.327000,-0.715000,-59.038000,-53.389000,82.092000,26.51
2.438620,0.166000,0.387000,-0.738000,-64.260000,-70.015000,67.740000,26.46
2.445394,0.253000,0.451000,-0.757000,-64.580000,-86.687000,50.565000,26.51
2.457356,0.316000,0.483000,-0.760000,-59.924000,-103.374000,31.344000,26.51
2.469807,0.394000,0.451000,-0.781000,-58.870000,-133.603000,9.832000,26.46
2.476614,0.455000,0.416000,-0.771000,-57.802000,-157.099000,-12.183000,26.51
2.488338,0.462000,0.381000,-0.751000,-58.550000,-176.916000,-32.290000,26.41
2.494991,0.486000,0.314000,-0.753000,-61.817000,-192.641000,-48.794000,26.55
2.506873,0.516000,0.218000,-0.772000,-70.901000,-201.603000,-61.847000,26.41
2.519204,0.554000,0.128000,-0.793000,-78.076000,-213.313000,-70.092000,26.41
2.525742,0.617000,0.066000,-0.816000,-83.527000,-223.832000,-74.336000,26.46
2.537733,0.676000,0.016000,-0.849000,-87.252000,-230.351000,-75.496000,26.41
2.549633,0.738000,-0.053000,-0.899000,-89.771000,-236.702000,-74.076000,26.51
2.556201,0.831000,-0.145000,-0.953000,-93.115000,-244.687000,-69.634000,26.55
2.568102,0.916000,-0.231000,-0.982000,-100.214000,-251.908000,-62.061000,26.51
2.573767,0.949000,-0.324000,-1.011000,-108.763000,-256.763000,-52.702000,26.51
2.586550,0.979000,-0.375000,-1.039000,-118.198000,-259.008000,-41.969000,26.55
2.598232,1.048000,-0.389000,-1.041000,-126.336000,-259.618000,-31.405000,26.51
2.604719,1.107000,-0.355000,-1.066000,-131.985000,-258.336000,-21.908000,26.41
2.616434,1.164000,-0.319000,-1.101000,-136.489000,-256.733000,-14.931000,26.55
2.628392,1.227000,-0.257000,-1.102000,-140.183000,-254.687000,-10.916000,26.51
2.635141,1.276000,-0.169000,-1.121000,-143.939000,-248.260000,-9.786000,26.51
2.646781,1.334000,-0.067000,-1.131000,-146.824000,-240.565000,-12.824000,26.55
2.658865,1.429000,0.039000,-1.123000,-145.420000,-234.244000,-22.519000,26.51
2.665259,1.476000,0.091000,-1.097000,-140.031000,-228.397000,-40.489000,26.46
2.677363,1.511000,0.035000,-1.060000,-132.534000,-220.473000,-68.336000,26.46
2.689021,1.606000,-0.042000,-1.023000,-123.237000,-212.687000,-97.374000,26.41
2.695668,1.821000,-0.094000,-1.001000,-104.870000,-200.870000,-121.649000,26.46
2.707430,2.095000,-0.106000,-0.911000,-71.802000,-210.947000,-136.290000,26.55
2.719315,2.149000,-0.176000,-0.651000,-31.313000,-222.198000,-142.137000,26.41
2.726367,1.997000,-0.308000,-0.235000,3.542000,-215.145000,-142.183000,26.46
2.738285,1.820000,-0.457000,0.202000,23.313000,-187.924000,-134.214000,26.46
2.749972,1.695000,-0.796000,0.492000,14.366000,-145.573000,-118.550000,26.51
2.756708,1.807000,-1.099000,0.719000,-26.916000,-101.511000,-95.237000,26.46
2.768748,1.808000,-1.146000,0.879000,-79.405000,-72.336000,-64.031000,26.37
2.776181,1.881000,-0.765000,0.885000,-49.176000,5.725000,-21.832000,26.51
2.788217,1.475000,-0.335000,1.260000,50.947000,51.649000,21.267000,26.46
2.795001,2.100000,-0.888000,0.714000,109.237000,94.794000,38.748000,26.51
2.807495,1.852000,-0.635000,0.735000,131.878000,158.473000,36.015000,26.51
2.819085,0.153000,-0.183000,-1.176000,112.779000,161.344000,2.229000,26.55
2.826031,-0.162000,-0.099000,-1.793000,92.290000,166.229000,-2.809000,26.41
2.838518,-0.442000,-0.486000,-0.534000,93.405000,206.885000,18.427000,26.41
2.845097,0.888000,-0.938000,-1.249000,49.771000,245.924000,12.855000,26.46
2.857394,2.139000,-0.419000,-1.460000,32.244000,209.725000,24.412000,26.41
2.869325,1.909000,0.598000,-1.359000,28.412000,208.412000,23.252000,26.55
2.876542,2.675000,1.340000,-1.480000,37.313000,174.443000,0.656000,26.41
2.888716,1.075000,-0.409000,-1.052000,78.840000,93.160000,15.298000,26.51
2.895261,0.224000,-0.489000,-1.165000,38.641000,118.183000,20.931000,26.46
2.907432,1.067000,0.104000,-1.026000,26.092000,90.748000,15.038000,26.46
2.919559,0.899000,-0.089000,-0.923000,31.359000,66.489000,13.939000,26.41
2.926703,0.670000,-0.219000,-0.962000,7.985000,56.000000,12.244000,26.55
2.939170,0.723000,-0.067000,-0.945000,-3.130000,38.122000,8.947000,26.51
2.946296,0.610000,0.044000,-0.900000,6.763000,18.183000,7.160000,26.41
2.958750,0.512000,-0.048000,-0.879000,-3.435000,37.344000,4.244000,26.55
2.965836,0.539000,-0.033000,-0.839000,-4.702000,31.634000,1.771000,26.51
2.978119,0.479000,0.043000,-0.897000,-4.351000,32.122000,0.977000,26.51
2.985299,0.480000,0.028000,-0.911000,-6.931000,34.580000,0.931000,26.55
2.997407,0.533000,0.061000,-0.845000,-7.038000,38.611000,0.305000,26.41
3.003630,0.562000,-0.027000,-0.859000,-6.916000,39.053000,0.962000,26.32
3.017079,0.593000,0.007000,-0.831000,-6.718000,38.183000,0.107000,26.46
3.029371,0.582000,0.075000,-0.826000,-6.687000,38.779000,0.763000,26.51
3.036885,0.575000,0.035000,-0.822000,-6.931000,36.947000,2.534000,26.51
3.049002,0.592000,0.042000,-0.813000,-8.244000,36.168000,3.191000,26.46
3.056092,0.539000,0.094000,-0.825000,-6.779000,39.053000,3.969000,26.51
3.068662,0.584000,0.059000,-0.796000,-8.962000,40.351000,5.038000,26.51
3.075671,0.596000,0.023000,-0.786000,-8.809000,39.496000,4.901000,26.46
3.088071,0.607000,0.023000,-0.759000,-11.008000,38.855000,5.908000,26.51
3.095093,0.616000,0.018000,-0.761000,-11.863000,32.794000,7.099000,26.51
3.107347,0.616000,0.205000,-0.794000,-10.962000,39.603000,8.137000,26.46
3.119710,0.589000,0.062000,-0.753000,-4.519000,36.427000,12.397000,26.51
3.126600,0.610000,0.177000,-0.773000,-3.924000,43.115000,9.756000,26.51
3.139209,0.581000,0.031000,-0.742000,-2.687000,37.496000,12.229000,26.46
3.145968,0.565000,-0.056000,-0.708000,-2.244000,35.939000,10.702000,26.41
3.158374,0.596000,-0.023000,-0.740000,-2.076000,37.725000,9.618000,26.60
3.165729,0.621000,-0.015000,-0.668000,-5.130000,29.802000,8.870000,26.46
3.177755,0.692000,0.039000,-0.571000,-11.298000,30.534000,10.229000,26.41
3.189720,0.708000,0.049000,-0.564000,-12.534000,11.603000,13.710000,26.41
3.196602,0.690000,0.012000,-0.632000,-16.947000,18.031000,13.573000,26.46
3.209068,0.761000,0.030000,-0.651000,-12.962000,-5.893000,12.015000,26.51
3.216123,0.699000,0.052000,-0.713000,-16.168000,8.656000,10.702000,26.46
3.228755,0.569000,0.135000,-0.804000,-7.863000,-3.878000,10.198000,26.46
3.235465,0.652000,0.060000,-0.803000,2.641000,-17.618000,13.939000,26.51
3.247697,0.580000,-0.081000,-0.834000,-0.840000,-5.496000,11.847000,26.37
3.259788,0.613000,-0.089000,-0.791000,2.092000,-8.641000,1.313000,26.46
3.267260,0.457000,-0.033000,-1.002000,-3.466000,34.748000,-5.878000,26.51
3.279118,0.515000,0.101000,-0.975000,-3.573000,27.542000,-7.038000,26.46
3.286593,0.582000,0.169000,-0.944000,5.740000,28.580000,-5.252000,26.46
3.298933,0.530000,0.253000,-1.047000,7.191000,59.237000,4.595000,26.51
3.306179,0.541000,0.178000,-1.106000,16.641000,75.221000,19.634000,26.46
3.318093,0.556000,0.054000,-1.055000,19.802000,81.267000,22.595000,26.46
3.325284,0.560000,0.106000,-1.115000,7.725000,146.702000,26.168000,26.51
3.337525,0.505000,-0.020000,-1.206000,14.382000,176.275000,31.771000,26.46
3.349733,0.533000,0.028000,-1.139000,21.740000,196.672000,22.550000,26.46
3.356471,0.648000,0.084000,-1.128000,28.855000,226.183000,23.084000,26.41
3.368776,0.581000,0.197000,-1.205000,51.099000,254.137000,29.420000,26.55
3.375781,0.718000,0.009000,-1.297000,50.626000,273.847000,37.252000,26.51
3.387886,1.383000,-0.318000,-1.500000,6.901000,239.664000,45.298000,26.51
3.399880,0.921000,-0.016000,-1.037000,-11.405000,223.389000,57.237000,26.46
3.406991,0.979000,0.293000,-0.990000,-14.031000,221.924000,62.427000,26.51
3.419101,0.725000,0.708000,-1.588000,-2.794000,164.580000,57.511000,26.51
3.426156,0.377000,0.583000,-1.975000,21.359000,101.374000,64.809000,26.46
3.438491,0.177000,0.145000,-1.873000,-5.420000,58.244000,68.885000,26.51
3.445211,-0.111000,0.337000,-1.622000,-31.191000,-9.969000,66.504000,26.60
3.457124,-0.455000,0.377000,-1.152000,-36.611000,-24.595000,67.191000,26.46
3.469268,-0.410000,0.325000,-1.081000,-45.405000,-42.733000,61.588000,26.41
3.476310,-0.322000,0.300000,-1.096000,-54.641000,-63.237000,50.977000,26.51
3.488125,-0.327000,0.319000,-1.108000,-62.947000,-85.771000,36.076000,26.46
3.495087,-0.398000,0.340000,-1.100000,-59.160000,-111.618000,19.985000,26.41
3.507009,-0.398000,0.266000,-1.039000,-55.832000,-138.565000,3.466000,26.46
3.518970,-0.378000,0.146000,-0.992000,-58.397000,-161.573000,-11.145000,26.55
3.525515,-0.339000,0.101000,-0.959000,-60.015000,-181.191000,-22.901000,26.51
3.537252,-0.243000,0.075000,-1.001000,-58.351000,-195.282000,-32.534000,26.46
3.548991,-0.071000,0.095000,-1.048000,-53.664000,-215.023000,-41.405000,26.51
3.555946,0.068000,0.166000,-1.065000,-45.176000,-229.542000,-56.137000,26.51
3.567850,0.225000,0.259000,-1.064000,-38.183000,-200.626000,-77.115000,26.46
3.579625,0.436000,0.329000,-1.012000,-4.718000,-228.901000,-105.466000,26.46
3.586842,0.763000,0.249000,-1.005000,21.924000,-224.244000,-134.061000,26.51
3.598459,0.961000,0.133000,-0.923000,42.809000,-221.069000,-156.672000,26.55
3.605104,1.449000,-0.007000,-0.685000,56.595000,-206.427000,-172.977000,26.41
3.617136,4.000000,-1.419000,-1.165000,49.420000,20.656000,-103.649000,26.51
3.629094,2.779000,-1.127000,0.186000,175.588000,-334.977000,-61.466000,26.46
3.635930,3.022000,-1.671000,0.801000,98.534000,-138.412000,-59.618000,26.51
3.648038,3.905000,-0.758000,1.797000,61.878000,-60.672000,-39.374000,26.41
3.655523,4.000000,-1.233000,1.578000,1.847000,4.992000,-2.626000,26.46
3.667697,4.000000,-0.789000,2.015000,-26.046000,13.130000,13.847000,26.41
3.679634,3.499000,1.632000,0.783000,-8.519000,15.771000,-14.305000,26.41
3.686896,-0.217000,-0.176000,-1.315000,55.359000,-87.038000,1.038000,26.46
3.698829,-0.341000,0.021000,-1.452000,9.756000,-17.252000,16.336000,26.51
3.706000,0.262000,-0.055000,-0.852000,-13.206000,21.756000,11.466000,26.51
3.718223,0.827000,-0.141000,-0.756000,-2.733000,-0.137000,8.275000,26.46
3.725522,0.387000,-0.130000,-0.916000,-10.794000,6.885000,2.382000,26.41
3.737437,0.565000,0.219000,-0.836000,-13.634000,19.298000,4.901000,26.51
3.750027,0.591000,0.039000,-0.806000,-5.420000,17.221000,9.802000,26.46
3.757269,0.525000,-0.185000,-0.846000,-5.282000,14.824000,6.092000,26.51
3.769239,0.669000,-0.173000,-0.825000,-8.000000,13.679000,-1.389000,26.51
3.776313,0.552000,-0.077000,-0.869000,-8.000000,13.328000,-3.756000,26.46
3.788450,0.490000,0.043000,-0.893000,-9.328000,16.305000,-3.023000,26.51
3.795419,0.567000,0.052000,-0.829000,-5.924000,13.069000,0.779000,26.55
3.807930,0.561000,-0.026000,-0.815000,-5.985000,15.344000,1.435000,26.55
3.813549,0.559000,-0.064000,-0.799000,-6.015000,12.427000,-0.397000,26.51
3.827092,0.564000,-0.026000,-0.799000,-6.443000,12.214000,-2.534000,26.37
3.839161,0.562000,0.010000,-0.795000,-5.710000,9.634000,-2.916000,26.46
3.846339,0.543000,0.040000,-0.801000,-4.977000,9.389000,-2.534000,26.41
3.858794,0.547000,0.036000,-0.817000,-4.351000,10.565000,-0.580000,26.46
3.865810,0.556000,0.032000,-0.806000,-2.672000,8.977000,1.221000,26.46
3.878482,0.552000,0.010000,-0.817000,-2.321000,10.427000,2.076000,26.51
3.885436,0.549000,-0.014000,-0.811000,-2.061000,10.580000,2.153000,26.55
3.897574,0.547000,-0.019000,-0.825000,-2.702000,10.870000,1.802000,26.55
3.903814,0.542000,-0.028000,-0.830000,-2.458000,10.870000,0.977000,26.51
3.917321,0.553000,-0.024000,-0.821000,-4.015000,13.985000,0.229000,26.46
3.929464,0.560000,-0.017000,-0.814000,-4.626000,12.870000,-0.550000,26.46
3.936391,0.555000,-0.013000,-0.813000,-5.450000,12.718000,-1.023000,26.51
3.948486,0.565000,-0.006000,-0.801000,-6.916000,15.847000,-1.466000,26.46
3.955552,0.580000,-0.003000,-0.786000,-6.122000,12.565000,-1.405000,26.51
3.967707,0.580000,0.003000,-0.790000,-8.473000,16.779000,-1.695000,26.51
3.974952,0.581000,0.002000,-0.797000,-4.687000,9.588000,-0.656000,26.46
3.987461,0.573000,-0.005000,-0.797000,-4.916000,10.351000,-0.550000,26.51
3.999779,0.573000,0.009000,-0.797000,-3.847000,9.084000,0.031000,26.51
4.006647,0.579000,0.008000,-0.793000,-3.771000,7.496000,0.489000,26.46
4.019134,0.563000,0.007000,-0.819000,-3.389000,8.824000,0.901000,26.51
4.026975,0.569000,0.000000,-0.820000,-3.771000,9.374000,0.931000,26.51
4.038750,0.571000,-0.011000,-0.817000,-3.863000,9.908000,0.489000,26.51
4.045904,0.561000,-0.005000,-0.819000,-3.756000,8.977000,-0.168000,26.51
4.057989,0.571000,-0.006000,-0.805000,-3.237000,8.534000,-0.443000,26.55
4.065239,0.578000,-0.010000,-0.799000,-2.931000,7.756000,-0.794000,26.46
4.077315,0.593000,-0.007000,-0.784000,-2.550000,5.313000,-1.160000,26.51
4.089764,0.603000,-0.016000,-0.773000,-2.458000,3.069000,-1.557000,26.55
4.096887,0.582000,0.004000,-0.777000,-1.893000,3.405000,-1.389000,26.60
4.109061,0.583000,0.010000,-0.804000,-1.908000,-0.321000,-0.840000,26.51
4.116365,0.576000,0.003000,-0.803000,-1.557000,0.046000,-0.641000,26.46
4.128574,0.569000,0.003000,-0.803000,-2.260000,0.931000,-0.718000,26.46
4.135527,0.571000,-0.003000,-0.801000,-2.427000,1.466000,-0.672000,26.41
4.147996,0.564000,-0.000000,-0.813000,-2.687000,1.618000,-0.702000,26.46
4.154957,0.566000,-0.001000,-0.808000,-2.000000,1.420000,-0.641000,26.41
4.167346,0.565000,-0.003000,-0.803000,-2.198000,2.458000,-0.809000,26.41
4.179369,0.560000,-0.003000,-0.811000,-2.397000,4.183000,-1.313000,26.46
4.186821,0.560000,0.019000,-0.803000,-2.168000,6.046000,-1.115000,26.51
4.198917,0.578000,0.004000,-0.794000,-1.954000,6.977000,-1.008000,26.51
4.206303,0.578000,0.002000,-0.792000,-1.618000,7.527000,-0.840000,26.46
4.218607,0.582000,-0.005000,-0.812000,1.450000,-1.695000,-0.305000,26.41
4.225745,0.583000,-0.007000,-0.784000,2.229000,-4.504000,-0.534000,26.51
4.238121,0.588000,-0.008000,-0.792000,0.275000,0.137000,-0.824000,26.46
4.245519,0.576000,-0.002000,-0.804000,0.519000,-2.137000,-1.038000,26.41
4.257298,0.582000,0.012000,-0.805000,-0.595000,-0.916000,-1.084000,26.41
4.269593,0.576000,0.005000,-0.789000,-0.427000,-1.878000,-1.130000,26.46
4.276616,0.562000,0.009000,-0.807000,-0.534000,-0.427000,-0.885000,26.51
4.289144,0.566000,0.005000,-0.803000,-0.794000,0.229000,-0.748000,26.51
4.296513,0.567000,-0.006000,-0.794000,-0.977000,1.069000,-1.160000,26.46
4.308469,0.562000,-0.010000,-0.806000,-1.969000,2.122000,-1.206000,26.51
4.315596,0.575000,-0.002000,-0.805000,-0.840000,1.374000,-1.389000,26.46
4.327860,0.568000,-0.012000,-0.809000,-2.519000,4.015000,-1.603000,26.46
4.335152,0.584000,-0.004000,-0.791000,-2.336000,3.908000,-1.695000,26.41
4.347205,0.566000,0.001000,-0.789000,-2.595000,4.672000,-1.710000,26.46
4.359747,0.560000,0.006000,-0.793000,-1.863000,3.267000,-1.756000,26.55
4.366708,0.563000,-0.008000,-0.809000,-1.847000,3.328000,-1.573000,26.51
4.378769,0.571000,-0.003000,-0.802000,-1.786000,1.969000,-1.450000,26.55
4.385969,0.567000,-0.003000,-0.804000,-1.893000,2.763000,-1.466000,26.46
4.398366,0.570000,-0.001000,-0.800000,-1.771000,2.504000,-1.099000,26.60
4.405502,0.570000,-0.010000,-0.805000,-1.863000,3.542000,-1.115000,26.46
4.417645,0.571000,-0.008000,-0.788000,-2.153000,3.817000,-1.282000,26.46
4.429687,0.584000,-0.005000,-0.789000,-2.229000,3.725000,-1.328000,26.51
4.437082,0.578000,-0.003000,-0.805000,-1.740000,3.069000,-1.527000,26.55
4.449474,0.581000,0.006000,-0.794000,-1.496000,3.618000,-1.344000,26.55
4.456334,0.578000,0.011000,-0.794000,-1.573000,3.344000,-1.038000,26.51
4.468915,0.569000,0.017000,-0.800000,-1.084000,5.069000,-0.855000,26.46
4.476173,0.552000,0.032000,-0.834000,-2.046000,6.885000,-0.031000,26.46
4.488399,0.551000,0.032000,-0.823000,-1.405000,8.214000,0.779000,26.51
4.496406,0.567000,0.030000,-0.822000,-1.618000,10.351000,1.115000,26.46
4.507825,0.582000,0.048000,-0.815000,-2.687000,12.672000,1.634000,26.55
4.515230,0.580000,0.073000,-0.819000,-4.473000,16.321000,3.969000,26.51
4.527386,0.560000,0.115000,-0.815000,-4.656000,18.809000,6.290000,26.46
4.539835,0.608000,0.016000,-0.791000,-3.267000,18.565000,8.534000,26.46
4.546857,0.630000,0.001000,-0.771000,-7.802000,19.573000,10.947000,26.41
4.559171,0.598000,-0.038000,-0.761000,-11.710000,19.221000,16.794000,26.55
4.565893,0.606000,-0.081000,-0.726000,-19.282000,15.206000,22.397000,26.46
4.578154,0.615000,-0.032000,-0.717000,-25.817000,17.954000,25.969000,26.51
4.584914,0.646000,-0.016000,-0.692000,-21.023000,5.695000,26.427000,26.46
4.597275,0.581000,-0.071000,-0.730000,-12.580000,-2.504000,20.031000,26.46
4.609601,0.553000,-0.140000,-0.784000,0.214000,-7.679000,5.435000,26.41
4.616443,0.548000,-0.350000,-0.742000,-0.382000,-11.252000,-7.221000,26.46
4.628442,0.630000,-0.134000,-0.754000,-11.588000,-8.183000,-12.794000,26.37
4.635371,0.595000,-0.025000,-0.761000,-10.015000,-10.397000,-15.985000,26.51
4.652828,0.576000,0.086000,-0.810000,-8.687000,-9.023000,-11.237000,26.55
4.659300,0.577000,0.106000,-0.824000,-5.725000,-5.282000,-8.687000,26.46
4.666348,0.559000,0.044000,-0.828000,-1.389000,-9.282000,-4.870000,26.51
4.678803,0.558000,0.050000,-0.793000,-3.206000,-9.069000,-4.733000,26.55
4.685660,0.500000,0.043000,-0.889000,-1.496000,-10.809000,-3.466000,26.41
4.698137,0.554000,0.071000,-0.855000,-3.725000,-1.435000,-0.947000,26.51
4.705293,0.589000,0.039000,-0.813000,-2.794000,3.527000,-1.115000,26.46
4.717693,0.557000,0.008000,-0.813000,-2.641000,0.962000,-1.863000,26.51
4.724624,0.604000,0.005000,-0.788000,-3.344000,7.557000,-2.244000,26.41
4.737415,0.626000,-0.003000,-0.750000,-1.634000,-4.321000,-3.115000,26.46
4.749144,0.582000,-0.012000,-0.796000,-2.275000,-1.771000,-4.031000,26.41
4.756096,0.606000,0.006000,-0.761000,-2.107000,-1.679000,-4.733000,26.51
4.768569,0.581000,-0.002000,-0.778000,-1.618000,-4.092000,-5.420000,26.55
4.775351,0.588000,-0.021000,-0.783000,-1.908000,-5.786000,-6.351000,26.41
4.787725,0.589000,-0.012000,-0.783000,-3.145000,-5.252000,-7.313000,26.41
4.795002,0.525000,0.014000,-0.836000,-3.145000,-1.176000,-6.733000,26.55
4.806835,0.531000,-0.013000,-0.832000,-3.267000,-4.092000,-6.183000,26.41
4.819280,0.567000,-0.003000,-0.822000,-4.992000,-1.328000,-6.794000,26.51
4.826603,0.547000,0.036000,-0.817000,-5.084000,-1.496000,-5.939000,26.51
4.838596,0.520000,0.049000,-0.827000,-4.137000,-0.901000,-4.947000,26.41
4.845774,0.579000,0.040000,-0.802000,-4.824000,1.267000,-3.863000,26.41
4.858003,0.570000,0.019000,-0.799000,-3.878000,0.687000,-3.389000,26.46
4.865038,0.548000,0.013000,-0.829000,-4.626000,2.611000,-2.763000,26.51
4.877530,0.555000,0.001000,-0.809000,-5.206000,2.947000,-3.511000,26.46
4.882902,0.559000,0.009000,-0.821000,-6.046000,4.519000,-3.664000,26.51
4.897216,0.564000,0.016000,-0.813000,-3.802000,-1.756000,-4.183000,26.51
4.909267,0.561000,0.022000,-0.815000,-5.511000,3.557000,-3.725000,26.55
4.916709,0.575000,0.026000,-0.789000,-6.977000,7.466000,-3.267000,26.55
4.928806,0.572000,0.026000,-0.794000,-4.794000,7.328000,-3.084000,26.41
4.935891,0.561000,0.035000,-0.809000,-4.779000,8.901000,-2.672000,26.46
4.948536,0.578000,0.057000,-0.794000,-2.519000,15.481000,-2.076000,26.51
4.956226,0.567000,0.047000,-0.804000,-2.687000,5.710000,-0.794000,26.51
4.967698,0.569000,0.028000,-0.822000,1.313000,3.511000,-0.290000,26.55
4.974854,0.573000,0.025000,-0.809000,-0.397000,6.412000,0.229000,26.55
4.987633,0.597000,0.033000,-0.781000,1.313000,2.947000,-0.321000,26.51
4.994675,0.576000,0.034000,-0.786000,0.595000,4.794000,-0.168000,26.46
5.007276,0.567000,0.013000,-0.807000,1.389000,1.496000,0.137000,26.51
5.019717,0.557000,0.036000,-0.779000,-0.168000,3.053000,-0.229000,26.60
5.026870,0.514000,0.051000,-0.822000,-1.221000,12.473000,0.305000,26.46
5.039120,0.538000,0.005000,-0.825000,-1.191000,11.160000,0.641000,26.46
5.046140,0.562000,0.024000,-0.781000,-1.679000,9.405000,0.580000,26.41
5.058709,0.537000,0.031000,-0.800000,-2.244000,13.069000,0.427000,26.55
5.065629,0.527000,0.007000,-0.828000,-2.947000,15.206000,-0.092000,26.51
5.077978,0.574000,0.015000,-0.800000,-2.107000,14.779000,-0.824000,26.51
5.084940,0.596000,0.019000,-0.765000,-5.802000,17.893000,-2.611000,26.46
5.097473,0.541000,0.047000,-0.793000,-5.786000,23.634000,-2.458000,26.51
5.109649,0.493000,0.058000,-0.806000,-3.832000,23.679000,-2.870000,26.51
5.116332,0.473000,-0.024000,-0.889000,-10.641000,43.863000,-3.084000,26.55
5.128596,0.610000,-0.050000,-0.715000,-2.840000,24.992000,-5.313000,26.41
5.135645,0.563000,-0.016000,-0.840000,-1.145000,30.992000,-5.527000,26.51
5.148485,0.554000,0.031000,-0.881000,-2.061000,44.748000,-5.069000,26.46
5.155583,0.601000,-0.000000,-0.835000,-6.229000,62.519000,-6.183000,26.51
5.169729,0.601000,-0.025000,-0.900000,7.847000,49.237000,-4.840000,26.41
5.179644,0.500000,0.056000,-1.103000,5.634000,83.847000,-2.687000,26.55
5.187287,0.578000,0.055000,-0.911000,10.504000,93.710000,2.412000,26.51
5.198846,0.621000,-0.045000,-0.942000,14.076000,106.061000,0.809000,26.51
5.205861,0.571000,-0.001000,-0.986000,16.153000,124.031000,1.252000,26.55
5.218293,0.551000,0.043000,-1.063000,19.466000,139.191000,3.282000,26.51
5.225212,0.428000,0.033000,-1.151000,17.832000,177.786000,8.580000,26.51
5.237331,0.567000,0.121000,-1.125000,27.771000,214.611000,13.664000,26.37
5.249608,0.396000,-0.035000,-0.709000,48.412000,257.328000,17.634000,26.51
5.256606,0.730000,0.191000,-1.137000,52.336000,280.870000,17.557000,26.60
5.268916,0.538000,0.098000,-1.208000,64.183000,297.053000,23.099000,26.46
5.275972,0.645000,0.060000,-0.970000,101.847000,281.725000,31.771000,26.51
5.287775,1.004000,-0.100000,-1.141000,106.412000,296.779000,35.664000,26.51
5.294742,1.614000,-0.282000,-1.707000,41.847000,307.756000,27.313000,26.46
5.306793,1.221000,-0.048000,-1.291000,27.053000,263.939000,33.908000,26.51
5.319101,1.415000,0.107000,-1.430000,30.183000,256.519000,40.168000,26.60
5.326181,0.905000,0.307000,-1.166000,49.649000,262.534000,51.634000,26.46
5.338174,1.239000,0.420000,-1.140000,65.908000,220.412000,52.763000,26.51
5.345187,1.268000,0.340000,-1.962000,29.679000,168.107000,42.336000,26.46
5.357375,-0.162000,0.284000,-2.201000,11.725000,65.939000,41.160000,26.46
5.369772,-0.151000,0.115000,-1.992000,-5.588000,23.466000,56.779000,26.51
5.376351,-0.264000,0.473000,-1.928000,-36.382000,-31.481000,68.305000,26.46
5.388463,-0.514000,0.543000,-1.335000,-32.885000,-61.786000,78.763000,26.55
5.395124,-0.471000,0.491000,-1.196000,-32.336000,-83.481000,80.519000,26.51
5.407296,-0.356000,0.485000,-1.093000,-42.290000,-89.603000,72.092000,26.46
5.419335,-0.184000,0.513000,-1.096000,-50.076000,-90.305000,57.160000,26.46
5.426279,0.017000,0.570000,-1.136000,-52.550000,-112.489000,35.405000,26.51
5.438095,0.154000,0.566000,-1.115000,-52.809000,-125.802000,11.344000,26.55
5.444983,0.228000,0.512000,-1.092000,-51.130000,-137.313000,-9.985000,26.51
5.456999,0.288000,0.414000,-1.022000,-51.969000,-148.321000,-26.855000,26.51
5.469101,0.371000,0.300000,-1.034000,-59.221000,-155.069000,-40.122000,26.46
5.475866,0.520000,0.216000,-1.114000,-68.397000,-160.382000,-50.061000,26.60
5.487927,0.667000,0.155000,-1.196000,-76.672000,-171.542000,-57.084000,26.51
5.499642,0.747000,0.105000,-1.231000,-79.481000,-189.695000,-60.687000,26.51
5.506228,1.093000,0.072000,-1.199000,-84.992000,-204.763000,-66.809000,26.41
5.518191,1.172000,-0.114000,-1.080000,-98.443000,-221.786000,-64.153000,26.55
5.524609,0.812000,-0.173000,-0.980000,-85.969000,-234.061000,-54.321000,26.55
5.536751,0.828000,-0.340000,-0.921000,-80.580000,-221.115000,-42.641000,26.51
5.548773,0.812000,-0.418000,-0.954000,-86.397000,-215.740000,-34.260000,26.46
5.555240,0.836000,-0.315000,-1.024000,-89.710000,-213.588000,-29.725000,26.51
5.567381,0.964000,-0.220000,-1.118000,-88.565000,-210.916000,-28.275000,26.41
5.578901,1.051000,-0.167000,-1.211000,-84.305000,-217.496000,-28.321000,26.46
5.586011,1.059000,-0.119000,-1.182000,-80.748000,-222.885000,-31.008000,26.46
5.597345,1.056000,-0.077000,-1.152000,-79.053000,-224.443000,-36.015000,26.41
5.609695,1.083000,-0.015000,-1.127000,-76.153000,-222.748000,-43.847000,26.46
5.616057,1.156000,0.044000,-1.077000,-68.137000,-219.786000,-55.893000,26.51
5.628205,1.196000,0.083000,-0.988000,-52.779000,-215.603000,-72.382000,26.60
5.634706,1.247000,0.082000,-0.893000,-33.359000,-207.985000,-93.374000,26.55
5.646650,2.072000,-0.265000,-0.145000,33.573000,-166.519000,-88.107000,26.46
5.658876,1.274000,-0.175000,-0.032000,93.053000,-173.710000,-86.321000,26.51
5.666232,1.824000,-0.880000,-0.297000,67.725000,-158.977000,-104.595000,26.55
5.677359,1.903000,-0.657000,-0.381000,10.107000,-85.115000,-121.740000,26.41
5.689707,2.048000,-0.543000,-0.251000,5.725000,-113.740000,-120.092000,26.51
5.695887,2.066000,-0.534000,-0.070000,13.038000,-118.153000,-107.679000,26.55
5.711136,1.958000,-0.686000,0.247000,12.718000,-106.061000,-91.542000,26.51
5.714855,1.759000,-0.765000,0.706000,5.282000,-74.305000,-71.130000,26.51
5.727115,1.689000,-0.838000,1.082000,5.832000,-27.985000,-48.351000,26.46
5.740707,1.698000,-0.897000,1.350000,11.893000,27.053000,-15.863000,26.41
5.746343,1.879000,-1.034000,1.540000,5.313000,117.160000,30.290000,26.51
5.758789,2.478000,-1.221000,1.620000,-11.389000,218.779000,97.542000,26.46
5.765322,1.302000,-0.276000,0.086000,57.053000,145.053000,132.824000,26.41
5.777611,3.716000,0.893000,-2.910000,-21.756000,88.305000,72.702000,26.55
5.784758,1.583000,2.229000,-0.879000,34.626000,115.267000,24.519000,26.46
5.796697,1.888000,0.743000,-1.401000,103.282000,170.321000,17.038000,26.51
5.812262,1.673000,-1.526000,-1.594000,71.313000,119.237000,27.435000,26.46
5.815837,0.382000,-1.026000,-1.008000,60.519000,15.038000,37.099000,26.55
5.828365,0.691000,0.354000,-1.048000,-18.473000,161.420000,4.015000,26.51
5.837043,0.809000,-0.016000,-1.020000,6.351000,85.924000,5.679000,26.55
5.847680,0.703000,-0.359000,-0.919000,5.069000,44.122000,8.015000,26.55
5.859561,0.559000,-0.220000,-0.873000,-16.412000,62.015000,-4.229000,26.51
5.866787,0.637000,0.121000,-0.865000,-20.351000,41.023000,-5.634000,26.46
5.879040,0.536000,0.056000,-0.912000,-3.359000,16.748000,-1.069000,26.41
5.885956,0.514000,-0.005000,-0.880000,-3.893000,12.260000,-1.191000,26.51
5.898917,0.547000,0.019000,-0.861000,-7.924000,14.962000,-3.115000,26.46
5.906330,0.543000,0.008000,-0.843000,-3.954000,9.237000,-3.145000,26.51
5.917658,0.531000,0.001000,-0.865000,-4.412000,11.344000,-3.740000,26.41
5.924649,0.533000,0.019000,-0.869000,-2.840000,12.626000,-2.489000,26.46
5.936809,0.539000,-0.015000,-0.858000,-3.267000,11.679000,-2.168000,26.51
5.949638,0.545000,0.023000,-0.851000,-4.412000,16.092000,-1.985000,26.51
5.957529,0.568000,0.025000,-0.830000,-4.214000,12.473000,-1.038000,26.46
5.968634,0.566000,0.017000,-0.829000,-2.214000,7.557000,-0.183000,26.51
5.975644,0.557000,0.009000,-0.822000,-1.328000,4.229000,-0.183000,26.51
5.988435,0.548000,0.024000,-0.809000,-0.458000,1.802000,-0.107000,26.55
5.995475,0.516000,0.062000,-0.825000,-0.305000,1.634000,0.397000,26.41
6.007857,0.497000,0.054000,-0.843000,0.412000,2.229000,1.191000,26.51
6.016370,0.493000,0.041000,-0.823000,-6.534000,16.031000,1.206000,26.55
6.027329,0.497000,0.052000,-0.824000,-4.153000,11.924000,1.634000,26.41
6.033347,0.522000,0.015000,-0.820000,-4.290000,13.160000,1.176000,26.41
6.046827,0.534000,0.019000,-0.797000,-5.374000,13.847000,0.076000,26.55
6.059157,0.525000,0.032000,-0.815000,-5.115000,15.756000,-0.015000,26.51
6.066057,0.532000,0.021000,-0.808000,-6.534000,18.046000,-0.733000,26.46
6.078768,0.516000,0.074000,-0.799000,-7.389000,17.786000,-0.718000,26.46
6.085637,0.514000,0.069000,-0.822000,-7.893000,21.710000,0.824000,26.41
6.098445,0.501000,0.063000,-0.817000,-8.168000,20.321000,0.595000,26.46
6.105881,0.529000,0.080000,-0.835000,-7.313000,25.176000,-0.656000,26.41
6.120523,0.537000,0.026000,-0.842000,-3.771000,26.656000,-1.359000,26.51
6.129666,0.512000,0.019000,-0.823000,-12.397000,31.985000,-3.038000,26.46
6.140542,0.569000,-0.014000,-0.848000,-9.725000,31.695000,-4.076000,26.55
6.148846,0.561000,0.031000,-0.842000,-20.824000,48.244000,-7.313000,26.41
6.156458,0.576000,0.030000,-0.839000,-7.557000,29.023000,-4.443000,26.55
6.168535,0.536000,0.043000,-0.862000,-19.588000,68.321000,-4.580000,26.41
6.178217,0.523000,0.066000,-0.859000,-7.252000,47.893000,-3.023000,26.51
6.188849,0.525000,-0.015000,-0.951000,-11.053000,60.519000,8.748000,26.46
6.199652,0.617000,-0.043000,-0.899000,10.672000,67.496000,8.107000,26.51
6.207273,0.574000,0.070000,-0.900000,9.618000,97.023000,9.420000,26.51
6.219243,0.584000,0.003000,-0.920000,13.176000,102.473000,8.840000,26.55
6.226516,0.614000,-0.030000,-0.916000,15.359000,111.847000,9.435000,26.51
6.238471,0.558000,0.035000,-1.008000,18.473000,123.053000,9.466000,26.32
6.246366,0.505000,0.054000,-1.123000,28.336000,144.519000,17.176000,26.55
6.258676,0.558000,0.022000,-1.019000,36.061000,157.237000,19.069000,26.41
6.264184,0.578000,0.018000,-1.051000,49.985000,193.924000,20.168000,26.41
6.276822,0.442000,-0.012000,-1.172000,41.038000,278.611000,20.779000,26.55
6.288968,0.552000,0.094000,-1.130000,49.756000,282.702000,22.076000,26.51
6.296017,0.562000,0.201000,-1.428000,84.412000,339.985000,23.542000,26.41
6.307955,0.691000,0.125000,-1.275000,120.458000,384.992000,36.260000,26.46
6.314882,0.700000,-0.042000,-1.627000,139.511000,456.366000,42.321000,26.60
6.327073,1.525000,-0.299000,-2.197000,57.893000,429.985000,40.489000,26.55
6.339214,1.413000,-0.157000,-1.380000,42.504000,438.962000,49.344000,26.55
6.346242,1.420000,0.245000,-1.286000,37.481000,414.809000,47.328000,26.51
6.358325,1.427000,0.159000,-1.387000,15.771000,378.015000,57.893000,26.46
6.365470,1.756000,0.470000,-1.417000,54.382000,300.443000,65.008000,26.51
6.378021,1.422000,0.227000,-1.320000,39.466000,219.282000,67.817000,26.41
6.389654,0.678000,0.227000,-1.715000,59.237000,106.947000,65.160000,26.55
6.396774,1.096000,-0.287000,-2.048000,-9.679000,131.954000,81.359000,26.60
6.408814,0.500000,0.168000,-2.421000,-72.122000,24.565000,75.725000,26.60
6.415790,-0.316000,0.555000,-1.254000,-55.664000,-31.008000,83.344000,26.51
6.428038,-0.309000,0.577000,-1.018000,-40.626000,-57.527000,84.153000,26.51
6.439817,-0.251000,0.507000,-0.910000,-35.969000,-51.725000,78.931000,26.55
6.447360,-0.159000,0.488000,-0.854000,-38.076000,-72.000000,65.038000,26.46
6.458613,-0.043000,0.512000,-0.837000,-45.588000,-90.672000,46.977000,26.41
6.465712,0.070000,0.531000,-0.828000,-49.313000,-114.183000,26.076000,26.46
6.477710,0.136000,0.542000,-0.798000,-49.084000,-134.244000,4.885000,26.51
6.489622,0.228000,0.516000,-0.788000,-46.168000,-156.748000,-15.038000,26.41
6.496821,0.352000,0.451000,-0.791000,-47.145000,-176.382000,-32.855000,26.46
6.508361,0.457000,0.366000,-0.829000,-51.725000,-197.847000,-47.740000,26.46
6.515005,0.542000,0.285000,-0.866000,-59.939000,-220.183000,-58.992000,26.51
6.527045,0.628000,0.186000,-0.920000,-71.359000,-242.519000,-67.008000,26.55
6.538912,0.631000,0.131000,-0.905000,-87.069000,-254.321000,-72.565000,26.51
6.545865,0.632000,0.052000,-0.885000,-95.664000,-266.260000,-73.237000,26.51
6.557526,0.649000,-0.025000,-0.870000,-101.344000,-271.481000,-69.817000,26.46
6.569300,0.699000,-0.113000,-0.897000,-109.084000,-277.221000,-65.389000,26.55
6.576001,0.814000,-0.180000,-0.953000,-116.977000,-279.908000,-60.229000,26.41
6.587842,0.918000,-0.220000,-1.017000,-122.244000,-280.794000,-55.344000,26.55
6.599397,1.037000,-0.260000,-1.124000,-124.153000,-283.618000,-52.473000,26.41
6.605955,1.152000,-0.275000,-1.220000,-123.359000,-288.092000,-53.053000,26.60
6.617887,1.272000,-0.242000,-1.281000,-118.061000,-291.924000,-57.237000,26.55
6.629471,1.392000,-0.162000,-1.314000,-111.771000,-295.405000,-67.435000,26.51
6.636339,1.534000,-0.039000,-1.310000,-96.168000,-297.588000,-82.779000,26.51
6.648208,1.644000,0.059000,-1.266000,-72.840000,-294.672000,-101.221000,26.46
6.654001,1.789000,0.083000,-1.240000,-44.076000,-288.687000,-120.244000,26.51
6.666617,2.056000,-0.033000,-1.173000,-23.145000,-283.786000,-138.458000,26.51
6.678372,2.316000,-0.184000,-1.040000,-17.008000,-282.824000,-153.496000,26.46
6.685035,2.459000,-0.313000,-0.765000,-18.183000,-282.840000,-164.107000,26.60
6.696691,2.475000,-0.382000,-0.362000,-16.824000,-272.641000,-166.489000,26.41
6.708683,2.353000,-0.531000,0.075000,-5.099000,-240.458000,-158.809000,26.46
6.715497,2.228000,-0.702000,0.856000,11.969000,-191.038000,-133.145000,26.41
6.727507,2.233000,-1.222000,1.098000,9.664000,-121.160000,-110.061000,26.51
6.739517,2.349000,-1.662000,1.224000,-22.763000,-59.130000,-76.763000,26.55
6.746510,2.531000,-1.582000,1.425000,-44.382000,-2.061000,-22.443000,26.51
6.758704,2.514000,-1.322000,1.656000,-20.107000,42.763000,56.046000,26.41
6.765493,2.422000,-1.385000,2.176000,10.855000,134.519000,132.809000,26.46
6.777786,0.444000,-0.618000,-0.213000,86.305000,136.015000,150.214000,26.41
6.789784,0.511000,0.888000,-2.798000,22.336000,114.550000,91.863000,26.41
6.797089,0.159000,1.405000,-0.635000,4.656000,168.153000,65.221000,26.46
6.809276,0.875000,0.948000,-0.650000,60.702000,235.466000,16.061000,26.51
6.815940,2.182000,-0.303000,-1.666000,57.008000,177.817000,-1.618000,26.46
6.828261,2.524000,-0.003000,-1.478000,47.099000,155.985000,24.321000,26.46
6.834932,1.576000,-0.378000,-1.290000,57.802000,71.679000,29.710000,26.41
6.847148,0.479000,-0.480000,-1.077000,32.489000,106.076000,14.931000,26.46
6.859297,0.561000,-0.361000,-1.062000,-10.702000,124.656000,4.061000,26.46
6.866502,0.858000,-0.062000,-0.906000,5.542000,75.954000,5.649000,26.51
6.878916,0.707000,0.205000,-0.873000,23.221000,30.244000,7.328000,26.46
6.885955,0.487000,0.095000,-0.884000,11.206000,56.427000,9.679000,26.46
6.898272,0.631000,-0.093000,-0.939000,9.466000,42.580000,8.031000,26.51
6.905581,0.657000,-0.006000,-0.919000,1.053000,42.092000,6.305000,26.46
6.917939,0.586000,0.051000,-0.870000,7.328000,22.565000,6.015000,26.55
6.925390,0.539000,0.032000,-0.857000,3.725000,27.221000,4.901000,26.41
6.937484,0.569000,-0.001000,-0.850000,7.924000,20.351000,3.954000,26.46
6.949987,0.548000,0.022000,-0.866000,6.382000,20.718000,3.603000,26.55
6.957272,0.532000,0.030000,-0.854000,7.908000,16.473000,3.893000,26.51
6.969533,0.536000,0.036000,-0.836000,8.611000,12.672000,4.015000,26.55
6.976950,0.554000,0.032000,-0.851000,7.191000,14.198000,4.000000,26.46
6.989333,0.567000,0.002000,-0.835000,5.267000,13.664000,3.695000,26.41
6.996613,0.551000,0.034000,-0.818000,5.221000,8.794000,3.282000,26.37
7.009272,0.570000,0.016000,-0.837000,2.458000,6.794000,3.557000,26.55
7.016404,0.586000,0.003000,-0.801000,1.481000,6.733000,3.786000,26.51
7.028819,0.516000,0.094000,-0.769000,1.710000,6.702000,4.595000,26.46
7.036164,0.530000,0.061000,-0.778000,3.359000,4.931000,5.466000,26.37
7.048892,0.514000,0.046000,-0.808000,4.977000,5.832000,6.122000,26.51
7.055943,0.518000,0.003000,-0.828000,3.038000,12.840000,5.252000,26.46
7.068579,0.505000,0.022000,-0.821000,4.397000,11.664000,4.779000,26.41
7.075886,0.548000,-0.010000,-0.837000,2.611000,13.878000,3.481000,26.41
7.087976,0.501000,-0.004000,-0.837000,-0.031000,11.649000,2.092000,26.46
7.095243,0.545000,0.002000,-0.810000,0.550000,6.305000,1.267000,26.41
7.107644,0.542000,0.013000,-0.827000,-1.389000,9.710000,0.626000,26.41
7.122148,0.571000,-0.013000,-0.796000,-5.038000,19.099000,0.122000,26.46
7.127637,0.491000,0.028000,-0.820000,-6.168000,21.863000,-0.107000,26.41
7.139269,0.515000,0.063000,-0.858000,-10.840000,33.740000,0.107000,26.41
7.146009,0.402000,0.096000,-0.881000,-10.779000,27.573000,-0.718000,26.46
7.158148,0.513000,0.016000,-0.863000,-14.290000,46.137000,-1.176000,26.46
7.165176,0.419000,0.060000,-0.872000,-29.130000,72.244000,-3.603000,26.41
7.177450,0.467000,0.068000,-0.890000,-20.260000,66.275000,-0.534000,26.46
7.189610,0.693000,0.006000,-0.813000,-7.756000,33.603000,-3.176000,26.55
7.196781,0.652000,-0.019000,-0.793000,-13.282000,42.641000,-2.809000,26.51
7.208948,0.618000,0.069000,-0.799000,-1.328000,36.351000,-3.405000,26.46
7.215992,0.414000,0.155000,-0.983000,-6.229000,83.893000,4.427000,26.51
7.228618,0.529000,0.118000,-0.870000,-1.130000,74.656000,9.893000,26.51
7.235545,0.632000,0.084000,-0.858000,-0.382000,48.641000,13.389000,26.46
7.247809,0.213000,0.296000,-1.278000,4.229000,140.748000,33.481000,26.55
7.254846,0.551000,-0.069000,-1.126000,17.832000,145.756000,41.924000,26.51
7.266854,0.618000,-0.015000,-1.169000,15.237000,161.344000,45.924000,26.46
7.279090,0.418000,-0.098000,-1.289000,31.099000,211.695000,52.275000,26.46
7.286209,0.449000,0.054000,-1.272000,28.809000,249.878000,47.252000,26.51
7.298131,0.378000,0.166000,-1.507000,56.779000,264.107000,39.191000,26.55
7.304992,0.488000,0.087000,-1.527000,78.244000,337.802000,33.603000,26.55
7.317460,0.603000,0.090000,-1.136000,102.595000,393.725000,37.557000,26.51
7.329399,0.825000,0.044000,-1.411000,121.069000,384.351000,44.901000,26.55
7.336168,1.755000,-0.203000,-1.799000,49.832000,334.412000,54.779000,26.51
7.348476,1.035000,0.120000,-1.101000,52.641000,319.389000,63.924000,26.51
7.355608,1.228000,0.070000,-0.879000,33.786000,223.634000,59.649000,26.55
7.367787,1.103000,0.375000,-2.189000,30.244000,174.931000,53.817000,26.51
7.374790,0.133000,0.288000,-2.312000,19.130000,28.229000,64.427000,26.51
7.387356,-0.581000,0.112000,-1.424000,6.351000,15.496000,87.130000,26.46
7.398848,-0.341000,0.225000,-1.397000,-27.313000,-47.511000,87.191000,26.41
7.405660,-0.359000,0.347000,-1.082000,-49.786000,-69.466000,82.351000,26.51
7.417934,-0.198000,0.479000,-1.039000,-66.183000,-104.824000,68.870000,26.55
7.429650,-0.093000,0.583000,-0.948000,-67.756000,-140.336000,49.863000,26.41
7.436354,-0.052000,0.586000,-0.825000,-63.008000,-165.374000,25.130000,26.41
7.448668,-0.030000,0.535000,-0.711000,-60.336000,-184.321000,-3.756000,26.46
7.455564,0.010000,0.449000,-0.676000,-59.176000,-197.802000,-31.832000,26.51
7.467371,0.078000,0.364000,-0.678000,-62.214000,-205.496000,-55.695000,26.51
7.479109,0.156000,0.308000,-0.716000,-62.702000,-213.053000,-71.786000,26.46
7.485675,0.277000,0.307000,-0.775000,-59.817000,-224.855000,-83.160000,26.51
7.497759,0.362000,0.267000,-0.876000,-53.588000,-236.779000,-95.084000,26.60
7.512567,0.512000,0.264000,-0.968000,-51.496000,-250.275000,-108.153000,26.55
7.516230,0.778000,0.323000,-1.059000,-47.359000,-259.527000,-128.046000,26.51
7.528172,0.965000,0.398000,-1.176000,-33.939000,-267.450000,-153.740000,26.51
7.534693,1.186000,0.402000,-1.214000,-14.015000,-289.038000,-185.267000,26.55
7.546840,1.296000,0.096000,-1.216000,2.733000,-309.359000,-212.427000,26.41
7.558887,1.515000,-0.155000,-1.163000,2.809000,-314.260000,-227.771000,26.51
7.565581,1.790000,-0.369000,-1.135000,0.214000,-309.649000,-232.046000,26.55
7.577707,1.803000,1.717000,-2.781000,167.160000,-264.519000,-214.336000,26.41
7.589401,2.488000,-1.291000,3.221000,142.840000,-208.137000,-50.351000,26.51
7.596507,3.898000,-1.787000,3.507000,52.931000,137.038000,-12.305000,26.46
7.608780,4.000000,-1.301000,1.948000,59.527000,67.557000,36.962000,26.51
7.615721,4.000000,-0.704000,0.603000,62.824000,198.626000,110.076000,26.46
7.627817,4.000000,1.175000,-0.582000,-0.046000,-28.412000,-19.954000,26.41
7.639689,0.153000,-0.270000,-0.772000,103.435000,-161.740000,-4.901000,26.41
7.647113,-0.650000,-0.215000,-1.303000,58.580000,-72.718000,15.863000,26.46
7.658645,-0.709000,-0.390000,-1.022000,29.160000,-27.557000,23.252000,26.46
7.665953,-0.184000,-0.400000,-0.664000,2.015000,54.870000,19.191000,26.41
7.678075,0.901000,-0.323000,-1.073000,-23.053000,48.092000,3.084000,26.46
7.689721,1.230000,-0.021000,-0.872000,-26.916000,15.466000,-4.382000,26.51
7.697416,0.542000,0.300000,-0.779000,-7.053000,1.099000,-3.771000,26.51
7.709371,0.234000,0.114000,-0.859000,-1.756000,11.878000,4.885000,26.55
7.716553,0.445000,-0.011000,-0.849000,-4.015000,23.405000,5.710000,26.46
7.728869,0.644000,-0.131000,-0.855000,-8.321000,20.168000,-0.290000,26.41
7.735937,0.670000,-0.095000,-0.858000,-7.817000,7.710000,-3.038000,26.46
7.748144,0.532000,-0.024000,-0.844000,-8.214000,4.718000,-4.733000,26.51
7.755454,0.408000,0.021000,-0.871000,-9.664000,10.809000,-3.725000,26.41
7.767588,0.444000,0.122000,-0.833000,-8.244000,14.870000,-0.947000,26.55
7.779758,0.553000,0.075000,-0.853000,-8.214000,18.229000,2.305000,26.41
7.787215,0.561000,0.024000,-0.822000,-6.855000,18.107000,5.053000,26.51
7.799365,0.621000,-0.001000,-0.804000,-2.031000,8.168000,4.733000,26.55
7.807250,0.581000,-0.023000,-0.811000,-2.305000,6.427000,4.443000,26.51
7.818843,0.532000,-0.022000,-0.837000,-2.473000,5.481000,4.015000,26.41
7.828676,0.523000,-0.058000,-0.861000,-2.382000,7.282000,2.733000,26.46
7.837861,0.518000,-0.073000,-0.860000,-3.466000,10.061000,0.947000,26.51
7.845369,0.518000,-0.058000,-0.867000,-3.740000,10.550000,-0.427000,26.51
7.857262,0.519000,-0.033000,-0.836000,-5.557000,11.573000,-1.527000,26.46
7.869916,0.515000,-0.016000,-0.836000,-6.061000,11.557000,-1.557000,26.51
7.876421,0.541000,-0.021000,-0.815000,-7.603000,13.298000,-2.275000,26.41
7.888783,0.549000,-0.022000,-0.818000,-8.626000,14.641000,-2.947000,26.46
7.895424,0.533000,-0.007000,-0.834000,-9.267000,16.336000,-3.435000,26.51
7.907952,0.534000,0.005000,-0.812000,-9.298000,16.397000,-3.282000,26.41
7.914856,0.558000,0.013000,-0.802000,-8.260000,12.885000,-2.595000,26.46
7.927260,0.570000,0.029000,-0.806000,-7.817000,14.855000,-1.496000,26.51
7.939334,0.557000,0.015000,-0.796000,-6.366000,12.809000,-0.489000,26.51
7.946626,0.562000,0.014000,-0.818000,-3.298000,8.031000,0.702000,26.46
7.959188,0.557000,0.013000,-0.825000,-2.763000,7.206000,1.221000,26.51
7.966521,0.546000,0.006000,-0.839000,-1.511000,8.656000,0.947000,26.55
7.978675,0.517000,-0.004000,-0.827000,-1.756000,12.351000,0.137000,26.46
7.985934,0.542000,-0.018000,-0.815000,-3.695000,14.351000,-1.145000,26.41
7.998126,0.550000,-0.003000,-0.815000,-5.099000,16.458000,-1.924000,26.55
8.004806,0.567000,-0.021000,-0.836000,-5.374000,14.855000,-2.702000,26.55
8.016999,0.560000,-0.001000,-0.810000,-8.290000,17.313000,-2.580000,26.41
8.029551,0.581000,-0.014000,-0.808000,-10.733000,17.053000,-2.947000,26.46
8.036238,0.563000,-0.004000,-0.803000,-8.198000,12.489000,-2.901000,26.46
8.048635,0.588000,-0.005000,-0.794000,-6.336000,9.023000,-2.702000,26.51
8.055583,0.576000,0.013000,-0.789000,-6.092000,6.947000,-2.779000,26.46
8.068275,0.564000,-0.008000,-0.793000,-4.305000,4.244000,-1.954000,26.46
8.075131,0.557000,-0.040000,-0.800000,-3.053000,2.397000,-1.771000,26.51
8.087704,0.573000,-0.010000,-0.814000,-4.031000,2.473000,-2.733000,26.55
8.100100,0.548000,0.001000,-0.821000,-3.130000,4.412000,-2.840000,26.46
8.106914,0.519000,-0.009000,-0.831000,-0.321000,0.962000,-2.962000,26.51
8.119193,0.568000,-0.010000,-0.809000,0.031000,-0.443000,-2.641000,26.46
8.126295,0.582000,-0.000000,-0.810000,-3.023000,7.573000,-3.053000,26.46
8.139027,0.548000,-0.007000,-0.817000,-1.252000,3.664000,-3.206000,26.41
8.145438,0.559000,-0.005000,-0.810000,-0.794000,2.229000,-2.840000,26.46
8.158027,0.569000,0.001000,-0.786000,-0.611000,1.313000,-3.069000,26.46
8.164935,0.573000,-0.005000,-0.792000,-0.504000,-0.168000,-2.687000,26.51
8.177148,0.564000,0.025000,-0.797000,-0.763000,2.916000,-2.321000,26.46
8.189443,0.555000,0.038000,-0.799000,-0.107000,2.824000,-2.153000,26.41
8.199150,0.570000,0.019000,-0.809000,0.412000,-0.137000,-1.496000,26.51
8.208911,0.547000,-0.007000,-0.811000,1.389000,-2.626000,-1.191000,26.55
8.215905,0.573000,-0.013000,-0.799000,1.282000,-2.046000,-2.321000,26.51
8.228084,0.561000,-0.015000,-0.817000,-1.557000,0.824000,-2.992000,26.51
8.235189,0.542000,0.031000,-0.784000,-1.313000,-4.504000,-2.321000,26.55
8.247429,0.458000,0.013000,-0.840000,-0.260000,-5.023000,-0.840000,26.41
8.253423,0.516000,-0.042000,-0.830000,-5.893000,8.321000,-1.191000,26.41
8.266968,0.584000,-0.040000,-0.804000,-7.145000,4.947000,-4.076000,26.55
8.279101,0.550000,-0.011000,-0.813000,-4.718000,-4.656000,-5.344000,26.51
8.286312,0.578000,-0.020000,-0.796000,-4.916000,-8.641000,-6.092000,26.51
8.298287,0.580000,-0.003000,-0.805000,-5.908000,-3.084000,-6.504000,26.46
8.305209,0.543000,-0.005000,-0.817000,-5.374000,0.214000,-6.641000,26.51
8.317925,0.562000,0.025000,-0.823000,-3.863000,-4.183000,-6.458000,26.51
8.324882,0.554000,0.041000,-0.810000,-5.374000,0.687000,-5.679000,26.46
8.336923,0.543000,0.029000,-0.848000,-3.359000,-1.740000,-4.443000,26.60
8.349359,0.549000,0.002000,-0.845000,-4.534000,1.160000,-4.489000,26.51
8.356548,0.553000,-0.001000,-0.826000,-4.763000,1.740000,-5.710000,26.51
8.369122,0.564000,0.002000,-0.802000,-5.893000,2.061000,-6.031000,26.51
8.376250,0.563000,0.024000,-0.824000,-5.710000,4.519000,-5.725000,26.55
8.388686,0.547000,0.018000,-0.839000,-4.550000,4.366000,-4.840000,26.55
8.395670,0.560000,0.032000,-0.834000,-3.893000,1.420000,-3.588000,26.41
8.408196,0.561000,0.031000,-0.833000,-2.458000,-0.748000,-3.023000,26.46
8.414820,0.557000,0.027000,-0.828000,-0.672000,-5.786000,-2.672000,26.51
8.427492,0.544000,0.034000,-0.839000,-1.832000,-6.092000,-1.847000,26.51
8.439502,0.546000,0.020000,-0.831000,-1.160000,-5.863000,-1.756000,26.46
8.446850,0.527000,0.008000,-0.869000,-2.595000,4.809000,-1.924000,26.46
8.459163,0.538000,0.013000,-0.815000,-1.878000,3.573000,-1.863000,26.41
8.466145,0.473000,0.070000,-0.793000,-4.595000,6.748000,-1.313000,26.46
8.478710,0.519000,0.017000,-0.811000,-3.023000,6.947000,-1.237000,26.51
8.485750,0.559000,0.000000,-0.802000,-4.397000,7.145000,-2.153000,26.60
8.498082,0.501000,0.054000,-0.822000,-4.229000,9.969000,-2.046000,26.46
8.505557,0.540000,0.034000,-0.809000,-4.412000,12.748000,-1.252000,26.46
8.517452,0.546000,0.014000,-0.782000,-4.580000,11.573000,-1.176000,26.51
8.529744,0.480000,0.093000,-0.825000,-4.977000,14.962000,0.260000,26.55
8.536985,0.535000,0.010000,-0.830000,-4.779000,19.298000,0.443000,26.51
8.549263,0.492000,0.065000,-0.813000,-7.023000,27.084000,-0.672000,26.41
8.556730,0.498000,0.007000,-0.846000,-8.687000,29.878000,-2.183000,26.46
8.568616,0.561000,0.012000,-0.822000,-11.756000,39.496000,-3.710000,26.51
8.575536,0.422000,0.014000,-0.961000,-16.321000,60.382000,-3.450000,26.41
8.587978,0.480000,0.042000,-0.879000,-7.420000,30.107000,-5.420000,26.46
8.593477,0.615000,0.039000,-0.886000,-10.412000,43.405000,-7.435000,26.51
8.607297,0.569000,0.026000,-0.770000,-9.542000,25.206000,-5.954000,26.51
8.619244,0.544000,-0.045000,-0.906000,-6.046000,32.748000,-10.046000,26.55
8.625885,0.544000,-0.010000,-0.899000,-11.145000,71.924000,-10.397000,26.51
8.638357,0.579000,0.009000,-0.879000,4.000000,31.466000,-9.786000,26.41
8.645380,0.590000,0.010000,-0.848000,1.817000,40.702000,-8.718000,26.46
8.657992,0.593000,-0.003000,-0.852000,0.992000,68.824000,-6.748000,26.51
8.664927,0.438000,0.222000,-0.994000,2.763000,74.626000,0.336000,26.46
8.677439,0.632000,0.033000,-0.957000,6.565000,82.412000,6.443000,26.55
8.689790,0.601000,0.031000,-0.948000,13.053000,90.840000,8.763000,26.41
8.696901,0.579000,0.107000,-0.997000,13.878000,117.359000,11.954000,26.46
8.709117,0.334000,0.149000,-1.150000,6.901000,146.656000,17.237000,26.46
8.716265,0.550000,0.058000,-1.006000,9.573000,171.466000,15.832000,26.41
8.728740,0.636000,-0.015000,-0.950000,19.817000,185.542000,19.511000,26.55
8.735291,0.687000,0.051000,-1.017000,21.389000,203.115000,21.908000,26.51
8.747341,0.759000,0.033000,-1.033000,27.450000,215.191000,19.328000,26.51
8.759620,0.638000,0.048000,-0.957000,46.382000,195.954000,19.710000,26.46
8.766653,0.804000,0.021000,-1.093000,44.687000,222.718000,24.809000,26.60
8.778863,0.910000,-0.006000,-1.060000,38.565000,230.702000,30.153000,26.51
8.785809,1.254000,-0.101000,-1.195000,8.824000,197.908000,31.603000,26.46
8.798179,0.796000,0.049000,-0.915000,9.634000,184.855000,36.519000,26.51
8.805066,0.932000,0.126000,-1.381000,-33.130000,200.214000,36.718000,26.51
8.817241,0.245000,0.570000,-1.993000,-49.969000,164.718000,31.450000,26.46
8.828991,-0.192000,0.293000,-2.164000,-19.450000,56.031000,50.321000,26.51
8.836317,-0.420000,0.058000,-1.745000,-31.557000,30.031000,73.069000,26.46
8.848149,-0.238000,0.134000,-1.747000,-57.450000,-16.366000,89.282000,26.51
8.855013,-0.275000,0.206000,-1.384000,-61.725000,-42.153000,106.595000,26.41
8.866957,-0.203000,0.197000,-1.223000,-64.824000,-62.412000,118.977000,26.46
8.878743,-0.090000,0.234000,-1.126000,-72.244000,-74.565000,124.000000,26.55
8.885572,-0.012000,0.310000,-1.059000,-78.305000,-78.580000,120.748000,26.41
8.897754,0.082000,0.358000,-0.993000,-77.786000,-96.015000,110.565000,26.55
8.909911,0.136000,0.402000,-0.899000,-75.908000,-99.542000,93.466000,26.51
8.916480,0.198000,0.420000,-0.870000,-71.588000,-105.084000,71.557000,26.41
8.928718,0.291000,0.438000,-0.873000,-65.084000,-103.450000,47.328000,26.46
8.935628,0.427000,0.436000,-0.941000,-56.595000,-107.282000,21.786000,26.55
8.947416,0.564000,0.408000,-0.993000,-47.267000,-114.290000,-2.611000,26.41
8.961139,0.690000,0.365000,-1.054000,-39.863000,-117.221000,-24.763000,26.46
8.966140,0.770000,0.309000,-1.118000,-35.405000,-128.718000,-44.931000,26.51
8.978150,0.796000,0.265000,-1.150000,-34.473000,-110.473000,-62.107000,26.41
8.983746,0.867000,0.194000,-1.117000,-28.214000,-139.924000,-75.115000,26.46
8.996536,0.843000,0.143000,-1.046000,-27.130000,-151.053000,-84.809000,26.51
9.008433,0.772000,0.100000,-0.969000,-24.595000,-153.450000,-90.321000,26.41
9.015489,0.747000,0.067000,-0.917000,-22.748000,-152.687000,-90.489000,26.46
9.027378,0.736000,0.035000,-0.903000,-22.962000,-151.221000,-90.198000,26.51
9.039100,0.745000,0.019000,-0.917000,-25.405000,-149.191000,-86.870000,26.51
9.046117,0.748000,0.006000,-0.905000,-27.252000,-145.481000,-84.137000,26.55
9.058027,0.748000,0.011000,-0.927000,-29.252000,-143.588000,-80.565000,26.41
9.063812,0.752000,0.016000,-0.927000,-30.656000,-141.084000,-77.466000,26.55
9.076563,0.794000,0.014000,-0.961000,-30.076000,-143.725000,-73.420000,26.46
9.088425,0.855000,0.016000,-0.993000,-32.733000,-142.824000,-70.351000,26.51
9.095799,0.876000,0.031000,-1.019000,-33.206000,-146.824000,-67.359000,26.55
9.107565,0.867000,0.054000,-0.988000,-33.802000,-148.595000,-64.977000,26.55
9.119373,0.838000,0.033000,-0.946000,-34.260000,-147.115000,-62.809000,26.41
9.126047,0.819000,-0.007000,-0.941000,-34.489000,-146.534000,-61.344000,26.55
9.137961,0.829000,-0.033000,-1.000000,-38.275000,-139.252000,-58.977000,26.46
9.150046,0.954000,-0.086000,-1.030000,-42.687000,-143.725000,-55.802000,26.51
9.156556,0.982000,-0.080000,-1.033000,-46.626000,-151.344000,-54.260000,26.46
9.168469,0.941000,-0.051000,-0.987000,-46.015000,-152.748000,-52.443000,26.51
9.174982,0.917000,-0.054000,-0.907000,-44.137000,-152.351000,-52.733000,26.51
9.186990,0.901000,-0.064000,-0.831000,-39.832000,-152.611000,-55.863000,26.46
9.198594,0.880000,-0.060000,-0.731000,-36.198000,-146.214000,-59.359000,26.51
9.205643,0.917000,-0.105000,-0.701000,-35.328000,-129.939000,-62.336000,26.51
9.217295,1.006000,-0.105000,-0.645000,-29.267000,-127.115000,-62.824000,26.37
9.228962,0.983000,-0.130000,-0.584000,-24.321000,-115.786000,-62.122000,26.51
9.235758,0.936000,-0.167000,-0.485000,-12.733000,-113.389000,-60.092000,26.51
9.247756,0.986000,-0.199000,-0.382000,-4.748000,-100.962000,-56.550000,26.46
9.259806,1.075000,-0.246000,-0.318000,-2.473000,-77.893000,-51.191000,26.41
9.266779,1.152000,-0.307000,-0.261000,-6.183000,-56.397000,-44.595000,26.55
9.278346,1.211000,-0.353000,-0.154000,-6.122000,-52.870000,-34.046000,26.51
9.285237,1.152000,-0.374000,-0.035000,-7.282000,-35.099000,-22.305000,26.41
9.297328,1.095000,-0.383000,0.076000,-6.565000,-14.748000,-11.206000,26.46
9.309681,1.021000,-0.353000,0.067000,-2.443000,4.809000,-1.069000,26.46
9.316723,0.890000,-0.221000,0.115000,42.534000,-6.366000,14.458000,26.41
9.329145,1.131000,-0.452000,0.399000,31.053000,70.885000,22.000000,26.46
9.336009,1.576000,-0.456000,0.379000,35.160000,113.542000,42.992000,26.51
9.348277,0.829000,-0.337000,0.346000,58.931000,158.183000,77.985000,26.32
9.355261,0.777000,0.220000,-1.521000,82.321000,115.832000,75.740000,26.46
9.367460,0.709000,0.465000,-1.842000,59.618000,139.618000,84.595000,26.46
9.379605,0.408000,0.403000,-0.924000,74.733000,146.458000,71.649000,26.51
9.386804,1.108000,0.065000,-1.210000,73.328000,147.481000,23.405000,26.46
9.399204,1.949000,0.040000,-1.685000,44.229000,165.328000,8.153000,26.51
9.405723,1.298000,-0.209000,-1.352000,45.557000,134.489000,13.267000,26.51
9.418085,0.698000,-0.280000,-1.197000,26.611000,132.901000,10.275000,26.46
9.425205,0.439000,-0.237000,-0.996000,11.344000,133.267000,6.763000,26.60
9.437434,1.302000,0.478000,-1.072000,2.397000,164.519000,11.893000,26.51
9.449690,1.219000,0.379000,-0.803000,20.366000,112.702000,9.496000,26.55
9.456600,0.824000,0.006000,-0.989000,43.924000,60.198000,16.092000,26.60
9.468929,0.693000,-0.110000,-0.974000,34.366000,66.840000,19.679000,26.41
9.475818,0.721000,-0.109000,-0.998000,32.687000,53.496000,16.580000,26.46
9.488145,0.724000,-0.228000,-1.041000,30.962000,21.405000,12.229000,26.51
9.495114,0.542000,-0.164000,-0.996000,18.198000,32.855000,8.687000,26.41
9.507568,0.557000,-0.094000,-0.971000,9.237000,28.412000,3.435000,26.55
9.519804,0.557000,-0.059000,-0.951000,-0.504000,28.779000,1.115000,26.51
9.526934,0.531000,-0.024000,-0.892000,1.069000,12.214000,0.519000,26.55
9.539333,0.537000,0.015000,-0.870000,-2.977000,15.817000,0.015000,26.55
9.546591,0.509000,0.005000,-0.861000,0.000000,8.901000,0.183000,26.51
9.558831,0.500000,0.015000,-0.885000,-3.756000,16.824000,-0.550000,26.55
9.565911,0.500000,0.029000,-0.853000,-3.969000,15.145000,-0.351000,26.46
9.578408,0.502000,0.043000,-0.851000,-1.924000,12.321000,0.260000,26.51
9.585461,0.522000,0.026000,-0.873000,-1.924000,10.015000,0.550000,26.46
9.597881,0.515000,0.014000,-0.851000,-2.718000,10.534000,0.809000,26.46
9.605224,0.500000,0.027000,-0.875000,-2.702000,9.221000,1.130000,26.51
9.617811,0.531000,0.001000,-0.852000,-4.779000,9.573000,1.420000,26.46
9.629618,0.499000,0.024000,-0.834000,-5.237000,10.641000,1.725000,26.46
9.637169,0.479000,0.046000,-0.833000,-3.038000,7.435000,2.229000,26.51
9.649625,0.506000,0.055000,-0.827000,-3.573000,13.481000,2.733000,26.55
9.656682,0.504000,0.035000,-0.841000,-2.198000,11.664000,2.641000,26.46
9.669147,0.511000,0.023000,-0.813000,-0.718000,5.282000,3.008000,26.51
9.676147,0.519000,0.025000,-0.820000,-2.122000,14.595000,2.504000,26.46
9.688592,0.475000,0.032000,-0.852000,1.252000,13.756000,2.366000,26.46
9.695934,0.492000,0.032000,-0.833000,1.893000,10.427000,2.473000,26.51
9.708463,0.410000,0.117000,-0.797000,1.466000,15.099000,3.313000,26.46
9.715657,0.426000,0.098000,-0.835000,5.252000,22.611000,5.542000,26.51
9.728236,0.496000,0.042000,-0.826000,6.198000,21.924000,5.466000,26.41
9.735375,0.499000,-0.000000,-0.910000,-3.038000,27.420000,3.603000,26.46
9.747352,0.513000,-0.003000,-0.868000,-7.237000,32.061000,2.397000,26.51
9.759613,0.532000,0.001000,-0.846000,-4.443000,22.137000,-0.198000,26.41
9.766584,0.534000,-0.029000,-0.865000,-6.794000,27.344000,-1.573000,26.46
9.778806,0.557000,0.005000,-0.813000,-11.786000,32.443000,-3.664000,26.51
9.786183,0.483000,0.048000,-0.842000,-9.435000,30.580000,-3.130000,26.60
9.798001,0.505000,0.102000,-0.859000,-15.160000,45.420000,-1.282000,26.46
9.805224,0.509000,-0.008000,-0.937000,-13.466000,59.573000,0.076000,26.41
9.817669,0.595000,0.038000,-0.838000,-12.214000,45.282000,-0.412000,26.51
9.829201,0.590000,-0.049000,-0.915000,-17.191000,66.824000,-2.733000,26.55
9.836556,0.486000,0.010000,-0.938000,-17.679000,76.626000,-2.305000,26.51
9.848633,0.580000,0.041000,-0.881000,-7.863000,53.435000,-2.763000,26.51
9.855507,0.519000,0.024000,-0.931000,-11.985000,80.458000,0.015000,26.46
9.868171,0.264000,0.217000,-1.091000,5.786000,104.046000,7.969000,26.60
9.874987,0.597000,-0.021000,-0.961000,10.840000,118.489000,11.557000,26.51
9.887122,0.541000,-0.038000,-1.001000,18.718000,139.069000,12.061000,26.46
9.899410,0.571000,0.003000,-1.125000,21.924000,155.725000,11.817000,26.41
9.906651,0.440000,0.024000,-1.150000,36.626000,165.511000,16.031000,26.41
9.918532,0.492000,0.062000,-1.164000,51.191000,204.656000,16.779000,26.55
9.925716,0.478000,0.070000,-1.184000,76.168000,207.664000,19.313000,26.41
9.937674,0.696000,0.199000,-1.218000,93.603000,240.107000,18.412000,26.55
9.949905,0.796000,0.152000,-1.781000,62.855000,406.947000,18.214000,26.51
9.956832,0.617000,0.146000,-1.516000,151.099000,343.939000,31.832000,26.41
9.968869,1.255000,-0.247000,-1.825000,125.893000,410.702000,36.046000,26.55
9.975588,1.178000,-0.493000,-1.548000,65.115000,352.015000,29.298000,26.37
9.987965,1.336000,-0.083000,-1.580000,37.206000,329.130000,25.069000,26.51
9.994827,1.068000,0.474000,-1.102000,45.069000,339.664000,39.099000,26.46
10.012709,1.677000,0.426000,-1.284000,73.069000,327.206000,43.924000,26.51
