# Gait Analysis Data - MPU6050 IMU
# Duration: 10 seconds
# Format: timestamp(s),ax(g),ay(g),az(g),gx(deg/s),gy(deg/s),gz(deg/s),temp(C)
# Note: Document sensor placement (ankle/wrist) separately
timestamp,ax,ay,az,gx,gy,gz,temp
0.000532,-0.176000,-0.805000,-1.278000,1.802000,2.107000,52.779000,26.37
0.002564,0.123000,-0.202000,-1.243000,-37.145000,-13.176000,87.420000,26.41
0.004137,-0.077000,0.107000,-0.904000,-28.748000,-71.542000,114.809000,26.37
0.005860,-0.006000,0.211000,-0.787000,-27.160000,-102.656000,122.809000,26.22
0.008938,-0.067000,0.266000,-0.632000,-24.427000,-114.962000,116.015000,26.41
0.009685,-0.061000,0.359000,-0.618000,-28.824000,-119.954000,95.939000,26.37
0.012304,-0.004000,0.427000,-0.582000,-29.374000,-114.855000,68.305000,26.41
0.013360,0.096000,0.478000,-0.593000,-23.176000,-133.466000,35.740000,26.46
0.013960,0.217000,0.524000,-0.681000,-17.847000,-133.466000,1.496000,26.37
0.014433,0.364000,0.482000,-0.768000,-9.481000,-149.252000,-30.183000,26.41
0.014904,0.499000,0.424000,-0.833000,-6.229000,-165.771000,-57.756000,26.27
0.015358,0.565000,0.400000,-0.849000,1.679000,-179.359000,-77.679000,26.37
0.015817,0.650000,0.292000,-0.859000,7.237000,-189.557000,-91.924000,26.32
0.016276,0.743000,0.155000,-0.883000,7.374000,-199.511000,-103.618000,26.37
0.016732,0.826000,0.024000,-0.861000,4.305000,-202.366000,-107.496000,26.46
0.017195,0.855000,-0.090000,-0.816000,1.634000,-205.908000,-104.458000,26.41
0.017650,0.893000,-0.202000,-0.796000,-0.840000,-206.260000,-94.611000,26.37
0.018114,0.963000,-0.276000,-0.836000,-6.260000,-201.634000,-79.527000,26.41
0.018580,1.043000,-0.306000,-0.884000,-11.863000,-195.649000,-62.321000,26.32
0.019042,1.100000,-0.254000,-0.927000,-14.504000,-193.145000,-43.160000,26.37
0.019506,1.118000,-0.197000,-0.933000,-27.069000,-156.031000,-24.931000,26.32
0.019964,1.183000,-0.133000,-0.887000,-21.893000,-178.992000,-7.908000,26.51
0.020417,1.284000,-0.031000,-0.832000,-28.168000,-176.366000,3.893000,26.32
0.020869,1.357000,0.079000,-0.806000,-36.855000,-166.046000,6.183000,26.32
0.022024,1.380000,0.183000,-0.741000,-41.695000,-157.038000,-2.168000,26.46
0.022616,1.343000,0.291000,-0.649000,-35.435000,-148.519000,-20.977000,26.37
0.023599,1.263000,0.325000,-0.582000,-20.718000,-136.702000,-48.443000,26.41
0.027122,1.181000,0.263000,-0.536000,-5.008000,-122.992000,-81.420000,26.37
0.028758,1.158000,0.186000,-0.547000,13.344000,-109.557000,-112.397000,26.32
0.030410,1.147000,0.100000,-0.573000,34.092000,-98.824000,-134.061000,26.32
0.031705,1.134000,0.012000,-0.595000,53.038000,-90.504000,-145.695000,26.37
0.034015,1.138000,-0.046000,-0.600000,69.267000,-87.481000,-147.802000,26.37
0.035298,1.069000,-0.068000,-0.611000,78.275000,-79.557000,-144.656000,26.41
0.035831,0.947000,-0.190000,-0.581000,72.931000,-57.237000,-140.626000,26.27
0.036644,0.975000,-0.076000,-0.581000,73.023000,-62.092000,-134.244000,26.41
0.037363,0.942000,-0.010000,-0.640000,74.321000,-62.229000,-129.389000,26.41
0.037911,0.897000,0.007000,-0.629000,75.710000,-60.931000,-125.679000,26.37
0.038440,0.830000,0.043000,-0.577000,74.519000,-56.870000,-125.282000,26.41
0.038943,0.796000,0.090000,-0.522000,75.908000,-49.053000,-127.527000,26.41
0.039409,0.781000,0.121000,-0.504000,78.489000,-41.557000,-131.237000,26.46
0.039865,0.776000,0.130000,-0.485000,80.122000,-33.282000,-135.115000,26.32
0.040372,0.818000,0.161000,-0.505000,82.061000,-24.076000,-140.550000,26.32
0.040883,0.863000,0.156000,-0.520000,83.511000,-23.191000,-148.092000,26.37
0.041357,0.873000,0.153000,-0.520000,85.786000,-22.595000,-155.023000,26.32
0.041821,0.865000,0.135000,-0.501000,88.611000,-19.908000,-158.870000,26.37
0.042271,0.827000,0.115000,-0.444000,91.893000,-13.878000,-159.649000,26.46
0.042713,0.783000,0.083000,-0.421000,93.450000,-5.863000,-159.802000,26.32
0.043148,0.771000,0.039000,-0.402000,91.588000,3.557000,-159.832000,26.37
0.043592,0.816000,0.005000,-0.427000,89.344000,7.160000,-156.794000,26.37
0.044111,0.837000,-0.013000,-0.466000,79.664000,26.153000,-151.924000,26.32
0.045005,0.873000,-0.014000,-0.470000,71.985000,31.908000,-144.305000,26.46
0.045566,0.882000,-0.003000,-0.476000,66.046000,35.420000,-136.687000,26.37
0.046059,0.866000,0.061000,-0.471000,61.664000,40.015000,-129.893000,26.32
0.046649,0.854000,0.118000,-0.457000,57.924000,46.290000,-126.382000,26.37
0.047170,0.860000,0.173000,-0.457000,52.580000,52.290000,-127.557000,26.41
0.047653,0.843000,0.209000,-0.483000,46.443000,59.740000,-131.145000,26.41
0.049922,0.798000,0.181000,-0.529000,43.740000,58.183000,-129.893000,26.27
0.050667,0.683000,0.121000,-0.742000,17.710000,51.130000,-129.481000,26.41
0.051169,0.492000,0.166000,-0.832000,17.908000,53.191000,-122.947000,26.41
0.051641,0.396000,-0.003000,-1.057000,31.847000,33.313000,-112.473000,26.37
0.052107,0.275000,-0.040000,-1.551000,56.244000,11.481000,-113.130000,26.41
0.052566,0.594000,-0.959000,-1.413000,53.924000,6.214000,-74.137000,26.41
0.053023,0.399000,-1.149000,-0.608000,18.366000,26.443000,-31.802000,26.37
0.053847,0.651000,-1.196000,-1.000000,-10.443000,51.359000,16.916000,26.41
0.054540,1.019000,-0.340000,-1.348000,-48.550000,31.573000,27.802000,26.37
0.055269,0.717000,0.440000,-0.848000,-41.420000,6.641000,5.588000,26.32
0.056012,0.384000,0.354000,-0.740000,-17.710000,20.656000,-16.137000,26.32
0.056548,0.327000,-0.165000,-0.876000,-12.504000,25.878000,-19.298000,26.46
0.057016,0.819000,-0.333000,-1.048000,-31.237000,12.229000,-3.450000,26.37
0.057471,0.733000,-0.008000,-0.764000,-32.916000,-2.534000,-3.649000,26.32
0.057926,0.591000,0.286000,-0.768000,-24.992000,2.718000,-12.443000,26.37
0.058367,0.518000,0.155000,-0.836000,-18.489000,7.450000,-8.855000,26.41
0.058810,0.500000,0.078000,-0.802000,-8.931000,-1.298000,-0.901000,26.41
0.059249,0.502000,0.177000,-0.782000,-6.305000,6.443000,-0.107000,26.37
0.059684,0.597000,0.057000,-0.811000,2.504000,0.443000,0.641000,26.46
0.060133,0.612000,-0.064000,-0.853000,4.901000,-3.954000,-0.366000,26.32
0.060572,0.535000,-0.052000,-0.857000,1.832000,-11.130000,-3.542000,26.37
0.061077,0.511000,-0.021000,-0.853000,-1.817000,-5.969000,-5.649000,26.32
0.061608,0.525000,-0.030000,-0.875000,-3.832000,-1.740000,-6.168000,26.32
0.062059,0.523000,-0.058000,-0.886000,-6.595000,-1.878000,-7.649000,26.37
0.062511,0.552000,-0.081000,-0.852000,-12.198000,-0.473000,-9.802000,26.41
0.062940,0.510000,0.001000,-0.829000,-14.412000,0.840000,-10.656000,26.41
0.063369,0.458000,0.032000,-0.849000,-12.672000,1.863000,-10.183000,26.37
0.063867,0.497000,-0.000000,-0.846000,-12.687000,4.870000,-10.153000,26.32
0.064392,0.530000,0.014000,-0.850000,-12.733000,5.802000,-10.153000,26.41
0.064830,0.502000,0.038000,-0.862000,-11.832000,6.031000,-8.763000,26.37
0.065250,0.509000,0.022000,-0.857000,-11.527000,8.137000,-8.198000,26.32
0.065691,0.531000,0.018000,-0.856000,-10.290000,7.435000,-7.435000,26.32
0.066123,0.513000,0.016000,-0.823000,-9.924000,8.290000,-6.809000,26.37
0.066539,0.493000,0.058000,-0.831000,-8.595000,9.649000,-5.863000,26.41
0.066966,0.525000,0.057000,-0.824000,-6.076000,10.992000,-4.260000,26.41
0.067377,0.551000,0.005000,-0.841000,-3.756000,10.733000,-3.359000,26.37
0.067799,0.547000,-0.022000,-0.855000,-4.412000,10.305000,-3.893000,26.32
0.068211,0.549000,-0.037000,-0.842000,-6.061000,8.534000,-5.282000,26.46
0.068618,0.540000,0.036000,-0.816000,-8.061000,7.450000,-6.107000,26.37
0.069025,0.516000,0.038000,-0.822000,-7.389000,8.107000,-6.443000,26.41
0.069434,0.516000,0.006000,-0.827000,-6.947000,9.008000,-5.649000,26.46
0.069871,0.516000,0.032000,-0.824000,-6.824000,8.840000,-5.267000,26.37
0.070307,0.531000,0.028000,-0.836000,-5.405000,7.786000,-4.656000,26.32
0.070729,0.528000,0.026000,-0.820000,-4.840000,6.168000,-3.756000,26.46
0.071167,0.514000,0.035000,-0.830000,-4.305000,6.534000,-2.733000,26.37
0.071609,0.528000,0.023000,-0.837000,-3.939000,6.290000,-2.626000,26.41
0.072027,0.536000,0.018000,-0.834000,-3.267000,6.092000,-3.023000,26.37
0.072445,0.510000,0.050000,-0.819000,-1.679000,6.611000,-2.000000,26.37
0.072860,0.510000,0.060000,-0.811000,0.458000,7.008000,-1.023000,26.32
0.073368,0.548000,0.039000,-0.817000,1.252000,6.061000,0.504000,26.27
0.073904,0.542000,0.022000,-0.816000,2.366000,4.153000,1.527000,26.37
0.074404,0.519000,0.018000,-0.819000,3.542000,2.992000,2.122000,26.41
0.074849,0.539000,0.015000,-0.833000,4.000000,2.595000,2.015000,26.46
0.075299,0.533000,0.029000,-0.835000,4.427000,1.756000,2.595000,26.32
0.075736,0.543000,-0.006000,-0.846000,3.374000,1.863000,2.565000,26.32
0.076204,0.564000,-0.014000,-0.866000,1.374000,1.359000,1.496000,26.37
0.076680,0.552000,-0.011000,-0.845000,-0.229000,1.206000,-0.107000,26.41
0.077131,0.534000,-0.007000,-0.844000,-0.977000,0.977000,-1.069000,26.41
0.077566,0.526000,0.005000,-0.832000,-1.344000,2.916000,-1.481000,26.37
0.077999,0.519000,0.040000,-0.838000,0.168000,3.863000,-0.901000,26.41
0.078433,0.524000,0.007000,-0.839000,0.718000,6.000000,-0.840000,26.41
0.078866,0.528000,0.008000,-0.840000,1.206000,6.534000,-0.870000,26.37
0.079331,0.543000,-0.006000,-0.856000,0.336000,7.832000,-1.588000,26.32
0.079788,0.556000,-0.007000,-0.855000,-0.977000,9.695000,-2.916000,26.32
0.080236,0.576000,-0.020000,-0.855000,-3.069000,10.672000,-5.267000,26.37
0.080678,0.593000,-0.005000,-0.866000,-5.466000,10.733000,-7.802000,26.41
0.081162,0.577000,0.011000,-0.850000,-6.824000,10.580000,-9.588000,26.41
0.081645,0.578000,-0.004000,-0.862000,-9.267000,12.366000,-11.603000,26.37
0.082080,0.551000,0.026000,-0.865000,-8.458000,14.305000,-13.802000,26.41
0.082523,0.510000,-0.021000,-0.859000,-11.496000,18.198000,-16.107000,26.41
0.082955,0.462000,-0.022000,-0.844000,-13.221000,22.092000,-18.885000,26.51
0.083433,0.487000,0.102000,-0.769000,-11.771000,34.947000,-26.244000,26.41
0.083944,0.549000,0.161000,-0.811000,-5.695000,31.237000,-35.710000,26.37
0.084394,0.698000,0.265000,-0.751000,4.412000,30.031000,-54.718000,26.37
0.084838,0.856000,0.410000,-0.704000,17.649000,33.130000,-89.756000,26.32
0.085282,0.946000,0.418000,-0.594000,47.786000,25.588000,-131.252000,26.37
0.085729,0.965000,0.555000,-0.603000,83.359000,47.115000,-183.176000,26.41
0.086240,0.936000,0.345000,-0.595000,142.397000,16.824000,-234.702000,26.41
0.086736,1.004000,0.353000,-0.574000,191.634000,4.901000,-288.275000,26.37
0.087189,1.037000,0.062000,-0.634000,245.878000,-11.740000,-319.573000,26.46
0.087642,0.975000,-0.137000,-0.532000,261.252000,-17.450000,-337.221000,26.41
0.088092,0.927000,-0.240000,-0.488000,262.641000,-16.733000,-345.924000,26.37
0.088539,0.930000,-0.240000,-0.427000,261.435000,-12.366000,-347.847000,26.41
0.088983,0.890000,-0.252000,-0.403000,264.870000,-7.939000,-346.840000,26.41
0.089417,0.891000,-0.251000,-0.431000,265.756000,3.053000,-346.275000,26.46
0.089860,0.900000,-0.255000,-0.481000,265.267000,10.885000,-343.893000,26.41
0.090300,0.890000,-0.287000,-0.524000,262.336000,16.260000,-338.366000,26.32
0.090741,0.852000,-0.297000,-0.549000,255.053000,21.527000,-329.405000,26.37
0.091181,0.828000,-0.331000,-0.605000,242.611000,28.000000,-316.870000,26.32
0.091620,0.805000,-0.365000,-0.646000,222.260000,32.870000,-302.000000,26.41
0.092078,0.772000,-0.307000,-0.643000,207.908000,30.748000,-284.122000,26.46
0.092523,0.691000,-0.253000,-0.643000,193.893000,31.191000,-267.053000,26.41
0.092964,0.635000,-0.187000,-0.621000,189.206000,33.130000,-255.130000,26.41
0.093481,0.604000,-0.148000,-0.626000,188.443000,38.351000,-249.038000,26.46
0.094047,0.612000,-0.165000,-0.681000,182.763000,39.618000,-249.557000,26.41
0.094518,0.678000,-0.209000,-0.750000,170.046000,42.229000,-250.137000,26.37
0.094965,0.651000,-0.183000,-0.801000,157.374000,35.389000,-251.191000,26.37
0.095409,0.576000,-0.149000,-0.793000,148.733000,34.015000,-249.374000,26.32
0.095939,0.509000,-0.134000,-0.777000,146.137000,31.863000,-243.328000,26.37
0.096488,0.445000,-0.173000,-0.768000,140.687000,28.061000,-234.107000,26.27
0.096942,0.411000,-0.214000,-0.777000,130.046000,30.137000,-220.000000,26.41
0.097387,0.431000,-0.226000,-0.811000,120.275000,34.626000,-202.046000,26.37
0.097825,0.323000,-0.230000,-0.814000,104.962000,28.794000,-179.145000,26.37
0.098266,0.261000,-0.249000,-0.811000,92.962000,27.023000,-152.794000,26.41
0.098715,0.210000,-0.251000,-0.812000,76.519000,21.771000,-125.176000,26.46
0.099156,0.171000,-0.248000,-0.860000,57.053000,26.870000,-97.053000,26.37
0.099622,0.579000,-0.206000,-1.589000,97.374000,3.115000,-37.832000,26.41
0.100065,0.053000,-1.704000,-1.422000,73.344000,-78.901000,41.252000,26.37
0.100510,0.594000,-0.444000,-0.910000,-45.603000,-46.351000,65.328000,26.37
0.100952,0.580000,0.387000,-0.665000,-98.168000,-31.649000,65.389000,26.32
0.101386,1.013000,0.430000,-0.624000,-2.168000,-51.237000,48.031000,26.37
0.101823,0.746000,-0.210000,-0.783000,40.061000,-73.725000,11.252000,26.46
0.102261,0.493000,-0.457000,-0.987000,20.779000,-41.374000,4.565000,26.41
0.102692,0.271000,-0.225000,-1.021000,7.053000,-38.458000,4.122000,26.37
0.103118,0.331000,0.032000,-0.917000,1.756000,-30.168000,0.779000,26.46
0.103636,0.468000,0.122000,-0.902000,0.672000,-21.878000,-1.649000,26.41
0.104310,0.512000,-0.034000,-0.882000,-2.565000,-13.481000,-0.656000,26.27
0.104792,0.548000,-0.041000,-0.807000,-7.496000,-15.878000,-1.985000,26.32
0.105236,0.623000,0.046000,-0.771000,-4.000000,-10.947000,-3.969000,26.41
0.106177,0.454000,0.022000,-0.863000,4.992000,44.153000,-0.092000,26.41
0.106596,0.422000,-0.006000,-0.853000,2.779000,50.397000,-3.176000,26.32
0.107014,0.369000,-0.054000,-0.895000,-0.122000,69.099000,-6.794000,26.41
0.107432,0.446000,0.010000,-0.911000,-4.885000,72.702000,-9.863000,26.37
0.107849,0.458000,-0.016000,-0.946000,3.802000,77.832000,-12.870000,26.41
0.111988,0.607000,0.086000,-0.929000,17.969000,75.985000,-20.840000,26.37
0.118728,0.709000,0.170000,-0.984000,50.733000,75.756000,-34.412000,26.41
0.131040,0.456000,-0.116000,-1.036000,61.618000,75.695000,-44.809000,26.51
0.137680,0.345000,-0.052000,-1.149000,57.939000,72.214000,-55.130000,26.37
0.150061,0.280000,0.104000,-1.116000,57.573000,60.473000,-64.489000,26.37
0.162205,0.347000,0.164000,-1.135000,63.374000,45.450000,-70.611000,26.41
0.169190,0.401000,0.117000,-1.175000,68.840000,18.153000,-72.763000,26.46
0.181532,0.348000,0.077000,-1.126000,68.794000,-0.015000,-72.031000,26.41
0.188299,0.270000,0.033000,-1.020000,65.298000,-16.107000,-69.298000,26.32
0.200536,0.244000,0.027000,-0.938000,58.855000,-26.870000,-64.901000,26.27
0.212788,0.284000,0.055000,-0.893000,52.489000,-34.412000,-61.023000,26.37
0.219444,0.350000,0.108000,-0.869000,48.107000,-43.008000,-59.908000,26.32
0.231794,0.435000,0.171000,-0.854000,46.046000,-52.031000,-62.565000,26.46
0.238580,0.497000,0.231000,-0.835000,45.893000,-61.786000,-69.557000,26.41
0.250793,0.562000,0.286000,-0.777000,50.687000,-69.939000,-78.840000,26.41
0.262829,0.594000,0.313000,-0.682000,54.962000,-74.321000,-90.366000,26.37
0.269457,0.597000,0.331000,-0.599000,55.359000,-75.191000,-100.122000,26.41
0.281762,0.604000,0.347000,-0.583000,55.252000,-74.412000,-111.069000,26.41
0.288496,0.637000,0.337000,-0.510000,57.542000,-75.496000,-122.153000,26.37
0.300658,0.604000,0.093000,-0.461000,58.305000,-74.031000,-130.947000,26.41
0.312689,0.662000,-0.032000,-0.372000,57.450000,-63.588000,-127.496000,26.41
0.319223,0.763000,-0.067000,-0.303000,58.504000,-26.473000,-116.198000,26.46
0.331241,1.495000,-1.556000,-0.352000,38.137000,-12.107000,-96.611000,26.51
0.338240,1.092000,0.048000,1.013000,25.450000,64.198000,-78.565000,26.41
0.350552,1.246000,0.089000,-0.069000,40.718000,104.260000,-17.908000,26.37
0.362727,2.586000,-0.245000,-2.021000,35.069000,11.084000,19.557000,26.41
0.369467,1.568000,-0.014000,-1.324000,4.504000,-39.160000,28.198000,26.37
0.381775,0.473000,0.080000,-0.365000,12.824000,-64.458000,25.985000,26.46
0.388718,0.207000,0.199000,-0.900000,33.023000,-36.733000,15.053000,26.32
0.401172,0.115000,-0.023000,-1.035000,12.031000,-18.473000,5.573000,26.37
0.408119,0.090000,-0.219000,-0.701000,12.305000,-9.832000,7.298000,26.46
0.420210,0.307000,-0.199000,-0.851000,-2.885000,16.763000,4.290000,26.41
0.432537,0.641000,-0.094000,-0.893000,-10.855000,19.160000,1.542000,26.55
0.439482,0.698000,-0.005000,-0.806000,-10.137000,10.656000,-0.779000,26.46
0.451703,0.690000,0.033000,-0.838000,-10.595000,2.809000,-5.954000,26.41
0.458749,0.563000,0.008000,-0.830000,-10.168000,3.191000,-9.679000,26.46
0.470638,0.547000,-0.075000,-0.850000,-10.458000,-11.084000,-8.916000,26.37
0.478314,0.604000,-0.098000,-0.878000,-20.183000,-0.061000,-7.328000,26.32
0.490044,0.545000,0.026000,-0.797000,-22.885000,-3.084000,-4.412000,26.46
0.502419,0.493000,0.122000,-0.777000,-17.466000,-0.824000,-3.099000,26.37
0.509331,0.504000,0.142000,-0.769000,-9.649000,-1.328000,-2.534000,26.41
0.521411,0.478000,0.096000,-0.789000,-4.366000,0.870000,-0.824000,26.46
0.529130,0.576000,0.001000,-0.916000,-8.840000,5.191000,-0.275000,26.46
0.543406,0.755000,-0.063000,-0.893000,-12.382000,-8.656000,-0.412000,26.41
0.547704,0.590000,-0.013000,-0.796000,-9.832000,-9.374000,-1.679000,26.37
0.560233,0.446000,0.035000,-0.763000,-7.695000,-11.038000,-3.573000,26.37
0.572327,0.398000,0.010000,-0.792000,-6.427000,-5.786000,-4.412000,26.41
0.579218,0.414000,-0.054000,-0.858000,-8.718000,3.069000,-4.672000,26.37
0.591477,0.484000,-0.112000,-0.862000,-10.687000,4.244000,-4.504000,26.37
0.598860,0.475000,-0.071000,-0.820000,-13.267000,1.893000,-3.206000,26.32
0.610744,0.392000,0.004000,-0.811000,-15.893000,10.916000,-1.679000,26.37
0.617799,0.428000,0.014000,-0.787000,-14.870000,11.420000,-1.618000,26.37
0.629976,0.465000,-0.003000,-0.785000,-13.023000,8.718000,-0.626000,26.51
0.642159,0.576000,-0.044000,-0.843000,-14.809000,7.282000,-0.901000,26.37
0.649085,0.655000,-0.022000,-0.817000,-18.550000,4.947000,-0.947000,26.41
0.661224,0.533000,0.079000,-0.748000,-16.916000,-0.962000,-6.107000,26.51
0.668216,0.438000,0.063000,-0.768000,-15.160000,-2.977000,-12.626000,26.46
0.680196,0.424000,-0.024000,-0.766000,-13.847000,2.260000,-10.794000,26.41
0.692573,0.366000,-0.075000,-0.764000,-11.282000,2.840000,-6.229000,26.41
0.699462,0.463000,-0.131000,-0.829000,-17.588000,7.328000,-5.481000,26.37
0.711723,0.930000,0.083000,-0.961000,-16.214000,2.427000,-1.038000,26.41
0.718687,0.697000,0.204000,-0.777000,-12.962000,-4.473000,-9.313000,26.41
0.731018,0.403000,0.133000,-0.849000,-5.328000,-6.397000,-8.840000,26.46
0.738373,0.462000,0.096000,-0.906000,-7.298000,5.405000,-0.748000,26.41
0.750639,0.631000,0.139000,-0.860000,-6.733000,1.008000,-2.779000,26.41
0.757839,0.557000,0.094000,-0.863000,-4.901000,5.908000,-2.733000,26.37
0.769962,0.523000,0.072000,-0.829000,-2.351000,3.679000,-1.618000,26.32
0.782543,0.523000,0.112000,-0.860000,-1.206000,8.382000,-1.145000,26.41
0.789979,0.534000,0.121000,-0.848000,2.748000,5.893000,-0.855000,26.37
0.802226,0.573000,0.065000,-0.865000,3.634000,6.947000,-0.076000,26.51
0.809810,0.551000,0.037000,-0.863000,3.145000,4.870000,0.031000,26.32
0.821945,0.521000,0.074000,-0.816000,2.382000,0.061000,0.504000,26.37
0.829192,0.529000,0.063000,-0.802000,3.267000,9.160000,1.160000,26.41
0.841798,0.505000,0.054000,-0.804000,5.649000,8.382000,1.374000,26.32
0.849045,0.492000,0.055000,-0.810000,6.260000,9.298000,2.656000,26.46
0.862647,0.511000,0.066000,-0.804000,8.763000,9.374000,3.908000,26.32
0.868681,0.523000,0.051000,-0.769000,10.595000,8.366000,4.550000,26.41
0.883864,0.475000,0.062000,-0.772000,13.176000,9.176000,5.084000,26.37
0.888447,0.491000,0.043000,-0.838000,16.458000,11.130000,6.336000,26.41
0.901962,0.531000,-0.025000,-0.816000,17.298000,9.618000,6.809000,26.41
0.907767,0.497000,-0.009000,-0.802000,16.641000,11.435000,7.863000,26.37
0.922364,0.486000,0.028000,-0.780000,19.344000,14.718000,9.740000,26.41
0.932479,0.430000,0.090000,-0.774000,24.427000,17.053000,12.611000,26.51
0.943349,0.554000,0.067000,-0.805000,29.603000,17.847000,12.962000,26.37
0.952122,0.401000,0.116000,-0.711000,33.695000,18.260000,15.740000,26.41
0.959127,0.476000,0.102000,-0.942000,38.626000,32.550000,15.908000,26.37
0.971206,0.750000,-0.211000,-0.894000,27.939000,28.885000,13.191000,26.41
0.978271,0.542000,-0.162000,-0.866000,5.664000,32.290000,6.885000,26.41
0.990855,0.547000,-0.027000,-0.877000,3.389000,28.244000,3.985000,26.37
0.997973,0.573000,-0.061000,-0.861000,4.611000,9.435000,2.290000,26.46
1.010427,0.600000,-0.007000,-0.826000,2.183000,16.656000,2.046000,26.41
1.022712,0.539000,-0.002000,-0.891000,2.260000,30.290000,3.069000,26.37
1.029801,0.475000,-0.018000,-0.987000,-4.443000,52.962000,3.084000,26.32
1.042008,0.475000,-0.031000,-0.958000,3.160000,38.229000,2.260000,26.41
1.049355,0.526000,0.002000,-0.939000,3.786000,57.389000,-1.130000,26.46
1.061779,0.238000,0.164000,-1.121000,5.618000,76.427000,5.908000,26.46
1.068736,0.446000,0.081000,-1.107000,16.977000,120.031000,7.603000,26.32
1.080748,0.285000,-0.192000,-1.317000,36.397000,132.626000,20.351000,26.37
1.087711,0.639000,0.218000,-1.183000,25.634000,152.947000,30.870000,26.41
1.100099,0.452000,-0.107000,-1.250000,46.702000,190.061000,36.977000,26.41
1.112226,0.624000,0.226000,-1.287000,36.458000,236.809000,39.450000,26.37
1.119082,0.696000,0.105000,-1.267000,69.740000,236.824000,42.137000,26.46
1.131233,0.662000,0.083000,-1.160000,74.153000,275.313000,48.702000,26.41
1.138231,0.858000,0.141000,-1.426000,78.275000,281.847000,55.237000,26.37
1.150708,1.179000,0.189000,-1.465000,63.191000,259.099000,57.023000,26.41
1.162801,0.893000,0.300000,-1.329000,72.824000,226.260000,50.962000,26.41
1.169716,0.638000,0.692000,-1.632000,86.855000,192.992000,31.771000,26.46
1.182023,0.132000,0.833000,-1.655000,95.069000,125.115000,5.374000,26.41
1.188979,0.309000,0.511000,-1.549000,57.893000,95.099000,-19.237000,26.41
1.201324,0.026000,0.440000,-1.527000,23.405000,30.214000,-22.366000,26.37
1.208099,-0.237000,0.351000,-1.199000,13.588000,11.099000,-11.573000,26.41
1.220250,-0.187000,0.195000,-1.058000,-0.794000,-7.145000,1.130000,26.41
1.232605,-0.068000,0.130000,-1.027000,-13.237000,-27.328000,12.397000,26.37
1.239270,-0.040000,0.133000,-0.975000,-25.786000,-44.962000,21.206000,26.41
1.251391,-0.002000,0.142000,-0.894000,-34.550000,-61.481000,27.481000,26.41
1.258045,0.049000,0.162000,-0.843000,-40.290000,-75.267000,28.763000,26.37
1.270234,0.080000,0.174000,-0.773000,-42.855000,-81.206000,25.634000,26.41
1.282569,0.158000,0.194000,-0.762000,-45.649000,-88.947000,18.000000,26.41
1.289260,0.283000,0.201000,-0.804000,-49.450000,-93.099000,6.229000,26.37
1.301685,0.457000,0.221000,-0.871000,-49.847000,-104.183000,-7.740000,26.41
1.308252,0.540000,0.255000,-0.921000,-50.611000,-116.382000,-22.534000,26.46
1.320027,0.593000,0.229000,-0.890000,-48.534000,-130.412000,-35.786000,26.37
1.332054,0.621000,0.203000,-0.874000,-48.779000,-139.084000,-48.473000,26.51
1.338796,0.714000,0.174000,-0.896000,-49.649000,-144.107000,-59.191000,26.37
1.351050,0.794000,0.145000,-0.921000,-49.176000,-150.992000,-68.305000,26.37
1.362828,0.870000,0.122000,-0.979000,-49.176000,-157.908000,-76.794000,26.41
1.369625,0.878000,0.097000,-0.979000,-47.099000,-166.000000,-84.977000,26.46
1.381691,0.848000,0.078000,-0.934000,-43.802000,-170.779000,-91.405000,26.37
1.388260,0.816000,0.052000,-0.886000,-39.389000,-170.809000,-96.031000,26.41
1.400148,0.812000,0.001000,-0.865000,-35.939000,-167.466000,-98.595000,26.37
1.412063,0.816000,-0.019000,-0.875000,-32.840000,-163.145000,-98.885000,26.41
1.418672,0.815000,-0.047000,-0.917000,-30.885000,-158.565000,-96.992000,26.41
1.430787,0.845000,-0.047000,-1.012000,-44.046000,-116.794000,-92.000000,26.46
1.442907,0.893000,-0.069000,-1.012000,-35.008000,-156.656000,-85.420000,26.41
1.449392,0.889000,-0.081000,-1.008000,-38.443000,-155.649000,-75.695000,26.41
1.461514,0.848000,-0.147000,-0.952000,-41.069000,-158.076000,-66.840000,26.46
1.472913,0.825000,-0.177000,-0.901000,-46.031000,-155.496000,-57.756000,26.41
1.479858,0.784000,-0.178000,-0.875000,-49.405000,-148.534000,-48.641000,26.41
1.491565,0.776000,-0.194000,-0.865000,-51.298000,-141.038000,-40.504000,26.37
1.498707,0.810000,-0.166000,-0.867000,-51.649000,-132.473000,-34.443000,26.41
1.510062,0.798000,-0.131000,-0.868000,-48.931000,-124.122000,-31.053000,26.37
1.521900,0.857000,-0.099000,-0.828000,-45.450000,-111.481000,-30.870000,26.41
1.528482,0.964000,-0.113000,-0.788000,-39.618000,-110.229000,-32.901000,26.41
1.540434,1.018000,-0.118000,-0.790000,-40.641000,-102.656000,-35.939000,26.37
1.552306,1.038000,-0.142000,-0.731000,-38.351000,-106.214000,-40.275000,26.37
1.559036,0.963000,-0.097000,-0.687000,-32.076000,-105.817000,-43.802000,26.41
1.570954,0.842000,-0.114000,-0.420000,-19.435000,-89.557000,-42.229000,26.46
1.583018,0.930000,-0.213000,-0.325000,-11.206000,-70.840000,-41.908000,26.41
1.589826,0.962000,-0.181000,-0.256000,-6.687000,-58.550000,-43.496000,26.41
1.602060,0.998000,-0.154000,-0.184000,1.557000,-37.099000,-42.015000,26.37
1.608810,1.158000,-0.177000,-0.128000,12.977000,-18.458000,-35.008000,26.41
1.620721,1.262000,-0.279000,-0.060000,25.847000,-13.695000,-24.504000,26.41
1.632780,1.331000,-0.359000,0.090000,26.366000,4.992000,-11.725000,26.46
1.640391,1.392000,-0.411000,0.275000,29.573000,38.321000,5.695000,26.32
1.652500,1.534000,-0.454000,0.638000,47.496000,78.672000,26.275000,26.41
1.659639,1.638000,-0.584000,1.020000,71.374000,136.504000,45.710000,26.46
1.671510,0.222000,-0.331000,-0.463000,98.336000,137.756000,34.855000,26.41
1.678632,1.016000,-0.209000,-2.123000,76.580000,82.397000,28.000000,26.27
1.690808,0.310000,0.229000,-1.204000,44.015000,131.481000,44.015000,26.37
1.702847,0.078000,-0.203000,-0.615000,59.496000,154.153000,41.405000,26.41
1.709838,0.882000,-0.239000,-1.232000,36.504000,169.511000,13.954000,26.37
1.721902,1.473000,-0.098000,-1.216000,13.954000,157.450000,17.695000,26.37
1.729009,1.059000,-0.018000,-0.987000,24.473000,139.908000,26.366000,26.41
1.740988,0.678000,-0.098000,-0.950000,19.802000,133.023000,23.878000,26.46
1.748208,1.476000,0.615000,-1.021000,6.427000,153.496000,22.397000,26.37
1.760411,1.442000,0.222000,-0.851000,49.863000,84.916000,28.382000,26.41
1.772561,0.951000,-0.322000,-1.007000,64.290000,40.580000,30.305000,26.46
1.780295,0.667000,-0.288000,-1.077000,25.557000,56.229000,25.069000,26.41
1.792050,0.827000,-0.198000,-0.975000,28.351000,19.115000,16.046000,26.41
1.798790,0.774000,-0.346000,-1.026000,21.435000,4.733000,11.237000,26.37
1.811257,0.586000,-0.126000,-0.929000,9.573000,1.466000,2.198000,26.41
1.818158,0.554000,-0.085000,-0.913000,1.893000,5.985000,-1.328000,26.32
1.830531,0.549000,-0.033000,-0.884000,-1.710000,8.443000,-2.046000,26.46
1.842863,0.519000,0.043000,-0.851000,-2.901000,8.031000,-1.939000,26.41
1.850091,0.524000,0.006000,-0.866000,-5.756000,18.748000,-1.740000,26.51
1.862300,0.561000,0.010000,-0.839000,-4.641000,11.069000,-2.015000,26.37
1.869582,0.558000,0.026000,-0.818000,-3.481000,9.893000,-2.015000,26.41
1.881847,0.553000,0.033000,-0.824000,-3.145000,9.252000,-1.267000,26.41
1.888817,0.554000,0.028000,-0.818000,-2.153000,11.771000,-0.321000,26.41
1.901357,0.551000,0.041000,-0.815000,-1.344000,9.893000,0.840000,26.41
1.908583,0.539000,0.011000,-0.830000,-1.557000,8.504000,1.954000,26.37
1.921072,0.511000,0.005000,-0.819000,-2.977000,12.244000,2.244000,26.46
1.928064,0.496000,0.044000,-0.838000,-4.046000,13.588000,2.382000,26.32
1.940673,0.502000,0.017000,-0.857000,-4.489000,18.183000,3.466000,26.55
1.952679,0.534000,-0.006000,-0.828000,-5.939000,22.977000,3.435000,26.51
1.959809,0.542000,-0.015000,-0.830000,-6.366000,24.855000,1.710000,26.41
1.971995,0.553000,-0.002000,-0.810000,-5.908000,21.527000,0.351000,26.46
1.979173,0.566000,0.024000,-0.808000,-5.832000,17.557000,0.122000,26.46
1.991593,0.528000,0.063000,-0.801000,-4.992000,19.420000,1.008000,26.32
1.998866,0.542000,0.069000,-0.756000,-1.298000,2.153000,2.672000,26.37
2.011074,0.528000,0.048000,-0.834000,-5.038000,23.511000,5.389000,26.51
2.018110,0.541000,-0.041000,-0.827000,-7.176000,28.137000,5.038000,26.41
2.030248,0.539000,-0.012000,-0.807000,-8.427000,27.206000,2.534000,26.37
2.042485,0.584000,0.031000,-0.798000,-11.618000,33.221000,-0.260000,26.37
2.051685,0.527000,0.006000,-0.827000,-7.038000,40.779000,-1.924000,26.51
2.061825,0.625000,-0.052000,-0.772000,-6.885000,28.779000,-3.282000,26.37
2.068782,0.639000,0.005000,-0.776000,-4.519000,26.092000,-4.656000,26.32
2.081175,0.534000,0.000000,-0.809000,-7.359000,46.733000,-3.725000,26.41
2.088032,0.585000,0.030000,-0.793000,-4.198000,46.809000,-3.954000,26.46
2.100607,0.601000,0.047000,-0.794000,-5.786000,48.198000,-1.664000,26.32
2.106179,0.484000,0.064000,-0.957000,1.298000,50.626000,2.947000,26.41
2.119951,0.604000,-0.041000,-0.847000,10.092000,59.328000,2.473000,26.46
2.132475,0.586000,0.007000,-0.878000,6.580000,67.405000,4.260000,26.41
2.139523,0.602000,0.014000,-0.864000,11.496000,80.107000,3.557000,26.41
2.151909,0.604000,0.023000,-0.887000,11.573000,89.252000,7.053000,26.37
2.158852,0.614000,0.050000,-0.908000,14.641000,100.550000,10.550000,26.32
2.171050,0.586000,0.011000,-0.941000,15.985000,114.870000,12.229000,26.41
2.178104,0.560000,-0.001000,-1.026000,20.031000,127.496000,15.023000,26.37
2.189949,0.590000,-0.021000,-0.967000,23.618000,158.107000,16.977000,26.41
2.202193,0.572000,-0.040000,-1.045000,30.031000,191.542000,17.069000,26.37
2.209309,0.538000,-0.027000,-1.056000,41.038000,223.939000,15.542000,26.46
2.221250,0.605000,0.122000,-1.260000,52.947000,273.130000,15.802000,26.51
2.228282,0.651000,0.256000,-1.518000,66.168000,310.382000,22.656000,26.46
2.240860,0.582000,0.191000,-1.213000,96.015000,357.023000,32.458000,26.37
2.252830,0.845000,0.064000,-1.288000,115.130000,385.130000,41.145000,26.41
2.259564,1.636000,-0.478000,-1.795000,92.382000,365.420000,36.687000,26.46
2.271714,1.042000,-0.457000,-1.254000,71.374000,354.489000,34.214000,26.37
2.278606,1.410000,-0.146000,-1.451000,30.809000,354.824000,28.824000,26.41
2.291098,1.175000,0.361000,-1.279000,58.473000,336.809000,46.779000,26.37
2.296267,1.641000,0.572000,-1.225000,112.656000,300.885000,59.588000,26.46
2.309762,1.574000,0.317000,-1.165000,147.588000,215.496000,66.656000,26.51
2.321632,0.442000,-0.113000,-1.793000,119.710000,137.756000,65.786000,26.46
2.328834,0.439000,-0.614000,-1.946000,13.298000,123.573000,79.038000,26.32
2.341062,0.360000,0.004000,-2.073000,-68.916000,28.504000,90.351000,26.32
2.347780,-0.135000,0.372000,-1.313000,-95.221000,-1.695000,109.038000,26.37
2.359956,-0.126000,0.490000,-1.174000,-84.107000,-34.427000,119.908000,26.41
2.371814,-0.082000,0.464000,-1.015000,-84.626000,-46.076000,118.733000,26.41
2.378387,-0.025000,0.485000,-0.905000,-91.267000,-64.718000,105.542000,26.37
2.390716,0.095000,0.555000,-0.860000,-99.038000,-79.221000,85.298000,26.41
2.402685,0.205000,0.612000,-0.853000,-99.573000,-96.626000,58.672000,26.41
2.409609,0.311000,0.637000,-0.843000,-92.824000,-114.611000,28.992000,26.46
2.421688,0.404000,0.604000,-0.840000,-85.008000,-133.206000,-0.656000,26.51
2.428409,0.438000,0.516000,-0.810000,-82.290000,-151.603000,-28.153000,26.37
2.440468,0.462000,0.421000,-0.787000,-84.015000,-163.038000,-51.450000,26.41
2.452247,0.490000,0.309000,-0.785000,-88.718000,-176.061000,-69.115000,26.41
2.459059,0.570000,0.222000,-0.827000,-94.336000,-185.603000,-81.267000,26.37
2.471088,0.667000,0.140000,-0.872000,-98.855000,-197.649000,-90.779000,26.37
2.483201,0.740000,0.074000,-0.920000,-101.344000,-210.305000,-94.229000,26.41
2.489426,0.817000,0.019000,-0.975000,-101.802000,-223.328000,-97.893000,26.37
2.503461,0.883000,-0.059000,-1.014000,-100.931000,-235.298000,-97.908000,26.32
2.510754,0.930000,-0.169000,-1.025000,-101.450000,-246.000000,-95.496000,26.32
2.519720,0.970000,-0.270000,-1.028000,-104.260000,-251.405000,-91.679000,26.46
2.532216,0.983000,-0.346000,-1.002000,-108.214000,-252.168000,-85.282000,26.41
2.537721,1.006000,-0.398000,-0.994000,-110.458000,-249.863000,-75.603000,26.41
2.554061,1.057000,-0.411000,-1.019000,-111.527000,-246.305000,-63.130000,26.37
2.561498,1.117000,-0.385000,-1.055000,-112.504000,-243.176000,-49.511000,26.32
2.568002,1.150000,-0.349000,-1.086000,-114.076000,-242.366000,-36.901000,26.41
2.579873,1.179000,-0.302000,-1.103000,-116.550000,-241.878000,-27.038000,26.46
2.591687,1.200000,-0.223000,-1.106000,-120.092000,-239.802000,-20.595000,26.41
2.598368,1.209000,-0.163000,-1.083000,-123.710000,-236.153000,-18.000000,26.41
2.609993,1.229000,-0.103000,-1.077000,-127.038000,-234.168000,-21.298000,26.46
2.621693,1.292000,-0.054000,-1.068000,-129.649000,-225.908000,-29.985000,26.41
2.628246,1.372000,-0.017000,-1.082000,-127.038000,-223.985000,-43.893000,26.37
2.640457,1.421000,0.032000,-1.064000,-118.702000,-218.794000,-60.489000,26.37
2.652172,1.549000,0.057000,-1.027000,-104.244000,-218.626000,-79.542000,26.41
2.659005,1.596000,0.042000,-0.901000,-79.496000,-220.626000,-99.313000,26.46
2.670889,1.614000,0.006000,-0.679000,-53.191000,-213.160000,-116.748000,26.37
2.682683,1.621000,-0.104000,-0.429000,-26.763000,-202.153000,-129.328000,26.41
2.689168,1.652000,-0.318000,-0.103000,-9.847000,-178.687000,-135.344000,26.46
2.701248,1.708000,-0.558000,0.207000,-3.557000,-146.244000,-131.573000,26.41
2.707982,1.790000,-0.782000,0.537000,-4.733000,-111.573000,-117.771000,26.32
2.719914,1.853000,-0.923000,0.825000,-9.527000,-58.885000,-94.092000,26.37
2.732352,1.814000,-0.979000,0.987000,-7.939000,-27.863000,-65.145000,26.41
2.739051,1.788000,-0.861000,0.699000,11.008000,22.427000,-35.939000,26.41
2.751587,1.570000,-0.563000,1.127000,71.802000,85.053000,5.252000,26.46
2.758663,1.914000,-0.911000,1.039000,100.763000,142.382000,29.771000,26.41
2.770484,0.810000,-0.575000,0.672000,146.458000,161.420000,53.069000,26.32
2.782686,0.354000,-0.200000,-1.685000,162.397000,139.679000,49.267000,26.37
2.789283,0.129000,-0.154000,-1.739000,106.947000,192.046000,48.244000,26.32
2.801554,0.423000,-0.530000,-0.864000,94.519000,224.397000,42.779000,26.37
2.808463,1.544000,-0.680000,-1.468000,56.992000,264.214000,23.847000,26.41
2.820505,2.452000,-0.426000,-1.616000,44.809000,175.939000,30.702000,26.41
2.832961,1.466000,-0.242000,-1.265000,30.565000,167.649000,24.260000,26.46
2.839493,0.728000,-0.054000,-1.193000,19.618000,164.290000,8.275000,26.37
2.851893,1.354000,0.334000,-1.056000,-9.237000,188.489000,-1.740000,26.41
2.859104,1.094000,-0.365000,-0.768000,27.206000,117.069000,16.214000,26.37
2.871044,1.282000,0.080000,-1.003000,7.618000,130.901000,18.336000,26.32
2.878085,0.905000,-0.037000,-0.915000,40.763000,26.534000,21.344000,26.41
2.890597,0.840000,-0.229000,-0.956000,57.496000,12.885000,24.626000,26.37
2.902644,0.629000,-0.101000,-0.950000,35.893000,-6.855000,18.748000,26.41
2.909924,0.676000,-0.105000,-0.946000,30.321000,0.885000,11.924000,26.41
2.922002,0.581000,-0.184000,-0.898000,11.237000,10.779000,6.672000,26.37
2.929067,0.538000,0.030000,-0.855000,2.702000,15.649000,1.466000,26.41
2.941624,0.525000,0.085000,-0.865000,1.664000,20.290000,2.305000,26.41
2.948744,0.593000,0.025000,-0.841000,0.534000,17.908000,2.137000,26.37
2.961164,0.594000,0.005000,-0.836000,-2.031000,17.221000,1.267000,26.32
2.968426,0.531000,0.076000,-0.813000,-4.443000,19.176000,0.931000,26.41
2.980693,0.574000,0.065000,-0.807000,-1.466000,10.656000,2.153000,26.46
2.986254,0.587000,0.032000,-0.824000,-2.000000,16.992000,1.908000,26.41
3.000374,0.617000,0.038000,-0.789000,0.718000,7.466000,2.168000,26.41
3.012479,0.602000,0.026000,-0.798000,-1.115000,10.061000,2.153000,26.37
3.019900,0.542000,0.052000,-0.809000,-2.122000,11.634000,2.458000,26.41
3.032057,0.500000,0.086000,-0.835000,-3.099000,12.840000,3.420000,26.37
3.039386,0.552000,0.043000,-0.830000,-2.519000,17.985000,5.328000,26.37
3.051580,0.571000,0.000000,-0.817000,-1.985000,13.740000,4.397000,26.32
3.059078,0.544000,0.033000,-0.811000,-3.115000,19.954000,3.527000,26.41
3.071253,0.562000,0.054000,-0.790000,-0.855000,13.313000,3.282000,26.27
3.078506,0.559000,0.036000,-0.814000,-0.504000,15.832000,3.664000,26.41
3.091049,0.553000,0.021000,-0.821000,0.260000,15.389000,3.832000,26.46
3.098084,0.576000,-0.007000,-0.799000,-0.015000,16.336000,2.824000,26.37
3.110497,0.573000,0.022000,-0.795000,-1.267000,18.580000,1.771000,26.32
3.122631,0.559000,0.025000,-0.800000,-1.115000,18.931000,2.046000,26.37
3.129828,0.576000,0.067000,-0.817000,-2.183000,24.931000,0.519000,26.37
3.142116,0.517000,0.035000,-0.839000,-3.466000,31.557000,-0.870000,26.32
3.149385,0.563000,0.057000,-0.819000,-2.870000,35.695000,-1.374000,26.46
3.161547,0.601000,0.004000,-0.798000,-0.351000,32.611000,0.824000,26.46
3.169069,0.591000,0.015000,-0.782000,0.153000,30.183000,0.305000,26.41
3.181154,0.544000,-0.024000,-0.829000,-10.382000,53.603000,-1.649000,26.46
3.188180,0.663000,0.005000,-0.735000,-3.267000,36.489000,-5.099000,26.37
3.200299,0.661000,0.017000,-0.765000,-0.794000,33.038000,-3.176000,26.41
3.212519,0.639000,0.073000,-0.777000,-6.947000,68.458000,-1.298000,26.55
3.219897,0.542000,0.179000,-0.796000,10.687000,25.405000,5.313000,26.37
3.231978,0.620000,0.037000,-0.774000,4.153000,64.321000,10.061000,26.32
3.239494,0.562000,0.046000,-0.803000,3.679000,59.847000,14.397000,26.46
3.251489,0.546000,-0.005000,-0.868000,2.321000,75.649000,16.031000,26.46
3.258605,0.646000,-0.027000,-0.794000,8.870000,84.763000,14.260000,26.32
3.270731,0.666000,-0.062000,-0.769000,4.198000,102.107000,11.496000,26.46
3.283035,0.671000,-0.047000,-0.807000,6.244000,101.481000,7.420000,26.46
3.294065,0.680000,0.043000,-0.869000,11.802000,112.504000,8.962000,26.41
3.302028,0.599000,0.114000,-0.903000,17.344000,124.427000,15.069000,26.37
3.309144,0.592000,0.132000,-0.902000,20.641000,135.908000,24.031000,26.46
3.321304,0.566000,0.064000,-0.958000,19.160000,168.595000,28.718000,26.41
3.328286,0.675000,0.041000,-0.909000,25.374000,182.443000,29.573000,26.37
3.340841,0.714000,0.001000,-0.900000,27.908000,210.382000,29.817000,26.46
3.352494,0.792000,-0.015000,-0.919000,45.649000,213.802000,24.977000,26.41
3.359987,0.737000,-0.010000,-0.853000,63.634000,236.565000,22.489000,26.37
3.371772,0.757000,-0.031000,-0.969000,76.840000,272.229000,17.588000,26.51
3.378931,0.887000,0.031000,-1.019000,94.107000,283.053000,23.603000,26.41
3.390975,1.257000,-0.081000,-1.157000,93.435000,276.702000,31.252000,26.46
3.403005,1.374000,-0.158000,-1.005000,52.397000,261.542000,29.817000,26.41
3.410283,1.162000,-0.041000,-0.999000,32.153000,241.145000,29.282000,26.41
3.422257,1.310000,0.050000,-0.787000,28.763000,222.092000,34.015000,26.46
3.429056,1.343000,0.124000,-0.944000,36.687000,210.443000,39.359000,26.32
3.441411,1.141000,0.280000,-1.095000,43.878000,162.260000,42.550000,26.41
3.448324,0.625000,0.157000,-1.373000,27.908000,93.450000,46.641000,26.37
3.460970,-0.380000,0.050000,-1.336000,5.099000,25.359000,64.061000,26.41
3.472790,-0.582000,-0.049000,-1.151000,-22.168000,7.557000,96.519000,26.32
3.479604,-0.106000,0.201000,-1.242000,-55.084000,-46.260000,113.511000,26.46
3.491558,-0.130000,0.440000,-0.905000,-70.840000,-91.969000,117.893000,26.41
3.498324,0.061000,0.614000,-0.798000,-80.382000,-126.626000,102.473000,26.37
3.510438,0.079000,0.734000,-0.645000,-78.260000,-160.107000,67.313000,26.37
3.522374,0.060000,0.729000,-0.530000,-81.130000,-170.290000,18.840000,26.41
3.529062,0.167000,0.674000,-0.351000,-78.122000,-180.122000,-32.840000,26.46
3.541007,0.261000,0.580000,-0.324000,-74.489000,-162.977000,-82.397000,26.41
3.552816,0.490000,0.400000,-0.324000,-65.527000,-160.244000,-119.664000,26.41
3.559611,0.716000,0.149000,-0.379000,-59.374000,-164.076000,-142.992000,26.37
3.571257,1.334000,-1.339000,-0.020000,-104.458000,-162.519000,-141.069000,26.37
3.583122,1.912000,-0.799000,-0.514000,-81.863000,-164.214000,-146.107000,26.41
3.589750,2.092000,-0.936000,0.143000,-32.931000,-211.649000,-117.496000,26.37
3.601792,2.278000,-1.494000,0.289000,-10.183000,-173.679000,-62.458000,26.41
3.608755,2.328000,-1.630000,0.755000,-14.565000,-128.641000,-7.771000,26.51
3.620525,2.423000,-1.348000,0.983000,-27.740000,-69.557000,31.038000,26.46
3.632731,2.603000,-0.889000,1.144000,-25.496000,-19.267000,50.031000,26.37
3.639865,2.650000,-0.487000,1.226000,-11.359000,55.542000,50.275000,26.41
3.652133,2.565000,-0.357000,1.188000,16.046000,92.076000,37.588000,26.46
3.659195,1.610000,-0.269000,-0.104000,41.527000,71.466000,25.649000,26.51
3.671128,0.297000,-0.216000,-0.628000,14.824000,34.962000,25.466000,26.41
3.678283,0.016000,0.103000,-0.261000,-8.290000,83.527000,17.023000,26.37
3.690635,0.732000,-0.126000,-0.318000,8.305000,50.779000,9.954000,26.41
3.702749,1.014000,-0.255000,-0.220000,18.916000,35.527000,6.473000,26.32
3.709876,1.011000,-0.185000,-0.217000,18.855000,20.626000,-3.023000,26.37
3.721694,0.905000,-0.195000,-0.314000,12.656000,19.863000,-8.290000,26.41
3.728843,0.860000,-0.093000,-0.316000,10.779000,5.695000,-10.015000,26.41
3.741019,0.898000,-0.083000,-0.340000,9.847000,-5.053000,-9.328000,26.46
3.748247,0.839000,-0.049000,-0.367000,6.122000,-5.496000,-7.756000,26.51
3.760592,0.812000,-0.058000,-0.450000,2.809000,-3.313000,-6.427000,26.41
3.766416,0.756000,0.038000,-0.417000,3.221000,0.473000,-1.878000,26.46
3.780074,0.876000,0.064000,-0.498000,0.565000,-4.504000,3.206000,26.41
3.792706,0.992000,0.019000,-0.582000,-3.908000,5.206000,9.542000,26.51
3.800048,0.922000,0.000000,-0.547000,-2.885000,4.015000,17.634000,26.37
3.812039,0.855000,-0.055000,-0.575000,0.092000,1.939000,20.229000,26.41
3.819222,0.838000,-0.056000,-0.572000,-0.519000,-0.504000,21.939000,26.32
3.831302,0.807000,-0.065000,-0.574000,-1.099000,5.649000,23.893000,26.37
3.838547,0.828000,-0.096000,-0.538000,-1.679000,4.061000,23.527000,26.41
3.851123,0.809000,-0.139000,-0.515000,-0.504000,5.191000,22.244000,26.51
3.858200,0.873000,-0.173000,-0.544000,-1.908000,4.473000,19.053000,26.46
3.870267,0.859000,-0.195000,-0.526000,-1.160000,3.618000,14.870000,26.51
3.882676,0.833000,-0.211000,-0.539000,-0.687000,3.725000,9.481000,26.41
3.889932,0.804000,-0.214000,-0.512000,1.695000,6.443000,4.550000,26.37
3.902203,0.816000,-0.226000,-0.487000,2.840000,7.023000,-0.748000,26.32
3.909480,0.796000,-0.187000,-0.431000,3.206000,8.290000,-5.817000,26.46
3.921753,0.846000,-0.219000,-0.483000,2.962000,7.710000,-9.557000,26.46
3.928892,0.915000,-0.170000,-0.500000,0.611000,5.740000,-12.580000,26.41
3.941160,0.848000,-0.124000,-0.470000,0.168000,11.435000,-13.176000,26.46
3.948175,0.838000,-0.112000,-0.469000,-0.626000,4.641000,-13.328000,26.46
3.960469,0.835000,-0.078000,-0.461000,-3.863000,2.916000,-13.145000,26.41
3.978210,0.856000,-0.067000,-0.480000,-4.275000,-1.176000,-11.084000,26.46
3.979133,0.825000,-0.051000,-0.457000,-4.260000,0.214000,-9.145000,26.46
3.991394,0.859000,-0.055000,-0.500000,-5.206000,-4.168000,-6.870000,26.41
3.998290,0.885000,-0.066000,-0.489000,-3.664000,0.214000,-5.038000,26.37
4.010676,0.861000,-0.075000,-0.490000,-2.718000,-3.145000,-4.321000,26.41
4.022857,0.858000,-0.084000,-0.483000,-1.557000,-3.832000,-3.618000,26.41
4.030085,0.862000,-0.091000,-0.481000,0.779000,-8.107000,-2.931000,26.46
4.042503,0.854000,-0.098000,-0.505000,0.000000,-7.405000,-2.611000,26.51
4.049523,0.844000,-0.087000,-0.491000,1.053000,-9.160000,-1.618000,26.41
4.061726,0.864000,-0.119000,-0.487000,0.137000,-10.244000,-0.931000,26.37
4.068864,0.843000,-0.095000,-0.478000,0.122000,-11.237000,-0.580000,26.41
4.080850,0.840000,-0.136000,-0.499000,-0.855000,-11.145000,-0.183000,26.51
4.092875,0.836000,-0.100000,-0.487000,-1.863000,-10.916000,-1.313000,26.37
4.100076,0.834000,-0.119000,-0.483000,-2.626000,-10.962000,-1.511000,26.41
4.111998,0.839000,-0.105000,-0.502000,-3.344000,-11.191000,-1.939000,26.41
4.119180,0.836000,-0.128000,-0.510000,-4.763000,-11.389000,-2.443000,26.46
4.131337,0.838000,-0.128000,-0.528000,-6.565000,-11.542000,-2.885000,26.41
4.142980,0.836000,-0.108000,-0.535000,-6.962000,-10.931000,-3.817000,26.41
4.149964,0.836000,-0.117000,-0.550000,-7.008000,-9.649000,-3.863000,26.41
4.162142,0.821000,-0.088000,-0.570000,-6.901000,-8.382000,-3.802000,26.41
4.169374,0.813000,-0.060000,-0.566000,-6.015000,-4.550000,-2.855000,26.37
4.181384,0.821000,-0.046000,-0.588000,-5.267000,-0.962000,-0.580000,26.37
4.188584,0.832000,-0.067000,-0.569000,-3.237000,1.832000,1.420000,26.41
4.201035,0.820000,-0.080000,-0.570000,-2.718000,4.336000,2.962000,26.46
4.208166,0.822000,-0.101000,-0.568000,-2.168000,7.481000,3.084000,26.51
4.220517,0.817000,-0.113000,-0.569000,-0.794000,8.641000,2.870000,26.32
4.232678,0.803000,-0.103000,-0.563000,0.534000,10.031000,3.237000,26.37
4.239834,0.840000,-0.128000,-0.531000,1.405000,9.252000,2.061000,26.46
4.252109,0.833000,-0.106000,-0.534000,1.359000,10.290000,1.374000,26.41
4.259486,0.850000,-0.105000,-0.498000,1.817000,8.779000,1.206000,26.46
4.271676,0.838000,-0.123000,-0.486000,1.084000,8.137000,0.885000,26.41
4.279052,0.838000,-0.124000,-0.493000,0.214000,6.794000,0.382000,26.51
4.291241,0.848000,-0.117000,-0.488000,-0.626000,4.733000,-0.214000,26.46
4.298267,0.839000,-0.123000,-0.497000,-1.863000,3.115000,-0.305000,26.37
4.310733,0.849000,-0.111000,-0.495000,-3.084000,1.176000,-0.931000,26.32
4.317986,0.873000,-0.103000,-0.521000,-4.336000,0.031000,-1.267000,26.46
4.330177,0.840000,-0.083000,-0.453000,-4.427000,-2.977000,-0.824000,26.41
4.342360,0.795000,-0.019000,-0.487000,-4.702000,1.328000,0.519000,26.41
4.349613,0.802000,-0.083000,-0.482000,-2.565000,1.374000,2.061000,26.46
4.361795,0.844000,-0.109000,-0.515000,-1.389000,2.580000,1.557000,26.41
4.369564,0.831000,-0.107000,-0.534000,1.069000,4.000000,1.267000,26.41
4.381698,0.841000,-0.127000,-0.589000,1.557000,4.580000,0.931000,26.46
4.388895,0.833000,-0.127000,-0.607000,3.405000,8.504000,1.008000,26.51
4.401425,0.789000,-0.130000,-0.615000,1.328000,9.786000,1.618000,26.41
4.408603,0.827000,-0.125000,-0.618000,-1.863000,19.038000,2.916000,26.46
4.420909,0.823000,-0.098000,-0.633000,5.557000,9.481000,3.298000,26.41
4.428106,0.840000,-0.047000,-0.666000,-2.611000,39.435000,8.672000,26.41
4.440490,0.848000,-0.061000,-0.657000,-1.985000,34.611000,10.626000,26.37
4.452289,0.858000,-0.108000,-0.702000,-3.740000,35.450000,10.718000,26.32
4.459466,0.874000,-0.110000,-0.689000,-3.969000,35.237000,10.824000,26.41
4.471673,0.912000,-0.216000,-0.745000,-14.595000,46.947000,10.000000,26.37
4.478436,0.884000,-0.124000,-0.686000,-20.565000,48.382000,7.420000,26.51
4.490801,0.848000,-0.079000,-0.697000,-25.450000,69.924000,8.748000,26.46
4.503148,0.954000,-0.034000,-0.797000,-24.947000,73.664000,10.412000,26.37
4.509865,0.976000,0.111000,-0.832000,-11.802000,75.740000,17.084000,26.41
4.522126,0.815000,0.025000,-0.710000,0.794000,78.198000,25.573000,26.46
4.528999,0.717000,0.087000,-0.782000,-13.328000,74.000000,21.206000,26.37
4.541570,0.369000,0.368000,-1.192000,-24.962000,34.947000,1.649000,26.41
4.548099,-0.347000,0.734000,-1.534000,-21.817000,-24.153000,-27.603000,26.55
4.560498,-0.809000,0.818000,-1.561000,-8.947000,-65.191000,-55.466000,26.46
4.572128,-0.922000,0.541000,-1.545000,-20.748000,-96.458000,-81.634000,26.32
4.578844,-0.533000,0.189000,-1.513000,-47.664000,-126.947000,-93.435000,26.46
4.590816,0.122000,-0.022000,-1.373000,-53.359000,-158.916000,-84.122000,26.41
4.602472,0.509000,-0.278000,-1.247000,-43.878000,-197.756000,-40.718000,26.51
4.609377,0.728000,-0.215000,-1.012000,-41.527000,-218.473000,-1.267000,26.46
4.621221,0.713000,-0.064000,-0.771000,-36.947000,-214.687000,13.435000,26.41
4.628135,0.953000,0.028000,-0.704000,-39.863000,-193.649000,11.847000,26.41
4.640083,1.555000,-0.021000,-0.639000,-54.763000,-200.290000,-2.351000,26.46
4.652052,1.265000,-0.006000,-0.057000,-22.076000,-172.061000,-17.099000,26.41
4.658955,2.001000,-0.479000,0.080000,-6.122000,-135.237000,-15.893000,26.41
4.670744,2.293000,-0.680000,0.341000,-4.641000,-100.397000,-7.160000,26.46
4.676651,2.302000,-0.703000,0.536000,3.267000,-56.031000,-3.496000,26.41
4.690250,2.355000,-0.783000,0.540000,14.382000,-16.137000,-4.031000,26.41
4.702345,2.130000,-0.768000,0.453000,18.214000,13.557000,-4.153000,26.46
4.709677,1.875000,-0.680000,0.268000,23.435000,35.939000,-1.710000,26.51
4.721749,0.969000,-0.265000,-0.310000,21.802000,39.466000,-3.084000,26.41
4.728626,0.311000,-0.062000,-0.825000,14.534000,33.435000,-9.038000,26.37
4.741116,0.774000,-0.101000,-0.526000,8.107000,26.901000,-7.405000,26.41
4.748127,0.861000,-0.126000,-0.560000,5.878000,16.260000,-9.924000,26.46
4.760256,0.722000,-0.028000,-0.722000,5.115000,14.305000,-10.779000,26.51
4.772754,0.681000,0.133000,-0.861000,7.878000,28.489000,-6.809000,26.51
4.779493,0.635000,0.190000,-0.865000,-24.794000,34.977000,9.359000,26.46
4.791829,0.694000,0.193000,-0.811000,13.878000,37.420000,14.305000,26.46
4.798804,0.649000,0.134000,-0.785000,2.351000,41.511000,23.450000,26.41
4.811260,0.709000,0.053000,-0.777000,3.985000,47.023000,30.046000,26.37
4.818230,0.647000,-0.075000,-0.742000,4.611000,44.901000,30.183000,26.41
4.830414,0.702000,-0.147000,-0.657000,-0.046000,45.649000,27.237000,26.41
4.842976,0.733000,-0.144000,-0.684000,-1.267000,42.092000,22.611000,26.46
4.849737,0.644000,-0.130000,-0.747000,0.275000,37.145000,16.611000,26.37
4.862002,0.517000,0.051000,-0.953000,-1.496000,34.672000,11.527000,26.41
4.869141,0.323000,0.228000,-1.073000,1.939000,25.084000,4.168000,26.46
4.881724,0.069000,0.305000,-1.220000,0.229000,8.305000,-2.137000,26.41
4.888529,-0.153000,0.378000,-1.310000,-11.328000,-9.969000,-11.008000,26.32
4.900652,-0.198000,0.364000,-1.325000,-21.389000,-33.389000,-16.855000,26.37
4.912507,-0.102000,0.230000,-1.245000,-31.099000,-59.679000,-21.038000,26.41
4.919164,0.164000,0.053000,-1.175000,-37.756000,-81.786000,-19.420000,26.41
4.931198,0.381000,0.085000,-1.128000,-37.374000,-92.153000,-15.252000,26.37
4.938014,0.454000,0.408000,-1.098000,-22.550000,-86.290000,-15.466000,26.51
4.950216,0.473000,0.437000,-1.012000,-8.641000,-84.351000,-23.450000,26.41
4.962353,0.439000,0.359000,-0.961000,-9.328000,-79.603000,-30.977000,26.46
4.969047,0.536000,0.224000,-0.944000,-11.527000,-77.771000,-28.504000,26.41
4.981431,0.528000,0.089000,-0.886000,-16.595000,-74.443000,-22.626000,26.32
4.987756,0.628000,-0.131000,-0.801000,-18.076000,-72.565000,-11.328000,26.37
5.000224,0.855000,-0.320000,-0.690000,-21.313000,-68.809000,-1.115000,26.41
5.012063,0.948000,-0.360000,-0.546000,-20.840000,-58.443000,6.168000,26.41
5.019032,1.201000,-0.372000,-0.358000,-15.053000,-42.702000,8.809000,26.37
5.031221,1.302000,-0.336000,-0.294000,-4.290000,-25.878000,4.687000,26.41
5.038080,1.363000,-0.157000,-0.264000,11.160000,-8.962000,-6.046000,26.41
5.050478,1.253000,-0.058000,-0.358000,25.130000,3.496000,-20.412000,26.46
5.062418,0.917000,-0.064000,-0.558000,32.031000,6.977000,-32.580000,26.51
5.069553,0.705000,-0.070000,-0.677000,28.366000,16.824000,-36.565000,26.37
5.083776,0.632000,-0.091000,-0.764000,24.305000,12.840000,-36.305000,26.37
5.089127,0.558000,-0.090000,-0.773000,18.718000,12.198000,-35.298000,26.32
5.102035,0.572000,-0.091000,-0.791000,16.580000,4.412000,-33.756000,26.37
5.107280,0.586000,-0.019000,-0.840000,15.084000,1.374000,-32.656000,26.46
5.120067,0.566000,0.058000,-0.806000,17.527000,-1.695000,-33.282000,26.41
5.132423,0.500000,0.109000,-0.876000,15.359000,5.191000,-32.656000,26.46
5.139350,0.481000,0.101000,-0.867000,13.878000,1.069000,-29.298000,26.37
5.151476,0.458000,0.114000,-0.954000,6.656000,4.305000,-23.130000,26.41
5.158899,0.440000,0.198000,-1.070000,-4.489000,0.672000,-18.244000,26.46
5.170757,0.353000,0.255000,-1.136000,-18.565000,-6.641000,-23.817000,26.51
5.182710,0.183000,0.415000,-1.183000,-24.962000,-17.038000,-36.656000,26.41
5.189528,0.149000,0.494000,-1.235000,-25.008000,-25.893000,-52.153000,26.46
5.201793,0.326000,0.509000,-1.311000,-21.878000,-36.107000,-64.550000,26.51
5.208619,0.354000,0.422000,-1.281000,-7.130000,-52.107000,-63.466000,26.41
5.220959,0.266000,0.188000,-1.188000,-1.695000,-60.504000,-54.290000,26.37
5.232934,0.210000,0.029000,-1.111000,-8.550000,-59.359000,-41.603000,26.51
5.239431,0.197000,-0.006000,-1.022000,-18.992000,-54.611000,-26.382000,26.46
5.251478,0.239000,0.012000,-1.011000,-24.824000,-49.130000,-12.824000,26.41
5.258822,0.311000,0.067000,-1.049000,-27.374000,-44.672000,-4.244000,26.41
5.270465,0.366000,0.087000,-1.056000,-28.931000,-43.053000,-0.931000,26.46
5.282778,0.375000,0.106000,-1.027000,-30.519000,-45.221000,-1.282000,26.37
5.289542,0.327000,0.077000,-1.003000,-29.573000,-44.947000,-3.023000,26.51
5.301657,0.304000,0.074000,-0.967000,-29.771000,-36.061000,-6.794000,26.46
5.308639,0.248000,0.048000,-1.020000,-28.611000,-36.015000,-10.137000,26.41
5.320768,0.256000,0.026000,-1.012000,-23.252000,-33.802000,-13.939000,26.41
5.332848,0.305000,0.027000,-1.044000,-19.313000,-37.634000,-18.076000,26.46
5.339283,0.425000,-0.004000,-1.073000,-19.847000,-37.130000,-23.084000,26.51
5.351564,0.508000,0.010000,-1.033000,-19.557000,-45.405000,-28.504000,26.41
5.358434,0.550000,0.033000,-0.994000,-12.626000,-58.672000,-32.580000,26.37
5.370305,0.550000,0.020000,-0.927000,-6.611000,-65.298000,-36.198000,26.41
5.382721,0.570000,0.001000,-0.812000,-3.527000,-69.084000,-40.779000,26.51
5.389221,0.608000,0.020000,-0.706000,-0.183000,-69.634000,-45.008000,26.37
5.401667,0.637000,-0.003000,-0.588000,5.298000,-66.870000,-49.176000,26.41
5.408573,0.673000,-0.050000,-0.502000,8.718000,-60.504000,-51.298000,26.41
5.420610,0.759000,-0.102000,-0.459000,7.725000,-54.046000,-49.649000,26.37
5.432611,0.849000,-0.163000,-0.420000,-0.977000,-35.939000,-43.084000,26.51
5.439366,0.888000,-0.260000,-0.323000,-4.687000,-48.718000,-32.046000,26.41
5.451552,0.878000,-0.307000,-0.224000,-12.412000,-43.511000,-16.260000,26.37
5.458725,0.877000,-0.349000,-0.102000,-22.031000,-36.809000,3.969000,26.41
5.470504,0.913000,-0.378000,-0.036000,-35.664000,-24.901000,25.573000,26.41
5.482645,1.023000,-0.394000,-0.027000,-53.527000,-15.511000,43.588000,26.37
5.489484,1.449000,-0.284000,-0.363000,-27.771000,5.664000,56.885000,26.41
5.501983,1.172000,-0.245000,1.131000,11.176000,24.351000,103.420000,26.41
5.508832,1.685000,-0.470000,1.331000,28.458000,104.641000,127.863000,26.37
5.521035,0.891000,0.561000,-0.561000,61.756000,90.198000,95.099000,26.41
5.528436,1.173000,1.021000,-1.918000,73.969000,16.809000,21.145000,26.37
5.540198,0.764000,1.258000,-1.005000,33.252000,122.641000,-13.038000,26.37
5.552268,0.963000,-0.072000,-0.965000,95.649000,137.450000,9.176000,26.51
5.559334,1.315000,-1.478000,-1.532000,56.656000,113.679000,10.076000,26.46
5.571241,1.738000,-0.518000,-1.231000,-4.153000,111.191000,24.489000,26.46
5.578247,1.110000,0.286000,-0.791000,20.382000,22.504000,13.771000,26.41
5.590593,0.560000,0.371000,-0.994000,19.374000,71.313000,7.374000,26.46
5.602611,0.752000,-0.216000,-0.947000,27.664000,43.954000,16.229000,26.37
5.610200,0.971000,-0.026000,-0.836000,24.473000,33.450000,13.481000,26.41
5.622133,0.744000,-0.042000,-0.828000,31.313000,6.458000,12.412000,26.46
5.629119,0.625000,-0.159000,-0.909000,18.870000,7.969000,10.351000,26.46
5.641499,0.609000,-0.205000,-0.907000,7.664000,-0.550000,3.237000,26.41
5.648550,0.558000,-0.114000,-0.900000,-2.275000,7.145000,-1.145000,26.46
5.660796,0.565000,0.036000,-0.844000,-4.000000,5.053000,-2.107000,26.51
5.667835,0.572000,0.023000,-0.812000,-1.221000,-2.504000,-1.969000,26.41
5.680177,0.549000,0.032000,-0.831000,-2.748000,3.160000,-2.153000,26.46
5.692652,0.539000,0.025000,-0.826000,-3.405000,7.603000,-1.939000,26.41
5.699738,0.559000,0.056000,-0.808000,-2.580000,7.527000,-1.710000,26.41
5.712215,0.565000,0.083000,-0.801000,0.779000,1.939000,-0.229000,26.46
5.719578,0.549000,0.049000,-0.830000,2.595000,6.107000,1.145000,26.41
5.731957,0.540000,0.011000,-0.832000,2.473000,5.237000,1.405000,26.41
5.739180,0.510000,0.005000,-0.858000,-0.885000,17.053000,1.573000,26.55
5.751692,0.530000,0.014000,-0.813000,1.160000,7.649000,1.847000,26.51
5.759051,0.530000,0.011000,-0.822000,0.504000,7.527000,2.046000,26.41
5.771705,0.551000,0.016000,-0.810000,0.107000,6.000000,1.786000,26.37
5.778903,0.541000,0.041000,-0.807000,0.031000,8.168000,2.260000,26.41
5.791330,0.518000,0.041000,-0.806000,-0.718000,6.931000,2.427000,26.41
5.798612,0.536000,0.024000,-0.824000,0.458000,10.656000,2.397000,26.46
5.811352,0.529000,0.003000,-0.810000,-0.626000,2.504000,1.374000,26.41
5.818087,0.448000,0.050000,-0.842000,-3.405000,14.840000,1.481000,26.51
5.830722,0.513000,0.017000,-0.833000,-2.458000,18.672000,2.443000,26.46
5.836674,0.591000,0.002000,-0.738000,5.008000,-16.122000,0.290000,26.41
5.850255,0.568000,0.003000,-0.819000,-4.153000,12.092000,2.427000,26.55
5.862821,0.574000,0.000000,-0.798000,-3.847000,9.847000,1.405000,26.41
5.869839,0.527000,-0.003000,-0.823000,-6.092000,19.649000,0.855000,26.41
5.882005,0.517000,0.007000,-0.834000,-7.160000,21.679000,-0.092000,26.46
5.889214,0.498000,0.066000,-0.801000,-9.924000,24.931000,0.809000,26.46
5.901448,0.503000,0.043000,-0.867000,-6.427000,13.634000,1.496000,26.41
5.908700,0.576000,-0.014000,-0.815000,-3.878000,18.321000,0.504000,26.46
5.920906,0.556000,0.013000,-0.832000,-7.160000,28.611000,-0.321000,26.51
5.926962,0.548000,0.009000,-0.816000,-11.420000,47.511000,-0.794000,26.41
5.940363,0.526000,0.015000,-0.861000,-5.115000,30.321000,-2.794000,26.37
5.952258,0.641000,0.029000,-0.792000,-5.496000,45.359000,-4.855000,26.37
5.959558,0.526000,0.031000,-0.850000,-1.649000,37.099000,-6.107000,26.41
5.971716,0.668000,-0.025000,-0.754000,1.206000,37.145000,-6.885000,26.46
5.979162,0.475000,0.057000,-0.960000,-6.015000,50.550000,-4.687000,26.32
5.991219,0.583000,0.005000,-0.887000,3.863000,37.145000,-5.542000,26.41
5.998360,0.593000,-0.002000,-0.830000,0.458000,51.344000,-6.687000,26.46
6.010665,0.604000,-0.053000,-0.826000,6.580000,47.115000,-4.046000,26.46
6.022707,0.513000,0.017000,-1.077000,-2.565000,67.191000,3.878000,26.41
6.029774,0.629000,-0.046000,-0.890000,13.618000,84.595000,7.252000,26.37
6.042067,0.588000,-0.001000,-0.913000,11.985000,92.473000,8.504000,26.41
6.049185,0.626000,-0.005000,-0.871000,16.656000,110.550000,7.939000,26.51
6.061400,0.599000,-0.005000,-0.945000,18.412000,123.557000,8.748000,26.46
6.068426,0.591000,0.031000,-0.965000,20.229000,138.580000,12.809000,26.37
6.080598,0.552000,0.016000,-0.946000,24.214000,162.427000,18.427000,26.41
6.092703,0.549000,0.053000,-0.940000,27.664000,185.573000,18.641000,26.37
6.099733,0.569000,0.040000,-0.983000,35.023000,203.786000,21.466000,26.51
6.111784,0.624000,0.045000,-0.996000,41.145000,230.122000,27.374000,26.41
6.119247,0.672000,0.157000,-1.102000,46.794000,291.405000,23.695000,26.46
6.131206,0.709000,0.209000,-1.120000,80.076000,289.099000,32.229000,26.41
6.138428,0.686000,0.125000,-1.105000,113.511000,310.733000,36.031000,26.41
6.150338,0.843000,-0.061000,-1.247000,119.939000,343.771000,40.397000,26.37
6.162111,1.376000,-0.421000,-1.612000,75.450000,327.771000,30.626000,26.51
6.169532,0.999000,-0.207000,-1.209000,51.725000,389.221000,19.496000,26.41
6.181406,1.320000,-0.361000,-1.315000,53.756000,332.519000,21.710000,26.37
6.188589,1.433000,0.093000,-1.278000,63.191000,362.321000,16.336000,26.41
6.200519,1.444000,0.176000,-1.224000,65.099000,294.260000,40.580000,26.41
6.212621,1.942000,0.498000,-1.284000,105.435000,244.153000,44.702000,26.37
6.219661,1.354000,0.332000,-1.076000,123.313000,189.588000,58.611000,26.41
6.231832,0.078000,0.226000,-1.010000,136.687000,158.962000,56.137000,26.41
6.238531,1.290000,-0.884000,-1.735000,41.557000,178.702000,86.000000,26.46
6.250844,0.818000,-0.145000,-2.169000,-57.008000,68.061000,85.221000,26.41
6.262895,0.312000,0.298000,-1.431000,-68.931000,11.344000,97.695000,26.46
6.269717,0.190000,0.463000,-1.160000,-55.557000,-38.794000,103.481000,26.37
6.281886,0.067000,0.458000,-0.975000,-42.458000,-52.641000,102.794000,26.51
6.288591,0.041000,0.461000,-0.760000,-35.924000,-64.687000,93.511000,26.46
6.300796,0.097000,0.477000,-0.727000,-37.099000,-68.611000,78.046000,26.46
6.312818,0.208000,0.511000,-0.727000,-31.618000,-96.275000,58.076000,26.41
6.319705,0.268000,0.570000,-0.693000,-24.000000,-120.183000,35.160000,26.46
6.331887,0.404000,0.574000,-0.733000,-16.794000,-145.557000,10.656000,26.46
6.338702,0.496000,0.520000,-0.749000,-13.176000,-171.237000,-14.519000,26.51
6.350658,0.535000,0.456000,-0.714000,-16.489000,-197.786000,-39.496000,26.37
6.362373,0.588000,0.429000,-0.676000,-18.031000,-224.076000,-60.076000,26.27
6.369231,0.566000,0.374000,-0.617000,-28.779000,-230.000000,-78.183000,26.41
6.380705,0.629000,0.283000,-0.551000,-33.145000,-235.649000,-88.901000,26.37
6.392614,0.707000,0.215000,-0.515000,-34.397000,-239.664000,-96.779000,26.51
6.399542,0.786000,0.136000,-0.509000,-39.511000,-244.000000,-101.435000,26.41
6.411245,0.856000,0.051000,-0.543000,-44.290000,-247.267000,-102.672000,26.46
6.418151,0.903000,-0.021000,-0.589000,-48.931000,-247.466000,-101.466000,26.32
6.429790,0.933000,-0.099000,-0.641000,-54.153000,-247.389000,-97.527000,26.41
6.441943,0.971000,-0.193000,-0.695000,-60.351000,-246.672000,-91.313000,26.37
6.448552,1.027000,-0.249000,-0.746000,-66.260000,-244.137000,-84.290000,26.41
6.460293,1.107000,-0.282000,-0.848000,-70.321000,-243.374000,-75.084000,26.41
6.471939,1.230000,-0.309000,-0.966000,-76.153000,-242.046000,-64.458000,26.37
6.478790,1.334000,-0.319000,-1.027000,-82.473000,-250.260000,-51.893000,26.41
6.490683,1.348000,-0.260000,-1.026000,-91.802000,-251.282000,-40.794000,26.41
6.502443,1.288000,-0.198000,-0.939000,-93.725000,-257.267000,-27.847000,26.46
6.509056,1.263000,-0.147000,-0.871000,-97.466000,-255.099000,-16.992000,26.51
6.521132,1.190000,-0.080000,-0.868000,-101.389000,-238.702000,-8.779000,26.41
6.526759,1.215000,-0.034000,-0.831000,-111.282000,-228.443000,-8.183000,26.46
6.539842,1.256000,0.012000,-0.915000,-116.412000,-222.855000,-13.557000,26.41
6.551565,1.266000,0.055000,-0.948000,-118.031000,-212.977000,-24.656000,26.41
6.558294,1.262000,0.027000,-0.962000,-111.511000,-207.191000,-38.885000,26.37
6.569943,1.261000,-0.045000,-0.948000,-103.420000,-201.405000,-53.191000,26.32
6.582386,1.243000,-0.118000,-0.934000,-92.794000,-193.893000,-62.977000,26.41
6.588661,1.219000,-0.162000,-0.923000,-80.931000,-185.649000,-66.000000,26.51
6.600527,1.215000,-0.189000,-0.887000,-70.565000,-176.626000,-63.817000,26.32
6.612419,1.232000,-0.213000,-0.847000,-62.534000,-169.924000,-58.260000,26.46
6.619671,1.223000,-0.251000,-0.730000,-57.756000,-159.863000,-52.427000,26.46
6.631088,1.286000,-0.302000,-0.609000,-58.183000,-146.947000,-47.389000,26.41
6.642763,1.289000,-0.313000,-0.444000,-57.099000,-133.863000,-43.405000,26.46
6.649636,1.330000,-0.351000,-0.280000,-55.282000,-114.519000,-40.916000,26.32
6.661526,1.366000,-0.381000,-0.062000,-49.985000,-91.282000,-39.176000,26.41
6.668428,1.401000,-0.436000,0.132000,-39.099000,-69.481000,-35.511000,26.37
6.680207,1.440000,-0.510000,0.266000,-29.023000,-45.115000,-28.733000,26.37
6.692236,1.516000,-0.563000,0.344000,-26.031000,-22.229000,-18.061000,26.41
6.699473,1.477000,-0.529000,0.365000,-25.527000,-1.344000,-4.748000,26.46
6.711491,1.618000,-0.339000,0.416000,10.519000,65.542000,15.557000,26.41
6.718541,1.187000,-0.305000,0.787000,99.420000,82.595000,40.748000,26.41
6.730788,1.610000,-0.675000,0.549000,97.969000,152.718000,47.252000,26.46
6.742808,0.445000,0.055000,-0.954000,93.679000,136.779000,32.962000,26.46
6.750218,0.618000,0.310000,-1.881000,85.221000,113.191000,27.618000,26.41
6.762193,-0.309000,0.042000,-0.952000,72.214000,148.427000,28.351000,26.46
6.769235,-0.158000,-0.190000,-0.442000,83.679000,180.275000,37.069000,26.41
6.781075,0.933000,-0.566000,-1.433000,72.229000,197.679000,34.733000,26.41
6.788220,1.818000,-0.226000,-1.432000,30.779000,181.969000,35.649000,26.46
6.800240,1.265000,0.204000,-0.994000,42.351000,144.336000,38.076000,26.41
6.812403,0.945000,0.103000,-1.103000,47.893000,141.038000,21.710000,26.41
6.819214,1.362000,0.447000,-1.568000,36.397000,168.840000,19.527000,26.46
6.831420,1.345000,-0.082000,-0.861000,51.130000,117.863000,12.702000,26.41
6.838564,0.917000,-0.172000,-1.186000,44.214000,93.939000,17.313000,26.41
6.850761,0.810000,-0.100000,-0.985000,25.450000,82.443000,14.611000,26.46
6.862872,0.801000,-0.158000,-0.932000,58.153000,27.313000,16.901000,26.32
6.869789,0.844000,-0.080000,-0.909000,13.893000,58.611000,11.618000,26.46
6.882181,0.881000,-0.042000,-0.934000,23.160000,25.511000,9.664000,26.46
6.889255,0.783000,-0.223000,-1.037000,16.321000,5.603000,6.885000,26.41
6.901675,0.617000,-0.074000,-0.922000,0.916000,1.450000,0.397000,26.46
6.909112,0.546000,-0.051000,-0.886000,-7.328000,0.412000,-2.641000,26.37
6.920894,0.580000,0.020000,-0.842000,-13.023000,9.954000,-4.504000,26.41
6.928152,0.573000,0.023000,-0.846000,-13.802000,9.481000,-5.099000,26.46
6.940590,0.569000,0.035000,-0.821000,-13.786000,8.885000,-3.817000,26.37
6.952478,0.497000,0.093000,-0.823000,-13.573000,9.008000,-2.626000,26.41
6.959969,0.517000,0.067000,-0.829000,-11.802000,10.183000,-1.802000,26.46
6.971934,0.526000,0.062000,-0.833000,-9.771000,9.237000,-0.626000,26.41
6.979237,0.563000,0.054000,-0.821000,-10.565000,7.099000,0.718000,26.41
6.991592,0.553000,0.049000,-0.845000,-12.214000,7.863000,1.817000,26.55
6.998916,0.572000,0.007000,-0.855000,-15.176000,6.427000,2.733000,26.41
7.010953,0.510000,0.057000,-0.794000,-14.748000,5.908000,3.802000,26.41
7.018381,0.490000,0.096000,-0.793000,-9.618000,4.718000,5.298000,26.46
7.030698,0.488000,0.132000,-0.793000,-4.336000,6.672000,7.282000,26.41
7.036505,0.495000,0.099000,-0.796000,-0.641000,10.382000,7.756000,26.41
7.050299,0.429000,0.157000,-0.752000,4.656000,12.061000,9.481000,26.46
7.062721,0.434000,0.190000,-0.769000,12.672000,13.511000,11.389000,26.51
7.069705,0.541000,0.080000,-0.773000,18.519000,15.603000,13.450000,26.41
7.082096,0.589000,0.021000,-0.802000,18.351000,15.389000,12.076000,26.37
7.089154,0.531000,0.023000,-0.825000,18.000000,13.771000,11.939000,26.41
7.101393,0.575000,0.042000,-0.823000,15.802000,15.466000,10.672000,26.41
7.108833,0.502000,0.051000,-0.776000,16.916000,12.137000,8.824000,26.37
7.121024,0.555000,0.041000,-0.803000,15.511000,7.191000,8.031000,26.41
7.128062,0.527000,-0.080000,-0.830000,5.481000,20.702000,4.916000,26.37
7.140712,0.488000,0.065000,-0.830000,5.252000,17.527000,2.137000,26.51
7.152771,0.600000,-0.036000,-0.809000,0.290000,16.580000,1.344000,26.41
7.159940,0.663000,-0.026000,-0.779000,-1.542000,1.145000,-2.046000,26.46
7.172202,0.568000,0.021000,-0.824000,-2.290000,13.710000,-3.298000,26.37
7.179171,0.565000,-0.001000,-0.846000,-5.038000,28.565000,-3.313000,26.41
7.191749,0.598000,0.072000,-0.799000,2.229000,7.176000,-2.275000,26.46
7.198929,0.553000,0.063000,-0.825000,0.794000,24.000000,-0.473000,26.41
7.211324,0.563000,0.087000,-0.809000,0.137000,35.832000,-1.023000,26.41
7.218290,0.518000,0.077000,-0.847000,6.031000,48.168000,-1.771000,26.46
7.230710,0.534000,0.032000,-0.855000,9.450000,22.153000,-2.198000,26.41
7.242892,0.625000,-0.017000,-0.805000,7.099000,34.672000,-5.298000,26.32
7.250039,0.632000,0.053000,-0.715000,6.840000,20.672000,-4.000000,26.37
7.262442,0.594000,0.019000,-0.864000,-5.130000,76.382000,-3.069000,26.51
7.269425,0.607000,0.021000,-0.811000,0.382000,72.397000,-1.130000,26.41
7.282116,0.654000,0.054000,-0.748000,0.748000,59.603000,3.237000,26.37
7.289051,0.555000,0.147000,-0.870000,5.115000,71.282000,11.771000,26.41
7.301563,0.580000,0.037000,-0.929000,6.565000,82.168000,17.038000,26.51
7.308532,0.519000,0.068000,-1.011000,10.870000,96.168000,23.634000,26.37
7.320672,0.571000,0.075000,-1.003000,13.710000,112.992000,27.145000,26.60
7.333166,0.606000,-0.056000,-1.036000,19.557000,116.336000,25.008000,26.51
7.339758,0.402000,-0.090000,-1.169000,25.115000,163.939000,23.053000,26.46
7.352022,0.551000,-0.068000,-1.065000,21.282000,202.107000,16.153000,26.41
7.358984,0.501000,0.006000,-1.149000,32.550000,249.817000,11.359000,26.41
7.371238,0.655000,0.037000,-1.228000,53.863000,231.038000,7.573000,26.46
7.377996,0.505000,0.069000,-1.170000,65.176000,275.618000,17.023000,26.41
7.390427,0.913000,0.018000,-1.144000,62.153000,285.710000,24.840000,26.51
7.402499,1.235000,-0.076000,-1.406000,56.366000,297.771000,32.321000,26.37
7.409342,1.224000,-0.222000,-1.064000,15.389000,246.855000,25.985000,26.51
7.421357,0.918000,-0.091000,-0.940000,9.832000,239.084000,30.489000,26.46
7.428489,1.192000,0.099000,-0.998000,-11.221000,218.244000,31.313000,26.55
7.440948,0.629000,0.492000,-1.504000,12.183000,152.473000,33.603000,26.41
7.452973,-0.168000,0.150000,-1.729000,23.313000,61.359000,57.191000,26.46
7.459812,-0.691000,-0.021000,-1.239000,19.130000,17.298000,87.664000,26.46
7.471830,-0.337000,0.085000,-1.230000,-15.359000,-60.336000,96.443000,26.41
7.478532,-0.485000,0.216000,-0.964000,-43.924000,-75.649000,95.527000,26.46
7.490577,-0.278000,0.361000,-0.896000,-59.267000,-106.916000,83.420000,26.37
7.502317,-0.134000,0.462000,-0.781000,-60.031000,-130.626000,65.359000,26.41
7.509435,0.069000,0.483000,-0.730000,-57.725000,-148.443000,41.069000,26.46
7.521477,0.206000,0.463000,-0.719000,-58.916000,-153.603000,12.962000,26.55
7.528079,0.365000,0.435000,-0.738000,-58.427000,-162.214000,-16.931000,26.32
7.540114,0.581000,0.447000,-0.763000,-54.672000,-172.153000,-46.916000,26.37
7.551954,0.731000,0.381000,-0.763000,-44.824000,-178.519000,-75.344000,26.41
7.558989,0.821000,0.253000,-0.721000,-34.153000,-181.710000,-100.092000,26.51
7.570597,0.954000,0.088000,-0.680000,-26.382000,-185.557000,-118.137000,26.37
7.582515,1.085000,-0.075000,-0.671000,-21.328000,-184.550000,-128.107000,26.41
7.589015,1.225000,-0.250000,-0.655000,-20.489000,-187.405000,-130.275000,26.41
7.600834,1.313000,-0.354000,-0.619000,-22.031000,-190.046000,-122.794000,26.37
7.612380,1.358000,-0.435000,-0.566000,-22.947000,-188.656000,-103.389000,26.41
7.619679,1.331000,-0.489000,-0.492000,-25.802000,-184.641000,-74.275000,26.41
7.631175,1.318000,-0.472000,-0.433000,-32.076000,-175.649000,-39.130000,26.41
7.642954,1.374000,-0.403000,-0.363000,-38.198000,-162.962000,-8.550000,26.41
7.649905,1.461000,-0.287000,-0.286000,-45.084000,-146.672000,10.824000,26.46
7.661463,1.948000,-0.225000,-0.243000,-30.947000,-128.901000,34.763000,26.46
7.668409,2.257000,-0.514000,0.083000,-22.656000,-103.008000,42.305000,26.41
7.680586,2.156000,-0.495000,1.442000,9.313000,-19.038000,43.481000,26.46
7.686427,3.084000,-0.749000,1.014000,13.221000,34.183000,35.252000,26.32
7.700069,2.565000,-0.685000,0.368000,14.000000,41.786000,13.176000,26.41
7.717432,1.706000,-0.369000,0.111000,21.756000,24.870000,-6.137000,26.46
7.718973,0.881000,-0.265000,-0.156000,34.977000,40.626000,-10.626000,26.37
7.731212,0.884000,-0.154000,-0.913000,22.168000,-4.641000,-19.481000,26.41
7.738162,0.495000,-0.165000,-0.514000,7.191000,-5.160000,-13.725000,26.46
7.750630,0.841000,0.051000,-0.874000,-0.443000,-21.191000,-5.542000,26.51
7.764079,0.708000,0.260000,-0.723000,2.137000,-28.382000,2.626000,26.41
7.769862,0.560000,0.117000,-0.858000,8.290000,-21.435000,10.061000,26.46
7.782522,0.488000,0.017000,-0.946000,3.481000,-13.893000,16.733000,26.46
7.789541,0.514000,-0.006000,-0.915000,3.985000,-4.779000,15.649000,26.51
7.802274,0.519000,-0.104000,-0.934000,-0.885000,1.450000,10.931000,26.46
7.808950,0.520000,-0.074000,-0.887000,-2.962000,8.275000,5.924000,26.51
7.820962,0.572000,-0.071000,-0.834000,-5.359000,13.618000,1.924000,26.41
7.828531,0.586000,-0.042000,-0.805000,-5.847000,16.427000,-0.473000,26.37
7.840047,0.602000,-0.034000,-0.787000,-6.443000,18.962000,-1.939000,26.37
7.852229,0.629000,-0.013000,-0.764000,-6.855000,19.084000,-1.985000,26.41
7.859574,0.650000,0.027000,-0.744000,-7.771000,16.473000,-0.947000,26.46
7.871691,0.618000,0.031000,-0.754000,-6.656000,13.069000,0.504000,26.51
7.878646,0.627000,0.025000,-0.754000,-4.534000,11.389000,1.603000,26.41
7.891378,0.661000,0.019000,-0.723000,-3.267000,5.740000,1.847000,26.46
7.898461,0.621000,-0.019000,-0.758000,-2.168000,5.969000,1.511000,26.51
7.910806,0.617000,-0.029000,-0.761000,-2.840000,6.794000,0.290000,26.41
7.917736,0.609000,-0.030000,-0.782000,-0.718000,3.405000,-0.962000,26.46
7.930211,0.602000,-0.013000,-0.777000,-2.931000,0.992000,-1.466000,26.32
7.942641,0.602000,-0.017000,-0.781000,-1.527000,3.542000,-1.695000,26.41
7.949794,0.621000,-0.016000,-0.785000,-2.611000,3.802000,-1.969000,26.46
7.961663,0.611000,-0.011000,-0.781000,-3.145000,4.977000,-2.290000,26.51
7.968791,0.613000,-0.010000,-0.778000,-2.397000,3.527000,-2.336000,26.32
7.981226,0.605000,-0.001000,-0.772000,-2.931000,3.496000,-2.427000,26.46
7.988245,0.619000,0.005000,-0.771000,-2.382000,2.992000,-2.107000,26.41
8.000879,0.611000,0.004000,-0.774000,-2.580000,2.061000,-2.092000,26.41
8.007964,0.602000,0.005000,-0.763000,-2.489000,1.908000,-1.450000,26.37
8.020150,0.597000,-0.007000,-0.779000,-2.382000,1.878000,-1.542000,26.46
8.032538,0.614000,-0.021000,-0.773000,-2.885000,1.374000,-1.664000,26.41
8.039753,0.610000,-0.024000,-0.773000,-3.298000,0.489000,-2.015000,26.46
8.051874,0.607000,-0.023000,-0.780000,-3.802000,1.038000,-2.336000,26.51
8.059129,0.603000,-0.021000,-0.781000,-3.679000,2.977000,-2.840000,26.51
8.071085,0.594000,-0.005000,-0.795000,-4.855000,2.214000,-2.947000,26.37
8.078432,0.595000,0.005000,-0.787000,-4.489000,3.588000,-2.840000,26.46
8.090820,0.606000,0.006000,-0.783000,-5.115000,2.840000,-2.656000,26.41
8.098057,0.617000,0.003000,-0.766000,-4.473000,3.069000,-2.489000,26.37
8.110375,0.608000,0.009000,-0.766000,-3.725000,3.282000,-2.168000,26.51
8.122876,0.610000,0.008000,-0.775000,-3.221000,3.573000,-2.076000,26.32
8.129901,0.612000,0.007000,-0.769000,-2.443000,2.748000,-1.740000,26.37
8.142116,0.613000,0.010000,-0.769000,-2.183000,3.053000,-1.206000,26.46
8.149285,0.604000,0.008000,-0.765000,-2.000000,2.733000,-1.450000,26.41
8.161670,0.607000,-0.008000,-0.766000,-1.313000,-0.412000,-1.466000,26.46
8.168973,0.617000,-0.015000,-0.768000,-1.435000,1.405000,-1.618000,26.41
8.180780,0.599000,-0.008000,-0.802000,0.794000,-11.695000,-2.183000,26.41
8.186729,0.606000,-0.015000,-0.785000,-0.550000,0.412000,-2.214000,26.37
8.200337,0.601000,-0.004000,-0.781000,-1.557000,0.840000,-1.939000,26.51
8.212324,0.595000,0.001000,-0.786000,-1.756000,1.756000,-2.000000,26.51
8.219225,0.595000,-0.001000,-0.800000,-0.641000,-4.397000,-2.031000,26.46
8.232022,0.601000,0.000000,-0.785000,-0.595000,1.847000,-1.985000,26.51
8.238833,0.586000,0.012000,-0.792000,-0.931000,0.916000,-1.664000,26.41
8.251625,0.592000,0.005000,-0.795000,-1.435000,2.595000,-1.313000,26.46
8.258814,0.592000,-0.005000,-0.787000,-1.496000,4.183000,-1.099000,26.41
8.270842,0.568000,0.001000,-0.801000,-1.679000,6.290000,-0.885000,26.51
8.276739,0.595000,-0.005000,-0.785000,-2.321000,6.000000,-1.084000,26.37
8.290517,0.602000,-0.009000,-0.779000,-2.260000,6.153000,-1.221000,26.32
8.302293,0.609000,-0.008000,-0.759000,-2.260000,4.885000,-1.511000,26.41
8.309961,0.617000,-0.009000,-0.769000,-2.107000,3.557000,-1.481000,26.37
8.321595,0.613000,-0.007000,-0.763000,-1.847000,1.893000,-1.389000,26.41
8.328946,0.612000,0.003000,-0.771000,-1.710000,1.313000,-1.191000,26.41
8.341368,0.603000,-0.002000,-0.780000,-1.786000,1.115000,-1.267000,26.46
8.348297,0.598000,-0.007000,-0.790000,-1.359000,-0.076000,-1.252000,26.41
8.360486,0.597000,0.002000,-0.777000,-1.160000,1.069000,-1.542000,26.51
8.373042,0.602000,-0.007000,-0.777000,-1.252000,1.191000,-1.481000,26.46
8.379976,0.603000,-0.002000,-0.782000,-1.191000,1.710000,-1.603000,26.41
8.392421,0.593000,0.010000,-0.783000,-1.557000,2.168000,-1.573000,26.32
8.400153,0.596000,0.012000,-0.786000,-1.527000,2.458000,-1.221000,26.46
8.411690,0.594000,-0.009000,-0.777000,-1.466000,2.656000,-1.237000,26.41
8.419034,0.600000,-0.009000,-0.763000,-1.893000,2.137000,-1.313000,26.37
8.431034,0.607000,-0.008000,-0.769000,-1.878000,1.359000,-1.802000,26.37
8.438510,0.611000,0.004000,-0.766000,-2.061000,0.397000,-2.183000,26.41
8.450499,0.611000,0.005000,-0.786000,-2.153000,-1.298000,-2.214000,26.46
8.462555,0.610000,0.009000,-0.765000,-1.359000,-1.206000,-2.046000,26.46
8.469917,0.608000,0.008000,-0.766000,-1.359000,-1.817000,-1.649000,26.41
8.481980,0.602000,-0.001000,-0.772000,-1.298000,-2.076000,-1.267000,26.37
8.488863,0.588000,0.000000,-0.776000,-1.649000,-2.183000,-1.282000,26.46
8.503194,0.575000,0.019000,-0.794000,-1.557000,-0.870000,-0.809000,26.51
8.508373,0.591000,-0.001000,-0.792000,-1.405000,0.397000,-0.687000,26.37
8.520459,0.588000,-0.013000,-0.799000,-1.634000,0.962000,-1.221000,26.55
8.532647,0.595000,-0.019000,-0.800000,-2.168000,1.206000,-1.496000,26.51
8.540053,0.600000,0.006000,-0.794000,-1.969000,0.733000,-1.130000,26.46
8.552490,0.563000,0.010000,-0.772000,0.229000,6.000000,-1.008000,26.37
8.559682,0.582000,0.009000,-0.799000,-2.137000,1.664000,-0.214000,26.41
8.571943,0.584000,0.015000,-0.802000,-1.756000,3.924000,0.290000,26.37
8.579247,0.589000,0.002000,-0.791000,-1.603000,3.557000,0.534000,26.46
8.591503,0.584000,-0.004000,-0.792000,-1.405000,5.191000,0.458000,26.41
8.598894,0.574000,0.009000,-0.815000,-0.824000,7.527000,0.748000,26.37
8.611225,0.592000,0.001000,-0.794000,-0.748000,9.160000,1.099000,26.46
8.618528,0.588000,-0.011000,-0.806000,-1.374000,9.328000,0.962000,26.41
8.630847,0.594000,0.010000,-0.800000,-2.458000,11.466000,0.809000,26.37
8.638000,0.590000,0.021000,-0.803000,-2.229000,15.008000,1.740000,26.46
8.650484,0.584000,0.023000,-0.810000,-1.282000,15.344000,2.779000,26.41
8.662995,0.615000,0.005000,-0.785000,-0.779000,15.282000,4.122000,26.55
8.670106,0.590000,0.003000,-0.796000,-1.145000,17.237000,4.351000,26.41
8.682172,0.617000,-0.023000,-0.793000,-2.809000,18.061000,4.595000,26.41
8.689512,0.614000,0.003000,-0.786000,-2.962000,17.939000,5.115000,26.37
8.701736,0.577000,0.029000,-0.787000,-1.145000,19.099000,5.710000,26.37
8.708882,0.606000,-0.021000,-0.780000,-3.206000,22.000000,6.519000,26.41
8.721186,0.623000,0.002000,-0.782000,-2.641000,19.420000,7.679000,26.37
8.728307,0.596000,-0.040000,-0.794000,-1.786000,21.282000,7.389000,26.41
8.740534,0.618000,-0.029000,-0.764000,-3.221000,21.191000,7.420000,26.51
8.752740,0.640000,-0.043000,-0.752000,-1.115000,20.931000,5.603000,26.37
8.760085,0.640000,-0.051000,-0.735000,-0.687000,18.855000,3.817000,26.37
8.772111,0.636000,-0.050000,-0.716000,-0.031000,16.962000,1.725000,26.41
8.779281,0.645000,-0.028000,-0.716000,1.298000,15.527000,-0.519000,26.46
8.791656,0.648000,-0.002000,-0.717000,1.466000,11.634000,-1.389000,26.51
8.798970,0.640000,0.014000,-0.711000,1.695000,9.466000,-1.145000,26.41
8.811356,0.651000,0.016000,-0.700000,1.511000,5.679000,-0.015000,26.46
8.818713,0.648000,0.019000,-0.693000,0.718000,3.053000,1.542000,26.51
8.831157,0.652000,-0.004000,-0.688000,-0.321000,0.275000,2.672000,26.41
8.838149,0.639000,0.003000,-0.698000,-0.733000,-2.794000,2.779000,26.46
8.850312,0.623000,-0.004000,-0.745000,-0.412000,-4.458000,2.901000,26.60
8.862601,0.637000,-0.037000,-0.742000,-0.565000,-3.466000,2.565000,26.51
8.869913,0.642000,-0.049000,-0.759000,0.702000,-5.969000,0.809000,26.37
8.882219,0.625000,-0.046000,-0.779000,-0.901000,-5.206000,-0.519000,26.41
8.889170,0.613000,-0.042000,-0.780000,-1.282000,-6.275000,-0.901000,26.41
8.901408,0.592000,-0.013000,-0.794000,-3.740000,-2.779000,0.046000,26.46
8.908572,0.620000,0.005000,-0.767000,-3.847000,-3.221000,1.496000,26.51
8.921996,0.644000,-0.024000,-0.768000,-4.763000,-1.649000,3.069000,26.41
8.926218,0.616000,0.027000,-0.822000,-6.183000,1.374000,4.656000,26.55
8.940002,0.570000,0.046000,-0.868000,-4.092000,4.122000,5.542000,26.51
8.952340,0.515000,0.068000,-0.937000,-1.328000,12.534000,6.366000,26.51
8.959931,0.547000,0.078000,-0.923000,4.198000,25.313000,8.916000,26.46
8.972068,0.538000,0.018000,-0.906000,6.305000,35.985000,11.710000,26.41
8.979445,0.514000,0.009000,-0.912000,4.458000,39.313000,13.710000,26.41
8.991745,0.635000,-0.048000,-0.836000,3.863000,43.924000,14.107000,26.46
8.998824,0.706000,-0.111000,-0.806000,3.176000,45.527000,13.725000,26.41
9.011310,0.693000,-0.082000,-0.805000,5.130000,42.351000,9.725000,26.41
9.018387,0.657000,0.014000,-0.820000,5.542000,49.527000,8.718000,26.46
9.030539,0.645000,0.065000,-0.853000,0.122000,55.588000,13.695000,26.41
9.042881,0.528000,0.143000,-0.918000,-8.000000,56.107000,20.000000,26.41
9.049941,0.291000,0.312000,-1.091000,-16.855000,46.321000,23.130000,26.46
9.062039,0.031000,0.395000,-1.207000,-20.107000,32.275000,23.176000,26.32
9.068938,-0.113000,0.391000,-1.268000,-30.198000,17.008000,19.237000,26.51
9.081016,-0.170000,0.391000,-1.304000,-40.580000,6.275000,16.214000,26.46
9.088351,-0.178000,0.378000,-1.349000,-46.244000,-6.183000,14.015000,26.32
9.100145,-0.142000,0.346000,-1.333000,-46.504000,-24.214000,11.740000,26.51
9.112220,-0.103000,0.334000,-1.331000,-45.374000,-26.748000,9.069000,26.55
9.119276,-0.022000,0.355000,-1.260000,-42.168000,-39.527000,4.611000,26.32
9.131401,0.021000,0.353000,-1.208000,-36.168000,-45.573000,-1.985000,26.41
9.138155,0.087000,0.310000,-1.133000,-31.023000,-48.305000,-11.282000,26.37
9.150218,0.230000,0.239000,-1.071000,-24.092000,-49.237000,-19.298000,26.51
9.162062,0.339000,0.125000,-1.112000,-15.206000,-50.321000,-26.061000,26.41
9.169260,0.495000,0.070000,-1.156000,-4.489000,-59.160000,-30.183000,26.46
9.181488,0.390000,0.102000,-1.147000,2.107000,-57.267000,-39.115000,26.41
9.188444,0.442000,0.180000,-1.263000,-7.847000,-51.634000,-53.985000,26.37
9.200357,0.735000,0.347000,-1.319000,-11.557000,-52.122000,-66.702000,26.41
9.212438,0.606000,0.350000,-1.259000,0.550000,-65.344000,-73.695000,26.41
9.219890,0.365000,0.218000,-1.133000,12.962000,-87.954000,-74.580000,26.37
9.233236,0.211000,0.069000,-1.050000,7.267000,-68.840000,-68.092000,26.46
9.239142,0.150000,-0.040000,-1.067000,-7.573000,-58.977000,-57.618000,26.51
9.250336,0.169000,-0.078000,-1.142000,-16.153000,-55.420000,-43.496000,26.46
9.262264,0.213000,-0.069000,-1.193000,-21.527000,-59.725000,-27.985000,26.51
9.268838,0.248000,-0.112000,-1.188000,-24.519000,-68.076000,-14.534000,26.41
9.280982,0.272000,-0.142000,-1.196000,-27.405000,-74.641000,-6.626000,26.37
9.287795,0.355000,-0.097000,-1.187000,-24.473000,-79.710000,-2.092000,26.37
9.299756,0.394000,-0.024000,-1.137000,-14.107000,-87.847000,0.321000,26.41
9.312081,0.360000,-0.005000,-1.059000,-5.603000,-91.145000,-0.809000,26.46
9.318982,0.308000,0.007000,-0.968000,-3.481000,-87.954000,-5.832000,26.51
9.330949,0.311000,0.032000,-0.897000,-2.824000,-86.947000,-12.443000,26.41
9.337926,0.328000,0.041000,-0.851000,-1.084000,-79.603000,-19.374000,26.46
9.349982,0.413000,0.007000,-0.872000,-1.817000,-80.794000,-26.443000,26.41
9.362243,0.524000,-0.027000,-0.902000,-6.107000,-76.809000,-33.634000,26.41
9.369157,0.639000,-0.093000,-0.913000,-7.115000,-89.313000,-39.084000,26.46
9.381013,0.700000,-0.075000,-0.859000,-3.939000,-99.313000,-42.061000,26.41
9.387980,0.688000,-0.094000,-0.720000,2.702000,-108.733000,-43.344000,26.41
9.399870,0.644000,-0.094000,-0.578000,7.374000,-104.550000,-43.542000,26.46
9.412089,0.659000,-0.094000,-0.455000,8.595000,-92.382000,-41.802000,26.41
9.418943,0.745000,-0.091000,-0.379000,7.191000,-77.008000,-38.794000,26.51
9.431100,0.823000,-0.088000,-0.308000,4.656000,-63.237000,-34.198000,26.55
9.437961,0.870000,-0.107000,-0.252000,1.435000,-48.107000,-26.916000,26.41
9.450231,0.989000,-0.171000,-0.282000,-6.458000,-38.412000,-16.443000,26.51
9.462042,1.056000,-0.260000,-0.211000,-23.740000,-34.947000,-4.305000,26.37
9.469023,1.015000,-0.235000,-0.135000,-38.855000,-31.069000,9.649000,26.41
9.481098,0.935000,-0.135000,0.550000,-51.618000,10.137000,16.763000,26.51
9.488332,1.208000,-0.175000,0.847000,-28.534000,65.130000,28.580000,26.37
9.500655,1.668000,-0.151000,1.225000,-9.145000,116.366000,43.573000,26.41
9.512552,1.514000,-0.104000,1.412000,25.756000,206.580000,77.863000,26.51
9.519787,1.498000,0.642000,-1.430000,45.191000,179.145000,56.809000,26.46
9.532066,1.308000,0.835000,-1.894000,74.305000,107.389000,38.000000,26.51
9.538836,1.288000,0.436000,-1.018000,76.443000,158.550000,17.176000,26.41
9.551058,1.829000,-0.389000,-1.439000,68.427000,175.634000,0.443000,26.46
9.558084,1.587000,-0.829000,-1.505000,40.183000,123.130000,11.679000,26.51
9.570338,0.541000,-0.428000,-0.872000,9.664000,113.939000,26.489000,26.46
9.582563,1.280000,0.845000,-1.000000,-1.771000,127.053000,17.038000,26.55
9.589540,0.873000,0.204000,-0.749000,51.649000,83.939000,18.626000,26.41
9.601692,0.748000,-0.370000,-1.113000,49.344000,84.962000,26.550000,26.46
9.608550,0.797000,-0.161000,-0.933000,20.092000,72.046000,19.328000,26.46
9.620780,0.909000,-0.102000,-1.011000,37.435000,19.099000,12.687000,26.51
9.632875,0.647000,-0.386000,-0.886000,23.969000,-11.710000,9.557000,26.46
9.640844,0.575000,-0.108000,-0.903000,5.588000,6.305000,-0.794000,26.46
9.652434,0.553000,-0.092000,-0.905000,-7.786000,17.023000,-4.107000,26.41
9.659582,0.546000,-0.001000,-0.846000,-3.099000,6.962000,-3.924000,26.55
9.671909,0.491000,0.047000,-0.860000,-3.008000,9.939000,-2.702000,26.46
9.679042,0.552000,0.008000,-0.845000,-2.397000,9.115000,-1.771000,26.41
9.691200,0.522000,0.041000,-0.839000,-4.534000,13.359000,-1.985000,26.46
9.698412,0.550000,0.065000,-0.834000,-1.420000,10.702000,-0.962000,26.55
9.710733,0.582000,0.041000,-0.812000,1.298000,7.008000,-0.290000,26.51
9.718313,0.562000,0.044000,-0.810000,1.924000,7.725000,0.290000,26.46
9.730420,0.560000,0.037000,-0.822000,2.779000,8.397000,1.435000,26.46
9.736417,0.557000,0.012000,-0.826000,3.115000,6.427000,2.214000,26.51
9.750354,0.551000,-0.009000,-0.829000,3.084000,6.870000,2.473000,26.46
9.762499,0.537000,-0.019000,-0.825000,1.863000,6.198000,2.595000,26.46
9.770069,0.541000,-0.021000,-0.827000,1.511000,7.496000,2.122000,26.32
9.782073,0.525000,-0.030000,-0.828000,-1.206000,10.198000,1.282000,26.37
9.789254,0.529000,-0.012000,-0.811000,-0.885000,7.634000,0.458000,26.46
9.803150,0.525000,0.004000,-0.802000,-1.420000,6.153000,0.504000,26.41
9.808689,0.524000,0.045000,-0.793000,-3.847000,4.718000,1.634000,26.46
9.821442,0.530000,0.019000,-0.820000,0.443000,6.931000,2.626000,26.46
9.828509,0.523000,-0.003000,-0.810000,-4.076000,6.977000,3.053000,26.41
9.840963,0.500000,-0.000000,-0.830000,-3.649000,6.916000,3.939000,26.46
9.848072,0.523000,-0.003000,-0.832000,-5.924000,14.809000,4.412000,26.32
9.860141,0.508000,0.017000,-0.809000,-9.939000,18.229000,3.221000,26.51
9.872633,0.527000,-0.004000,-0.842000,-8.977000,16.840000,4.076000,26.46
9.879635,0.501000,0.047000,-0.811000,-6.824000,23.176000,4.031000,26.41
9.891944,0.561000,-0.045000,-0.827000,-7.344000,35.847000,2.931000,26.41
9.899035,0.553000,0.022000,-0.844000,-19.924000,49.908000,0.916000,26.46
9.911516,0.656000,0.005000,-0.792000,1.573000,-3.206000,-0.198000,26.41
9.918240,0.552000,-0.050000,-0.820000,-14.412000,46.015000,-0.885000,26.51
9.930461,0.555000,-0.046000,-0.847000,-11.908000,41.786000,-4.901000,26.46
9.942733,0.578000,0.014000,-0.879000,-11.084000,58.489000,-6.779000,26.41
9.949835,0.537000,-0.008000,-0.961000,-15.130000,72.718000,-3.588000,26.41
9.962046,0.600000,0.116000,-0.957000,3.649000,57.405000,0.153000,26.46
9.969028,0.490000,-0.152000,-1.011000,9.420000,75.740000,10.672000,26.41
9.981709,0.504000,0.071000,-0.911000,38.977000,85.542000,14.382000,26.32
9.988240,0.605000,-0.045000,-0.944000,3.374000,112.718000,13.954000,26.41
10.000770,0.530000,-0.032000,-1.069000,37.725000,118.183000,14.489000,26.41
