# Gait Analysis Data - MPU6050 IMU
# Duration: 10 seconds
# Format: timestamp(s),ax(g),ay(g),az(g),gx(deg/s),gy(deg/s),gz(deg/s),temp(C)
# Note: Document sensor placement (ankle/wrist) separately
timestamp,ax,ay,az,gx,gy,gz,temp
0.000666,0.719000,-0.075000,-1.129000,69.710000,113.802000,-43.374000,28.01
0.001317,0.357000,-0.171000,-1.355000,81.450000,87.038000,-48.565000,28.11
0.001952,-0.570000,0.416000,-1.947000,43.969000,67.847000,-59.710000,28.15
0.002567,-1.285000,0.606000,-1.865000,36.260000,42.229000,-59.985000,28.15
0.003141,-1.053000,0.289000,-1.681000,15.053000,23.298000,-39.817000,28.20
0.004301,-0.993000,0.100000,-1.667000,-6.321000,-43.160000,-5.878000,28.15
0.005534,-0.927000,0.101000,-1.495000,-16.076000,-82.855000,27.130000,28.15
0.006613,-0.768000,0.092000,-1.359000,-37.450000,-96.321000,56.336000,28.11
0.007586,-0.507000,0.165000,-1.386000,-55.603000,-111.176000,76.412000,28.11
0.008492,-0.255000,0.285000,-1.412000,-68.763000,-125.969000,81.939000,28.06
0.009203,-0.033000,0.325000,-1.270000,-81.405000,-128.046000,74.809000,28.01
0.009913,0.172000,0.295000,-1.159000,-86.443000,-135.206000,61.099000,28.11
0.010485,0.316000,0.198000,-1.094000,-91.221000,-143.603000,45.221000,28.15
0.011107,0.575000,0.095000,-1.173000,-97.405000,-138.641000,31.359000,28.06
0.011833,0.823000,-0.015000,-1.237000,-98.763000,-133.008000,21.282000,28.20
0.012761,0.920000,-0.113000,-1.153000,-91.985000,-135.405000,13.496000,28.20
0.013609,0.964000,-0.236000,-0.987000,-81.832000,-136.824000,9.710000,28.15
0.014196,0.944000,-0.314000,-0.828000,-74.534000,-124.092000,10.427000,28.15
0.014757,0.933000,-0.404000,-0.738000,-63.389000,-108.336000,14.092000,28.11
0.015317,0.906000,-0.438000,-0.678000,-59.679000,-97.313000,17.221000,28.06
0.015872,0.865000,-0.404000,-0.659000,-53.634000,-83.634000,18.870000,28.15
0.016421,0.869000,-0.357000,-0.724000,-47.221000,-69.634000,16.443000,28.01
0.016961,0.867000,-0.275000,-0.779000,-39.038000,-68.275000,8.733000,28.11
0.017664,0.835000,-0.177000,-0.830000,-27.481000,-82.824000,-6.656000,28.15
0.018446,0.773000,-0.110000,-0.821000,-15.985000,-78.611000,-24.046000,28.15
0.019268,0.783000,-0.094000,-0.908000,-13.939000,-66.076000,-42.046000,28.11
0.020069,0.740000,-0.050000,-0.983000,-9.481000,-70.229000,-59.252000,28.15
0.020698,0.683000,-0.044000,-0.948000,-3.588000,-72.947000,-73.695000,28.11
0.021359,0.627000,-0.049000,-0.914000,0.244000,-70.168000,-85.191000,28.20
0.022049,0.573000,-0.067000,-0.905000,4.519000,-69.939000,-92.733000,28.20
0.022731,0.557000,-0.063000,-0.927000,5.786000,-71.878000,-99.344000,28.06
0.023433,0.554000,-0.080000,-0.975000,5.740000,-69.527000,-100.702000,28.11
0.024116,0.544000,-0.086000,-1.006000,4.473000,-71.252000,-97.908000,28.11
0.024800,0.503000,-0.108000,-1.019000,6.137000,-76.000000,-88.794000,28.06
0.025533,0.449000,-0.178000,-1.018000,4.962000,-79.511000,-77.191000,28.15
0.026302,0.448000,-0.228000,-1.003000,-3.389000,-80.473000,-61.252000,28.11
0.027019,0.441000,-0.207000,-1.014000,-10.885000,-83.389000,-44.183000,28.01
0.027720,0.435000,-0.202000,-0.983000,-16.702000,-84.824000,-27.588000,28.06
0.028414,0.443000,-0.199000,-0.949000,-24.046000,-84.137000,-12.046000,28.11
0.029096,0.442000,-0.201000,-0.932000,-30.656000,-85.008000,2.580000,28.01
0.030202,0.440000,-0.189000,-0.925000,-36.718000,-83.756000,15.481000,28.15
0.030870,0.467000,-0.211000,-0.932000,-44.702000,-83.176000,27.466000,28.06
0.031442,0.508000,-0.185000,-0.925000,-50.122000,-82.244000,38.534000,28.11
0.032003,0.555000,-0.170000,-0.882000,-54.183000,-86.519000,46.198000,28.11
0.032556,0.569000,-0.176000,-0.739000,-58.916000,-83.405000,50.580000,28.06
0.033219,0.597000,-0.184000,-0.651000,-62.260000,-73.649000,51.863000,28.06
0.034076,0.644000,-0.167000,-0.586000,-58.870000,-68.626000,48.855000,28.11
0.034685,0.670000,-0.086000,-0.530000,-49.374000,-64.504000,39.802000,28.06
0.035252,0.691000,-0.013000,-0.488000,-36.046000,-61.939000,22.947000,28.06
0.035884,0.743000,0.023000,-0.524000,-28.595000,-56.260000,0.626000,28.11
0.036688,0.837000,0.033000,-0.533000,-25.710000,-50.824000,-22.672000,28.11
0.037322,0.854000,0.028000,-0.461000,-20.412000,-49.527000,-42.748000,28.06
0.037896,0.818000,-0.076000,-0.330000,-15.695000,-42.611000,-58.458000,28.15
0.038507,0.823000,-0.178000,-0.224000,-14.443000,-30.901000,-67.679000,28.11
0.039070,0.812000,-0.205000,-0.199000,-7.954000,-22.733000,-71.863000,28.11
0.039607,0.796000,-0.219000,-0.233000,-5.237000,-9.878000,-74.489000,28.15
0.040155,0.784000,-0.293000,-0.288000,-8.336000,-4.061000,-75.420000,28.11
0.040698,0.147000,-0.024000,-1.004000,15.679000,-1.481000,-81.496000,28.11
0.041242,0.502000,-0.010000,0.536000,59.695000,-44.931000,-90.992000,28.15
0.041777,2.031000,-1.046000,1.228000,55.695000,65.847000,-26.489000,28.15
0.042431,1.323000,-0.554000,-1.445000,90.962000,-10.977000,-17.466000,28.11
0.043014,0.873000,-0.100000,-2.404000,67.557000,52.840000,22.366000,28.01
0.043568,0.742000,0.308000,-1.421000,67.573000,102.244000,15.069000,28.06
0.044127,1.113000,0.074000,-1.610000,63.740000,102.504000,-36.870000,28.11
0.044673,0.732000,-0.967000,-1.682000,55.069000,84.061000,-42.351000,28.11
0.045225,0.022000,-1.285000,-0.913000,26.382000,96.885000,-4.733000,28.15
0.045882,0.948000,0.311000,-1.547000,20.260000,187.206000,16.794000,28.11
0.046431,0.867000,0.305000,-1.058000,35.191000,137.542000,-6.046000,28.20
0.046965,0.381000,-0.312000,-1.072000,55.618000,109.710000,-0.122000,28.20
0.047457,0.510000,-0.238000,-1.059000,35.893000,138.366000,15.069000,28.06
0.047958,0.644000,-0.043000,-1.174000,38.718000,133.298000,9.160000,28.11
0.048459,0.467000,-0.382000,-1.184000,34.672000,85.206000,9.954000,28.11
0.048953,0.515000,-0.226000,-1.168000,19.237000,72.748000,4.916000,28.06
0.049445,0.485000,-0.252000,-1.040000,4.366000,63.344000,3.069000,28.06
0.049941,0.386000,-0.160000,-0.969000,-2.061000,46.656000,1.832000,28.11
0.050433,0.360000,-0.105000,-0.972000,-2.885000,35.313000,0.046000,28.11
0.050929,0.367000,-0.128000,-0.948000,-5.985000,29.939000,-1.649000,28.06
0.051524,0.368000,-0.115000,-0.932000,-6.550000,29.267000,-2.809000,28.01
0.052050,0.397000,-0.096000,-0.937000,-6.260000,23.832000,-3.985000,28.20
0.052565,0.415000,-0.090000,-0.929000,-5.053000,18.458000,-4.458000,28.06
0.053065,0.421000,-0.098000,-0.912000,-2.931000,10.748000,-4.427000,28.06
0.053560,0.404000,-0.100000,-0.924000,-3.237000,7.435000,-3.847000,28.11
0.054051,0.393000,-0.078000,-0.900000,-4.336000,8.733000,-2.901000,28.20
0.054554,0.389000,-0.074000,-0.902000,-4.550000,10.611000,-1.817000,28.15
0.055056,0.399000,-0.092000,-0.882000,-4.336000,10.321000,-1.221000,28.15
0.055554,0.404000,-0.087000,-0.878000,-4.321000,10.198000,-1.160000,28.11
0.056072,0.361000,-0.065000,-0.894000,-4.366000,12.931000,-0.656000,28.15
0.056574,0.381000,-0.109000,-0.906000,-3.771000,14.092000,-0.412000,28.06
0.057071,0.406000,-0.089000,-0.893000,-2.947000,15.130000,0.763000,28.11
0.057671,0.398000,-0.068000,-0.877000,-5.542000,23.725000,2.427000,28.20
0.058380,0.394000,-0.061000,-0.854000,-4.290000,24.916000,3.267000,28.06
0.058874,0.399000,-0.067000,-0.881000,-1.557000,28.519000,5.206000,28.06
0.059334,0.415000,-0.070000,-0.867000,-0.412000,33.298000,7.023000,28.11
0.059790,0.410000,-0.064000,-0.862000,-2.122000,37.206000,7.832000,28.01
0.060247,0.376000,-0.058000,-0.887000,-1.282000,46.076000,9.908000,28.06
0.060697,0.351000,-0.062000,-0.899000,0.260000,49.511000,8.931000,28.11
0.061157,0.417000,-0.113000,-0.879000,-0.504000,55.191000,9.313000,28.11
0.061609,0.408000,-0.126000,-0.915000,-2.519000,47.359000,6.229000,28.15
0.062072,0.445000,-0.151000,-0.920000,-5.664000,48.962000,3.863000,28.06
0.062523,0.476000,-0.131000,-0.907000,-3.389000,45.618000,1.908000,28.11
0.062987,0.403000,-0.066000,-0.906000,-3.939000,50.290000,0.076000,28.11
0.063454,0.450000,-0.077000,-0.907000,0.427000,51.847000,1.115000,28.15
0.063922,0.428000,-0.070000,-0.885000,0.382000,54.748000,1.893000,28.06
0.064393,0.410000,-0.073000,-0.884000,2.947000,64.687000,-1.328000,28.01
0.064870,0.489000,-0.094000,-0.916000,10.840000,60.397000,-1.786000,28.11
0.065343,0.447000,-0.048000,-0.939000,11.008000,50.473000,-1.908000,28.06
0.065817,0.434000,-0.041000,-0.930000,10.137000,83.313000,2.244000,28.11
0.066308,0.380000,0.185000,-1.074000,0.947000,86.122000,12.137000,28.11
0.066797,0.448000,-0.305000,-1.023000,31.023000,81.298000,8.748000,28.06
0.067489,0.459000,-0.121000,-1.015000,32.397000,90.305000,1.618000,28.06
0.067984,0.422000,-0.175000,-0.963000,41.069000,100.336000,-1.878000,28.11
0.068453,0.409000,-0.254000,-1.039000,38.229000,120.275000,-8.183000,28.01
0.068910,0.276000,-0.196000,-1.077000,49.282000,125.511000,-20.427000,28.06
0.069366,0.331000,-0.111000,-1.071000,56.885000,128.214000,-37.740000,28.06
0.069820,0.305000,-0.142000,-1.185000,64.931000,125.863000,-55.847000,28.11
0.070273,0.271000,-0.099000,-1.324000,74.153000,115.008000,-73.527000,28.06
0.070729,0.275000,-0.003000,-1.267000,83.252000,157.939000,-79.511000,28.06
0.071178,0.424000,0.019000,-1.438000,102.672000,157.313000,-84.122000,28.11
0.071629,0.853000,-0.337000,-2.425000,70.183000,391.863000,-52.489000,28.11
0.072080,0.672000,-0.631000,-1.574000,45.954000,154.977000,-54.305000,28.06
0.072527,0.756000,-0.476000,-1.125000,-20.550000,432.504000,-27.740000,28.06
0.072976,0.841000,0.130000,-1.558000,12.626000,290.855000,-31.176000,28.11
0.073429,1.161000,-0.055000,-1.206000,39.679000,239.542000,-23.450000,28.15
0.073885,1.258000,-0.110000,-1.861000,54.107000,243.023000,-10.824000,28.06
0.074335,0.100000,-0.307000,-2.241000,41.466000,110.779000,18.427000,28.01
0.074780,-0.766000,-1.180000,-1.500000,-2.244000,98.198000,90.992000,28.11
0.075234,-0.549000,-0.536000,-2.018000,-38.611000,124.947000,153.847000,27.97
0.075673,-0.459000,-0.150000,-1.354000,-36.702000,7.588000,186.412000,28.01
0.076111,-0.362000,0.105000,-1.203000,-36.244000,-37.252000,205.313000,28.01
0.076542,-0.432000,0.288000,-0.762000,-42.076000,-27.756000,208.656000,28.11
0.076982,-0.305000,0.443000,-0.730000,-52.626000,-37.282000,194.626000,28.15
0.077421,-0.229000,0.603000,-0.665000,-50.916000,-49.771000,166.397000,27.97
0.077869,-0.179000,0.689000,-0.783000,-47.298000,-65.634000,126.122000,28.11
0.078411,-0.005000,0.648000,-0.806000,-45.649000,-97.725000,88.489000,28.01
0.079011,0.085000,0.616000,-0.898000,-46.687000,-132.718000,45.344000,28.06
0.079487,0.188000,0.527000,-0.833000,-59.969000,-135.527000,13.160000,28.11
0.079952,0.213000,0.465000,-0.968000,-64.702000,-157.344000,-13.710000,28.11
0.080407,0.284000,0.348000,-0.998000,-69.496000,-182.153000,-32.748000,28.06
0.080856,0.385000,0.223000,-1.068000,-77.710000,-198.885000,-45.130000,28.11
0.081324,0.520000,0.082000,-1.154000,-87.603000,-211.603000,-50.840000,28.01
0.081777,0.625000,-0.027000,-1.169000,-95.145000,-234.260000,-51.405000,28.01
0.082235,0.692000,-0.122000,-1.130000,-103.145000,-246.046000,-47.908000,28.06
0.082685,0.751000,-0.203000,-1.067000,-109.099000,-247.344000,-42.382000,28.15
0.083127,0.810000,-0.255000,-1.047000,-109.145000,-248.641000,-36.580000,28.01
0.083626,0.890000,-0.320000,-1.112000,-103.573000,-251.115000,-29.786000,28.06
0.084121,0.974000,-0.375000,-1.137000,-98.321000,-251.817000,-21.588000,28.06
0.084682,1.028000,-0.391000,-1.216000,-93.191000,-244.962000,-13.053000,28.01
0.085125,1.101000,-0.328000,-1.252000,-91.176000,-241.038000,-7.053000,28.11
0.085558,1.163000,-0.231000,-1.263000,-88.046000,-238.458000,-4.626000,28.06
0.086001,1.199000,-0.140000,-1.254000,-86.962000,-229.725000,-6.061000,28.01
0.086440,1.220000,-0.071000,-1.208000,-87.053000,-223.328000,-12.000000,28.11
0.086881,1.255000,-0.028000,-1.143000,-90.702000,-216.885000,-21.115000,28.06
0.087306,1.236000,-0.002000,-1.077000,-90.580000,-208.122000,-35.817000,28.06
0.087736,1.212000,-0.017000,-0.955000,-88.076000,-194.824000,-54.290000,28.11
0.088189,1.219000,-0.125000,-0.955000,-84.092000,-181.084000,-73.252000,28.11
0.088727,1.281000,-0.255000,-0.976000,-77.771000,-167.237000,-89.069000,28.06
0.089347,1.360000,-0.363000,-0.952000,-67.038000,-159.878000,-95.634000,28.11
0.089844,1.404000,-0.436000,-0.873000,-50.504000,-160.015000,-96.458000,28.11
0.090324,1.642000,-0.580000,-0.642000,-12.779000,-137.939000,-90.015000,28.06
0.090815,1.496000,-0.697000,-0.216000,-1.924000,-129.756000,-75.313000,28.06
0.091318,1.594000,-0.869000,-0.191000,-12.733000,-94.366000,-56.931000,28.01
0.091774,1.562000,-0.775000,0.011000,-25.863000,-56.779000,-41.573000,27.97
0.092231,1.569000,-0.661000,0.115000,-16.122000,-32.198000,-33.496000,28.06
0.092674,1.563000,-0.553000,0.252000,2.748000,-12.687000,-38.122000,28.01
0.093118,1.651000,-0.583000,0.267000,22.366000,13.176000,-47.847000,28.11
0.093570,1.803000,-0.651000,0.493000,26.382000,48.733000,-53.405000,28.06
0.093997,1.974000,-0.687000,0.799000,29.099000,105.863000,-54.748000,28.01
0.094416,0.440000,0.017000,-0.171000,33.679000,38.779000,-70.489000,28.01
0.094848,0.187000,0.318000,-2.297000,43.344000,0.885000,-51.664000,28.06
0.095289,0.580000,-0.344000,-1.851000,80.519000,103.863000,0.931000,28.06
0.095695,0.304000,-0.435000,-0.572000,79.359000,67.038000,2.763000,28.01
0.096128,2.106000,-0.402000,-2.398000,74.366000,254.366000,20.061000,28.11
0.096545,1.855000,-0.532000,-2.688000,113.511000,32.290000,7.023000,28.06
0.096967,0.105000,-0.524000,-1.036000,72.336000,84.824000,12.794000,28.06
0.097396,-0.027000,-0.356000,-1.234000,35.771000,187.023000,17.405000,28.01
0.097810,0.808000,-0.836000,-1.510000,1.573000,202.595000,23.359000,28.06
0.098585,0.467000,-0.138000,-0.864000,-7.130000,19.740000,-1.405000,28.01
0.099003,0.450000,-0.129000,-0.875000,-5.374000,15.802000,-1.145000,28.01
0.099528,0.446000,-0.124000,-0.879000,-4.366000,13.023000,-0.748000,27.97
0.100145,0.427000,-0.130000,-0.880000,-3.481000,11.786000,-0.473000,28.01
0.100630,0.411000,-0.142000,-0.893000,-3.466000,10.458000,-1.069000,28.11
0.101783,0.417000,-0.153000,-0.863000,-8.153000,9.573000,-3.221000,27.97
0.108865,0.430000,-0.152000,-0.873000,-5.466000,10.962000,-2.565000,28.06
0.121193,0.417000,-0.142000,-0.876000,-4.809000,10.687000,-2.794000,28.01
0.128105,0.451000,-0.120000,-0.866000,-6.260000,12.672000,-2.595000,28.11
0.140558,0.442000,-0.089000,-0.859000,-5.908000,11.115000,-2.122000,27.97
0.148024,0.422000,-0.065000,-0.861000,-4.840000,11.679000,-0.046000,27.97
0.159815,0.373000,-0.142000,-0.914000,-4.397000,9.756000,-0.321000,28.01
0.172470,0.434000,-0.143000,-0.878000,-5.359000,4.611000,-2.015000,28.01
0.179417,0.415000,-0.172000,-0.886000,-6.198000,2.779000,-3.725000,28.06
0.191814,0.440000,-0.168000,-0.877000,-7.740000,4.000000,-5.191000,28.01
0.198869,0.461000,-0.149000,-0.865000,-8.962000,3.847000,-6.519000,27.92
0.211427,0.453000,-0.101000,-0.875000,-9.679000,5.328000,-5.664000,27.97
0.218355,0.448000,-0.086000,-0.886000,-8.183000,4.489000,-4.458000,27.97
0.230805,0.460000,-0.091000,-0.892000,-6.672000,3.481000,-3.756000,28.01
0.237918,0.449000,-0.113000,-0.873000,-4.947000,2.153000,-2.916000,28.01
0.250367,0.442000,-0.135000,-0.859000,-5.405000,1.771000,-2.366000,28.06
0.256141,0.444000,-0.133000,-0.880000,-5.832000,3.847000,-2.641000,27.97
0.269943,0.442000,-0.115000,-0.891000,-4.824000,3.313000,-2.565000,28.01
0.282681,0.435000,-0.115000,-0.876000,-4.794000,6.260000,-2.504000,28.01
0.289769,0.458000,-0.116000,-0.859000,-4.046000,6.931000,-2.321000,27.97
0.302024,0.471000,-0.133000,-0.877000,-2.519000,7.374000,-1.924000,28.01
0.309141,0.467000,-0.116000,-0.867000,-2.977000,7.939000,-2.000000,28.01
0.321686,0.476000,-0.090000,-0.860000,-2.748000,6.321000,-1.115000,28.06
0.328602,0.417000,-0.059000,-0.889000,0.489000,5.450000,-0.275000,27.97
0.341158,0.411000,-0.080000,-0.879000,-0.626000,5.832000,0.489000,28.01
0.348356,0.372000,-0.089000,-0.854000,2.427000,3.389000,0.427000,28.11
0.360882,0.434000,-0.120000,-0.895000,1.038000,10.809000,0.580000,28.06
0.368200,0.432000,-0.123000,-0.906000,1.985000,7.328000,0.351000,28.06
0.380568,0.449000,-0.132000,-0.855000,-0.046000,11.496000,0.443000,28.01
0.386143,0.453000,-0.122000,-0.861000,-0.824000,11.420000,0.183000,27.97
0.400487,0.445000,-0.106000,-0.883000,2.168000,6.534000,0.305000,28.06
0.412838,0.439000,-0.115000,-0.863000,0.870000,7.359000,0.504000,28.01
0.420288,0.451000,-0.112000,-0.873000,3.069000,1.282000,0.366000,28.01
0.432335,0.452000,-0.115000,-0.879000,5.985000,-18.321000,-0.382000,28.06
0.439802,0.418000,-0.125000,-0.863000,2.214000,6.031000,0.748000,28.06
0.452194,0.405000,-0.099000,-0.859000,1.771000,10.718000,1.481000,28.01
0.459455,0.383000,-0.080000,-0.857000,2.260000,9.450000,1.954000,28.01
0.472042,0.435000,-0.111000,-0.902000,5.420000,-2.733000,1.099000,27.87
0.479426,0.418000,-0.112000,-0.900000,3.359000,8.794000,1.542000,27.92
0.492125,0.452000,-0.137000,-0.885000,3.206000,9.710000,1.466000,28.01
0.498956,0.430000,-0.126000,-0.873000,3.603000,13.695000,1.374000,27.97
0.511323,0.448000,-0.119000,-0.852000,3.069000,15.740000,2.122000,27.97
0.518629,0.404000,-0.086000,-0.890000,5.511000,14.458000,1.542000,28.01
0.531205,0.419000,-0.116000,-0.933000,5.588000,15.450000,1.511000,28.11
0.538448,0.428000,-0.104000,-0.850000,3.771000,40.718000,3.496000,27.97
0.550922,0.447000,-0.152000,-0.892000,11.771000,2.260000,1.786000,28.06
0.558153,0.457000,-0.160000,-0.868000,1.481000,56.153000,3.527000,27.92
0.570361,0.433000,-0.149000,-0.914000,21.252000,6.031000,-0.076000,28.06
0.582690,0.440000,-0.177000,-0.871000,7.695000,46.870000,0.290000,28.01
0.590306,0.454000,-0.163000,-0.945000,7.695000,48.321000,1.710000,28.01
0.602331,0.460000,-0.137000,-0.835000,12.122000,48.031000,-1.115000,28.01
0.609412,0.479000,-0.218000,-0.918000,13.069000,63.893000,-1.695000,28.06
0.621354,0.421000,-0.246000,-0.950000,18.626000,38.031000,-5.435000,28.01
0.628316,0.425000,-0.172000,-0.955000,23.237000,66.504000,-7.756000,28.11
0.642709,0.454000,-0.184000,-0.972000,30.901000,63.725000,-10.321000,27.97
0.647786,0.464000,-0.202000,-0.933000,34.931000,71.099000,-14.565000,27.97
0.659848,0.427000,-0.162000,-0.995000,41.939000,70.061000,-17.405000,28.01
0.672109,0.410000,-0.113000,-1.077000,49.099000,71.618000,-20.489000,28.01
0.679124,0.331000,-0.145000,-1.041000,50.458000,70.656000,-22.122000,27.97
0.691396,0.417000,-0.153000,-1.109000,58.824000,66.962000,-23.786000,28.01
0.698337,0.312000,-0.102000,-1.096000,67.679000,59.481000,-28.992000,28.01
0.710474,0.366000,-0.106000,-1.092000,66.855000,56.076000,-44.992000,28.06
0.722802,0.426000,-0.086000,-0.927000,59.389000,183.420000,-49.695000,28.06
0.729485,0.250000,-0.131000,-1.301000,83.282000,124.427000,-60.458000,27.92
0.741713,0.370000,-0.087000,-1.138000,97.878000,209.038000,-71.115000,28.01
0.748553,0.489000,-0.306000,-1.400000,118.565000,206.855000,-85.725000,27.97
0.760396,0.793000,-0.722000,-1.721000,67.008000,121.939000,-100.550000,27.87
0.772582,0.670000,-0.546000,-1.255000,49.374000,183.023000,-79.389000,28.01
0.779446,0.705000,-0.282000,-1.662000,20.366000,238.885000,-77.802000,28.01
0.791677,0.725000,0.222000,-1.016000,54.122000,261.420000,-72.015000,28.06
0.798875,0.878000,0.021000,-1.636000,110.473000,208.061000,-46.794000,28.01
0.810694,0.989000,0.024000,-1.725000,112.427000,183.817000,-55.008000,28.11
0.817790,0.716000,-0.152000,-1.359000,98.061000,254.229000,-35.344000,28.06
0.829803,-0.274000,-0.199000,-1.683000,70.519000,153.725000,-24.229000,27.97
0.842042,0.244000,-0.527000,-1.916000,25.145000,201.191000,13.557000,28.01
0.848786,-0.321000,-0.125000,-2.197000,-41.893000,156.305000,55.511000,28.01
0.860953,-0.407000,0.213000,-1.190000,-25.420000,47.130000,67.038000,27.97
0.868205,-0.484000,0.532000,-1.141000,6.473000,-51.618000,65.053000,28.01
0.880512,-0.408000,0.215000,-0.816000,12.733000,-73.237000,71.542000,28.01
0.892551,-0.352000,0.178000,-0.718000,0.061000,-73.924000,74.626000,27.97
0.899815,-0.253000,0.181000,-0.755000,-17.756000,-53.359000,76.534000,28.06
0.911670,-0.136000,0.239000,-0.852000,-36.031000,-64.718000,73.435000,28.01
0.918910,0.022000,0.286000,-0.697000,-69.695000,-81.267000,71.344000,28.01
0.930872,0.125000,0.307000,-0.823000,-58.687000,-101.221000,57.618000,27.97
0.942799,0.175000,0.282000,-0.988000,-58.153000,-135.679000,43.038000,27.92
0.949961,0.203000,0.270000,-0.912000,-70.290000,-149.221000,30.977000,28.01
0.961846,0.162000,0.264000,-1.032000,-69.176000,-179.069000,15.527000,27.97
0.969102,0.104000,0.161000,-0.906000,-84.641000,-161.679000,5.145000,28.01
0.981003,0.246000,0.072000,-0.976000,-90.840000,-178.031000,2.137000,27.92
0.988119,0.330000,-0.064000,-0.925000,-101.786000,-179.634000,2.321000,28.01
0.999978,0.326000,-0.105000,-1.041000,-109.679000,-199.817000,5.084000,27.97
1.011893,0.403000,-0.201000,-1.071000,-119.267000,-208.321000,12.198000,27.92
1.018684,0.428000,-0.253000,-1.119000,-126.214000,-213.603000,20.504000,27.92
1.030461,0.473000,-0.315000,-1.080000,-130.305000,-216.947000,29.130000,27.97
1.042434,0.507000,-0.343000,-1.108000,-132.168000,-220.092000,36.870000,27.97
1.049112,0.536000,-0.380000,-1.203000,-132.855000,-225.954000,43.511000,28.01
1.061084,0.612000,-0.407000,-1.264000,-137.649000,-222.198000,50.809000,27.92
1.067640,0.674000,-0.382000,-1.335000,-140.305000,-224.672000,55.893000,27.97
1.079613,0.695000,-0.335000,-1.366000,-140.260000,-228.611000,57.389000,27.92
1.091644,0.723000,-0.272000,-1.373000,-138.977000,-230.260000,54.595000,27.92
1.098493,0.756000,-0.211000,-1.334000,-138.000000,-228.458000,49.115000,27.97
1.110375,0.794000,-0.161000,-1.358000,-137.221000,-225.573000,40.748000,27.87
1.122662,0.854000,-0.096000,-1.421000,-136.763000,-222.504000,27.954000,28.01
1.129166,0.899000,-0.043000,-1.447000,-132.321000,-224.763000,7.695000,27.92
1.141149,0.929000,-0.017000,-1.447000,-123.527000,-223.450000,-19.542000,27.97
1.147601,1.002000,-0.070000,-1.414000,-111.924000,-221.466000,-52.092000,27.92
1.159780,1.099000,-0.149000,-1.364000,-96.733000,-221.588000,-85.191000,27.92
1.171744,1.240000,-0.258000,-1.327000,-78.885000,-216.076000,-113.969000,27.97
1.178159,1.416000,-0.383000,-1.265000,-62.275000,-212.198000,-134.779000,27.87
1.190435,1.631000,-0.481000,-0.840000,-14.229000,-192.718000,-142.962000,27.92
1.202053,1.798000,-0.730000,-0.628000,-8.183000,-199.802000,-146.733000,27.97
1.208586,1.835000,-0.838000,-0.487000,-23.298000,-145.817000,-131.221000,27.97
1.220676,1.943000,-0.905000,-0.273000,-34.901000,-113.313000,-112.443000,27.92
1.232546,1.945000,-0.913000,-0.020000,-25.389000,-91.740000,-91.313000,27.92
1.239567,2.042000,-1.074000,0.193000,-12.122000,-59.954000,-67.069000,27.97
1.252024,2.151000,-1.085000,0.415000,6.962000,-16.534000,-37.389000,28.01
1.259016,2.269000,-1.104000,0.650000,28.000000,39.695000,-5.053000,27.92
1.271495,2.252000,-0.954000,0.803000,44.046000,93.420000,25.099000,27.87
1.278381,0.694000,-0.152000,-1.283000,26.534000,-1.389000,26.397000,27.87
1.290839,0.175000,0.405000,-2.840000,32.779000,115.176000,37.725000,27.92
1.297929,-0.140000,0.525000,-1.091000,64.947000,143.145000,29.374000,27.92
1.309873,0.288000,-0.063000,-0.507000,74.840000,97.847000,-2.366000,27.87
1.322186,0.697000,-0.035000,-2.039000,34.931000,188.885000,-12.733000,27.92
1.329044,0.738000,-0.208000,-1.683000,46.336000,95.450000,-20.565000,27.92
1.341499,0.251000,-0.580000,-1.095000,29.618000,139.588000,-8.412000,27.97
1.348373,0.322000,0.041000,-1.685000,-1.466000,220.031000,14.336000,27.97
1.360854,1.013000,0.311000,-1.404000,-1.053000,166.931000,7.725000,27.92
1.367844,0.554000,-0.063000,-1.241000,20.565000,147.573000,0.504000,27.92
1.382992,0.249000,-0.348000,-1.212000,27.679000,151.069000,8.107000,27.97
1.392240,0.294000,-0.188000,-1.016000,17.725000,138.458000,10.397000,27.92
1.399255,0.403000,-0.068000,-1.198000,21.618000,141.176000,10.962000,27.82
1.411682,0.293000,-0.128000,-1.149000,18.153000,97.847000,8.321000,27.87
1.418832,0.185000,-0.142000,-1.022000,12.122000,91.313000,7.725000,27.92
1.431119,0.275000,-0.097000,-1.075000,12.580000,91.191000,6.504000,27.92
1.438400,0.320000,-0.080000,-1.095000,7.237000,73.847000,5.267000,27.87
1.450729,0.253000,-0.049000,-0.995000,1.832000,70.122000,5.115000,27.87
1.458435,0.280000,-0.035000,-0.999000,0.901000,63.450000,5.435000,27.92
1.470552,0.315000,-0.098000,-1.021000,5.908000,60.595000,5.466000,28.01
1.478020,0.261000,-0.014000,-0.949000,0.061000,58.351000,3.924000,27.97
1.490015,0.316000,-0.015000,-0.960000,-4.305000,59.313000,5.817000,27.82
1.502480,0.308000,-0.039000,-0.958000,-0.794000,51.542000,4.534000,27.92
1.509645,0.349000,-0.042000,-0.961000,-0.519000,41.893000,3.099000,27.87
1.521966,0.328000,-0.058000,-0.947000,-0.718000,32.672000,1.740000,27.87
1.529836,0.339000,-0.066000,-0.946000,-2.015000,25.969000,1.008000,27.82
1.541929,0.346000,-0.028000,-0.903000,-5.084000,21.389000,-0.107000,28.01
1.548641,0.348000,-0.022000,-0.921000,-5.008000,34.550000,2.153000,27.87
1.563155,0.346000,-0.010000,-0.931000,-4.519000,32.931000,1.893000,27.92
1.568048,0.339000,-0.005000,-0.915000,-4.229000,35.725000,3.099000,27.92
1.580695,0.332000,-0.001000,-0.921000,-7.435000,27.069000,4.275000,27.87
1.587998,0.371000,0.001000,-0.763000,-8.840000,8.519000,3.710000,27.92
1.600195,0.327000,-0.046000,-0.978000,1.496000,3.130000,-1.939000,27.92
1.613240,0.342000,-0.054000,-0.916000,0.504000,23.221000,1.267000,27.92
1.619811,0.356000,-0.053000,-0.927000,2.336000,25.618000,1.878000,27.87
1.632247,0.361000,-0.052000,-0.908000,7.313000,40.702000,4.366000,27.92
1.639629,0.365000,-0.006000,-0.914000,4.260000,47.710000,4.229000,27.92
1.651869,0.334000,-0.018000,-0.922000,8.305000,47.237000,4.229000,27.97
1.659527,0.392000,-0.045000,-0.916000,2.718000,41.878000,3.710000,27.87
1.671738,0.374000,-0.056000,-0.883000,8.458000,67.618000,7.634000,28.01
1.679306,0.397000,-0.066000,-0.942000,6.412000,75.420000,6.366000,27.87
1.691747,0.345000,-0.039000,-0.937000,13.802000,87.450000,5.542000,27.97
1.698420,0.348000,-0.080000,-0.955000,13.618000,89.374000,5.359000,27.92
1.718318,0.406000,0.004000,-0.970000,12.092000,96.901000,6.336000,27.92
1.719837,0.418000,-0.123000,-0.960000,20.046000,92.687000,7.084000,27.97
1.730053,0.436000,-0.130000,-1.039000,39.099000,81.069000,4.885000,27.97
1.742571,0.362000,-0.107000,-0.921000,1.130000,88.931000,9.832000,28.01
1.750037,0.466000,0.152000,-1.001000,12.992000,96.824000,10.748000,27.87
1.762087,0.436000,-0.200000,-0.956000,25.908000,88.229000,8.076000,27.92
1.769591,0.431000,-0.092000,-0.981000,24.611000,89.511000,3.618000,27.92
1.781713,0.460000,-0.174000,-0.959000,26.595000,100.229000,1.969000,27.92
1.789002,0.497000,-0.152000,-1.015000,20.962000,110.931000,-2.305000,27.97
1.801020,0.468000,-0.122000,-0.958000,25.710000,107.649000,-6.595000,27.87
1.808204,0.425000,-0.158000,-1.040000,36.321000,90.779000,-12.321000,27.82
1.820038,0.438000,-0.188000,-1.002000,47.359000,82.382000,-22.504000,27.87
1.832065,0.457000,-0.182000,-1.032000,53.466000,97.160000,-34.000000,27.97
1.839581,0.357000,-0.094000,-1.005000,45.359000,104.046000,-47.008000,27.92
1.851447,0.355000,-0.106000,-1.052000,35.634000,108.382000,-60.916000,27.92
1.858804,0.348000,-0.081000,-1.226000,31.756000,104.122000,-64.427000,27.97
1.870806,0.394000,0.027000,-1.234000,45.893000,153.954000,-69.542000,28.01
1.882421,0.501000,-0.138000,-1.382000,58.550000,180.107000,-72.260000,27.92
1.889439,0.709000,-0.562000,-2.354000,34.947000,214.702000,-68.229000,27.97
1.901495,0.514000,-0.396000,-1.404000,22.565000,237.481000,-51.405000,27.78
1.908246,1.037000,-0.396000,-0.312000,-109.573000,500.260000,-4.275000,28.01
1.920649,0.427000,0.267000,-1.177000,-17.511000,185.496000,-56.092000,27.92
1.932409,1.162000,-0.178000,-1.888000,-20.061000,303.405000,-15.557000,27.87
1.939596,0.828000,0.329000,-1.703000,-55.618000,192.626000,0.641000,27.82
1.952215,1.147000,0.174000,-1.544000,72.611000,82.977000,9.084000,27.82
1.959574,0.057000,0.349000,-1.363000,52.901000,48.885000,6.305000,27.97
1.971676,0.039000,-0.611000,-1.684000,74.046000,82.977000,39.023000,27.97
1.978822,-0.341000,-0.366000,-2.337000,20.076000,63.160000,82.824000,27.92
1.991199,-0.606000,0.214000,-1.022000,15.466000,6.595000,98.656000,27.92
1.997999,-0.570000,0.296000,-0.892000,30.351000,-32.870000,100.519000,27.87
2.010886,-0.498000,0.285000,-0.747000,32.794000,-41.786000,99.695000,27.82
2.022095,-0.380000,0.299000,-0.612000,28.198000,-62.718000,95.664000,27.92
2.029177,-0.328000,0.337000,-0.701000,22.626000,-91.069000,87.588000,28.06
2.041363,-0.172000,0.345000,-0.755000,9.115000,-90.840000,79.267000,27.92
2.048660,-0.147000,0.411000,-0.748000,1.985000,-109.176000,66.809000,27.92
2.060467,-0.072000,0.411000,-0.858000,-7.252000,-135.359000,54.443000,27.92
2.072511,0.037000,0.359000,-0.854000,-23.618000,-150.473000,44.840000,27.87
2.079531,0.110000,0.350000,-0.929000,-39.466000,-168.244000,34.977000,27.97
2.091609,0.156000,0.334000,-0.853000,-51.053000,-186.107000,25.389000,27.92
2.098650,0.175000,0.307000,-0.823000,-59.450000,-198.076000,17.740000,27.87
2.110880,0.237000,0.254000,-0.855000,-66.901000,-208.611000,12.000000,27.87
2.117863,0.282000,0.216000,-0.848000,-74.656000,-220.137000,9.069000,27.92
2.130011,0.337000,0.169000,-0.889000,-83.756000,-224.427000,7.191000,27.92
2.142161,0.358000,0.150000,-0.952000,-91.802000,-229.252000,5.237000,27.87
2.149165,0.423000,0.143000,-1.030000,-97.115000,-238.626000,1.588000,27.92
2.161270,0.483000,0.106000,-1.139000,-101.771000,-240.947000,-2.687000,28.01
2.168084,0.552000,0.073000,-1.255000,-106.427000,-247.206000,-8.519000,27.87
2.180087,0.614000,0.054000,-1.335000,-111.847000,-251.298000,-15.969000,27.97
2.192017,0.683000,0.067000,-1.436000,-116.855000,-252.214000,-26.214000,27.92
2.198621,0.750000,0.120000,-1.496000,-117.206000,-254.260000,-42.534000,27.92
2.210691,0.811000,0.185000,-1.565000,-108.855000,-262.061000,-64.641000,27.97
2.222692,0.894000,0.205000,-1.593000,-97.084000,-265.618000,-90.534000,27.87
2.229411,1.028000,0.174000,-1.623000,-82.656000,-270.382000,-115.298000,27.92
2.241347,1.189000,0.115000,-1.708000,-66.412000,-268.916000,-137.298000,27.87
2.248000,1.436000,0.011000,-1.734000,-55.282000,-265.099000,-148.779000,27.87
2.259867,1.608000,-0.076000,-1.668000,-46.977000,-266.092000,-149.450000,27.92
2.271921,2.573000,-0.048000,-1.653000,38.427000,-193.008000,-153.771000,27.92
2.278654,1.596000,-0.213000,0.033000,55.099000,-264.137000,-112.656000,27.87
2.290636,2.242000,-0.970000,-0.315000,25.664000,-207.344000,-80.748000,27.87
2.302602,2.133000,-0.760000,-0.251000,-32.779000,-75.084000,-40.107000,27.92
2.309417,1.893000,-0.567000,-0.422000,-54.122000,-85.069000,-24.977000,27.87
2.321643,2.047000,-0.628000,-0.498000,-52.794000,-75.084000,-15.771000,27.92
2.329699,2.223000,-0.850000,-0.427000,-37.954000,-41.924000,8.000000,27.82
2.341106,2.355000,-1.036000,-0.074000,-3.786000,-25.511000,27.496000,27.92
2.348529,2.482000,-1.264000,0.591000,35.679000,6.168000,42.489000,27.87
2.360442,3.197000,-1.899000,1.162000,65.496000,45.374000,50.366000,27.97
2.372703,1.159000,-0.538000,-1.791000,2.183000,-12.244000,64.840000,27.92
2.379686,1.623000,1.545000,-4.000000,8.183000,320.183000,74.992000,27.87
2.392014,0.882000,0.833000,-0.673000,87.099000,39.908000,-18.198000,27.87
2.398858,-0.104000,-0.801000,-1.572000,98.611000,43.206000,-17.557000,27.92
2.411047,-0.005000,-1.194000,-1.118000,30.382000,165.435000,25.786000,27.82
2.418111,0.519000,0.073000,-1.435000,19.924000,136.885000,9.069000,27.87
2.430647,0.085000,-0.481000,-1.183000,1.847000,105.664000,7.221000,27.92
2.436281,0.193000,-0.019000,-1.007000,-6.137000,140.947000,10.229000,27.82
2.449884,0.164000,-0.062000,-1.082000,-7.115000,127.023000,3.802000,27.87
2.462200,0.191000,-0.049000,-1.029000,-4.473000,109.237000,5.435000,27.87
2.469076,0.213000,-0.043000,-1.010000,-2.229000,92.443000,5.481000,27.82
2.481960,0.091000,0.048000,-0.948000,0.519000,76.870000,6.046000,27.92
2.488993,0.109000,-0.016000,-0.978000,3.389000,77.985000,6.824000,27.78
2.501402,0.156000,-0.036000,-1.017000,1.191000,79.084000,5.374000,27.92
2.508661,0.242000,-0.063000,-1.002000,-1.221000,78.031000,5.695000,27.92
2.521062,0.248000,-0.007000,-1.018000,-0.412000,66.641000,3.939000,27.87
2.528328,0.308000,-0.048000,-0.858000,-0.229000,33.664000,2.305000,27.87
2.541016,0.303000,-0.095000,-0.952000,2.244000,53.771000,5.099000,27.92
2.547860,0.271000,-0.048000,-0.994000,6.092000,45.649000,4.611000,27.82
2.560412,0.289000,-0.029000,-0.976000,3.160000,36.840000,3.878000,27.87
2.566464,0.249000,0.023000,-0.970000,3.008000,32.336000,4.137000,27.87
2.580148,0.231000,-0.020000,-0.935000,3.008000,34.321000,4.840000,27.92
2.592486,0.275000,-0.052000,-0.990000,8.519000,44.824000,7.496000,27.87
2.599978,0.259000,-0.042000,-0.928000,9.771000,44.229000,9.069000,27.82
2.612435,0.257000,-0.021000,-0.948000,7.603000,42.031000,6.672000,27.82
2.619503,0.316000,-0.065000,-0.948000,8.076000,35.252000,7.115000,27.92
2.631731,0.330000,-0.105000,-0.899000,12.046000,52.061000,8.626000,27.87
2.638827,0.361000,-0.071000,-0.909000,12.550000,48.962000,10.260000,27.87
2.651143,0.350000,-0.065000,-0.883000,15.527000,56.107000,10.366000,27.92
2.658224,0.235000,0.077000,-0.919000,36.382000,97.496000,26.061000,27.87
2.670481,0.320000,-0.042000,-0.944000,27.130000,128.198000,28.473000,27.87
2.682569,0.395000,-0.183000,-0.982000,32.504000,137.282000,36.015000,27.92
2.689881,0.358000,-0.154000,-0.983000,29.802000,130.092000,35.145000,27.92
2.701896,0.342000,-0.346000,-0.960000,37.374000,123.740000,38.794000,27.87
2.708749,0.800000,-0.242000,-0.633000,11.832000,120.840000,25.542000,27.92
2.721345,0.534000,-0.156000,-0.817000,3.038000,109.649000,13.969000,27.92
2.728428,0.518000,-0.111000,-0.914000,12.168000,71.206000,10.931000,27.97
2.740680,0.476000,-0.088000,-0.904000,12.046000,90.947000,14.672000,27.97
2.752712,0.426000,-0.031000,-0.976000,10.977000,74.641000,12.656000,27.92
2.759811,0.510000,-0.031000,-0.847000,-28.947000,81.985000,21.069000,27.82
2.772036,0.389000,-0.056000,-1.017000,-4.580000,76.076000,17.786000,27.97
2.779303,0.407000,-0.001000,-0.965000,15.618000,74.794000,17.420000,27.87
2.791809,0.451000,-0.077000,-0.930000,19.450000,75.573000,15.847000,27.82
2.798766,0.365000,-0.167000,-0.968000,20.519000,80.107000,11.145000,27.87
2.810819,0.363000,-0.244000,-1.071000,21.847000,91.740000,3.344000,27.87
2.818151,0.445000,-0.122000,-0.952000,22.519000,88.962000,-4.443000,27.73
2.830439,0.650000,-0.176000,-0.815000,20.779000,83.466000,-2.748000,27.92
2.842506,0.703000,-0.212000,-0.673000,10.641000,70.687000,-6.733000,27.97
2.849817,0.690000,-0.146000,-0.683000,3.771000,61.405000,-5.328000,27.97
2.863880,0.708000,-0.067000,-0.636000,0.458000,58.550000,1.511000,27.82
2.869407,0.680000,0.010000,-0.656000,-3.038000,52.489000,9.496000,27.87
2.881841,0.600000,0.058000,-0.700000,-9.847000,47.115000,22.901000,27.87
2.888938,0.472000,0.050000,-0.716000,-17.130000,33.450000,35.374000,27.82
2.901214,0.525000,-0.003000,-0.724000,-27.405000,25.420000,48.031000,27.82
2.911095,0.655000,-0.026000,-0.709000,-28.565000,17.985000,55.450000,27.78
2.920032,0.716000,-0.111000,-0.645000,-26.366000,16.489000,59.496000,27.87
2.932402,0.802000,-0.235000,-0.562000,-22.962000,9.771000,60.275000,27.82
2.939371,0.889000,-0.333000,-0.431000,-19.450000,6.565000,58.824000,27.87
2.951669,0.904000,-0.370000,-0.490000,-12.901000,6.580000,51.191000,27.87
2.958769,0.643000,-0.411000,-0.648000,-5.099000,-2.092000,35.725000,27.82
2.970949,0.617000,-0.479000,-0.643000,-2.489000,-7.557000,19.328000,27.82
2.978125,0.624000,-0.414000,-0.671000,0.901000,-15.221000,0.076000,27.87
2.990104,0.651000,-0.323000,-0.708000,-1.008000,-16.916000,-11.405000,27.92
3.002317,0.670000,-0.158000,-0.762000,-5.115000,-14.443000,-14.885000,27.92
3.010592,0.635000,-0.065000,-0.779000,-5.817000,-22.534000,-11.603000,27.87
3.021369,0.635000,-0.011000,-0.809000,-3.237000,-39.527000,-4.260000,27.87
3.028456,0.543000,-0.046000,-0.807000,-0.153000,-21.786000,1.038000,27.92
3.041020,0.592000,-0.092000,-0.796000,-6.229000,-22.672000,9.053000,27.73
3.047734,0.584000,-0.157000,-0.805000,-7.710000,-22.427000,12.290000,27.87
3.059959,0.549000,-0.178000,-0.806000,-4.305000,-40.702000,12.748000,27.87
3.073078,0.547000,-0.205000,-0.778000,-7.664000,-21.374000,10.061000,27.73
3.079098,0.542000,-0.234000,-0.814000,-8.000000,-30.351000,7.282000,27.78
3.091326,0.531000,-0.245000,-0.816000,-10.107000,-14.824000,2.336000,27.87
3.098368,0.521000,-0.233000,-0.823000,-8.550000,-17.725000,-2.137000,27.92
3.110855,0.523000,-0.199000,-0.820000,-8.397000,-12.153000,-5.740000,27.92
3.117589,0.539000,-0.172000,-0.816000,-9.191000,-9.405000,-6.305000,27.87
3.130006,0.546000,-0.140000,-0.823000,-8.458000,-9.206000,-5.802000,27.87
3.142412,0.544000,-0.131000,-0.817000,-8.153000,-7.878000,-4.977000,27.82
3.149351,0.548000,-0.121000,-0.814000,-6.947000,-6.061000,-2.611000,27.87
3.161681,0.552000,-0.119000,-0.815000,-6.473000,-5.145000,-0.275000,27.87
3.169002,0.556000,-0.146000,-0.798000,-6.519000,-4.550000,1.115000,27.92
3.181163,0.557000,-0.156000,-0.779000,-6.214000,-4.931000,1.160000,27.82
3.189337,0.564000,-0.160000,-0.777000,-4.214000,-7.221000,0.305000,27.87
3.200672,0.572000,-0.153000,-0.756000,-6.504000,-8.229000,-0.611000,27.87
3.206590,0.576000,-0.203000,-0.782000,-5.832000,-11.221000,-1.344000,27.82
3.220310,0.572000,-0.172000,-0.798000,-6.427000,-12.916000,-2.046000,27.87
3.232486,0.571000,-0.148000,-0.787000,-7.221000,-15.710000,-1.573000,27.87
3.240458,0.570000,-0.124000,-0.778000,-7.802000,-17.802000,-0.336000,27.92
3.251564,0.551000,-0.150000,-0.807000,-6.031000,-21.176000,0.458000,27.92
3.259786,0.525000,-0.170000,-0.825000,-4.153000,-22.046000,-0.275000,27.97
3.270381,0.490000,-0.147000,-0.851000,-3.603000,-20.855000,-0.962000,27.92
3.283059,0.486000,-0.141000,-0.894000,-1.298000,-20.794000,-1.008000,27.82
3.289657,0.502000,-0.136000,-0.856000,-1.603000,-16.748000,-0.809000,27.87
3.301754,0.503000,-0.135000,-0.852000,0.321000,-17.985000,-0.260000,27.97
3.308813,0.495000,-0.172000,-0.837000,-0.641000,-14.473000,-0.718000,27.82
3.321253,0.518000,-0.164000,-0.827000,-1.038000,-14.366000,-1.664000,27.92
3.332250,0.497000,-0.151000,-0.838000,-0.565000,-12.504000,-1.511000,27.87
3.340280,0.515000,-0.133000,-0.822000,-0.656000,-9.344000,-0.855000,27.82
3.352630,0.480000,-0.126000,-0.856000,0.672000,-8.626000,-0.321000,28.01
3.360176,0.510000,-0.148000,-0.855000,1.069000,-8.458000,0.305000,27.87
3.372057,0.510000,-0.169000,-0.858000,1.267000,-12.473000,-0.366000,27.87
3.382442,0.503000,-0.145000,-0.863000,1.420000,-16.626000,0.382000,27.92
3.391881,0.432000,-0.092000,-0.898000,2.260000,-21.634000,3.359000,27.92
3.398838,0.456000,-0.105000,-0.961000,6.641000,-33.176000,9.023000,27.87
3.411388,0.410000,-0.109000,-0.951000,7.573000,-30.687000,9.359000,27.82
3.418872,0.342000,-0.118000,-0.934000,7.023000,-15.969000,6.214000,27.82
3.430645,0.374000,-0.085000,-1.007000,5.588000,-12.092000,4.015000,27.97
3.437881,0.396000,-0.168000,-0.930000,9.695000,1.939000,6.687000,27.92
3.450284,0.379000,-0.227000,-0.988000,7.298000,21.847000,2.550000,27.92
3.459914,0.440000,-0.292000,-0.972000,8.458000,26.947000,-5.893000,27.87
3.469802,0.427000,-0.206000,-0.958000,2.458000,37.359000,-14.290000,27.87
3.482233,0.389000,-0.255000,-1.000000,5.725000,41.405000,-15.893000,27.82
3.489126,0.447000,-0.299000,-0.963000,-7.771000,52.947000,-21.771000,27.92
3.501289,0.497000,-0.194000,-0.911000,-13.817000,62.947000,-20.336000,27.87
3.508284,0.549000,-0.136000,-0.850000,-18.397000,59.328000,-15.130000,27.87
3.527805,0.504000,-0.029000,-0.862000,-21.954000,53.725000,-10.885000,27.82
3.532901,0.162000,0.263000,-1.073000,-26.550000,36.840000,-3.115000,27.92
3.539503,-0.768000,0.720000,-1.516000,-14.824000,-8.382000,-11.099000,27.87
3.551805,-1.326000,0.905000,-1.562000,-13.252000,-46.947000,-23.847000,27.82
3.558362,-1.290000,0.835000,-1.569000,-24.656000,-72.366000,-25.924000,27.82
3.570309,-0.867000,0.492000,-1.469000,-29.893000,-97.908000,-11.221000,27.97
3.582762,-0.146000,-0.007000,-1.240000,-30.840000,-98.061000,27.191000,27.87
3.591053,0.429000,-0.459000,-0.753000,-26.198000,-94.397000,77.176000,27.82
3.601356,1.217000,-0.634000,-0.541000,-38.595000,-52.794000,116.260000,27.92
3.616707,1.999000,-0.770000,-0.040000,-25.023000,-20.031000,128.458000,27.87
3.620490,2.471000,-0.956000,-0.005000,-12.962000,18.702000,117.298000,27.92
3.632629,2.668000,-1.114000,0.385000,10.656000,34.687000,82.244000,27.82
3.641124,1.940000,-1.168000,-0.135000,7.847000,39.282000,54.412000,27.87
3.652072,0.623000,-0.608000,-0.647000,3.557000,20.626000,24.168000,27.87
3.659144,0.408000,-0.603000,-0.686000,10.351000,3.771000,-11.771000,27.92
3.671934,0.601000,-0.465000,-0.727000,-7.847000,3.374000,-21.847000,27.92
3.678412,0.562000,-0.210000,-0.797000,-6.061000,-10.153000,-28.092000,27.87
3.691381,0.503000,-0.083000,-0.821000,-15.710000,-7.908000,-21.496000,27.87
3.702596,0.449000,0.054000,-0.933000,-11.557000,-12.153000,-13.176000,27.82
3.709561,0.438000,0.066000,-0.937000,-9.252000,-13.344000,-3.206000,27.87
3.725187,0.407000,0.063000,-0.968000,-2.733000,-15.893000,4.901000,27.92
3.732489,0.412000,-0.061000,-0.902000,2.412000,-11.145000,8.504000,27.92
3.742788,0.405000,-0.159000,-0.862000,3.985000,-4.779000,8.611000,27.92
3.749908,0.374000,-0.247000,-0.891000,3.191000,0.779000,5.695000,27.97
3.761352,0.387000,-0.298000,-0.865000,-1.282000,9.420000,0.321000,27.92
3.768372,0.424000,-0.293000,-0.867000,-5.145000,10.702000,-4.412000,27.92
3.781053,0.447000,-0.202000,-0.862000,-8.656000,10.015000,-6.840000,27.87
3.791312,0.469000,-0.125000,-0.859000,-8.733000,10.092000,-7.023000,27.87
3.800435,0.440000,-0.060000,-0.891000,-5.802000,10.763000,-5.115000,28.01
3.812488,0.466000,-0.033000,-0.878000,-2.931000,10.122000,-1.756000,27.92
3.819493,0.470000,-0.099000,-0.883000,0.534000,7.527000,1.847000,27.87
3.832074,0.468000,-0.118000,-0.874000,2.046000,10.046000,3.389000,27.92
3.840803,0.370000,-0.029000,-0.949000,5.496000,6.351000,4.321000,27.92
3.852552,0.363000,-0.031000,-0.974000,8.351000,11.695000,7.252000,27.97
3.861971,0.335000,-0.061000,-0.978000,9.328000,20.702000,12.779000,27.97
3.871384,0.352000,-0.167000,-0.996000,8.733000,27.924000,16.992000,27.82
3.881529,0.407000,-0.277000,-0.964000,7.954000,43.176000,12.580000,27.87
3.893597,0.363000,-0.254000,-0.963000,4.656000,59.542000,5.557000,27.97
3.901362,0.426000,-0.231000,-1.037000,6.092000,58.489000,-0.687000,27.92
3.911191,0.405000,-0.072000,-1.099000,8.412000,54.611000,-5.649000,28.01
3.917580,0.355000,-0.092000,-1.014000,8.885000,52.336000,0.260000,27.78
3.930147,0.048000,0.208000,-1.255000,8.107000,33.160000,-1.328000,27.97
3.943083,-0.709000,0.547000,-1.447000,6.244000,6.672000,-13.832000,27.82
3.950846,-1.237000,0.802000,-1.685000,-4.397000,-29.115000,-28.916000,27.97
3.961552,-1.396000,0.767000,-1.763000,-17.191000,-78.595000,-40.626000,27.87
3.968133,-1.286000,0.573000,-1.680000,-30.687000,-112.427000,-39.786000,27.92
3.980072,-0.564000,0.015000,-1.447000,-38.550000,-131.221000,-17.496000,27.92
3.993160,0.545000,-0.774000,-0.842000,-43.985000,-119.206000,16.687000,27.87
4.002335,1.999000,-1.040000,0.022000,-26.733000,-76.580000,47.053000,27.82
4.011538,4.000000,-1.589000,1.015000,4.122000,-38.000000,40.763000,28.01
4.018823,3.675000,-1.397000,0.634000,7.893000,-1.924000,19.618000,27.87
4.031205,1.233000,-0.710000,-0.350000,6.000000,-14.229000,-1.847000,27.97
4.038191,0.265000,-0.482000,-0.627000,0.809000,-44.992000,-18.031000,27.92
4.051170,0.901000,-0.209000,-0.679000,-21.115000,-34.275000,-12.458000,27.87
4.062351,0.539000,-0.273000,-0.720000,-19.725000,-72.183000,-10.992000,27.97
4.070821,0.478000,-0.041000,-0.809000,-13.328000,-96.992000,-6.931000,27.82
4.081983,0.344000,-0.003000,-0.928000,-11.893000,-82.229000,0.092000,27.92
4.088254,0.173000,-0.090000,-1.015000,-7.527000,-88.672000,1.740000,27.97
4.101436,0.196000,0.081000,-1.051000,-13.466000,-75.221000,4.290000,27.87
4.109354,0.076000,0.009000,-1.095000,7.160000,-47.863000,1.221000,27.92
4.120151,0.119000,-0.014000,-1.032000,10.031000,-20.092000,3.847000,27.87
4.133112,0.156000,-0.238000,-0.994000,13.481000,6.061000,4.626000,27.87
4.139598,0.174000,-0.324000,-0.934000,-0.397000,32.870000,4.351000,27.92
4.152093,0.187000,-0.239000,-0.961000,-12.397000,63.603000,5.359000,28.01
4.159126,0.199000,-0.030000,-1.000000,-17.084000,91.542000,6.458000,27.87
4.171094,0.185000,-0.037000,-1.047000,-12.244000,113.664000,11.374000,27.82
4.178119,0.149000,-0.117000,-1.031000,-15.893000,137.832000,14.687000,27.92
4.190327,0.103000,-0.177000,-1.083000,6.168000,125.221000,16.229000,27.97
4.202555,0.163000,-0.208000,-1.133000,-1.359000,111.740000,19.603000,27.87
4.209323,0.169000,-0.021000,-1.194000,-23.084000,103.954000,35.420000,27.92
4.221595,-0.179000,0.545000,-1.273000,-30.321000,65.863000,42.366000,27.92
4.233731,-0.992000,0.889000,-1.561000,-17.939000,18.748000,20.626000,27.87
4.240828,-1.399000,1.009000,-1.620000,-18.092000,-18.779000,-9.618000,27.82
4.247556,-1.343000,0.951000,-1.682000,-20.733000,-53.557000,-37.145000,27.92
4.259601,-1.073000,0.701000,-1.611000,-12.718000,-112.656000,-50.198000,27.87
4.271487,-0.647000,0.231000,-1.355000,-17.588000,-123.176000,-44.153000,27.87
4.278508,0.396000,-0.292000,-0.936000,-9.115000,-132.840000,-19.878000,27.82
4.290324,2.188000,-0.394000,-0.573000,16.366000,-118.641000,-18.840000,27.87
4.302520,3.208000,-1.218000,0.039000,45.573000,-56.412000,-33.740000,27.87
4.309270,1.279000,-0.633000,-0.625000,23.496000,-97.450000,-52.672000,27.92
4.321633,0.157000,-0.208000,-0.872000,14.947000,-74.260000,-58.260000,27.92
4.328257,0.100000,-0.289000,-0.926000,18.046000,-47.618000,-57.740000,27.87
4.340769,0.533000,-0.581000,-0.733000,27.511000,-28.733000,-55.542000,27.82
4.347919,1.499000,-1.136000,-0.286000,7.435000,-68.824000,-45.145000,28.01
4.359701,2.382000,-1.103000,-0.187000,-1.908000,-25.618000,-20.244000,27.87
4.372073,2.690000,-0.762000,0.100000,-21.817000,9.710000,-3.527000,27.87
4.378862,0.840000,0.140000,-1.053000,-20.244000,-55.038000,-15.267000,27.82
4.391101,0.164000,-0.011000,-0.666000,-19.145000,-36.168000,-2.550000,27.92
4.398395,0.419000,0.085000,-1.015000,2.656000,-28.198000,0.473000,27.87
4.410591,0.094000,-0.235000,-0.970000,-1.145000,-47.740000,3.679000,27.92
4.417635,0.149000,-0.121000,-1.002000,-0.336000,-26.198000,3.435000,27.92
4.429916,0.139000,-0.120000,-1.048000,-0.336000,-34.305000,4.122000,27.97
4.442405,0.191000,-0.123000,-0.998000,-1.893000,-17.450000,3.557000,27.87
4.449550,0.251000,-0.217000,-0.956000,-6.290000,-13.267000,0.855000,27.92
4.461647,0.221000,-0.168000,-0.934000,-10.061000,-3.389000,-1.130000,27.92
4.468724,0.262000,-0.115000,-0.944000,-9.176000,0.168000,-2.321000,27.87
4.481143,0.247000,-0.081000,-0.947000,-8.015000,2.168000,-2.214000,27.82
4.488140,0.262000,-0.075000,-0.967000,-6.595000,3.802000,-1.450000,28.01
4.500654,0.282000,-0.085000,-0.982000,-6.305000,2.015000,1.466000,27.87
4.507958,0.300000,-0.127000,-0.964000,-5.725000,-1.069000,2.931000,27.92
4.520422,0.293000,-0.124000,-0.950000,-4.473000,-4.336000,2.366000,27.92
4.532656,0.271000,-0.119000,-0.948000,-2.626000,-2.840000,1.725000,27.82
4.539659,0.266000,-0.128000,-0.944000,-1.405000,-5.618000,1.511000,27.87
4.552207,0.236000,-0.111000,-0.929000,-0.992000,-9.542000,1.176000,27.92
4.559286,0.227000,-0.110000,-0.935000,1.237000,-11.649000,0.427000,27.92
4.571986,0.211000,-0.145000,-0.923000,-1.374000,-3.252000,0.565000,27.87
4.579165,0.219000,-0.165000,-0.971000,-2.489000,4.611000,0.565000,27.87
4.591257,0.248000,-0.157000,-0.944000,-8.565000,13.145000,1.573000,27.92
4.598357,0.210000,-0.091000,-0.932000,-7.954000,19.618000,2.015000,27.87
4.610987,0.181000,-0.022000,-0.919000,-5.466000,27.939000,1.878000,27.87
4.617930,0.276000,-0.086000,-0.909000,-2.427000,28.565000,1.237000,27.92
4.630583,0.233000,-0.068000,-0.912000,-0.733000,24.473000,1.053000,27.92
4.642617,0.260000,-0.140000,-0.950000,4.076000,26.992000,0.962000,27.87
4.649872,0.295000,-0.141000,-0.977000,0.626000,23.160000,-0.870000,27.87
4.662554,0.239000,-0.103000,-0.926000,-3.191000,20.702000,-1.832000,27.82
4.669534,0.244000,-0.071000,-0.947000,-2.046000,25.099000,-1.573000,27.97
4.681616,0.299000,-0.084000,-0.934000,0.076000,20.336000,-1.206000,27.92
4.688953,0.225000,-0.023000,-0.931000,2.611000,19.817000,-1.023000,27.92
4.701112,0.256000,-0.073000,-0.959000,5.115000,17.725000,-1.023000,27.82
4.708417,0.308000,-0.165000,-0.962000,2.397000,12.015000,-0.901000,27.97
4.721243,0.258000,-0.061000,-0.947000,3.832000,12.870000,0.092000,27.87
4.728898,0.258000,-0.093000,-0.952000,7.084000,14.168000,0.840000,27.82
4.740460,0.260000,-0.135000,-0.951000,7.130000,17.664000,1.481000,27.87
4.752828,0.273000,-0.108000,-0.941000,7.679000,24.000000,2.214000,27.87
4.760272,0.284000,-0.113000,-0.948000,7.740000,27.679000,3.420000,28.01
4.772615,0.261000,-0.117000,-0.983000,7.527000,33.878000,5.206000,27.92
4.780066,0.260000,-0.040000,-0.959000,9.359000,43.679000,6.763000,27.87
4.792016,0.282000,-0.106000,-0.945000,19.756000,69.130000,10.336000,27.82
4.799160,0.258000,-0.152000,-0.922000,21.878000,92.855000,12.687000,27.82
4.811509,0.189000,-0.092000,-0.936000,24.168000,123.802000,16.702000,27.82
4.818491,0.268000,-0.178000,-0.978000,19.634000,136.733000,12.580000,27.97
4.830681,0.170000,-0.030000,-1.086000,15.420000,154.702000,16.366000,27.92
4.842793,0.183000,-0.116000,-1.084000,17.634000,165.191000,21.985000,27.82
4.849573,0.202000,-0.086000,-1.221000,15.252000,156.244000,21.893000,27.78
4.862334,0.225000,0.102000,-1.096000,16.824000,118.504000,14.183000,27.87
4.869009,0.388000,-0.114000,-1.234000,41.710000,105.695000,15.740000,27.92
4.881392,0.357000,-0.009000,-1.231000,49.359000,94.901000,13.863000,27.82
4.888733,0.376000,-0.139000,-1.263000,42.565000,96.092000,21.863000,27.87
4.900579,0.057000,0.396000,-1.498000,40.595000,62.015000,18.504000,27.92
4.908218,-0.587000,0.581000,-1.759000,33.863000,35.740000,0.565000,27.92
4.920470,-0.699000,0.725000,-1.910000,5.634000,34.641000,-11.725000,27.87
4.932315,-0.771000,0.884000,-1.751000,-19.786000,20.000000,-25.618000,27.97
4.939288,-0.919000,1.060000,-1.728000,-27.634000,-43.389000,-44.534000,27.92
4.951107,-1.054000,0.940000,-1.619000,-47.527000,-55.893000,-65.481000,27.87
4.958454,-0.864000,0.657000,-1.755000,-53.481000,-67.130000,-63.053000,27.97
4.969941,-0.890000,0.423000,-1.663000,-59.588000,-103.511000,-58.260000,27.82
4.981809,-0.904000,0.213000,-1.400000,-64.336000,-121.405000,-48.595000,27.92
4.988509,-0.785000,-0.002000,-1.359000,-80.840000,-144.718000,-43.084000,27.87
5.000465,-0.619000,-0.083000,-1.298000,-84.840000,-170.504000,-36.733000,27.87
5.015469,-0.483000,-0.105000,-1.319000,-89.710000,-168.336000,-33.634000,27.82
5.024440,-0.261000,-0.266000,-1.422000,-86.702000,-174.748000,-27.130000,27.87
5.030989,-0.132000,-0.308000,-1.472000,-81.649000,-185.023000,-25.511000,27.87
5.042665,0.021000,-0.330000,-1.425000,-70.153000,-184.321000,-25.435000,27.82
5.049333,0.108000,-0.365000,-1.432000,-57.542000,-183.237000,-24.855000,27.92
5.061154,0.279000,-0.410000,-1.416000,-49.405000,-182.580000,-19.649000,27.97
5.068053,0.372000,-0.349000,-1.350000,-44.076000,-186.122000,-14.168000,27.82
5.079824,0.410000,-0.220000,-1.217000,-37.725000,-185.893000,-13.878000,27.92
5.091878,0.462000,-0.151000,-1.124000,-34.076000,-184.061000,-17.664000,27.78
5.098642,0.529000,-0.098000,-1.031000,-32.977000,-175.359000,-26.000000,27.87
5.110632,0.577000,-0.061000,-0.970000,-31.374000,-162.519000,-36.809000,27.92
5.122497,0.612000,-0.070000,-0.932000,-27.832000,-154.275000,-47.588000,27.87
5.129315,0.615000,-0.111000,-0.866000,-24.947000,-150.153000,-55.924000,27.92
5.141067,0.606000,-0.198000,-0.837000,-24.550000,-143.160000,-56.840000,27.92
5.147943,0.594000,-0.281000,-0.799000,-23.221000,-139.374000,-53.221000,27.82
5.159986,0.641000,-0.327000,-0.784000,-24.275000,-126.992000,-40.809000,27.87
5.171780,0.661000,-0.340000,-0.867000,-28.931000,-108.595000,-27.313000,27.92
5.178706,0.727000,-0.315000,-0.903000,-32.565000,-91.710000,-11.115000,27.82
5.190935,0.721000,-0.223000,-0.920000,-30.015000,-95.496000,-1.023000,27.87
5.198087,0.700000,-0.178000,-0.786000,-20.870000,-89.573000,5.802000,27.87
5.209991,0.687000,-0.195000,-0.666000,-18.656000,-78.977000,11.267000,27.82
5.222147,0.723000,-0.167000,-0.600000,-19.145000,-62.137000,14.397000,27.82
5.229277,0.781000,-0.121000,-0.564000,-18.443000,-49.817000,12.779000,27.87
5.241225,0.843000,-0.099000,-0.542000,-15.435000,-34.046000,8.824000,27.92
5.248215,0.864000,-0.123000,-0.512000,-11.588000,-24.183000,4.641000,27.82
5.260645,0.901000,-0.154000,-0.506000,-10.534000,-4.550000,3.344000,27.78
5.267746,0.945000,-0.137000,-0.563000,-9.939000,7.725000,2.336000,27.87
5.279863,0.930000,-0.094000,-0.615000,-8.015000,16.641000,-0.397000,27.82
5.292323,1.083000,0.232000,-0.253000,-5.282000,-4.824000,-9.023000,27.87
5.299437,1.438000,-0.407000,0.325000,-1.847000,12.687000,-16.580000,27.87
5.312147,0.764000,0.093000,0.204000,29.802000,33.435000,5.710000,27.82
5.318863,0.183000,-0.034000,-1.977000,-21.344000,-142.977000,-58.458000,27.82
5.331195,0.039000,0.136000,-2.678000,19.847000,56.519000,8.687000,27.78
5.338167,-0.289000,-0.030000,-0.933000,83.435000,107.221000,-6.183000,27.87
5.350242,-0.053000,-0.568000,-1.477000,51.618000,-5.115000,-28.885000,27.82
5.362555,1.102000,-0.337000,-2.283000,30.214000,172.107000,6.443000,27.78
5.369616,0.774000,-0.136000,-2.042000,30.260000,106.580000,8.031000,27.78
5.381954,0.143000,0.016000,-1.219000,29.008000,68.473000,0.534000,27.73
5.389237,0.422000,0.297000,-1.360000,41.115000,151.481000,6.122000,27.82
5.401494,0.260000,0.051000,-1.002000,46.641000,109.130000,-3.634000,27.87
5.408151,0.241000,-0.328000,-1.115000,55.405000,162.931000,18.443000,27.82
5.420439,0.349000,-0.048000,-1.263000,56.046000,165.115000,12.687000,27.82
5.426293,0.158000,-0.085000,-1.180000,64.550000,143.649000,4.473000,27.78
5.439974,0.031000,-0.357000,-1.175000,58.870000,132.718000,7.481000,27.78
5.452202,0.092000,-0.265000,-1.152000,44.718000,129.221000,5.786000,27.82
5.459382,0.150000,-0.165000,-1.133000,32.977000,115.359000,5.374000,27.87
5.471517,0.135000,-0.077000,-1.098000,27.557000,105.542000,4.153000,27.68
5.478881,0.172000,-0.046000,-1.027000,22.580000,92.977000,3.832000,27.82
5.490964,0.229000,-0.121000,-1.043000,22.885000,89.466000,4.947000,27.82
5.498209,0.209000,-0.081000,-1.010000,18.351000,80.641000,5.053000,27.87
5.510402,0.174000,-0.056000,-1.003000,17.588000,76.794000,3.099000,27.87
5.518014,0.199000,-0.062000,-0.983000,12.855000,58.840000,2.733000,27.82
5.530132,0.222000,-0.092000,-1.014000,15.649000,53.954000,2.672000,27.78
5.542504,0.199000,-0.076000,-0.979000,11.450000,43.679000,1.405000,27.87
5.549377,0.215000,-0.060000,-0.971000,10.840000,35.878000,2.015000,27.82
5.562200,0.235000,-0.094000,-0.968000,8.321000,32.137000,0.931000,27.82
5.569478,0.244000,-0.100000,-0.963000,9.847000,25.405000,2.137000,27.78
5.581667,0.234000,-0.098000,-0.957000,6.916000,26.611000,0.366000,27.82
5.588814,0.243000,-0.120000,-0.946000,5.374000,30.702000,0.962000,27.82
5.601312,0.245000,-0.098000,-0.933000,5.023000,33.939000,2.427000,27.87
5.608640,0.251000,-0.114000,-0.963000,1.664000,31.420000,1.359000,27.78
5.620873,0.258000,-0.127000,-0.953000,4.611000,21.756000,1.252000,27.82
5.628507,0.262000,-0.129000,-0.940000,9.481000,32.229000,3.496000,27.82
5.640544,0.250000,-0.087000,-0.917000,6.595000,48.031000,4.794000,27.97
5.649485,0.261000,-0.064000,-0.915000,6.611000,51.191000,6.000000,27.87
5.660185,0.285000,-0.097000,-0.941000,13.618000,48.427000,9.649000,27.92
5.676634,0.268000,-0.092000,-0.907000,13.573000,52.641000,7.450000,27.78
5.679691,0.294000,-0.116000,-0.907000,13.832000,65.969000,10.214000,27.87
5.692012,0.296000,-0.074000,-0.924000,10.504000,55.908000,8.183000,27.82
5.699290,0.254000,-0.073000,-0.912000,11.115000,68.473000,8.534000,27.82
5.711339,0.279000,-0.118000,-0.923000,16.382000,79.985000,10.809000,27.78
5.718618,0.304000,-0.153000,-0.943000,13.069000,80.122000,8.733000,27.92
5.731045,0.283000,-0.136000,-0.896000,9.496000,81.466000,6.656000,27.92
5.738163,0.338000,-0.093000,-0.925000,15.069000,89.496000,7.939000,27.87
5.753032,0.345000,-0.137000,-0.958000,23.130000,100.626000,13.908000,27.82
5.764451,0.278000,0.117000,-0.828000,17.405000,103.084000,14.550000,27.73
5.769606,0.356000,-0.095000,-0.879000,18.992000,97.603000,11.206000,27.73
5.792570,0.244000,-0.025000,-0.898000,22.656000,93.099000,11.908000,27.78
5.793201,0.329000,-0.119000,-1.016000,15.756000,96.336000,21.328000,27.82
5.801413,0.391000,-0.144000,-0.975000,23.603000,65.725000,17.725000,27.82
5.808358,0.399000,-0.208000,-0.955000,27.649000,105.893000,23.206000,27.78
5.820743,0.307000,0.066000,-1.230000,28.351000,78.947000,17.924000,27.78
5.827893,0.329000,-0.240000,-0.992000,39.603000,72.824000,15.115000,27.82
5.840154,0.486000,-0.250000,-1.068000,60.947000,107.511000,12.397000,27.82
5.853355,0.371000,-0.233000,-1.095000,61.664000,106.794000,6.351000,27.87
5.861042,0.172000,-0.235000,-1.213000,66.397000,86.824000,-2.534000,27.82
5.871845,0.236000,-0.116000,-1.250000,75.374000,75.710000,-19.374000,27.82
5.879216,0.301000,-0.066000,-1.571000,88.061000,68.656000,-27.557000,27.78
5.890849,0.277000,-0.029000,-1.459000,97.618000,89.069000,-31.832000,27.87
5.898191,0.264000,-0.170000,-1.478000,115.282000,61.328000,-36.794000,27.73
5.910088,0.364000,-0.130000,-1.446000,115.695000,59.466000,-56.977000,27.82
5.922307,0.427000,-0.178000,-1.657000,77.252000,82.611000,-65.679000,27.87
5.929494,0.505000,-0.481000,-1.583000,34.489000,90.947000,-40.992000,27.82
5.941472,0.539000,-0.409000,-1.738000,18.794000,161.160000,-12.885000,27.82
5.949718,0.291000,0.300000,-2.150000,18.473000,181.450000,-15.740000,27.87
5.960138,-0.644000,0.560000,-2.795000,44.672000,122.351000,-5.649000,27.87
5.972815,-1.719000,0.716000,-1.704000,48.718000,89.008000,-4.031000,27.82
5.982879,-1.287000,0.342000,-1.752000,24.015000,121.466000,20.031000,27.87
5.994699,-1.270000,0.382000,-1.448000,-5.435000,46.076000,47.756000,27.87
5.998880,-1.025000,0.389000,-1.546000,-17.313000,-20.427000,72.855000,27.82
6.011058,-0.802000,0.419000,-1.233000,-26.076000,-76.275000,92.824000,27.73
6.016998,-0.800000,0.370000,-1.040000,-47.695000,-128.321000,101.817000,27.87
6.029825,-0.638000,0.397000,-0.930000,-57.176000,-109.649000,107.206000,27.92
6.044278,-0.389000,0.327000,-0.888000,-77.405000,-121.649000,99.740000,27.92
6.048842,-0.325000,0.356000,-0.928000,-88.137000,-140.382000,92.046000,27.82
6.066459,-0.210000,0.321000,-0.988000,-100.031000,-149.282000,80.565000,27.87
6.072426,-0.049000,0.341000,-1.044000,-106.397000,-160.366000,61.023000,27.82
6.079028,0.042000,0.283000,-1.022000,-109.679000,-178.046000,39.756000,27.82
6.093363,0.145000,0.203000,-1.022000,-114.214000,-183.664000,18.534000,27.87
6.097863,0.233000,0.129000,-1.134000,-122.519000,-189.588000,2.244000,27.87
6.109987,0.359000,0.042000,-1.335000,-123.405000,-198.092000,-15.237000,27.92
6.126809,0.490000,-0.073000,-1.519000,-115.237000,-195.985000,-30.046000,27.78
6.129552,0.498000,-0.093000,-1.696000,-128.290000,-225.481000,-43.298000,27.87
6.141512,0.665000,-0.241000,-1.699000,-112.473000,-219.115000,-29.053000,27.73
6.154698,0.642000,-0.333000,-1.509000,-112.351000,-207.511000,-23.053000,27.82
6.162124,0.640000,-0.348000,-1.360000,-110.916000,-199.664000,-15.847000,27.87
6.171085,0.673000,-0.347000,-1.274000,-106.443000,-190.397000,-8.290000,27.87
6.177896,0.705000,-0.311000,-1.262000,-102.092000,-180.153000,-1.466000,27.82
6.189825,0.722000,-0.264000,-1.261000,-97.023000,-176.046000,1.328000,27.87
6.201881,0.723000,-0.233000,-1.246000,-94.000000,-168.611000,3.267000,27.73
6.208809,0.697000,-0.188000,-1.193000,-92.443000,-162.290000,3.405000,27.82
6.221134,0.665000,-0.202000,-1.111000,-95.985000,-162.305000,2.901000,27.82
6.228944,0.605000,-0.238000,-1.046000,-99.771000,-155.206000,2.397000,27.87
6.246051,0.559000,-0.250000,-1.035000,-98.519000,-146.733000,-2.046000,27.68
6.252234,0.528000,-0.303000,-0.937000,-90.473000,-112.702000,-3.115000,27.82
6.259215,0.467000,-0.308000,-1.096000,-95.038000,-140.870000,-5.557000,27.78
6.271327,0.594000,-0.368000,-1.026000,-84.519000,-147.985000,-15.191000,27.87
6.283210,0.725000,-0.539000,-1.146000,-83.924000,-130.305000,-14.763000,27.73
6.289761,0.759000,-0.494000,-1.111000,-82.458000,-116.931000,-14.412000,27.73
6.301724,0.799000,-0.404000,-0.990000,-75.008000,-117.145000,-21.405000,27.78
6.309167,0.828000,-0.410000,-0.851000,-64.779000,-117.298000,-33.237000,27.73
6.320534,0.856000,-0.441000,-0.728000,-56.000000,-97.893000,-44.519000,27.82
6.332393,0.927000,-0.476000,-0.672000,-50.092000,-84.641000,-55.802000,27.78
6.339466,0.956000,-0.474000,-0.617000,-41.710000,-74.947000,-66.351000,27.87
6.351165,1.020000,-0.503000,-0.606000,-30.427000,-64.641000,-73.756000,27.82
6.358054,1.132000,-0.562000,-0.546000,-22.992000,-60.000000,-77.695000,27.73
6.375244,1.195000,-0.609000,-0.519000,-10.427000,-53.756000,-79.817000,27.87
6.382315,1.388000,-0.793000,-0.501000,5.481000,-32.107000,-79.115000,27.73
6.389145,1.472000,-0.812000,-0.439000,23.008000,-12.916000,-65.328000,27.82
6.401111,1.643000,-0.806000,-0.219000,39.649000,2.916000,-65.084000,27.78
6.408260,2.043000,-0.889000,0.008000,68.198000,19.008000,-63.863000,27.78
6.420485,0.548000,-0.371000,-0.353000,67.405000,-82.794000,-83.908000,27.73
6.432675,-0.184000,-0.350000,-2.582000,51.160000,89.664000,-38.366000,27.82
6.439685,-0.156000,-0.633000,-1.965000,92.885000,129.786000,-9.679000,27.68
6.451717,0.260000,-0.470000,-1.021000,91.557000,125.924000,-7.817000,27.82
6.458732,0.104000,-0.491000,-1.670000,61.786000,124.748000,-19.145000,27.82
6.470879,0.671000,0.162000,-2.564000,68.855000,244.443000,-19.588000,27.68
6.477768,0.303000,-0.396000,-1.669000,73.771000,96.275000,-15.817000,27.73
6.490037,-0.077000,-0.213000,-1.098000,71.740000,189.389000,-2.443000,27.82
6.501977,-0.020000,-0.385000,-1.217000,68.580000,219.145000,-8.672000,27.68
6.509002,0.194000,-0.374000,-1.353000,56.382000,224.198000,1.481000,27.87
6.521391,0.112000,-0.255000,-1.216000,44.275000,174.443000,5.588000,27.82
6.528450,0.135000,-0.190000,-1.091000,39.191000,144.718000,9.481000,27.64
6.540628,0.110000,-0.277000,-1.051000,18.519000,110.916000,2.672000,27.78
6.547945,0.053000,-0.129000,-1.014000,28.443000,118.748000,15.344000,27.87
6.560145,0.087000,-0.048000,-1.023000,16.290000,104.794000,11.221000,27.82
6.572153,0.055000,-0.056000,-0.978000,14.595000,91.771000,7.863000,27.78
6.579650,0.112000,-0.025000,-0.998000,11.893000,82.382000,6.137000,27.78
6.591634,0.167000,-0.138000,-1.012000,21.374000,78.672000,7.359000,27.82
6.598890,0.166000,-0.090000,-0.989000,12.977000,72.855000,8.305000,27.73
6.611073,0.172000,-0.051000,-0.980000,11.527000,60.275000,3.893000,27.78
6.618496,0.199000,-0.092000,-0.968000,11.084000,49.557000,7.557000,27.82
6.631005,0.199000,-0.097000,-0.969000,4.992000,36.824000,2.534000,27.73
6.638280,0.171000,-0.090000,-0.986000,7.176000,32.214000,1.588000,27.68
6.650321,0.185000,-0.121000,-0.963000,3.954000,33.954000,1.038000,27.82
6.657773,0.192000,-0.116000,-1.003000,7.099000,14.672000,1.786000,27.82
6.670285,0.168000,-0.092000,-0.971000,5.771000,-1.924000,0.443000,27.82
6.682713,0.177000,-0.115000,-0.917000,6.198000,26.748000,1.573000,27.68
6.690176,0.127000,-0.128000,-0.967000,2.840000,47.557000,1.725000,27.82
6.702434,0.185000,-0.146000,-0.950000,2.763000,36.198000,3.496000,27.73
6.709538,0.200000,-0.106000,-0.951000,0.321000,28.000000,2.824000,27.78
6.722176,0.185000,-0.186000,-0.908000,4.214000,38.672000,3.771000,27.78
6.729338,0.215000,-0.119000,-0.933000,8.702000,45.496000,6.412000,27.73
6.741929,0.228000,-0.067000,-0.902000,12.153000,60.076000,7.878000,27.78
6.749159,0.341000,-0.244000,-0.862000,13.939000,67.863000,14.656000,27.68
6.761179,0.305000,-0.208000,-0.973000,27.649000,77.481000,15.740000,27.73
6.768310,0.167000,-0.002000,-0.936000,20.321000,85.908000,10.733000,27.73
6.780620,0.332000,-0.165000,-0.922000,27.740000,102.824000,11.405000,27.78
6.792637,0.257000,-0.200000,-0.953000,29.588000,111.450000,12.656000,27.68
6.800933,0.256000,-0.157000,-1.004000,27.344000,123.939000,5.802000,27.82
6.811896,0.320000,-0.238000,-0.966000,42.519000,130.641000,19.893000,27.82
6.818875,0.265000,-0.058000,-1.028000,36.611000,135.527000,10.397000,27.78
6.831187,0.362000,-0.207000,-0.918000,26.855000,144.763000,12.489000,27.82
6.837863,0.266000,-0.172000,-1.049000,35.863000,142.504000,13.527000,27.73
6.850466,0.223000,-0.229000,-1.051000,51.069000,107.832000,1.527000,27.78
6.863401,0.316000,-0.172000,-1.047000,40.489000,113.466000,1.939000,27.78
6.869339,0.332000,-0.276000,-0.985000,49.969000,135.435000,-0.977000,27.82
6.881363,0.251000,-0.291000,-1.124000,63.786000,133.679000,-10.076000,27.82
6.888441,0.207000,-0.288000,-1.119000,70.885000,130.336000,-20.580000,27.87
6.900549,0.220000,-0.207000,-1.200000,62.092000,125.084000,-18.046000,27.78
6.912830,-0.031000,0.016000,-1.408000,75.954000,78.397000,-42.137000,27.82
6.919659,0.079000,0.037000,-1.563000,80.550000,68.015000,-64.214000,27.78
6.932193,0.010000,0.008000,-1.528000,92.183000,42.458000,-68.992000,27.73
6.939183,0.204000,-0.335000,-1.763000,126.672000,65.924000,-74.198000,27.82
6.950899,0.369000,-0.622000,-2.289000,108.214000,89.908000,-101.420000,27.73
6.958169,0.615000,-0.688000,-1.975000,47.313000,77.282000,-67.450000,27.68
6.970092,0.461000,-0.439000,-1.843000,17.756000,203.328000,-35.023000,27.82
6.982312,0.351000,0.044000,-2.024000,25.481000,340.595000,3.863000,27.73
6.989870,0.218000,0.039000,-3.387000,36.168000,97.634000,17.053000,27.78
7.002001,-1.367000,0.325000,-1.983000,61.267000,57.099000,36.305000,27.78
7.008953,-1.113000,0.097000,-1.104000,65.099000,118.183000,58.977000,27.82
7.021319,-1.229000,0.399000,-1.464000,27.679000,103.221000,91.985000,27.78
7.028528,-0.956000,0.449000,-0.826000,20.382000,29.435000,99.267000,27.87
7.040565,-0.755000,0.405000,-1.098000,-8.076000,-19.603000,109.985000,27.73
7.052496,-0.601000,0.513000,-1.062000,-26.153000,-33.267000,109.634000,27.82
7.059434,-0.494000,0.535000,-1.116000,-40.977000,-89.176000,98.290000,27.68
7.071472,-0.427000,0.495000,-0.933000,-55.084000,-130.947000,82.687000,27.82
7.078181,-1.233000,0.877000,-1.283000,-71.893000,-115.847000,64.824000,27.73
7.090410,-0.262000,0.335000,-0.892000,-88.656000,-137.557000,56.214000,27.78
7.102344,-0.200000,0.237000,-0.882000,-100.779000,-159.634000,39.267000,27.73
7.108974,-0.141000,0.120000,-0.928000,-113.695000,-169.679000,33.481000,27.73
7.121165,-0.104000,0.065000,-0.958000,-122.336000,-167.695000,27.786000,27.82
7.132714,-0.079000,-0.042000,-1.023000,-127.771000,-180.641000,23.847000,27.78
7.139455,-0.064000,-0.156000,-1.105000,-132.412000,-194.992000,23.863000,27.73
7.151368,-0.033000,-0.253000,-1.199000,-137.252000,-209.145000,27.374000,27.82
7.158834,0.038000,-0.400000,-1.326000,-141.328000,-219.527000,31.771000,27.78
7.170171,0.128000,-0.514000,-1.442000,-147.099000,-231.695000,45.145000,27.78
7.181829,0.180000,-0.548000,-1.509000,-152.992000,-232.870000,58.198000,27.73
7.188432,0.242000,-0.558000,-1.587000,-152.824000,-236.595000,68.061000,27.68
7.200340,0.331000,-0.526000,-1.616000,-152.076000,-239.603000,74.168000,27.68
7.212388,0.470000,-0.453000,-1.618000,-149.710000,-237.420000,74.672000,27.82
7.219257,0.620000,-0.296000,-1.628000,-148.015000,-238.366000,66.000000,27.82
7.231414,0.731000,-0.137000,-1.636000,-145.145000,-247.573000,46.656000,27.68
7.238228,0.873000,0.022000,-1.561000,-141.130000,-241.863000,15.069000,27.68
7.250017,0.959000,0.040000,-1.514000,-138.702000,-241.588000,-25.618000,27.82
7.261905,1.006000,-0.084000,-1.468000,-141.481000,-241.939000,-67.374000,27.78
7.268471,1.091000,-0.291000,-1.395000,-146.046000,-230.687000,-102.962000,27.73
7.280308,1.134000,-0.491000,-1.278000,-142.443000,-219.389000,-129.924000,27.73
7.291904,1.210000,-0.689000,-1.189000,-130.107000,-206.534000,-145.176000,27.73
7.298891,1.310000,-0.895000,-1.069000,-112.779000,-196.336000,-149.038000,27.68
7.310647,1.473000,-1.142000,-1.067000,-96.198000,-171.359000,-131.328000,27.68
7.322531,1.497000,-1.215000,-1.024000,-83.969000,-141.802000,-109.618000,27.73
7.329353,1.691000,-1.344000,-0.697000,-65.023000,-132.305000,-54.504000,27.68
7.341358,1.729000,-1.435000,-0.486000,-49.695000,-101.450000,-13.359000,27.68
7.348262,1.710000,-1.336000,-0.453000,-38.427000,-73.405000,10.244000,27.73
7.360184,1.820000,-1.176000,-0.379000,-13.374000,-53.282000,44.366000,27.68
7.372513,2.086000,-1.252000,-0.309000,30.580000,-30.519000,53.466000,27.68
7.379591,2.618000,-1.356000,0.023000,79.053000,22.718000,67.313000,27.64
7.391628,0.564000,-0.396000,-0.145000,119.740000,-68.382000,63.313000,27.73
7.398705,-0.658000,0.699000,-2.398000,86.336000,-142.076000,64.443000,27.68
7.410839,-0.377000,1.729000,-0.923000,95.649000,58.183000,26.947000,27.73
7.418142,0.192000,0.967000,-1.133000,75.435000,52.687000,-72.275000,27.82
7.429959,0.127000,-0.262000,-1.950000,46.947000,-47.603000,-131.344000,27.68
7.442038,-0.106000,-1.726000,-1.419000,90.214000,1.511000,-63.542000,27.82
7.449346,0.006000,-0.930000,-2.252000,84.550000,87.939000,-7.450000,27.64
7.461352,0.174000,0.574000,-0.821000,28.855000,445.069000,-25.664000,27.68
7.468249,-0.155000,-0.011000,-1.103000,66.687000,138.076000,-56.397000,27.78
7.480444,-0.375000,-0.760000,-1.206000,50.519000,160.504000,-28.061000,27.73
7.492409,0.061000,-0.123000,-1.527000,2.290000,265.603000,-9.893000,27.73
7.499636,-0.268000,-0.073000,-1.331000,-2.916000,210.351000,-12.809000,27.68
7.511425,0.039000,-0.185000,-1.195000,16.382000,225.740000,-17.588000,27.64
7.518391,-0.059000,-0.229000,-1.042000,5.908000,142.641000,-3.939000,27.73
7.530627,-0.071000,-0.032000,-1.044000,14.260000,166.885000,-6.565000,27.78
7.542998,0.016000,-0.198000,-1.043000,9.802000,121.023000,-4.336000,27.78
7.549819,-0.029000,-0.101000,-1.024000,3.176000,118.397000,-2.305000,27.73
7.562200,-0.008000,-0.149000,-1.009000,13.267000,129.206000,-1.527000,27.59
7.569095,0.047000,0.030000,-1.058000,7.954000,123.756000,-1.603000,27.68
7.581632,0.075000,-0.031000,-1.005000,11.908000,99.450000,7.160000,27.64
7.588408,0.161000,-0.024000,-0.960000,7.420000,91.756000,6.672000,27.73
7.600971,0.290000,-0.120000,-0.917000,11.481000,85.649000,16.534000,27.78
7.608267,0.200000,-0.145000,-0.909000,13.603000,82.931000,16.427000,27.73
7.620024,0.205000,-0.110000,-0.943000,12.992000,74.931000,14.137000,27.64
7.632548,0.166000,-0.143000,-0.950000,13.710000,77.771000,9.206000,27.87
7.639839,0.109000,-0.097000,-0.941000,9.466000,57.160000,4.458000,27.68
7.652209,0.156000,-0.052000,-0.985000,15.603000,63.603000,4.870000,27.64
7.660826,0.149000,-0.022000,-0.890000,8.153000,72.519000,5.221000,27.64
7.671753,1.078000,-1.414000,-0.690000,41.832000,28.076000,161.863000,27.68
7.678587,0.182000,-0.173000,-1.021000,12.977000,7.252000,3.557000,27.64
7.691816,0.181000,-0.202000,-0.972000,11.542000,-9.802000,5.374000,27.82
7.698665,0.162000,-0.238000,-0.944000,5.954000,22.565000,-0.214000,27.78
7.710842,0.109000,-0.247000,-0.931000,5.939000,43.130000,-0.779000,27.78
7.718253,0.175000,-0.147000,-0.976000,7.786000,48.046000,-2.916000,27.82
7.730436,0.166000,-0.145000,-0.990000,5.832000,44.855000,-3.130000,27.78
7.743396,0.192000,-0.148000,-1.042000,0.855000,39.725000,-0.794000,27.68
7.749884,0.210000,-0.130000,-1.009000,1.618000,38.977000,-0.458000,27.64
7.762244,0.195000,-0.042000,-0.974000,5.649000,32.626000,-3.176000,27.64
7.769449,0.231000,-0.127000,-0.952000,4.534000,38.092000,-0.458000,27.78
7.781973,0.206000,-0.152000,-0.958000,3.939000,43.588000,0.473000,27.73
7.789058,0.243000,-0.135000,-0.918000,11.573000,28.351000,-1.313000,27.73
7.801296,0.262000,-0.094000,-0.895000,9.435000,25.908000,-1.496000,27.78
7.809306,0.258000,-0.103000,-0.948000,10.672000,31.328000,-3.740000,27.78
7.823721,0.265000,-0.110000,-0.934000,8.885000,30.290000,-3.023000,27.73
7.826537,0.291000,-0.080000,-0.912000,10.702000,38.412000,-3.328000,27.73
7.840128,0.280000,-0.081000,-0.938000,15.176000,20.580000,-2.168000,27.78
7.852130,0.295000,-0.088000,-0.925000,14.122000,21.176000,0.244000,27.82
7.859309,0.279000,-0.099000,-0.913000,15.786000,20.565000,2.031000,27.73
7.871865,0.265000,-0.107000,-0.900000,16.779000,9.344000,2.427000,27.68
7.878938,0.241000,-0.106000,-0.903000,14.870000,2.229000,3.725000,27.78
7.891235,0.258000,-0.102000,-0.946000,13.405000,3.634000,5.695000,27.64
7.898591,0.235000,-0.167000,-0.931000,13.802000,13.069000,4.473000,27.78
7.911017,0.228000,-0.191000,-0.921000,9.496000,9.557000,3.527000,27.78
7.918325,0.233000,-0.236000,-0.912000,4.565000,9.802000,2.580000,27.73
7.930885,0.228000,-0.213000,-0.911000,0.290000,12.061000,1.924000,27.64
7.938089,0.259000,-0.190000,-0.919000,-1.053000,12.473000,3.435000,27.68
7.950502,0.282000,-0.179000,-0.885000,-1.740000,17.664000,5.573000,27.82
7.956013,0.310000,-0.159000,-0.917000,-4.809000,18.824000,7.130000,27.82
7.969822,0.271000,-0.180000,-0.996000,-1.603000,16.275000,6.321000,27.68
7.982355,0.196000,-0.067000,-1.015000,-0.611000,13.206000,3.450000,27.68
7.989608,0.196000,-0.065000,-1.016000,0.626000,4.794000,2.977000,27.82
8.002094,0.230000,-0.106000,-0.983000,2.626000,1.664000,2.290000,27.73
8.009368,0.226000,-0.158000,-0.963000,3.053000,3.740000,2.122000,27.59
8.021978,0.280000,-0.158000,-0.915000,2.656000,5.710000,1.298000,27.73
8.029248,0.312000,-0.178000,-0.887000,2.061000,5.221000,0.656000,27.82
8.041916,0.343000,-0.188000,-0.887000,2.076000,5.924000,1.481000,27.68
8.049291,0.364000,-0.172000,-0.897000,2.046000,0.824000,1.115000,27.68
8.061447,0.318000,-0.173000,-0.931000,1.924000,-11.496000,1.756000,27.73
8.068841,0.286000,-0.150000,-0.947000,2.397000,-12.962000,3.496000,27.68
8.081030,0.269000,-0.167000,-0.970000,3.924000,-16.244000,4.580000,27.68
8.088430,0.233000,-0.188000,-0.972000,3.511000,-20.595000,5.679000,27.73
8.100560,0.238000,-0.196000,-0.943000,2.489000,-21.298000,4.427000,27.73
8.108316,0.249000,-0.202000,-0.946000,1.359000,-19.634000,2.992000,27.68
8.120257,0.246000,-0.201000,-0.947000,0.870000,-19.328000,2.321000,27.64
8.132717,0.232000,-0.173000,-0.930000,0.305000,-17.359000,1.817000,27.82
8.139931,0.245000,-0.140000,-0.945000,0.351000,-14.901000,1.588000,27.78
8.152054,0.240000,-0.143000,-0.938000,1.847000,-12.931000,2.153000,27.78
8.159442,0.234000,-0.163000,-0.930000,3.206000,-9.298000,2.092000,27.73
8.171953,0.207000,-0.167000,-0.918000,2.809000,-1.557000,1.954000,27.68
8.179372,0.224000,-0.169000,-0.917000,2.275000,7.160000,1.221000,27.64
8.191596,0.229000,-0.171000,-0.924000,2.580000,11.649000,0.611000,27.64
8.198931,0.213000,-0.158000,-0.945000,2.992000,16.168000,1.237000,27.82
8.219706,0.237000,-0.149000,-0.922000,4.427000,22.198000,1.069000,27.59
8.220812,0.265000,-0.160000,-0.920000,7.603000,23.557000,2.473000,27.73
8.230746,0.276000,-0.169000,-0.908000,11.237000,24.229000,3.481000,27.64
8.237602,0.271000,-0.198000,-0.913000,9.298000,21.023000,2.870000,27.78
8.250171,0.238000,-0.168000,-0.916000,8.870000,24.916000,1.374000,27.78
8.262495,0.240000,-0.233000,-0.927000,5.664000,27.511000,0.473000,27.73
8.270028,0.263000,-0.193000,-0.931000,3.237000,23.099000,0.122000,27.73
8.282365,0.260000,-0.195000,-0.913000,2.321000,19.191000,-0.153000,27.78
8.289715,0.279000,-0.196000,-0.911000,2.214000,18.183000,-0.244000,27.64
8.301942,0.300000,-0.207000,-0.906000,2.198000,15.038000,0.000000,27.64
8.308968,0.287000,-0.200000,-0.913000,1.420000,12.641000,-0.122000,27.78
8.321517,0.274000,-0.167000,-0.933000,0.992000,9.267000,-0.382000,27.68
8.329018,0.245000,-0.113000,-0.968000,2.214000,7.160000,-1.435000,27.64
8.341130,0.275000,-0.148000,-0.968000,3.817000,1.191000,-1.221000,27.78
8.348529,0.254000,-0.200000,-0.942000,4.977000,-3.679000,-0.687000,27.64
8.360734,0.240000,-0.217000,-0.938000,2.321000,-0.962000,0.198000,27.64
8.368123,0.238000,-0.207000,-0.929000,0.092000,1.725000,-0.473000,27.64
8.380601,0.208000,-0.182000,-0.938000,-1.573000,4.840000,-1.267000,27.78
8.392745,0.222000,-0.200000,-0.941000,-2.489000,9.344000,-1.847000,27.73
8.400018,0.253000,-0.195000,-0.945000,-2.916000,12.031000,-1.588000,27.73
8.412516,0.239000,-0.133000,-0.951000,-2.076000,14.779000,-1.221000,27.68
8.419372,0.269000,-0.152000,-0.938000,0.672000,15.969000,-0.824000,27.68
8.431867,0.268000,-0.177000,-0.914000,2.382000,17.328000,-0.137000,27.64
8.439223,0.249000,-0.227000,-0.922000,2.794000,22.122000,0.000000,27.68
8.451261,0.203000,-0.168000,-0.985000,2.885000,30.870000,1.664000,27.68
8.458712,0.183000,-0.022000,-1.012000,7.802000,42.275000,4.916000,27.64
8.471201,0.188000,-0.127000,-0.987000,9.344000,46.305000,5.878000,27.73
8.478246,0.198000,-0.213000,-0.963000,12.397000,54.702000,9.924000,27.68
8.490969,0.129000,-0.222000,-0.986000,7.328000,70.214000,11.695000,27.73
8.503072,0.193000,-0.240000,-1.017000,-6.198000,78.061000,26.885000,27.82
8.509846,0.154000,-0.086000,-1.063000,-1.405000,67.679000,24.870000,27.78
8.522521,0.208000,-0.227000,-1.045000,-9.481000,61.924000,31.511000,27.73
8.529470,0.181000,-0.168000,-1.059000,-17.802000,66.534000,39.924000,27.73
8.541669,0.194000,-0.064000,-1.156000,-13.450000,58.183000,36.580000,27.68
8.548510,0.069000,-0.014000,-1.229000,-6.595000,42.290000,29.557000,27.78
8.560823,-0.243000,0.093000,-1.273000,-1.710000,26.901000,22.702000,27.64
8.568271,-0.722000,0.311000,-1.317000,6.046000,4.260000,9.511000,27.64
8.580524,-1.312000,0.445000,-1.399000,0.611000,-21.191000,-1.817000,27.68
8.592200,-1.619000,0.471000,-1.415000,-15.695000,-65.954000,-10.885000,27.68
8.599243,-1.581000,0.409000,-1.425000,-23.191000,-115.924000,-15.069000,27.64
8.610901,-1.257000,0.211000,-1.246000,-38.168000,-145.145000,-7.817000,27.78
8.617794,-0.346000,-0.036000,-1.130000,-30.519000,-159.115000,15.557000,27.68
8.629712,1.214000,-0.739000,-0.856000,-31.344000,-130.031000,45.237000,27.73
8.641878,3.740000,-1.561000,-0.183000,-31.710000,-76.412000,41.863000,27.64
8.649212,4.000000,-1.899000,0.562000,2.687000,27.130000,35.664000,27.68
8.661319,3.012000,-1.191000,0.038000,1.817000,-33.328000,15.389000,27.73
8.668379,-0.303000,-0.646000,-0.619000,4.870000,-83.511000,-15.771000,27.73
8.680767,0.652000,-0.454000,-0.573000,-25.481000,7.405000,-0.702000,27.68
8.686406,0.563000,-0.253000,-0.782000,-34.366000,-28.962000,-0.824000,27.73
8.700048,0.173000,0.082000,-1.073000,-34.229000,-17.542000,7.511000,27.64
8.711864,-0.075000,0.382000,-1.240000,-11.298000,-29.099000,13.802000,27.78
8.718903,-0.054000,0.075000,-1.143000,12.794000,-37.023000,10.840000,27.68
8.731173,0.041000,-0.107000,-1.078000,17.740000,-66.046000,6.046000,27.73
8.738240,-0.014000,-0.205000,-0.969000,11.649000,-30.504000,5.908000,27.64
8.750668,0.007000,-0.258000,-0.980000,2.962000,14.458000,3.176000,27.68
8.757988,0.066000,-0.356000,-0.964000,-1.130000,24.244000,-0.305000,27.78
8.770218,0.074000,-0.355000,-0.927000,-12.977000,42.656000,-0.305000,27.73
8.782325,0.101000,-0.314000,-0.934000,-17.420000,69.710000,-5.237000,27.68
8.789452,0.063000,-0.367000,-1.007000,-26.565000,86.351000,-1.924000,27.68
8.801604,0.000000,-0.112000,-1.071000,-23.450000,94.214000,2.504000,27.64
8.808853,0.110000,-0.066000,-1.040000,-12.229000,89.313000,-0.794000,27.82
8.820715,-0.094000,-0.100000,-1.112000,-21.435000,88.260000,17.985000,27.68
8.832706,-0.661000,0.296000,-1.331000,-14.763000,68.489000,24.733000,27.73
8.840166,-1.341000,0.531000,-1.386000,-7.573000,23.740000,18.931000,27.73
8.852348,-1.710000,0.604000,-1.321000,-6.718000,-27.374000,8.366000,27.78
8.859496,-1.635000,0.469000,-1.329000,-7.252000,-59.313000,1.435000,27.73
8.871608,-1.284000,0.204000,-1.288000,-7.954000,-86.885000,8.809000,27.73
8.878865,-0.832000,0.079000,-1.254000,-8.031000,-95.924000,25.145000,27.68
8.890650,-0.354000,0.042000,-1.325000,-0.122000,-115.344000,35.557000,27.68
8.902853,0.301000,-0.046000,-1.113000,-8.901000,-96.855000,18.992000,27.73
8.910212,1.472000,0.044000,-0.518000,6.626000,-74.260000,-5.893000,27.73
8.922277,1.559000,-0.321000,-1.037000,7.954000,-52.061000,-33.496000,27.68
8.929312,0.265000,0.008000,-1.022000,-19.313000,-88.076000,-56.687000,27.73
8.941132,-0.259000,0.105000,-0.971000,-16.031000,-74.702000,-83.863000,27.73
8.948119,-0.429000,-0.116000,-1.025000,-17.527000,-77.069000,-89.237000,27.68
8.959869,-0.516000,-0.291000,-1.188000,-27.145000,-83.099000,-78.198000,27.68
8.971835,-0.468000,-0.494000,-1.224000,-39.924000,-86.672000,-60.779000,27.64
8.978695,-0.335000,-0.464000,-1.275000,-47.511000,-76.107000,-42.519000,27.68
8.990586,-0.082000,-0.317000,-1.179000,-39.435000,-70.031000,-22.794000,27.68
9.002551,0.033000,-0.411000,-1.281000,-18.214000,-78.290000,-5.649000,27.73
9.009666,0.160000,-0.443000,-1.183000,-11.786000,-87.710000,8.733000,27.82
9.021711,0.327000,-0.368000,-0.952000,-5.878000,-81.740000,19.374000,27.59
9.028925,0.546000,-0.394000,-0.613000,-1.618000,-76.656000,32.153000,27.64
9.040981,0.958000,-0.541000,-0.179000,-14.412000,-34.489000,48.489000,27.64
9.048154,1.362000,-0.583000,-0.338000,-19.267000,-20.290000,62.061000,27.68
9.060191,1.646000,-0.703000,-0.444000,-17.710000,-4.687000,75.191000,27.78
9.072269,1.979000,-0.865000,-0.361000,-8.718000,1.740000,87.237000,27.73
9.079475,2.354000,-1.021000,-0.182000,-0.580000,24.611000,83.099000,27.73
9.091834,2.294000,-0.677000,-0.130000,2.794000,47.099000,80.061000,27.68
9.099115,1.166000,0.530000,-2.600000,-22.443000,-14.901000,26.473000,27.73
9.111291,0.657000,1.157000,-1.579000,-10.412000,94.137000,-3.420000,27.73
9.118188,-0.341000,0.417000,-0.790000,48.321000,1.954000,-23.344000,27.68
9.130155,-0.498000,-0.381000,-0.765000,39.557000,-16.870000,-18.534000,27.68
9.142543,-0.086000,-0.479000,-0.697000,30.382000,63.405000,7.649000,27.64
9.149709,-0.042000,0.110000,-0.800000,19.725000,93.053000,0.687000,27.73
9.161893,-0.085000,0.288000,-0.861000,21.115000,73.191000,-14.275000,27.68
9.168708,0.310000,-0.283000,-1.194000,50.901000,85.206000,-20.550000,27.73
9.180800,0.019000,-0.645000,-1.028000,56.824000,79.206000,-8.244000,27.73
9.187742,-0.097000,-0.369000,-1.097000,34.290000,100.977000,-5.405000,27.68
9.199834,0.092000,-0.312000,-1.149000,24.809000,106.504000,-3.573000,27.64
9.212344,0.158000,-0.287000,-1.085000,11.008000,82.916000,-0.061000,27.73
9.219270,0.159000,-0.292000,-1.022000,6.580000,67.802000,-3.664000,27.68
9.231803,0.230000,-0.231000,-1.051000,0.351000,62.947000,0.550000,27.68
9.238822,0.233000,-0.148000,-1.074000,-6.809000,47.786000,1.069000,27.64
9.251254,0.199000,-0.158000,-0.996000,-9.298000,31.832000,1.008000,27.73
9.258322,0.191000,-0.136000,-0.985000,-9.756000,18.290000,3.145000,27.68
9.270784,0.178000,-0.056000,-0.939000,-6.000000,11.053000,1.252000,27.64
9.277799,0.197000,-0.129000,-0.989000,-4.824000,-0.611000,-0.504000,27.64
9.290562,0.165000,-0.189000,-0.982000,-5.099000,-7.481000,0.122000,27.68
9.302578,0.168000,-0.189000,-0.969000,-7.450000,-2.763000,0.183000,27.68
9.309571,0.195000,-0.200000,-1.015000,-10.580000,-1.817000,0.550000,27.73
9.322155,0.169000,-0.198000,-0.965000,-11.664000,-7.344000,1.313000,27.64
9.329242,0.150000,-0.118000,-0.916000,-10.626000,-8.534000,1.557000,27.68
9.341392,0.138000,-0.129000,-0.920000,-7.832000,-8.015000,0.641000,27.73
9.348510,0.130000,-0.145000,-0.901000,-6.962000,-11.420000,2.000000,27.73
9.361018,0.088000,-0.072000,-0.848000,-3.359000,-13.191000,3.771000,27.59
9.368325,0.085000,-0.016000,-0.829000,4.092000,-8.107000,2.595000,27.73
9.380706,0.140000,-0.033000,-0.813000,16.000000,-18.244000,2.641000,27.73
9.392633,0.151000,0.033000,-0.817000,28.962000,-25.649000,0.962000,27.78
9.399953,0.101000,-0.033000,-0.887000,37.802000,-22.397000,-2.702000,27.78
9.412072,0.129000,-0.144000,-0.943000,36.366000,-14.107000,-1.084000,27.73
9.419161,0.110000,-0.126000,-1.036000,34.015000,-2.412000,-2.534000,27.64
9.431715,0.187000,-0.417000,-1.009000,25.206000,3.557000,-1.038000,27.78
9.438590,0.091000,-0.321000,-0.939000,8.183000,19.985000,-1.267000,27.68
9.451009,0.094000,-0.147000,-0.996000,7.893000,46.641000,-7.267000,27.73
9.458723,0.124000,-0.193000,-0.972000,7.435000,55.145000,-3.252000,27.68
9.470447,0.108000,-0.192000,-0.967000,11.664000,70.641000,-4.733000,27.68
9.482818,0.140000,-0.170000,-0.961000,16.183000,91.313000,-0.763000,27.64
9.490154,0.120000,-0.237000,-0.966000,19.359000,108.229000,4.260000,27.73
9.502126,0.113000,-0.146000,-1.003000,37.069000,127.130000,9.481000,27.68
9.509081,0.278000,-0.261000,-1.017000,40.092000,142.351000,13.221000,27.64
9.521377,0.174000,-0.296000,-1.020000,47.023000,153.725000,24.626000,27.73
9.528173,0.188000,-0.218000,-1.016000,47.450000,163.893000,29.008000,27.68
9.540462,0.132000,-0.125000,-1.159000,47.802000,160.168000,21.389000,27.73
9.552506,-0.027000,-0.200000,-1.147000,69.450000,120.916000,-13.756000,27.73
9.559339,0.239000,-0.196000,-1.190000,58.931000,125.252000,-10.901000,27.68
9.571297,0.015000,-0.398000,-1.167000,70.336000,93.267000,-27.023000,27.59
9.578452,0.033000,-0.264000,-1.193000,56.763000,82.336000,-27.496000,27.64
9.590622,0.165000,-0.206000,-1.281000,43.099000,72.656000,-29.237000,27.73
9.602593,-0.146000,-0.215000,-1.478000,74.779000,70.382000,-52.641000,27.78
9.609708,0.058000,-0.223000,-1.289000,80.779000,73.832000,-57.221000,27.64
9.621957,0.218000,-0.356000,-1.530000,91.008000,85.679000,-71.557000,27.73
9.628729,0.403000,-0.518000,-2.023000,62.809000,108.870000,-56.763000,27.68
9.640890,0.183000,-0.281000,-1.411000,56.321000,116.382000,-43.557000,27.78
9.648023,0.501000,-0.204000,-1.707000,56.183000,115.634000,-22.702000,27.73
9.660351,0.209000,0.211000,-1.908000,66.992000,88.748000,-24.580000,27.68
9.672369,-0.713000,0.323000,-2.188000,64.443000,55.099000,-18.382000,27.68
9.679639,-1.035000,0.068000,-1.411000,51.695000,10.779000,-3.313000,27.64
9.691604,-0.988000,0.225000,-1.472000,28.885000,26.931000,15.740000,27.73
9.698972,-0.978000,0.399000,-0.793000,14.351000,10.198000,28.458000,27.78
9.711242,-0.887000,0.266000,-0.928000,6.611000,-7.817000,40.000000,27.64
9.718096,-0.741000,0.206000,-0.886000,-9.618000,-20.183000,52.885000,27.73
9.730376,-0.650000,0.221000,-0.893000,-24.901000,-53.023000,61.588000,27.68
9.742451,-0.537000,0.215000,-0.816000,-36.855000,-67.725000,63.542000,27.68
9.749866,-0.462000,0.167000,-0.739000,-47.053000,-95.435000,63.954000,27.64
9.761364,-0.363000,0.105000,-0.707000,-58.290000,-100.824000,63.939000,27.64
9.768484,-0.279000,0.053000,-0.752000,-66.855000,-111.878000,63.969000,27.78
9.780169,-0.206000,-0.014000,-0.865000,-74.321000,-123.313000,64.534000,27.73
9.792148,-0.132000,-0.092000,-0.982000,-83.756000,-131.435000,64.901000,27.82
9.799054,-0.077000,-0.129000,-1.097000,-92.031000,-142.641000,64.779000,27.68
9.811026,-0.042000,-0.168000,-1.143000,-98.626000,-155.267000,63.466000,27.78
9.822868,0.006000,-0.236000,-1.181000,-105.557000,-162.519000,63.847000,27.64
9.829843,0.099000,-0.326000,-1.230000,-111.771000,-166.550000,67.893000,27.73
9.841887,0.156000,-0.344000,-1.247000,-114.992000,-169.466000,72.412000,27.68
9.848259,0.210000,-0.342000,-1.228000,-116.351000,-170.000000,74.137000,27.64
9.860143,0.267000,-0.317000,-1.219000,-116.519000,-169.893000,70.901000,27.73
9.872180,0.335000,-0.294000,-1.222000,-116.504000,-167.450000,63.038000,27.68
9.880501,0.411000,-0.243000,-1.253000,-116.229000,-163.328000,51.115000,27.73
9.891034,0.475000,-0.188000,-1.323000,-116.382000,-161.160000,35.664000,27.73
9.902850,0.520000,-0.121000,-1.333000,-116.489000,-162.534000,16.336000,27.73
9.909672,0.522000,-0.079000,-1.317000,-114.748000,-166.992000,-5.893000,27.68
9.921433,0.477000,-0.095000,-1.280000,-114.702000,-171.359000,-26.931000,27.64
9.928266,0.478000,-0.167000,-1.256000,-115.908000,-172.427000,-42.412000,27.73
9.939931,0.465000,-0.276000,-1.298000,-118.382000,-173.466000,-53.802000,27.68
9.951851,0.489000,-0.381000,-1.362000,-117.710000,-168.397000,-61.664000,27.68
9.958642,0.514000,-0.459000,-1.339000,-110.351000,-164.702000,-66.382000,27.73
9.970400,0.525000,-0.544000,-1.242000,-97.756000,-166.733000,-65.237000,27.54
9.982143,0.572000,-0.636000,-1.042000,-84.015000,-151.878000,-60.183000,27.68
9.989382,0.651000,-0.759000,-0.935000,-75.023000,-145.038000,-48.687000,27.64
10.001062,0.794000,-0.860000,-0.801000,-66.565000,-125.710000,-35.359000,27.64
