# Gait Analysis Data - MPU6050 IMU
# Duration: 10 seconds
# Format: timestamp(s),ax(g),ay(g),az(g),gx(deg/s),gy(deg/s),gz(deg/s),temp(C)
# Note: Document sensor placement (ankle/wrist) separately
timestamp,ax,ay,az,gx,gy,gz,temp
0.000660,-0.239000,-0.196000,-1.278000,-113.817000,-184.107000,95.115000,26.74
0.001374,-0.188000,-0.203000,-1.212000,-113.679000,-181.756000,93.740000,26.79
0.002633,-0.148000,-0.239000,-1.250000,-114.397000,-163.359000,88.427000,26.74
0.003825,-0.118000,-0.201000,-1.333000,-117.298000,-154.000000,79.939000,26.74
0.004837,-0.106000,-0.196000,-1.358000,-119.954000,-150.351000,69.115000,26.79
0.005766,-0.108000,-0.161000,-1.384000,-123.466000,-144.733000,56.397000,26.65
0.006704,-0.131000,-0.186000,-1.437000,-127.924000,-143.160000,46.412000,26.74
0.007623,-0.140000,-0.233000,-1.469000,-133.435000,-139.221000,40.763000,26.69
0.008540,-0.149000,-0.244000,-1.464000,-139.374000,-137.069000,37.450000,26.74
0.009458,-0.158000,-0.224000,-1.426000,-140.183000,-136.015000,30.412000,26.74
0.010339,-0.145000,-0.211000,-1.357000,-136.519000,-138.656000,21.313000,26.79
0.011139,-0.158000,-0.223000,-1.292000,-133.328000,-136.977000,11.374000,26.69
0.011953,-0.185000,-0.240000,-1.260000,-130.931000,-128.122000,2.824000,26.65
0.012947,-0.213000,-0.275000,-1.236000,-128.672000,-121.603000,-3.481000,26.69
0.013795,-0.252000,-0.315000,-1.221000,-124.870000,-119.496000,-6.595000,26.69
0.014624,-0.268000,-0.356000,-1.232000,-120.153000,-118.855000,-5.863000,26.74
0.015426,-0.283000,-0.385000,-1.200000,-112.779000,-118.977000,-1.313000,26.69
0.016216,-0.250000,-0.368000,-1.140000,-104.031000,-115.527000,4.519000,26.69
0.017011,-0.232000,-0.360000,-1.075000,-94.580000,-110.504000,11.756000,26.74
0.017800,-0.239000,-0.371000,-1.063000,-78.779000,-106.275000,14.519000,26.69
0.018493,-0.196000,-0.374000,-1.102000,-80.901000,-92.260000,31.588000,26.69
0.019112,-0.145000,-0.321000,-1.030000,-78.947000,-85.618000,38.351000,26.65
0.019732,-0.085000,-0.285000,-1.001000,-74.855000,-78.198000,39.863000,26.60
0.020357,-0.026000,-0.273000,-0.933000,-70.168000,-70.885000,35.618000,26.69
0.020978,0.051000,-0.275000,-0.912000,-66.565000,-66.382000,27.466000,26.65
0.021653,0.127000,-0.269000,-0.944000,-64.519000,-59.160000,16.626000,26.69
0.022322,0.216000,-0.259000,-0.924000,-63.450000,-57.466000,4.763000,26.69
0.023037,0.285000,-0.306000,-0.959000,-60.580000,-50.916000,-4.687000,26.74
0.023758,0.333000,-0.369000,-0.973000,-61.878000,-38.947000,-11.756000,26.65
0.024448,0.397000,-0.413000,-0.917000,-60.931000,-30.046000,-15.618000,26.60
0.025178,0.791000,-0.416000,-1.083000,-26.321000,60.687000,-75.771000,26.65
0.025924,0.716000,-0.358000,-0.510000,-36.626000,-39.206000,-92.336000,26.60
0.026590,1.060000,-1.071000,-0.787000,7.893000,-56.473000,-151.435000,26.69
0.027233,1.594000,-1.011000,-0.428000,17.115000,39.328000,-89.160000,26.65
0.027861,-0.069000,-0.240000,-0.555000,-2.489000,-109.008000,-72.916000,26.74
0.028486,-1.315000,-0.077000,-1.381000,14.855000,-73.267000,-108.305000,26.69
0.029116,-1.541000,0.104000,-2.112000,104.824000,236.702000,-146.824000,26.65
0.030013,-0.625000,-1.210000,-0.934000,97.221000,154.519000,-22.443000,26.69
0.030750,-0.400000,-0.707000,-1.311000,82.046000,196.290000,-26.168000,26.69
0.031459,-0.731000,-0.513000,-2.934000,51.389000,255.481000,54.031000,26.74
0.032103,-0.100000,0.218000,-2.795000,-13.160000,249.817000,75.634000,26.65
0.032761,-0.957000,-0.017000,-1.165000,19.115000,-182.763000,-38.840000,26.69
0.033549,-0.757000,-0.376000,-0.150000,10.229000,-13.221000,-14.962000,26.74
0.034277,-0.725000,0.566000,-0.879000,60.519000,373.176000,-67.466000,26.79
0.034931,-0.495000,-0.292000,-1.704000,45.359000,351.634000,-100.763000,26.60
0.035525,-0.508000,-0.408000,-1.264000,8.550000,13.450000,1.969000,26.65
0.036276,-0.518000,-0.192000,-0.713000,30.672000,74.000000,-24.214000,26.74
0.036915,-0.511000,-0.260000,-0.815000,65.664000,146.763000,-25.740000,26.60
0.037518,-0.521000,-0.118000,-0.990000,33.435000,101.405000,-10.901000,26.65
0.038087,-0.485000,-0.044000,-0.905000,22.855000,86.885000,-15.588000,26.60
0.038686,-0.477000,0.035000,-0.918000,18.809000,84.153000,-9.847000,26.69
0.039277,-0.402000,-0.073000,-0.860000,31.939000,82.794000,-13.924000,26.74
0.039852,-0.435000,-0.079000,-0.984000,17.481000,68.489000,-16.855000,26.65
0.040424,-0.371000,-0.066000,-0.951000,16.656000,49.573000,-13.053000,26.60
0.040987,-0.370000,-0.052000,-0.919000,14.244000,41.008000,-10.534000,26.69
0.041543,-0.359000,-0.051000,-0.946000,12.031000,43.389000,-8.641000,26.74
0.042102,-0.312000,-0.033000,-0.950000,12.321000,37.084000,-8.718000,26.69
0.042663,-0.336000,-0.019000,-0.910000,2.763000,51.710000,-5.725000,26.60
0.043226,-0.360000,-0.015000,-0.919000,-5.344000,59.817000,-7.924000,26.74
0.043758,-0.380000,-0.006000,-0.950000,-7.130000,40.718000,-6.580000,26.69
0.044288,-0.357000,-0.023000,-0.897000,-1.344000,25.542000,-4.870000,26.60
0.044813,-0.325000,-0.058000,-0.907000,2.305000,24.748000,-4.031000,26.65
0.045342,-0.318000,-0.061000,-0.903000,-1.160000,21.710000,-3.527000,26.60
0.045856,-0.319000,-0.068000,-0.929000,4.198000,32.336000,-8.275000,26.69
0.046368,-0.288000,-0.058000,-0.926000,0.855000,38.977000,-6.901000,26.65
0.046877,-0.291000,-0.058000,-0.916000,3.038000,41.191000,-5.817000,26.69
0.047390,-0.320000,-0.019000,-1.020000,9.664000,26.076000,-8.275000,26.79
0.047894,-0.286000,-0.047000,-0.901000,7.466000,41.298000,-4.076000,26.65
0.048402,-0.296000,0.019000,-0.954000,15.145000,29.725000,-8.275000,26.65
0.048907,-0.292000,-0.012000,-0.944000,8.702000,13.084000,-6.794000,26.69
0.049420,-0.311000,0.050000,-0.863000,9.282000,-1.282000,-11.847000,26.74
0.049928,-0.281000,-0.039000,-0.925000,14.763000,13.863000,-9.267000,26.74
0.050449,-0.346000,-0.042000,-1.083000,2.183000,2.290000,-9.847000,26.69
0.050956,-0.247000,-0.136000,-0.819000,5.863000,8.046000,2.534000,26.74
0.051466,-0.126000,0.172000,-0.952000,60.229000,21.695000,-45.450000,26.74
0.051971,-0.120000,0.010000,-0.986000,23.252000,56.473000,-11.298000,26.69
0.052484,-0.278000,-0.119000,-0.967000,34.992000,38.214000,-25.313000,26.65
0.053002,-0.373000,-0.050000,-0.891000,42.687000,44.504000,-27.802000,26.74
0.053558,-0.283000,-0.151000,-0.921000,28.595000,24.824000,-10.656000,26.69
0.054212,-0.389000,-0.119000,-0.807000,34.824000,69.221000,-10.672000,26.74
0.054768,-0.300000,-0.081000,-0.924000,44.504000,57.008000,-14.870000,26.65
0.055295,-0.347000,-0.148000,-0.954000,46.366000,63.038000,-18.977000,26.79
0.055785,-0.356000,-0.050000,-1.027000,42.763000,47.267000,-38.916000,26.74
0.056296,-0.339000,-0.100000,-0.919000,28.931000,41.389000,-11.618000,26.65
0.056786,-0.312000,-0.206000,-0.949000,34.092000,60.733000,-24.779000,26.69
0.057260,-0.291000,-0.231000,-0.950000,30.718000,74.229000,-24.137000,26.65
0.057736,-0.290000,-0.195000,-0.967000,28.916000,87.511000,-30.672000,26.74
0.058213,-0.304000,-0.152000,-1.012000,22.611000,78.656000,-22.031000,26.69
0.058706,-0.303000,-0.089000,-1.002000,17.756000,69.634000,-19.786000,26.74
0.059184,-0.344000,-0.081000,-1.049000,25.313000,78.702000,-26.885000,26.74
0.059656,-0.358000,-0.098000,-1.005000,33.374000,94.748000,-29.969000,26.69
0.060148,-0.464000,-0.007000,-1.073000,33.374000,101.878000,-30.412000,26.69
0.060651,-0.490000,-0.050000,-1.083000,27.588000,100.580000,-32.977000,26.74
0.061136,-0.515000,-0.101000,-1.208000,-3.435000,100.305000,-25.481000,26.69
0.061621,-0.437000,-0.052000,-1.219000,-20.565000,110.244000,-29.405000,26.69
0.062098,-0.368000,-0.148000,-1.051000,-8.611000,132.550000,-66.885000,26.74
0.062585,-0.539000,-0.557000,-1.427000,-4.168000,144.275000,-68.015000,26.69
0.063065,-0.338000,-0.659000,-1.359000,-0.015000,36.504000,1.313000,26.69
0.063665,-0.032000,-0.250000,-1.209000,-12.183000,81.756000,-18.550000,26.65
0.064469,-0.124000,-0.209000,-1.102000,4.840000,80.153000,-21.466000,26.69
0.065007,-0.144000,-0.035000,-0.994000,16.763000,75.267000,-20.733000,26.69
0.065493,-0.112000,-0.208000,-1.181000,39.634000,35.695000,-56.565000,26.65
0.065960,-0.631000,-0.325000,-1.297000,45.496000,44.305000,-84.702000,26.69
0.066433,-1.098000,-0.443000,-0.906000,50.672000,-21.084000,-38.687000,26.60
0.066896,-1.180000,-0.464000,-0.318000,68.183000,-5.832000,-11.221000,26.65
0.068432,-0.927000,-0.434000,-0.323000,84.672000,21.206000,22.229000,26.69
0.068976,-0.966000,-0.166000,-0.665000,83.298000,-18.580000,47.603000,26.60
0.069553,-0.746000,-0.057000,-0.452000,83.603000,-26.305000,56.244000,26.65
0.070101,-0.749000,0.032000,-0.646000,72.473000,-43.893000,58.733000,26.69
0.070629,-0.658000,0.151000,-0.662000,63.695000,-64.412000,45.878000,26.60
0.071098,-0.550000,0.200000,-0.679000,48.382000,-65.817000,41.237000,26.74
0.071584,-0.485000,0.265000,-0.739000,31.893000,-62.519000,25.618000,26.65
0.072101,-0.451000,0.265000,-0.833000,11.466000,-78.000000,8.611000,26.69
0.072581,-0.397000,0.219000,-0.890000,-8.031000,-96.580000,-7.695000,26.65
0.073058,-0.332000,0.176000,-0.832000,-22.916000,-91.099000,-25.176000,26.69
0.073527,-0.263000,0.172000,-0.851000,-39.405000,-81.847000,-41.176000,26.60
0.074008,-0.232000,0.132000,-0.892000,-48.076000,-94.076000,-55.847000,26.65
0.074483,-0.209000,0.094000,-0.972000,-60.672000,-108.992000,-70.275000,26.74
0.074959,-0.208000,0.046000,-0.990000,-70.458000,-125.634000,-83.695000,26.69
0.075419,-0.188000,0.009000,-1.040000,-76.550000,-118.916000,-96.672000,26.65
0.075890,-0.218000,-0.012000,-1.131000,-83.008000,-124.962000,-110.198000,26.69
0.076358,-0.153000,-0.014000,-1.180000,-85.282000,-148.031000,-120.382000,26.60
0.076815,-0.090000,0.002000,-1.145000,-84.809000,-147.389000,-135.817000,26.65
0.077285,-0.027000,0.044000,-1.170000,-85.740000,-143.084000,-154.427000,26.55
0.077753,0.032000,0.092000,-1.235000,-88.901000,-144.519000,-173.145000,26.69
0.078220,-0.252000,0.275000,-1.439000,-94.122000,-138.336000,-182.611000,26.74
0.078681,0.203000,0.273000,-1.348000,-103.145000,-151.069000,-215.847000,26.69
0.079139,0.237000,0.231000,-1.292000,-110.076000,-153.893000,-233.511000,26.69
0.079601,0.426000,0.060000,-1.360000,-120.076000,-157.237000,-239.954000,26.69
0.080076,0.208000,0.106000,-1.184000,-120.779000,-137.206000,-262.046000,26.65
0.080542,0.218000,0.107000,-1.232000,-124.687000,-129.481000,-267.511000,26.69
0.081033,0.195000,0.077000,-1.230000,-126.107000,-131.145000,-274.412000,26.69
0.081485,0.190000,0.019000,-1.217000,-126.427000,-125.176000,-273.115000,26.74
0.082033,0.169000,-0.016000,-1.182000,-122.916000,-116.870000,-271.954000,26.60
0.082656,0.168000,-0.003000,-1.209000,-116.672000,-108.702000,-274.779000,26.69
0.083185,0.199000,0.029000,-1.247000,-109.542000,-103.557000,-273.832000,26.55
0.083682,0.182000,-0.069000,-1.192000,-103.023000,-101.679000,-263.252000,26.79
0.084183,0.138000,-0.016000,-1.126000,-93.130000,-98.733000,-266.977000,26.69
0.084647,0.120000,0.111000,-1.035000,-89.282000,-91.115000,-255.252000,26.65
0.085137,0.066000,0.080000,-1.030000,-91.573000,-85.374000,-245.374000,26.69
0.085699,0.142000,0.202000,-1.000000,-96.351000,-71.924000,-237.298000,26.69
0.086168,0.069000,0.175000,-1.038000,-95.588000,-69.267000,-223.450000,26.74
0.086626,0.034000,0.074000,-1.046000,-93.237000,-62.366000,-204.427000,26.69
0.087067,-0.026000,0.002000,-1.009000,-87.817000,-55.176000,-179.405000,26.60
0.087504,0.080000,-0.165000,-1.067000,-86.198000,-32.916000,-168.855000,26.65
0.087955,0.211000,0.249000,-1.000000,-101.145000,-18.580000,-126.000000,26.69
0.088419,0.279000,0.319000,-1.219000,-113.573000,-13.267000,-120.855000,26.60
0.088864,0.442000,0.232000,-1.159000,-111.588000,-14.214000,-147.282000,26.65
0.089300,0.438000,-0.297000,-1.269000,-96.366000,-10.656000,-174.809000,26.60
0.089751,0.150000,-0.758000,-1.507000,-71.084000,9.847000,-142.214000,26.79
0.090197,0.193000,-0.193000,-1.137000,-66.748000,22.321000,-100.931000,26.55
0.090637,-0.051000,-0.008000,-1.019000,-48.000000,51.847000,-73.252000,26.55
0.091065,0.053000,0.075000,-1.163000,-9.282000,47.725000,-37.863000,26.69
0.091490,-0.068000,0.009000,-1.125000,-4.519000,42.473000,-48.580000,26.65
0.091918,-0.327000,0.340000,-1.129000,21.863000,22.504000,-4.351000,26.65
0.092358,-0.789000,0.244000,-1.129000,31.176000,-25.069000,-13.542000,26.69
0.092790,-0.362000,0.226000,-0.984000,48.046000,-3.359000,-12.260000,26.65
0.093215,-0.521000,-0.185000,-1.230000,26.794000,0.947000,-23.679000,26.65
0.093678,-0.610000,-0.194000,-0.900000,24.718000,-10.183000,-13.084000,26.69
0.094142,-0.362000,-0.164000,-0.830000,-10.565000,-24.351000,-30.443000,26.65
0.094588,-0.442000,-0.232000,-0.822000,-9.985000,2.092000,-2.641000,26.65
0.095017,-0.403000,-0.283000,-0.897000,-19.786000,0.809000,3.420000,26.69
0.095541,-0.391000,-0.231000,-0.872000,-26.977000,-6.901000,6.992000,26.69
0.096186,-0.364000,-0.215000,-0.911000,-30.504000,-7.908000,7.008000,26.74
0.096695,-0.368000,-0.153000,-0.896000,-35.832000,-11.603000,11.832000,26.69
0.097208,-0.383000,-0.075000,-0.887000,-34.305000,-14.092000,11.053000,26.69
0.097681,-0.353000,-0.110000,-0.855000,-31.740000,-20.427000,9.679000,26.65
0.098152,-0.413000,-0.133000,-0.937000,-36.198000,-41.511000,15.466000,26.69
0.098612,-0.415000,-0.075000,-0.809000,-31.405000,-33.359000,12.351000,26.79
0.099075,-0.444000,-0.153000,-0.865000,-29.115000,-29.237000,13.710000,26.74
0.099540,-0.423000,-0.121000,-0.885000,-28.626000,-28.992000,8.382000,26.60
0.100000,-0.420000,-0.087000,-0.861000,-29.725000,-14.779000,10.794000,26.69
0.100683,-0.511000,-0.025000,-0.832000,-2.412000,-1.191000,-0.748000,26.60
0.101149,-0.527000,-0.036000,-0.824000,-1.878000,-1.206000,-1.160000,26.69
0.101641,-0.522000,-0.044000,-0.820000,-1.557000,0.168000,-1.893000,26.65
0.102134,-0.529000,-0.043000,-0.817000,-1.527000,1.557000,-1.939000,26.69
0.102623,-0.541000,-0.049000,-0.813000,-1.771000,1.756000,-1.649000,26.60
0.103110,-0.547000,-0.040000,-0.811000,-1.954000,2.809000,-1.496000,26.65
0.108460,-0.547000,-0.043000,-0.816000,-1.802000,3.557000,-0.916000,26.69
0.115483,-0.541000,-0.031000,-0.813000,-1.542000,3.771000,-0.565000,26.60
0.127767,-0.514000,-0.019000,-0.823000,-1.618000,4.061000,-1.695000,26.65
0.134801,-0.524000,-0.034000,-0.815000,-0.168000,5.069000,-0.840000,26.60
0.147031,-0.521000,-0.032000,-0.822000,-0.260000,5.237000,-1.038000,26.69
0.154054,-0.534000,-0.019000,-0.820000,0.534000,4.489000,-1.420000,26.55
0.166200,-0.530000,-0.030000,-0.814000,1.695000,6.137000,-1.832000,26.74
0.178481,-0.529000,-0.038000,-0.827000,0.962000,5.603000,-1.038000,26.69
0.185565,-0.532000,-0.041000,-0.817000,1.221000,5.771000,-1.099000,26.65
0.197996,-0.520000,-0.044000,-0.835000,1.389000,4.824000,-1.359000,26.60
0.205126,-0.519000,-0.043000,-0.826000,0.504000,3.603000,-1.191000,26.60
0.217372,-0.534000,-0.049000,-0.826000,0.153000,3.176000,-1.069000,26.65
0.224371,-0.526000,-0.049000,-0.826000,-0.397000,2.565000,-0.794000,26.65
0.236557,-0.530000,-0.043000,-0.826000,0.244000,2.214000,-1.359000,26.69
0.248699,-0.527000,-0.047000,-0.828000,0.779000,3.450000,-1.634000,26.65
0.255752,-0.529000,-0.048000,-0.822000,0.504000,3.313000,-1.695000,26.69
0.268229,-0.533000,-0.046000,-0.823000,0.122000,3.496000,-1.969000,26.60
0.275709,-0.534000,-0.037000,-0.819000,2.504000,7.130000,-3.389000,26.69
0.287682,-0.519000,-0.043000,-0.850000,2.977000,10.763000,-4.305000,26.74
0.294877,-0.500000,-0.027000,-0.818000,2.137000,8.229000,-3.924000,26.60
0.307112,-0.524000,-0.037000,-0.827000,2.000000,7.802000,-3.878000,26.69
0.319103,-0.507000,-0.035000,-0.826000,4.794000,10.366000,-4.794000,26.65
0.326058,-0.506000,-0.048000,-0.838000,5.374000,17.313000,-5.084000,26.69
0.338255,-0.517000,-0.049000,-0.835000,8.763000,11.939000,-6.763000,26.60
0.345039,-0.502000,-0.053000,-0.832000,7.740000,16.870000,-8.122000,26.55
0.357333,-0.542000,-0.054000,-0.853000,8.015000,16.855000,-7.496000,26.69
0.364351,-0.528000,-0.052000,-0.833000,7.435000,21.298000,-7.634000,26.60
0.376521,-0.532000,-0.080000,-0.816000,9.344000,28.901000,-7.389000,26.65
0.388744,-0.542000,-0.049000,-0.840000,6.870000,35.206000,-8.443000,26.60
0.395490,-0.512000,-0.046000,-0.844000,13.679000,47.649000,-13.985000,26.60
0.407613,-0.558000,-0.052000,-0.840000,20.290000,45.496000,-11.130000,26.65
0.414667,-0.449000,-0.075000,-0.756000,19.084000,43.435000,-9.344000,26.69
0.426848,-0.576000,-0.156000,-0.845000,29.603000,3.389000,-0.870000,26.60
0.438833,-0.508000,-0.087000,-0.738000,22.550000,47.924000,-8.855000,26.65
0.445709,-0.503000,-0.054000,-0.769000,24.565000,55.435000,-11.634000,26.60
0.457814,-0.472000,-0.055000,-0.770000,17.863000,50.321000,-13.588000,26.60
0.464703,-0.430000,-0.108000,-0.882000,20.534000,47.634000,-11.924000,26.65
0.476542,-0.422000,-0.047000,-0.884000,26.351000,34.641000,-3.313000,26.60
0.488795,-0.393000,-0.069000,-0.901000,20.000000,36.198000,-11.420000,26.60
0.495565,-0.374000,-0.111000,-0.846000,17.374000,28.870000,-12.168000,26.65
0.507941,-0.365000,-0.095000,-0.803000,11.206000,19.527000,-19.023000,26.69
0.518892,-0.336000,-0.197000,-0.921000,17.420000,22.015000,-14.443000,26.60
0.526322,-0.354000,-0.182000,-0.912000,13.496000,14.427000,-12.305000,26.65
0.538578,-0.394000,-0.196000,-0.808000,19.481000,11.679000,-8.183000,26.60
0.546440,-0.420000,-0.156000,-0.954000,23.481000,13.176000,-13.466000,26.69
0.557481,-0.434000,-0.197000,-0.615000,10.534000,-12.733000,-22.336000,26.55
0.564678,-0.403000,-0.103000,-0.815000,19.527000,12.504000,-9.344000,26.65
0.576583,-0.451000,-0.118000,-0.793000,14.275000,-0.153000,-14.626000,26.69
0.588393,-0.543000,-0.205000,-0.828000,3.969000,-12.962000,-4.061000,26.65
0.595588,-0.466000,-0.163000,-0.705000,-0.824000,-7.099000,-3.252000,26.74
0.607458,-0.460000,-0.143000,-0.828000,-5.939000,-6.473000,-2.275000,26.60
0.614346,-0.448000,-0.173000,-0.879000,-6.214000,-4.611000,-0.260000,26.65
0.632475,-0.422000,-0.234000,-0.810000,-5.237000,-9.481000,1.893000,26.65
0.638698,-0.402000,-0.189000,-0.822000,-2.626000,-1.863000,4.870000,26.60
0.645487,-0.399000,-0.134000,-0.828000,1.481000,-4.519000,-6.763000,26.65
0.657687,-0.436000,-0.125000,-0.900000,13.099000,15.695000,-6.290000,26.65
0.664505,-0.516000,-0.042000,-0.800000,11.466000,11.405000,-12.229000,26.60
0.676740,-0.507000,-0.027000,-0.916000,17.939000,31.527000,-9.160000,26.65
0.688801,-0.456000,0.005000,-0.881000,11.267000,26.916000,-26.779000,26.65
0.695856,-0.425000,-0.096000,-0.940000,9.191000,26.504000,-12.824000,26.60
0.708123,-0.422000,-0.105000,-0.917000,6.718000,13.206000,-4.565000,26.65
0.715136,-0.383000,-0.107000,-0.947000,4.168000,7.573000,-9.756000,26.65
0.726977,-0.421000,-0.160000,-0.920000,-0.687000,-3.557000,-2.260000,26.69
0.734038,-0.484000,-0.208000,-0.901000,-3.145000,-9.542000,1.374000,26.69
0.746328,-0.445000,-0.209000,-0.861000,-7.496000,-5.191000,4.412000,26.74
0.758447,-0.456000,-0.204000,-0.878000,-11.542000,-15.298000,11.176000,26.69
0.765078,-0.442000,-0.175000,-0.870000,-12.916000,-15.389000,13.756000,26.60
0.777040,-0.418000,-0.120000,-0.838000,-16.382000,-14.382000,15.878000,26.65
0.789068,-0.412000,-0.121000,-0.815000,-10.809000,-14.168000,9.374000,26.60
0.795768,-0.382000,-0.020000,-0.781000,-6.092000,-10.779000,7.176000,26.60
0.808477,-0.401000,0.076000,-0.759000,-1.939000,-1.450000,2.580000,26.65
0.815185,-0.374000,0.004000,-0.776000,12.672000,6.595000,-13.985000,26.69
0.827464,-0.383000,-0.067000,-0.786000,13.237000,8.244000,-14.031000,26.69
0.834198,-0.415000,-0.030000,-0.791000,15.664000,7.878000,-13.695000,26.65
0.846414,-0.468000,-0.170000,-0.857000,27.649000,-7.557000,-14.229000,26.60
0.858343,-0.519000,-0.195000,-0.855000,28.901000,33.160000,-22.214000,26.69
0.865309,-0.450000,-0.301000,-0.811000,44.809000,39.878000,-12.534000,26.65
0.877274,-0.432000,-0.216000,-0.821000,48.275000,54.061000,-25.634000,26.60
0.882968,-0.548000,-0.118000,-0.784000,57.328000,54.794000,-29.191000,26.60
0.896003,-0.326000,-0.172000,-0.922000,60.260000,70.962000,-41.420000,26.65
0.908122,-0.439000,-0.192000,-0.902000,70.198000,56.534000,-32.656000,26.60
0.915137,-0.526000,-0.232000,-0.921000,68.962000,24.763000,-40.733000,26.60
0.926910,-0.430000,-0.109000,-0.799000,81.802000,49.084000,-54.504000,26.65
0.938743,-0.581000,-0.199000,-0.798000,91.053000,113.511000,-62.427000,26.60
0.945663,-0.451000,-0.161000,-0.925000,81.344000,134.794000,-37.298000,26.60
0.957680,-0.568000,-0.245000,-1.013000,85.481000,119.618000,-49.008000,26.65
0.964604,-0.858000,-0.149000,-1.025000,88.870000,44.519000,-45.267000,26.60
0.976513,-0.580000,-0.237000,-0.980000,57.893000,106.595000,-50.397000,26.69
0.988293,-0.900000,-0.257000,-1.138000,62.565000,37.115000,-58.870000,26.65
0.995630,-0.984000,-0.288000,-1.074000,4.519000,49.160000,-31.008000,26.60
1.007637,-0.927000,-0.123000,-1.435000,-17.969000,75.237000,36.473000,26.60
1.014340,-1.080000,-0.016000,-1.436000,-23.389000,111.771000,-9.954000,26.65
1.026134,-1.138000,0.085000,-0.919000,-81.374000,59.496000,-74.153000,26.60
1.037754,-0.781000,-0.178000,-0.563000,-50.382000,105.969000,-194.901000,26.69
1.044655,-1.089000,-0.267000,-1.665000,18.580000,152.687000,-152.809000,26.65
1.056314,-0.712000,-0.433000,-2.119000,46.427000,116.931000,-147.206000,26.55
1.068306,-0.526000,-0.149000,-1.423000,97.985000,206.611000,-75.099000,26.60
1.075320,-0.743000,0.489000,-2.301000,51.115000,73.252000,-102.183000,26.55
1.087118,-1.199000,0.399000,-1.262000,50.901000,-15.221000,-190.489000,26.60
1.092905,-1.458000,-0.151000,-0.744000,59.237000,83.649000,-65.634000,26.69
1.106082,-1.083000,0.100000,-0.566000,72.504000,200.061000,-37.099000,26.65
1.117947,-1.417000,0.194000,-1.190000,79.588000,129.634000,106.489000,26.65
1.124973,-1.009000,0.806000,-0.464000,52.412000,33.466000,89.557000,26.60
1.137448,-0.835000,0.677000,-0.344000,44.580000,-6.733000,56.611000,26.60
1.143988,-0.677000,0.634000,-0.149000,26.504000,-39.221000,4.382000,26.55
1.156399,-0.610000,0.583000,-0.167000,6.885000,-42.794000,22.153000,26.69
1.168445,-0.575000,0.592000,-0.337000,-12.809000,-54.015000,14.763000,26.60
1.175359,-0.549000,0.570000,-0.481000,-29.389000,-59.221000,14.397000,26.65
1.187364,-0.531000,0.552000,-0.604000,-48.916000,-71.542000,4.809000,26.60
1.194350,-0.513000,0.473000,-0.660000,-69.405000,-73.496000,0.733000,26.60
1.206269,-0.533000,0.358000,-0.739000,-77.481000,-71.817000,3.618000,26.55
1.218430,-0.528000,0.306000,-0.743000,-97.191000,-66.656000,1.206000,26.60
1.225392,-0.527000,0.235000,-0.964000,-100.855000,-91.191000,7.527000,26.60
1.237455,-0.512000,0.175000,-0.989000,-119.206000,-117.359000,6.427000,26.65
1.243067,-0.488000,0.090000,-1.101000,-120.366000,-130.260000,14.626000,26.60
1.256022,-0.482000,0.025000,-1.183000,-128.565000,-148.198000,23.588000,26.69
1.269182,-0.510000,-0.043000,-1.158000,-132.992000,-150.794000,31.450000,26.65
1.274146,-0.073000,-0.034000,-0.999000,-137.160000,-151.313000,11.313000,26.60
1.286098,-0.654000,-0.018000,-1.288000,-133.145000,-181.053000,43.695000,26.60
1.297932,-0.209000,-0.307000,-1.006000,-123.649000,-174.229000,62.412000,26.65
1.304354,-0.402000,-0.248000,-1.180000,-121.099000,-163.847000,66.748000,26.65
1.316087,-0.432000,-0.222000,-1.207000,-109.420000,-142.458000,69.557000,26.60
1.328321,-0.456000,-0.184000,-1.356000,-111.939000,-155.603000,75.679000,26.55
1.334737,-0.414000,-0.148000,-1.298000,-112.412000,-142.214000,79.649000,26.55
1.346577,-0.608000,0.288000,-1.171000,-56.565000,-115.359000,47.985000,26.60
1.358628,-0.333000,0.016000,-1.393000,-123.252000,-122.092000,80.672000,26.55
1.364963,-0.322000,-0.052000,-1.452000,-117.664000,-144.855000,69.618000,26.65
1.376962,-0.439000,-0.025000,-1.369000,-136.702000,-137.405000,65.191000,26.60
1.388643,-0.432000,-0.066000,-1.506000,-141.359000,-155.328000,52.489000,26.65
1.395209,-0.461000,-0.091000,-1.452000,-148.137000,-170.565000,48.168000,26.46
1.406871,-0.479000,-0.168000,-1.414000,-150.458000,-162.198000,35.252000,26.51
1.418969,-0.447000,-0.210000,-1.366000,-149.878000,-148.427000,25.908000,26.60
1.425809,-0.452000,-0.301000,-1.344000,-147.649000,-140.015000,20.412000,26.55
1.437326,-0.464000,-0.326000,-1.400000,-141.389000,-154.611000,12.931000,26.51
1.449160,-0.314000,-0.392000,-1.293000,-140.031000,-169.786000,15.298000,26.41
1.455567,-0.213000,-0.440000,-1.323000,-124.840000,-139.115000,12.595000,26.55
1.467718,-0.024000,-0.502000,-1.429000,-113.008000,-104.626000,16.641000,26.60
1.479467,0.109000,-0.554000,-1.475000,-109.588000,-116.534000,18.076000,26.60
1.485989,0.326000,-0.611000,-1.236000,-105.221000,-119.115000,19.878000,26.55
1.498053,0.502000,-0.733000,-1.051000,-93.252000,-128.351000,17.527000,26.60
1.504843,0.680000,-0.806000,-0.789000,-76.641000,-80.275000,14.076000,26.60
1.516930,0.715000,-0.896000,-0.950000,-58.534000,-32.183000,6.977000,26.55
1.529090,0.641000,-0.940000,-1.061000,-43.038000,-26.718000,13.053000,26.60
1.535877,0.804000,-0.758000,-1.075000,-14.473000,4.412000,-26.824000,26.60
1.547913,0.971000,-0.844000,-0.962000,-3.176000,-46.718000,-64.214000,26.65
1.559597,1.173000,-0.929000,-0.862000,20.656000,9.832000,-55.557000,26.51
1.566890,1.282000,-0.834000,-1.164000,46.824000,39.786000,-63.588000,26.51
1.578512,-0.113000,-0.058000,-0.718000,18.000000,-122.565000,-90.214000,26.65
1.585510,-1.954000,0.127000,-1.651000,83.252000,162.992000,-77.634000,26.60
1.597466,-0.821000,0.154000,-0.197000,87.267000,154.733000,-103.405000,26.60
1.604487,-0.564000,-0.394000,-0.331000,72.290000,98.137000,-96.046000,26.55
1.616195,-0.727000,-0.717000,-1.596000,22.611000,242.198000,-101.679000,26.51
1.628298,-0.486000,-0.311000,-2.310000,57.221000,312.061000,7.588000,26.51
1.635312,-0.480000,0.455000,-2.088000,51.695000,66.611000,10.916000,26.65
1.647562,-0.195000,0.219000,-1.958000,38.504000,292.031000,-22.427000,26.51
1.654376,-0.853000,-0.710000,-1.969000,18.779000,-0.137000,31.252000,26.60
1.666351,-0.864000,-0.124000,-0.673000,38.168000,80.947000,-33.557000,26.55
1.678113,-0.694000,0.001000,-1.057000,102.779000,196.809000,-63.359000,26.60
1.685003,-0.512000,-0.335000,-1.008000,108.412000,187.725000,-71.466000,26.51
1.696892,-0.657000,-0.225000,-1.297000,48.092000,77.771000,-34.122000,26.55
1.708913,-0.603000,-0.139000,-0.945000,39.237000,16.489000,-32.000000,26.51
1.715692,-0.639000,-0.073000,-0.832000,26.870000,59.802000,-11.313000,26.51
1.727926,-0.559000,-0.028000,-0.811000,34.107000,92.382000,-13.130000,26.65
1.735029,-0.531000,-0.004000,-0.878000,27.115000,66.870000,-10.641000,26.51
1.746629,-0.524000,0.012000,-0.822000,27.435000,53.710000,-11.695000,26.60
1.758793,-0.477000,0.002000,-0.809000,26.809000,66.824000,-17.725000,26.55
1.765949,-0.502000,-0.030000,-0.778000,22.931000,47.557000,-16.229000,26.41
1.778035,-0.433000,-0.072000,-0.826000,20.626000,39.160000,-5.267000,26.60
1.785595,-0.485000,-0.005000,-0.854000,15.328000,37.893000,-5.252000,26.55
1.797027,-0.465000,-0.029000,-0.900000,12.595000,26.214000,-9.924000,26.60
1.809081,-0.464000,-0.018000,-0.882000,8.718000,31.802000,-8.168000,26.60
1.816263,-0.449000,-0.016000,-0.940000,7.817000,17.710000,-7.359000,26.46
1.828186,-0.450000,-0.059000,-0.819000,3.573000,10.626000,-1.481000,26.60
1.835589,-0.487000,-0.021000,-0.965000,-12.458000,-17.038000,-1.008000,26.60
1.847365,-0.481000,-0.002000,-0.808000,4.153000,1.115000,-3.817000,26.55
1.854380,-0.451000,0.035000,-0.816000,19.832000,7.954000,-8.534000,26.60
1.866588,-0.460000,-0.010000,-0.820000,23.481000,28.290000,-12.366000,26.69
1.878525,-0.480000,0.005000,-0.889000,30.000000,28.947000,-11.740000,26.55
1.885618,-0.511000,-0.074000,-0.805000,30.366000,29.023000,-4.015000,26.51
1.897682,-0.453000,-0.007000,-0.760000,37.756000,39.282000,-16.779000,26.51
1.904486,-0.424000,-0.053000,-0.808000,42.931000,49.176000,-17.328000,26.55
1.916492,-0.273000,0.013000,-1.074000,35.908000,49.405000,-15.374000,26.60
1.928528,-0.448000,-0.141000,-0.861000,43.237000,58.779000,-19.603000,26.51
1.935233,-0.461000,-0.063000,-0.832000,43.466000,59.191000,-23.008000,26.55
1.947373,-0.488000,-0.084000,-0.878000,43.221000,51.649000,-24.366000,26.55
1.953144,-0.246000,-0.030000,-1.177000,41.511000,58.733000,-31.084000,26.60
1.966324,-0.215000,0.082000,-1.003000,38.260000,54.168000,-50.580000,26.55
1.978087,-0.304000,-0.192000,-1.143000,66.229000,93.160000,-33.557000,26.60
1.985051,-0.343000,-0.074000,-0.967000,74.137000,69.634000,-42.885000,26.51
1.997140,-0.492000,-0.100000,-0.992000,76.046000,62.855000,-41.466000,26.55
2.008951,-0.547000,-0.188000,-0.969000,58.336000,33.221000,-48.687000,26.55
2.016101,-0.468000,-0.153000,-0.898000,61.405000,50.641000,-38.794000,26.51
2.028576,-0.438000,-0.179000,-0.917000,58.580000,110.458000,-61.313000,26.46
2.035492,-0.572000,-0.084000,-1.142000,42.840000,63.099000,-32.855000,26.51
2.046603,-0.410000,-0.238000,-0.864000,41.450000,70.046000,-38.550000,26.51
2.058610,-0.487000,-0.208000,-1.001000,46.351000,106.595000,-44.168000,26.55
2.065416,-0.476000,-0.283000,-0.995000,41.786000,78.992000,-26.153000,26.55
2.077453,-0.539000,-0.214000,-1.000000,34.427000,87.145000,-34.565000,26.60
2.084314,-0.612000,-0.204000,-0.965000,30.794000,74.977000,-28.977000,26.65
2.096243,-0.619000,-0.185000,-1.080000,21.908000,84.260000,-24.519000,26.60
2.108356,-0.637000,-0.063000,-1.120000,14.656000,87.496000,-11.038000,26.60
2.114966,-0.535000,0.044000,-1.366000,39.573000,154.779000,-27.969000,26.65
2.127285,-0.735000,0.143000,-1.279000,17.817000,153.924000,-3.405000,26.55
2.134022,-0.687000,0.246000,-1.276000,3.603000,136.107000,-92.519000,26.60
2.146028,-0.926000,-0.137000,-1.122000,28.931000,177.145000,-129.389000,26.55
2.157961,-1.337000,-0.583000,-1.666000,48.687000,260.931000,-144.824000,26.60
2.164667,-1.031000,-0.244000,-1.801000,34.473000,73.511000,-122.046000,26.60
2.176583,-0.763000,-0.361000,-1.286000,117.802000,268.336000,-141.618000,26.60
2.188622,-0.881000,0.129000,-2.408000,178.015000,405.847000,-21.969000,26.55
2.195193,-0.666000,0.332000,-2.573000,88.809000,286.824000,-151.435000,26.60
2.207215,-0.567000,0.238000,-2.109000,121.588000,191.771000,-101.832000,26.60
2.218997,-1.506000,-0.182000,-0.998000,132.244000,62.214000,-132.595000,26.55
2.225986,-1.310000,-0.408000,-0.980000,126.076000,199.802000,-57.939000,26.51
2.237676,-1.165000,-0.196000,-0.954000,122.122000,273.466000,253.618000,26.51
2.244408,-1.726000,1.239000,-1.000000,127.679000,156.260000,27.924000,26.55
2.264048,-0.954000,0.431000,-0.760000,50.626000,-76.611000,123.710000,26.60
2.268238,-0.696000,0.635000,-0.057000,-6.916000,-229.481000,106.397000,26.51
2.275139,-4.000000,1.300000,-0.547000,32.046000,-78.794000,238.351000,26.55
2.287077,-0.344000,0.048000,-0.087000,25.435000,-75.786000,144.412000,26.60
2.299037,-0.646000,0.554000,-0.325000,-17.573000,-30.336000,106.107000,26.69
2.305951,-0.355000,0.542000,-0.386000,-37.053000,-33.679000,91.878000,26.55
2.318285,-0.321000,0.534000,-0.598000,-61.023000,-50.000000,77.878000,26.60
2.325038,-0.475000,0.463000,-0.867000,-82.824000,-116.305000,81.405000,26.51
2.337010,-0.470000,0.397000,-0.861000,-110.641000,-151.481000,69.298000,26.55
2.348742,-0.452000,0.295000,-0.797000,-125.176000,-150.840000,62.122000,26.60
2.355193,-0.503000,0.175000,-0.856000,-127.145000,-152.214000,62.885000,26.51
2.367094,-0.512000,0.043000,-0.957000,-140.763000,-183.969000,72.504000,26.55
2.378841,-0.534000,-0.081000,-1.071000,-157.008000,-203.389000,82.794000,26.51
2.385539,-0.519000,-0.237000,-1.101000,-163.328000,-198.779000,101.344000,26.51
2.397226,-0.532000,-0.322000,-1.113000,-166.183000,-192.321000,120.046000,26.65
2.408780,-0.528000,-0.390000,-1.214000,-166.321000,-192.763000,133.847000,26.51
2.415513,-0.514000,-0.446000,-1.292000,-162.443000,-197.557000,143.466000,26.51
2.427469,-0.494000,-0.537000,-1.341000,-153.893000,-202.931000,150.275000,26.55
2.438750,-0.459000,-0.601000,-1.402000,-144.885000,-198.641000,158.611000,26.51
2.445232,-0.431000,-0.541000,-1.488000,-139.985000,-189.267000,164.107000,26.41
2.457024,-0.338000,-0.437000,-1.570000,-135.603000,-192.275000,161.405000,26.55
2.468656,-0.242000,-0.292000,-1.651000,-136.427000,-194.153000,151.786000,26.51
2.475303,-0.171000,-0.168000,-1.679000,-146.565000,-183.954000,136.107000,26.51
2.487197,-0.121000,-0.097000,-1.738000,-157.420000,-184.779000,111.191000,26.65
2.500077,-0.103000,-0.104000,-1.738000,-174.031000,-178.550000,84.672000,26.60
2.507680,-0.092000,-0.192000,-1.815000,-193.267000,-172.840000,57.374000,26.51
2.519311,-0.062000,-0.350000,-1.790000,-211.374000,-164.870000,29.786000,26.55
2.528651,0.009000,-0.510000,-1.743000,-217.756000,-159.389000,-1.298000,26.60
2.535777,0.055000,-0.696000,-1.702000,-211.481000,-154.595000,-29.756000,26.41
2.546870,0.139000,-0.958000,-1.619000,-196.229000,-153.817000,-51.664000,26.55
2.558919,0.200000,-1.147000,-1.482000,-173.481000,-147.008000,-51.863000,26.46
2.566088,0.605000,-1.312000,-1.272000,-100.626000,-76.427000,-75.588000,26.51
2.580231,0.726000,-1.716000,-1.050000,-75.832000,-152.275000,-69.756000,26.55
2.583994,0.844000,-1.878000,-0.829000,-34.031000,-91.756000,-65.618000,26.46
2.596290,1.019000,-1.823000,-0.938000,-5.221000,-8.580000,-17.725000,26.51
2.608495,1.126000,-1.692000,-1.203000,25.328000,-15.634000,17.695000,26.55
2.615399,1.400000,-1.597000,-1.225000,59.740000,9.282000,-11.527000,26.46
2.627562,1.810000,-1.612000,-1.203000,90.550000,10.275000,-60.397000,26.51
2.634378,0.073000,-0.712000,-0.676000,71.740000,-110.076000,-8.656000,26.46
2.646580,-1.934000,0.573000,-1.594000,94.015000,74.977000,123.527000,26.46
2.658623,-0.445000,1.328000,-1.375000,120.901000,353.160000,101.710000,26.51
2.665481,-0.198000,0.537000,-1.632000,49.206000,174.290000,-96.702000,26.55
2.679302,-0.662000,-0.370000,-1.826000,35.435000,122.336000,-123.542000,26.46
2.683117,-0.701000,-0.865000,-2.259000,42.397000,249.527000,-8.229000,26.51
2.695878,-0.885000,-0.161000,-1.352000,59.359000,-22.397000,-30.504000,26.46
2.708031,-0.573000,0.164000,-0.761000,13.389000,97.756000,-43.725000,26.55
2.714860,-0.588000,-0.244000,-0.849000,47.053000,163.740000,-76.366000,26.51
2.726779,-0.752000,-0.169000,-1.366000,56.626000,114.809000,-21.878000,26.55
2.738754,-0.581000,-0.515000,-0.962000,71.191000,67.435000,-15.084000,26.55
2.745466,-0.528000,-0.015000,-0.713000,19.481000,161.557000,-44.275000,26.51
2.757546,-0.533000,-0.048000,-1.029000,45.969000,143.389000,-2.962000,26.55
2.764283,-0.526000,-0.135000,-0.913000,39.756000,61.328000,-22.901000,26.46
2.776461,-0.509000,0.011000,-0.907000,36.977000,48.763000,-12.412000,26.51
2.788777,-0.590000,0.071000,-0.892000,44.076000,21.557000,-9.420000,26.55
2.795412,-0.451000,0.003000,-0.917000,38.855000,34.718000,-17.939000,26.46
2.807792,-0.401000,0.011000,-0.887000,30.412000,57.511000,-14.794000,26.51
2.814530,-0.439000,0.007000,-0.851000,29.802000,60.443000,-13.420000,26.46
2.826647,-0.305000,0.023000,-0.930000,35.328000,53.099000,-12.611000,26.46
2.838774,-0.504000,-0.020000,-0.782000,39.634000,33.313000,-17.481000,26.51
2.845466,-0.508000,0.012000,-0.798000,22.916000,19.725000,-28.611000,26.46
2.857940,-0.365000,-0.011000,-0.822000,28.916000,45.511000,-16.275000,26.55
2.864842,-0.395000,-0.055000,-1.141000,33.145000,42.015000,-10.366000,26.60
2.876666,-0.500000,0.076000,-0.587000,15.603000,32.565000,-17.267000,26.46
2.888738,-0.428000,-0.035000,-0.937000,17.359000,34.015000,-10.824000,26.46
2.895846,-0.420000,-0.058000,-0.727000,0.519000,40.061000,17.817000,26.51
2.907989,-0.423000,-0.171000,-0.929000,23.145000,26.840000,-3.573000,26.46
2.915236,-0.315000,0.003000,-1.156000,-12.443000,8.580000,-3.786000,26.55
2.927250,-0.390000,-0.057000,-0.866000,18.534000,9.847000,-3.038000,26.51
2.934844,-0.465000,-0.099000,-0.915000,2.885000,1.115000,-1.038000,26.46
2.946306,-0.367000,-0.063000,-0.695000,20.840000,60.947000,-8.626000,26.55
2.958446,-0.400000,-0.315000,-0.808000,56.244000,46.473000,-9.679000,26.60
2.965394,-0.388000,-0.178000,-0.824000,45.832000,64.947000,-25.053000,26.46
2.977319,-0.385000,-0.055000,-0.919000,53.176000,69.328000,-41.298000,26.65
2.983313,-0.407000,-0.038000,-0.879000,52.351000,52.031000,-33.985000,26.51
2.996430,-0.379000,-0.022000,-0.918000,53.206000,79.786000,-63.588000,26.55
3.008266,-0.392000,-0.022000,-0.881000,60.427000,99.359000,-77.710000,26.65
3.015250,-0.231000,-0.197000,-0.988000,51.847000,121.481000,-53.740000,26.51
3.027240,-0.344000,-0.187000,-0.999000,55.344000,88.031000,-50.031000,26.55
3.038868,-0.267000,-0.135000,-0.971000,51.389000,110.489000,-48.443000,26.55
3.045968,-0.307000,-0.130000,-0.975000,46.107000,95.130000,-25.511000,26.60
3.057781,-0.297000,-0.102000,-0.992000,50.779000,96.626000,-26.122000,26.55
3.064731,-0.279000,-0.490000,-0.902000,144.809000,74.290000,-34.947000,26.46
3.076859,-0.289000,-0.013000,-1.218000,52.779000,42.931000,5.618000,26.41
3.088645,-0.284000,-0.408000,-0.997000,31.618000,119.863000,-8.672000,26.55
3.095819,-0.417000,-0.157000,-1.039000,24.656000,106.168000,-0.794000,26.46
3.107731,-0.268000,-0.373000,-1.001000,25.282000,77.053000,-15.786000,26.60
3.114688,-0.364000,-0.198000,-1.064000,17.740000,62.977000,-30.260000,26.55
3.126776,-0.511000,-0.167000,-1.036000,7.542000,43.282000,7.374000,26.55
3.139146,-0.468000,-0.157000,-1.149000,2.992000,48.901000,9.420000,26.51
3.145965,-0.776000,-0.026000,-1.197000,-33.466000,34.534000,33.908000,26.46
3.158062,-0.817000,-0.049000,-1.269000,-41.191000,36.779000,28.534000,26.46
3.164947,-1.095000,0.099000,-1.055000,-26.840000,98.718000,62.962000,26.51
3.176744,-0.969000,0.383000,-1.063000,-24.397000,134.595000,-61.634000,26.55
3.188723,-1.168000,-0.540000,-1.028000,3.069000,99.496000,-108.427000,26.55
3.195560,-1.124000,-0.786000,-2.204000,97.847000,291.649000,-75.939000,26.51
3.207706,-0.538000,-0.457000,-1.862000,99.939000,158.000000,-19.435000,26.55
3.213069,-0.499000,-0.128000,-1.504000,100.031000,210.046000,-37.802000,26.46
3.226190,-0.559000,-0.263000,-1.980000,110.031000,228.748000,-29.328000,26.51
3.238118,-1.584000,0.538000,-1.743000,113.634000,216.885000,27.527000,26.55
3.245042,-2.986000,1.098000,-0.182000,46.702000,-45.985000,63.878000,26.55
3.257244,-2.916000,0.497000,0.583000,63.832000,-189.389000,1.221000,26.60
3.263084,-2.695000,0.648000,0.542000,38.947000,-45.038000,87.817000,26.46
3.276009,-2.181000,1.568000,0.213000,-31.069000,-111.359000,162.794000,26.55
3.288017,-1.720000,0.900000,0.476000,33.695000,-130.458000,164.763000,26.51
3.295065,-1.606000,1.065000,0.052000,1.389000,-181.176000,84.336000,26.46
3.307226,-1.097000,1.313000,-0.004000,2.168000,-165.145000,66.366000,26.51
3.319175,-0.674000,0.530000,-0.783000,-128.305000,-193.954000,49.130000,26.51
3.326203,0.038000,0.129000,-2.727000,-93.634000,-91.985000,90.672000,26.46
3.338410,0.821000,0.103000,-4.000000,-221.038000,-99.511000,1.832000,26.51
3.344878,0.201000,0.024000,-1.704000,-200.321000,-414.534000,-7.878000,26.41
3.356812,1.173000,-1.510000,-1.723000,-95.130000,-276.748000,30.260000,26.46
3.368620,0.711000,-0.806000,-2.296000,-171.374000,-291.389000,67.527000,26.60
3.375341,1.705000,-0.622000,-1.696000,-135.374000,-202.427000,-31.206000,26.51
3.387056,1.916000,-1.379000,-2.201000,-116.504000,-208.427000,-90.489000,26.46
3.398990,2.767000,-2.038000,-2.170000,-114.641000,-199.176000,-270.321000,26.51
3.405293,3.508000,-2.046000,-2.435000,-196.718000,-173.145000,-362.626000,26.51
3.417385,1.957000,-2.318000,-1.454000,-42.779000,-208.290000,122.611000,26.46
3.428789,1.120000,-1.715000,-1.082000,-21.221000,-110.473000,500.260000,26.46
3.435847,-0.564000,-0.382000,-0.666000,-33.863000,-93.466000,404.153000,26.51
3.447799,2.357000,-0.785000,-1.240000,-75.313000,-66.840000,-67.023000,26.37
3.454480,1.140000,-1.451000,-1.602000,-41.939000,-12.092000,-101.634000,26.55
3.466333,1.731000,-1.385000,-2.137000,-57.069000,20.397000,-54.214000,26.41
3.478553,1.743000,-1.091000,-2.122000,-17.542000,16.427000,128.626000,26.55
3.485185,-0.481000,0.666000,-0.891000,-45.099000,-112.809000,109.206000,26.55
3.497256,0.119000,0.482000,-0.520000,52.565000,54.641000,44.687000,26.41
3.504081,-0.625000,-0.106000,-1.229000,6.275000,10.702000,-28.611000,26.55
3.516361,-0.629000,0.052000,-0.707000,17.588000,-31.389000,9.618000,26.46
3.528255,-0.611000,0.101000,-0.818000,10.504000,14.458000,-40.382000,26.60
3.535210,-0.694000,-0.188000,-0.816000,2.351000,-0.733000,-22.748000,26.37
3.547338,-0.604000,-0.090000,-0.825000,-6.656000,21.099000,18.366000,26.46
3.553930,-0.719000,-0.159000,-0.786000,-12.229000,33.206000,57.359000,26.51
3.566220,-0.556000,-0.046000,-0.836000,-11.908000,11.160000,49.420000,26.46
3.578395,-0.512000,0.020000,-0.813000,-5.023000,6.107000,38.031000,26.46
3.585425,-0.428000,-0.001000,-0.834000,2.107000,12.489000,16.321000,26.51
3.597741,-0.412000,0.036000,-0.874000,7.695000,8.519000,-4.779000,26.46
3.604683,-0.454000,-0.040000,-0.848000,14.580000,5.237000,-20.366000,26.46
3.616733,-0.510000,-0.090000,-0.847000,10.901000,2.458000,-10.962000,26.51
3.628903,-0.458000,-0.053000,-0.826000,11.939000,2.687000,-4.947000,26.55
3.635965,-0.432000,-0.022000,-0.847000,16.626000,4.702000,-11.023000,26.55
3.647976,-0.515000,-0.021000,-0.867000,15.069000,-4.840000,-7.725000,26.41
3.655034,-0.539000,-0.018000,-0.778000,18.473000,5.160000,-20.321000,26.46
3.667000,-0.563000,-0.069000,-0.905000,17.588000,7.160000,-28.519000,26.46
3.672973,-0.556000,-0.095000,-0.799000,17.817000,13.573000,-10.504000,26.51
3.686466,-0.488000,-0.090000,-0.893000,8.183000,2.626000,-12.962000,26.46
3.698562,-0.473000,-0.055000,-0.854000,8.046000,4.260000,-7.588000,26.55
3.705256,-0.579000,-0.011000,-0.664000,-4.733000,-4.748000,-18.458000,26.51
3.717236,-0.364000,-0.071000,-0.955000,4.534000,11.237000,-23.359000,26.46
3.724509,-0.500000,-0.066000,-0.857000,3.069000,23.008000,-3.924000,26.55
3.736818,-0.493000,-0.019000,-0.823000,12.718000,13.466000,11.069000,26.51
3.748691,-0.497000,0.024000,-0.827000,11.740000,11.084000,-29.328000,26.46
3.755663,-0.572000,-0.075000,-0.815000,8.366000,25.649000,-25.863000,26.41
3.768055,-0.548000,-0.121000,-0.830000,14.916000,26.046000,7.603000,26.41
3.774973,-0.497000,-0.058000,-0.802000,12.672000,34.397000,-7.969000,26.37
3.787001,-0.490000,-0.169000,-0.796000,-3.511000,59.649000,-0.443000,26.51
3.799020,-0.521000,-0.217000,-0.848000,19.130000,26.427000,75.130000,26.51
3.806091,-0.428000,-0.068000,-0.834000,16.992000,23.542000,94.565000,26.55
3.818283,-0.391000,-0.030000,-0.847000,9.863000,30.351000,43.344000,26.51
3.825315,-0.467000,-0.051000,-0.880000,3.115000,32.305000,5.405000,26.51
3.837561,-0.504000,-0.128000,-0.905000,1.267000,22.015000,11.466000,26.46
3.844280,-0.438000,-0.078000,-0.908000,-6.122000,37.328000,26.809000,26.51
3.856562,-0.659000,0.012000,-0.960000,17.084000,4.809000,94.168000,26.51
3.868807,-0.501000,0.009000,-0.855000,14.000000,5.359000,131.634000,26.46
3.876026,-0.218000,0.092000,-0.890000,8.947000,8.412000,73.344000,26.51
3.888253,-0.435000,0.020000,-0.866000,6.427000,-3.985000,12.153000,26.41
3.895283,-0.506000,0.015000,-0.878000,10.107000,9.374000,0.412000,26.55
3.907576,-0.482000,-0.047000,-0.847000,4.122000,10.000000,14.061000,26.51
3.914788,-0.563000,-0.039000,-0.852000,7.603000,-8.382000,-2.656000,26.51
3.926800,-0.523000,-0.011000,-0.782000,11.435000,11.405000,9.038000,26.55
3.938994,-0.508000,-0.045000,-0.909000,15.053000,14.198000,10.336000,26.60
3.945907,-0.501000,-0.047000,-0.831000,19.221000,15.679000,13.847000,26.41
3.958106,-0.519000,-0.021000,-0.858000,21.298000,16.565000,25.878000,26.46
3.965190,-0.521000,0.012000,-0.829000,26.702000,22.824000,26.595000,26.46
3.977247,-0.513000,0.058000,-0.892000,33.511000,41.740000,24.870000,26.51
3.989271,-0.574000,0.186000,-0.854000,48.977000,49.084000,49.664000,26.46
3.996230,-0.584000,0.154000,-0.836000,53.176000,52.763000,53.939000,26.37
4.008693,-0.583000,0.041000,-0.741000,58.000000,47.954000,72.046000,26.51
4.015157,-0.510000,0.335000,-0.816000,72.382000,50.779000,101.740000,26.46
4.027274,-0.659000,0.637000,-0.791000,53.267000,-9.145000,130.824000,26.55
4.034410,-0.669000,0.826000,-0.718000,29.435000,-57.435000,121.740000,26.51
4.046443,-0.571000,0.716000,-0.483000,5.542000,-71.649000,51.634000,26.37
4.058273,-0.357000,0.339000,-0.643000,-12.290000,-33.466000,-66.046000,26.51
4.064986,-0.336000,-0.416000,-1.027000,-12.794000,-14.733000,-67.099000,26.60
4.076849,-0.600000,0.104000,-0.245000,-64.305000,-112.153000,50.305000,26.46
4.089314,0.221000,-1.640000,-2.260000,-37.145000,6.550000,-51.038000,26.51
4.095965,0.165000,-0.429000,-0.883000,-56.092000,-31.191000,-79.130000,26.51
4.108250,0.157000,-0.544000,-1.640000,-104.000000,-54.534000,86.656000,26.46
4.119645,-0.088000,-0.811000,-0.469000,-27.023000,-141.191000,-359.374000,26.60
4.125952,-1.603000,-0.155000,-0.288000,-64.718000,13.466000,-338.763000,26.51
4.137883,-0.603000,-0.728000,-0.627000,-4.473000,49.588000,-49.237000,26.46
4.144745,-0.991000,-0.195000,-0.866000,3.863000,-11.389000,146.168000,26.51
4.156929,-0.707000,0.046000,-0.949000,19.374000,23.511000,268.198000,26.51
4.168964,-0.410000,-0.114000,-0.769000,11.542000,-29.634000,258.397000,26.46
4.175988,-0.479000,0.442000,-1.047000,28.962000,24.840000,218.992000,26.51
4.187999,-0.301000,0.244000,-1.028000,25.206000,-16.718000,148.061000,26.51
4.194921,-0.245000,0.377000,-0.720000,28.275000,14.382000,26.962000,26.55
4.207307,-0.317000,0.146000,-0.914000,11.725000,23.939000,-70.992000,26.41
4.218915,-0.437000,-0.046000,-0.798000,10.244000,33.542000,-111.160000,26.51
4.225977,-0.598000,-0.077000,-0.788000,14.489000,44.107000,-90.748000,26.46
4.238072,-0.701000,-0.029000,-0.904000,6.763000,66.656000,-25.817000,26.41
4.245159,-1.016000,-0.192000,-0.877000,62.061000,14.229000,204.122000,26.51
4.257282,-0.722000,0.055000,-1.033000,81.145000,3.893000,297.710000,26.46
4.269098,-0.277000,0.027000,-1.290000,119.832000,73.924000,170.351000,26.51
4.275986,-0.223000,0.468000,-0.875000,64.214000,-9.328000,158.427000,26.41
4.288368,-0.628000,1.001000,-0.805000,16.382000,12.458000,52.550000,26.46
4.295291,-0.883000,1.131000,-0.373000,1.069000,-31.267000,45.527000,26.41
4.307437,-1.360000,1.294000,-0.201000,-3.588000,-43.740000,120.504000,26.51
4.319161,-1.229000,1.434000,-0.143000,-44.794000,-36.931000,108.870000,26.55
4.326008,-1.103000,1.504000,-0.409000,-79.863000,-33.863000,63.527000,26.41
4.337955,-1.039000,1.300000,-0.640000,-104.122000,-48.366000,62.977000,26.51
4.344819,-0.833000,1.139000,-0.929000,-121.878000,-70.092000,130.550000,26.55
4.356636,-0.525000,0.933000,-1.197000,-118.260000,-89.527000,150.122000,26.41
4.368723,-0.005000,0.623000,-1.415000,-143.252000,-64.519000,107.038000,26.46
4.375296,0.168000,-0.361000,-1.056000,-90.748000,20.229000,-121.588000,26.51
4.387218,0.929000,-0.396000,-1.161000,-109.511000,182.702000,-311.237000,26.41
4.399126,0.762000,-0.575000,-1.242000,-259.954000,158.015000,112.336000,26.55
4.405550,-2.240000,-1.878000,-0.753000,-146.809000,5.374000,-500.275000,26.46
4.417376,-1.472000,-0.988000,-0.526000,-103.603000,-5.389000,-309.588000,26.41
4.423242,-1.573000,-0.877000,-0.633000,-6.351000,-54.611000,98.168000,26.46
4.436016,-1.113000,-0.567000,-0.728000,26.641000,-65.771000,332.504000,26.51
4.448044,-0.625000,-0.267000,-0.807000,33.573000,-50.229000,369.344000,26.51
4.454869,-0.406000,-0.080000,-0.939000,40.611000,-34.305000,364.076000,26.46
4.466939,-0.300000,0.131000,-0.904000,19.466000,-42.580000,340.687000,26.46
4.479031,0.095000,0.035000,-0.895000,21.481000,-37.389000,281.695000,26.51
4.485827,0.382000,-0.053000,-0.909000,11.359000,22.382000,113.160000,26.55
4.498115,0.424000,-0.275000,-1.077000,-10.015000,66.107000,-91.160000,26.41
4.504814,0.376000,-0.682000,-1.203000,-8.656000,82.412000,-227.405000,26.51
4.516848,0.134000,-0.938000,-1.538000,-12.809000,86.855000,-274.809000,26.37
4.528685,0.020000,-0.964000,-1.557000,-14.733000,52.321000,-108.779000,26.46
4.535633,-0.083000,-1.039000,-1.676000,40.550000,25.191000,74.046000,26.51
4.547657,-0.820000,0.015000,-0.517000,69.191000,-67.389000,229.817000,26.46
4.554451,0.276000,0.517000,-0.255000,111.176000,-40.763000,197.573000,26.51
4.566742,-0.253000,0.709000,-0.635000,86.947000,68.962000,42.824000,26.51
4.578699,-0.593000,0.733000,-0.333000,14.992000,-49.496000,-80.641000,26.46
4.585600,-0.218000,-0.912000,-2.917000,27.908000,74.305000,-244.382000,26.46
4.597653,-0.187000,0.179000,-0.870000,-9.252000,84.855000,-353.786000,26.41
4.604455,-0.812000,0.096000,-0.674000,-9.954000,90.565000,-369.542000,26.46
4.616315,-0.917000,-0.134000,-0.843000,47.282000,70.489000,-152.656000,26.60
4.628277,-0.751000,-0.163000,-0.982000,44.870000,40.901000,-54.840000,26.41
4.635466,-0.746000,-0.052000,-0.765000,44.290000,41.740000,29.038000,26.55
4.647158,-0.588000,0.030000,-0.866000,45.588000,44.855000,73.038000,26.55
4.654376,-0.564000,0.081000,-0.838000,46.565000,30.244000,86.779000,26.51
4.666382,-0.342000,0.193000,-0.851000,37.237000,45.023000,41.817000,26.37
4.678666,-0.403000,0.108000,-0.925000,29.649000,47.511000,9.939000,26.60
4.685663,-0.318000,0.214000,-0.946000,19.756000,20.901000,-14.275000,26.51
4.697587,-0.381000,0.207000,-0.865000,10.244000,41.496000,-29.557000,26.37
4.704674,-0.430000,0.260000,-0.829000,16.733000,16.489000,13.176000,26.51
4.717035,-0.387000,0.189000,-0.883000,17.252000,31.298000,-7.817000,26.51
4.729202,-0.411000,0.093000,-0.953000,12.779000,17.710000,-38.061000,26.46
4.735844,-0.437000,0.096000,-0.892000,10.489000,20.641000,-42.305000,26.51
4.748076,-0.461000,0.050000,-0.917000,8.672000,15.695000,-30.107000,26.51
4.755148,-0.322000,0.089000,-1.059000,9.832000,8.366000,-12.366000,26.46
4.767575,-0.478000,0.100000,-0.919000,8.244000,2.962000,9.542000,26.51
4.774950,-0.440000,0.084000,-0.876000,10.885000,8.992000,20.656000,26.41
4.787080,-0.377000,0.109000,-0.864000,12.870000,2.779000,11.573000,26.46
4.799065,-0.390000,0.093000,-0.863000,14.870000,11.038000,-5.573000,26.51
4.806212,-0.412000,0.127000,-0.838000,17.053000,11.908000,-8.992000,26.41
4.818631,-0.412000,0.112000,-0.870000,23.756000,14.840000,-14.137000,26.46
4.825450,-0.418000,0.091000,-0.846000,33.420000,8.977000,-11.008000,26.51
4.837403,-0.366000,0.074000,-0.881000,33.405000,15.099000,-28.748000,26.32
4.844526,-0.410000,0.086000,-0.864000,44.092000,15.603000,-33.481000,26.55
4.856495,-0.238000,0.123000,-1.102000,49.130000,17.740000,-34.885000,26.51
4.868609,-0.390000,0.068000,-0.877000,53.985000,22.611000,-55.649000,26.41
4.875670,-0.409000,0.007000,-0.861000,60.397000,28.046000,-77.664000,26.46
4.887793,-0.417000,0.048000,-0.882000,78.031000,51.389000,-94.412000,26.60
4.894698,-0.412000,-0.068000,-0.907000,80.137000,52.229000,-90.656000,26.51
4.906746,-0.324000,-0.102000,-0.899000,81.588000,49.252000,-70.931000,26.55
4.918400,-0.325000,-0.013000,-0.810000,84.763000,50.870000,-77.511000,26.51
4.925447,-0.387000,-0.023000,-0.972000,82.504000,48.763000,-85.985000,26.51
4.937564,-0.359000,-0.104000,-0.894000,81.466000,34.305000,-93.328000,26.46
4.943240,-0.357000,-0.093000,-0.925000,69.664000,38.321000,-118.977000,26.51
4.956132,-0.393000,-0.096000,-0.890000,73.756000,41.908000,-131.053000,26.51
4.968014,-0.436000,-0.155000,-0.928000,60.427000,33.374000,-127.771000,26.46
4.974980,-0.448000,-0.154000,-0.986000,56.595000,38.489000,-123.328000,26.51
4.986743,-0.494000,-0.164000,-0.987000,45.985000,29.603000,-90.076000,26.51
4.999216,-0.586000,-0.275000,-1.009000,36.183000,27.588000,-37.084000,26.37
5.006354,-0.445000,-0.157000,-0.995000,14.763000,38.153000,-20.580000,26.51
5.018088,-0.479000,-0.173000,-1.033000,3.191000,33.817000,-2.519000,26.51
5.024870,-0.519000,-0.188000,-0.989000,-13.450000,29.206000,13.420000,26.55
5.036568,-0.582000,-0.105000,-1.035000,-19.221000,30.305000,17.649000,26.51
5.052200,-0.583000,-0.082000,-0.962000,-11.924000,35.756000,60.427000,26.41
5.057954,-0.627000,-0.142000,-0.971000,-24.122000,27.374000,90.763000,26.46
5.067812,-0.359000,-0.177000,-1.165000,22.321000,68.015000,126.000000,26.51
5.074232,-0.173000,-0.236000,-1.889000,78.336000,156.702000,130.000000,26.51
5.086799,-0.266000,-0.085000,-1.397000,32.046000,57.435000,139.710000,26.37
5.098287,-0.703000,0.697000,-1.862000,95.832000,173.847000,159.634000,26.51
5.104960,-0.407000,-0.052000,-1.172000,21.542000,27.695000,100.641000,26.51
5.117280,-0.785000,0.253000,-1.146000,88.733000,107.069000,50.336000,26.46
5.124061,-0.549000,0.040000,-1.029000,121.924000,95.557000,-69.008000,26.51
5.135725,-0.920000,0.050000,-1.208000,134.733000,126.351000,-197.527000,26.41
5.147795,-1.249000,-0.184000,-1.155000,180.840000,254.626000,-232.656000,26.46
5.154243,-1.108000,-0.004000,-2.388000,122.931000,153.969000,-30.168000,26.41
5.166304,-0.647000,-0.150000,-1.481000,189.466000,45.145000,61.237000,26.41
5.178542,-0.822000,0.760000,-2.658000,213.252000,125.221000,53.802000,26.55
5.184995,-0.350000,0.612000,-1.879000,238.412000,132.840000,-43.252000,26.51
5.196941,-0.688000,0.520000,-0.968000,100.397000,132.168000,-170.504000,26.51
5.209000,-0.097000,-0.221000,-0.797000,110.901000,95.084000,-270.794000,26.46
5.215628,-1.431000,0.618000,-1.281000,128.076000,175.893000,-353.832000,26.51
5.227612,-1.449000,0.408000,-1.181000,58.855000,106.351000,-169.435000,26.51
5.234695,-1.810000,0.740000,-1.123000,58.122000,-2.519000,72.076000,26.46
5.246536,-0.498000,0.487000,-0.246000,9.359000,-72.046000,209.847000,26.51
5.258640,-0.472000,0.434000,-0.016000,50.992000,-126.840000,241.023000,26.51
5.265512,-0.272000,0.666000,-0.330000,1.511000,-116.229000,186.443000,26.46
5.277702,-0.100000,0.564000,-0.222000,-4.321000,-94.183000,106.076000,26.51
5.284843,-0.085000,0.688000,-0.391000,-30.015000,-66.122000,23.740000,26.41
5.296457,-0.295000,0.561000,-0.472000,-39.832000,-75.130000,23.817000,26.37
5.308367,-0.262000,0.576000,-0.594000,-62.137000,-78.061000,58.076000,26.46
5.317647,-0.227000,0.629000,-0.685000,-79.176000,-82.382000,63.802000,26.51
5.327286,-0.193000,0.634000,-0.843000,-107.115000,-81.863000,44.198000,26.46
5.339158,-0.250000,0.566000,-0.934000,-136.656000,-76.840000,13.664000,26.51
5.346062,-0.103000,0.203000,-1.181000,-155.405000,-94.046000,-23.863000,26.41
5.357697,-0.459000,0.767000,-0.946000,-156.214000,-126.489000,64.473000,26.55
5.365149,-0.239000,0.229000,-0.891000,-210.794000,-118.046000,72.977000,26.46
5.376656,-0.065000,0.280000,-0.851000,-207.405000,-119.557000,32.458000,26.51
5.388437,-0.081000,0.217000,-0.849000,-204.931000,-84.168000,-2.962000,26.46
5.395142,-0.197000,0.008000,-0.960000,-216.595000,-82.183000,-12.855000,26.51
5.406874,-0.377000,-0.153000,-1.065000,-216.321000,-80.626000,37.389000,26.41
5.418767,-0.344000,-0.173000,-1.236000,-221.695000,-91.053000,88.137000,26.46
5.425292,-0.302000,-0.181000,-1.415000,-218.092000,-91.985000,90.824000,26.46
5.437299,-0.312000,-0.241000,-1.567000,-222.305000,-99.817000,87.466000,26.51
5.449138,-0.233000,-0.249000,-1.646000,-226.763000,-113.359000,72.763000,26.46
5.455707,-0.166000,-0.260000,-1.760000,-234.626000,-116.641000,56.443000,26.51
5.467947,-0.065000,-0.288000,-1.711000,-232.534000,-109.756000,48.824000,26.51
5.479145,-0.040000,-0.360000,-1.608000,-223.084000,-109.420000,55.206000,26.46
5.485832,0.031000,-0.421000,-1.539000,-223.832000,-105.969000,37.069000,26.46
5.497350,0.060000,-0.424000,-1.364000,-223.893000,-87.008000,-4.947000,26.51
5.504280,-0.082000,-0.464000,-1.392000,-214.931000,-78.321000,-41.420000,26.55
5.516253,-0.347000,-0.659000,-1.329000,-202.809000,-80.336000,-18.412000,26.51
5.527868,-0.252000,-0.424000,-1.338000,-187.664000,-74.733000,-57.069000,26.60
5.534426,-0.444000,-0.478000,-1.307000,-177.176000,-72.321000,-100.229000,26.46
5.554881,-0.559000,-0.510000,-1.314000,-155.756000,-71.053000,-111.679000,26.46
5.557671,-0.737000,-0.614000,-1.297000,-128.977000,-78.137000,-76.641000,26.51
5.564091,-0.788000,-0.610000,-1.272000,-102.916000,-91.466000,35.053000,26.46
5.576217,-0.569000,-0.452000,-1.169000,-81.466000,-103.893000,143.313000,26.41
5.587895,-0.325000,-0.271000,-1.062000,-66.366000,-102.412000,149.588000,26.51
5.594870,-0.221000,-0.216000,-1.103000,-65.053000,-80.947000,112.702000,26.46
5.606803,-0.185000,-0.249000,-1.125000,-59.695000,-71.191000,92.061000,26.46
5.618515,-0.151000,-0.283000,-1.155000,-55.511000,-67.908000,114.000000,26.41
5.625158,-0.063000,-0.296000,-1.140000,-56.565000,-64.061000,124.885000,26.46
5.637144,0.030000,-0.313000,-1.061000,-48.229000,-44.519000,126.550000,26.51
5.649084,0.123000,-0.389000,-1.211000,-40.687000,-50.718000,134.748000,26.51
5.656070,0.596000,-0.797000,-1.113000,-39.145000,-87.603000,91.817000,26.46
5.668129,0.511000,-0.634000,-0.905000,-43.985000,-55.679000,8.626000,26.37
5.675132,0.627000,-0.938000,-1.206000,-35.679000,28.214000,-60.351000,26.41
5.686972,0.493000,-0.963000,-1.283000,-56.397000,34.336000,-40.427000,26.46
5.699078,1.297000,-0.702000,-3.537000,79.557000,364.122000,133.618000,26.51
5.706243,0.276000,-0.873000,-0.703000,-171.511000,0.305000,311.252000,26.41
5.718322,0.562000,-1.928000,-2.128000,211.954000,343.496000,82.168000,26.46
5.724765,-0.586000,-1.076000,-1.078000,188.122000,165.176000,-133.145000,26.46
5.736521,-2.059000,2.721000,-0.999000,190.580000,87.084000,215.130000,26.41
5.748487,-0.570000,1.229000,-1.656000,173.191000,163.023000,154.137000,26.46
5.754966,-0.062000,-0.416000,-0.230000,120.962000,134.519000,-279.237000,26.51
5.766749,-1.408000,0.987000,-1.451000,172.962000,78.718000,-107.038000,26.51
5.778962,-0.692000,0.065000,-0.766000,164.885000,118.809000,0.000000,26.41
5.785904,-0.581000,0.188000,-1.010000,164.351000,167.282000,73.939000,26.37
5.797908,-0.500000,0.343000,-1.156000,183.695000,122.550000,124.687000,26.41
5.804776,-0.271000,0.237000,-1.098000,146.397000,107.756000,54.779000,26.41
5.817133,-0.394000,0.143000,-0.707000,133.908000,89.038000,42.855000,26.41
5.828900,-0.086000,0.211000,-1.024000,105.237000,70.412000,26.672000,26.51
5.836173,-0.158000,0.222000,-1.171000,67.557000,46.473000,12.458000,26.41
5.848124,-0.099000,0.331000,-1.264000,57.573000,30.534000,0.031000,26.46
5.855294,-0.262000,0.404000,-0.852000,64.595000,43.099000,12.809000,26.51
5.867802,-0.275000,0.224000,-1.090000,29.817000,27.313000,41.756000,26.41
5.874612,-0.208000,0.179000,-1.063000,22.763000,-10.031000,62.977000,26.51
5.886643,-0.095000,0.344000,-1.018000,-27.099000,-20.519000,38.000000,26.41
5.899046,-0.036000,0.276000,-0.934000,10.718000,16.000000,-6.443000,26.41
5.906045,-0.255000,0.167000,-0.880000,8.397000,-9.084000,-7.985000,26.37
5.918291,-0.962000,0.336000,-1.346000,-24.244000,-13.191000,271.405000,26.41
5.924941,0.189000,0.236000,-0.883000,6.412000,-0.733000,156.656000,26.32
5.937152,-0.092000,0.186000,-0.932000,5.344000,-6.366000,130.626000,26.37
5.949297,0.026000,0.291000,-0.909000,10.916000,-2.321000,47.771000,26.41
5.956185,-0.070000,0.315000,-0.917000,20.794000,-1.649000,-38.229000,26.41
5.968279,-0.173000,0.190000,-0.899000,23.435000,1.130000,-53.282000,26.37
5.975381,-0.198000,0.219000,-0.891000,26.504000,4.748000,-46.015000,26.41
5.987525,-0.198000,0.231000,-0.899000,40.702000,5.405000,-51.924000,26.51
5.994716,-0.243000,0.253000,-0.887000,43.878000,7.267000,-36.595000,26.46
6.006790,-0.108000,0.219000,-0.879000,60.641000,15.298000,-30.641000,26.41
6.018645,-0.146000,0.267000,-0.933000,66.870000,21.313000,-69.557000,26.51
6.025572,-0.135000,0.207000,-0.917000,76.702000,27.695000,-98.046000,26.37
6.037760,-0.245000,0.158000,-0.905000,88.504000,43.573000,-121.557000,26.41
6.044566,-0.344000,0.098000,-0.942000,102.824000,37.344000,-70.824000,26.41
6.056832,-0.355000,0.145000,-0.930000,104.809000,46.351000,1.359000,26.51
6.068606,-0.167000,0.196000,-0.973000,109.710000,34.718000,-8.534000,26.51
6.075634,-0.109000,0.129000,-1.052000,123.130000,36.748000,-44.626000,26.46
6.087719,-0.189000,0.152000,-0.953000,132.198000,43.435000,-61.573000,26.37
6.094391,-0.240000,0.181000,-1.123000,114.595000,24.427000,-50.702000,26.32
6.106644,-0.154000,-0.036000,-1.061000,91.420000,4.046000,-48.626000,26.46
6.118302,-0.349000,-0.027000,-0.744000,159.893000,44.244000,-21.008000,26.51
6.125289,-0.362000,-0.024000,-1.022000,132.366000,51.710000,-20.305000,26.51
6.137584,-0.181000,0.127000,-1.086000,110.275000,51.206000,-7.359000,26.55
6.144404,-0.255000,0.004000,-1.068000,111.420000,38.275000,-43.038000,26.37
6.156476,-0.357000,-0.028000,-1.147000,101.359000,36.626000,-30.061000,26.51
6.168162,-0.364000,0.120000,-1.197000,87.618000,42.351000,-26.015000,26.37
6.175566,-0.307000,0.173000,-1.091000,72.473000,26.504000,-35.267000,26.41
6.187310,-0.408000,0.198000,-1.180000,39.756000,11.176000,-32.260000,26.41
6.194300,-0.302000,0.417000,-1.227000,28.122000,-2.626000,-30.015000,26.37
6.206676,-0.313000,0.407000,-1.364000,6.519000,36.534000,-53.817000,26.46
6.218620,-0.340000,0.643000,-1.253000,18.550000,59.176000,31.649000,26.41
6.225546,-0.312000,0.369000,-1.179000,91.099000,55.832000,273.298000,26.46
6.237750,-4.000000,2.112000,0.443000,3.527000,-39.420000,-50.397000,26.51
6.244553,-1.373000,0.608000,-1.928000,131.420000,39.939000,-81.786000,26.41
6.257105,-0.663000,0.554000,-1.791000,146.031000,-14.214000,-39.069000,26.46
6.268243,-0.321000,0.330000,-1.414000,213.405000,58.427000,-27.634000,26.46
6.275088,-0.480000,0.392000,-2.344000,149.710000,-93.740000,73.069000,26.41
6.287331,-0.057000,0.228000,-1.711000,253.893000,6.443000,117.908000,26.37
6.294098,-0.378000,0.994000,-2.523000,191.527000,-4.092000,-12.687000,26.41
6.306465,-1.110000,2.158000,-0.859000,48.168000,6.870000,-67.420000,26.51
6.318196,-0.351000,0.909000,-0.612000,-26.611000,194.824000,-84.733000,26.46
6.325121,-0.234000,0.095000,-0.968000,-179.145000,14.824000,458.641000,26.46
6.337226,-0.097000,0.557000,0.077000,-58.595000,-355.802000,500.260000,26.41
6.348765,-0.094000,-0.217000,0.810000,167.588000,-249.328000,500.260000,26.46
6.355933,1.626000,0.958000,0.538000,5.069000,-35.206000,357.756000,26.41
6.368037,0.661000,1.238000,-1.017000,-109.374000,46.641000,77.053000,26.41
6.375200,-0.022000,0.685000,-0.636000,-116.504000,250.565000,24.641000,26.46
6.386781,0.134000,1.488000,-0.436000,-142.076000,-129.832000,222.031000,26.27
6.398875,1.045000,1.021000,-0.955000,-240.275000,-1.344000,142.794000,26.51
6.405667,0.470000,0.759000,-0.448000,-237.405000,65.863000,14.458000,26.46
6.418127,0.124000,0.967000,-0.706000,-226.763000,54.244000,68.550000,26.41
6.424845,0.533000,0.634000,-0.886000,-234.855000,63.863000,26.947000,26.41
6.436929,0.351000,0.666000,-0.977000,-245.282000,106.947000,-86.122000,26.46
6.448884,0.114000,0.726000,-1.166000,-275.359000,113.710000,-113.542000,26.37
6.455450,0.104000,0.674000,-1.248000,-308.321000,87.405000,-32.473000,26.41
6.467654,0.142000,0.646000,-1.448000,-327.542000,93.649000,6.046000,26.46
6.474732,0.151000,0.330000,-2.555000,-286.763000,113.664000,6.748000,26.41
6.486571,-0.438000,0.336000,-1.639000,-377.206000,44.382000,-28.458000,26.51
6.498585,-0.520000,0.132000,-1.226000,-368.550000,85.817000,-65.756000,26.46
6.505027,-0.475000,0.044000,-1.589000,-364.168000,83.695000,-107.313000,26.46
6.516937,-0.384000,-0.093000,-1.832000,-361.573000,79.893000,-138.412000,26.51
6.528611,-0.509000,-0.415000,-1.980000,-308.931000,35.130000,-145.130000,26.37
6.535508,-0.268000,-0.726000,-2.071000,-256.153000,40.229000,9.008000,26.41
6.547686,0.007000,-0.738000,-1.646000,-232.748000,75.924000,165.893000,26.41
6.559196,-0.451000,-1.013000,-1.625000,-144.916000,-41.176000,150.427000,26.46
6.565816,-0.261000,-1.248000,-2.072000,-348.198000,128.427000,-403.145000,26.41
6.577438,-0.049000,-1.820000,-1.818000,-230.763000,76.702000,-211.664000,26.41
6.589098,-0.270000,-1.574000,-4.000000,-452.427000,157.267000,-169.710000,26.46
6.596029,-0.438000,-2.146000,-3.607000,-402.748000,83.817000,330.809000,26.51
6.607813,-0.875000,-3.112000,-3.221000,-330.366000,-192.534000,485.542000,26.41
6.614558,-0.097000,-4.000000,-4.000000,-69.328000,-423.573000,480.550000,26.46
6.626164,0.819000,-2.881000,-4.000000,-252.870000,15.740000,-333.344000,26.41
6.638100,-0.178000,-3.056000,2.069000,380.489000,-133.344000,216.107000,26.41
6.644798,-1.457000,-1.406000,3.463000,500.260000,-173.038000,35.908000,26.37
6.656743,1.119000,-1.444000,-4.000000,500.260000,-121.359000,-457.099000,26.41
6.668325,-2.383000,4.000000,1.499000,182.275000,-336.458000,500.260000,26.41
6.675435,0.751000,-1.595000,0.887000,-73.191000,194.855000,110.534000,26.37
6.687273,1.071000,-1.433000,-0.113000,23.740000,-220.031000,355.908000,26.41
6.699311,0.874000,-1.241000,-1.473000,177.618000,-33.939000,-87.802000,26.51
6.706174,0.782000,1.877000,-1.621000,139.328000,153.130000,-500.275000,26.37
6.717619,-0.284000,-0.139000,0.323000,121.160000,165.145000,-381.817000,26.32
6.724740,-1.278000,0.450000,-1.079000,76.183000,-18.015000,-24.382000,26.37
6.736762,-0.795000,0.750000,-0.373000,73.969000,-43.145000,87.893000,26.46
6.749075,0.179000,0.254000,-1.197000,55.176000,17.359000,-4.351000,26.32
6.756219,0.149000,0.372000,-1.003000,65.924000,15.344000,-88.870000,26.46
6.768535,-0.293000,0.584000,-0.773000,84.672000,54.412000,-45.053000,26.46
6.775084,-0.275000,0.140000,-0.838000,59.924000,25.847000,-81.588000,26.41
6.787347,-0.127000,0.470000,-1.165000,81.649000,35.298000,-20.504000,26.46
6.794177,-0.184000,0.385000,-0.927000,45.145000,9.695000,-5.405000,26.37
6.806661,-0.140000,0.350000,-0.932000,37.450000,6.183000,4.809000,26.41
6.818913,-0.140000,0.383000,-0.955000,15.466000,1.939000,-2.183000,26.37
6.825720,-0.116000,0.466000,-0.803000,20.198000,-0.718000,-3.603000,26.37
6.842724,-0.079000,0.318000,-0.946000,45.878000,8.931000,0.992000,26.41
6.845080,-0.112000,0.329000,-0.901000,34.794000,-3.176000,-9.176000,26.37
6.857296,-0.168000,0.311000,-0.845000,39.160000,-0.489000,-3.313000,26.46
6.864174,-0.163000,0.308000,-0.933000,35.954000,0.626000,-7.420000,26.41
6.876676,-0.189000,0.362000,-0.866000,34.305000,-2.260000,-7.328000,26.46
6.888795,-0.132000,0.338000,-0.855000,37.649000,-3.267000,-10.641000,26.37
6.895952,-0.181000,0.360000,-0.932000,41.908000,-2.534000,-3.130000,26.41
6.908027,-0.179000,0.348000,-0.948000,59.191000,7.405000,-4.565000,26.37
6.915118,-0.153000,0.315000,-0.804000,64.061000,8.412000,-5.878000,26.37
6.927204,-0.122000,0.282000,-0.930000,78.183000,13.939000,2.443000,26.51
6.934444,-0.147000,0.279000,-0.934000,82.153000,8.473000,-5.588000,26.37
6.946460,-0.146000,0.270000,-0.969000,70.015000,2.427000,-11.466000,26.46
6.958564,-0.083000,0.308000,-0.996000,50.977000,-44.550000,-19.344000,26.32
6.965373,-0.161000,0.188000,-0.878000,66.779000,22.092000,-34.565000,26.37
6.977669,-0.135000,0.149000,-0.908000,53.481000,31.527000,-28.656000,26.46
6.984506,-0.141000,0.286000,-0.968000,53.374000,29.710000,-38.489000,26.32
6.996783,-0.104000,0.224000,-0.965000,35.603000,35.771000,-60.840000,26.37
7.008747,-0.171000,0.182000,-1.024000,29.023000,34.076000,-65.588000,26.46
7.018344,-0.335000,0.167000,-0.952000,37.160000,10.748000,-0.198000,26.41
7.028051,-0.127000,0.219000,-0.991000,33.496000,9.191000,-3.542000,26.46
7.034998,-0.158000,0.159000,-0.977000,29.664000,12.107000,-9.237000,26.46
7.047054,-0.172000,0.186000,-0.978000,18.870000,11.969000,-8.137000,26.41
7.054282,-0.138000,0.183000,-0.991000,10.534000,5.267000,-4.137000,26.37
7.066750,-0.115000,0.197000,-0.983000,5.267000,1.725000,-0.351000,26.37
7.079270,-0.117000,0.225000,-0.956000,3.053000,0.626000,-3.939000,26.32
7.086192,-0.101000,0.201000,-0.939000,4.015000,-0.595000,-2.702000,26.37
7.098346,-0.117000,0.179000,-0.952000,2.183000,-2.550000,-7.618000,26.37
7.105304,-0.123000,0.130000,-0.957000,-1.252000,-3.756000,-7.221000,26.41
7.117434,-0.117000,0.119000,-0.934000,-3.695000,-3.588000,-7.893000,26.46
7.124187,-0.074000,0.123000,-0.945000,-2.107000,-3.557000,-4.397000,26.46
7.136698,-0.095000,0.114000,-0.895000,4.260000,-2.885000,-0.626000,26.41
7.148901,-0.121000,0.063000,-0.912000,10.214000,-0.153000,2.290000,26.37
7.155946,-0.146000,0.105000,-0.979000,-0.733000,-0.458000,7.099000,26.37
7.168585,-0.168000,0.057000,-0.901000,3.649000,-6.748000,1.374000,26.41
7.176547,-0.128000,0.131000,-0.957000,1.038000,-3.985000,4.427000,26.46
7.187675,-0.167000,0.188000,-0.948000,-5.282000,-3.939000,4.229000,26.41
7.196421,-0.185000,0.261000,-0.929000,-2.580000,-7.969000,-3.832000,26.41
7.207029,-0.103000,0.278000,-0.930000,-2.931000,-10.580000,-0.687000,26.46
7.218935,-0.157000,0.201000,-0.962000,-6.183000,-11.496000,-7.053000,26.32
7.226317,-0.202000,0.188000,-0.961000,-9.618000,-7.786000,-15.053000,26.32
7.238194,-0.218000,0.179000,-0.939000,-8.458000,-5.527000,-5.954000,26.37
7.247284,-0.162000,0.189000,-0.975000,-8.840000,-6.321000,-1.939000,26.41
7.257321,-0.156000,0.219000,-0.986000,-10.534000,-9.023000,-4.626000,26.51
7.264358,-0.164000,0.218000,-0.970000,-11.557000,-10.198000,-3.252000,26.37
7.276282,-0.151000,0.198000,-0.971000,-13.557000,-12.015000,-3.511000,26.41
7.288518,-0.159000,0.171000,-0.967000,-15.038000,-16.672000,-7.298000,26.41
7.295358,-0.208000,0.140000,-0.966000,-22.046000,-16.458000,-6.687000,26.37
7.307179,-0.222000,0.176000,-0.970000,-25.282000,-14.962000,-4.656000,26.41
7.318958,-0.208000,0.227000,-0.974000,-30.931000,-15.267000,-3.786000,26.32
7.326105,-0.187000,0.249000,-0.972000,-36.015000,-17.267000,-5.191000,26.37
7.338345,-0.207000,0.244000,-0.975000,-46.840000,-21.511000,-6.550000,26.41
7.345098,-0.238000,0.220000,-0.958000,-46.580000,-24.321000,-4.595000,26.32
7.356995,-0.229000,0.209000,-0.932000,-46.901000,-25.786000,-0.382000,26.46
7.368897,-0.292000,0.229000,-0.930000,-44.534000,-31.313000,25.298000,26.41
7.376179,0.189000,0.425000,-0.904000,-49.145000,-2.885000,-40.427000,26.37
7.388014,-0.324000,0.212000,-0.947000,-36.794000,-19.344000,11.221000,26.51
7.394870,-0.233000,0.271000,-0.874000,-24.656000,-10.397000,0.901000,26.32
7.407017,-0.201000,0.333000,-0.907000,-13.649000,-12.962000,8.260000,26.37
7.419112,-0.211000,0.279000,-0.916000,-11.038000,-8.153000,0.137000,26.46
7.426312,-0.221000,0.245000,-0.901000,-7.450000,-5.939000,0.183000,26.41
7.441804,-0.211000,0.260000,-0.910000,-3.740000,-2.962000,0.214000,26.37
7.445286,-0.207000,0.256000,-0.908000,-0.947000,-2.626000,-3.099000,26.41
7.457874,-0.247000,0.229000,-0.918000,-0.855000,-1.756000,-3.359000,26.32
7.464686,-0.232000,0.251000,-0.927000,-1.603000,-1.389000,0.092000,26.37
7.476937,-0.214000,0.253000,-0.922000,-2.885000,-2.366000,1.832000,26.46
7.482819,-0.207000,0.270000,-0.925000,-2.718000,-3.924000,0.748000,26.41
7.496223,-0.219000,0.276000,-0.917000,-1.588000,-4.260000,-1.420000,26.46
7.508726,-0.244000,0.243000,-0.907000,-0.290000,-5.679000,0.626000,26.51
7.516050,-0.253000,0.240000,-0.900000,1.115000,-3.786000,1.542000,26.41
7.528191,-0.231000,0.241000,-0.909000,4.397000,-1.145000,1.191000,26.55
7.535457,-0.221000,0.212000,-0.917000,6.214000,1.924000,-0.702000,26.37
7.547774,-0.222000,0.217000,-0.927000,6.977000,3.557000,-1.985000,26.41
7.554865,-0.223000,0.228000,-0.914000,7.267000,4.626000,-1.985000,26.37
7.567225,-0.220000,0.253000,-0.923000,8.092000,4.870000,-1.374000,26.41
7.574490,-0.214000,0.290000,-0.927000,9.710000,4.153000,-2.427000,26.41
7.586759,-0.219000,0.288000,-0.929000,8.641000,3.359000,-3.237000,26.46
7.598906,-0.242000,0.272000,-0.911000,11.710000,4.733000,-3.053000,26.27
7.606149,-0.261000,0.276000,-0.938000,9.908000,3.985000,-2.672000,26.41
7.618489,-0.253000,0.271000,-0.896000,9.405000,5.145000,-1.649000,26.37
7.625523,-0.245000,0.240000,-0.933000,6.366000,4.809000,-2.565000,26.41
7.638179,-0.242000,0.235000,-0.925000,5.618000,5.191000,-1.282000,26.41
7.645110,-0.248000,0.218000,-0.922000,2.992000,3.771000,-1.908000,26.37
7.657532,-0.221000,0.227000,-0.935000,2.397000,4.046000,-1.588000,26.37
7.664915,-0.229000,0.226000,-0.931000,0.901000,2.000000,-2.183000,26.41
7.677079,-0.211000,0.221000,-0.935000,-1.969000,1.557000,-2.290000,26.46
7.689182,-0.231000,0.241000,-0.921000,-2.260000,2.244000,-2.260000,26.41
7.696297,-0.209000,0.228000,-0.928000,-1.450000,1.206000,-4.534000,26.41
7.708343,-0.206000,0.217000,-0.924000,-2.855000,1.481000,-3.099000,26.37
7.715434,-0.220000,0.224000,-0.891000,-0.931000,2.473000,-4.351000,26.46
7.729163,-0.225000,0.239000,-0.898000,0.718000,4.397000,-3.786000,26.51
7.735915,-0.217000,0.216000,-0.903000,2.153000,5.084000,-5.420000,26.37
7.747783,-0.240000,0.213000,-0.929000,1.542000,6.122000,-6.443000,26.51
7.754725,-0.274000,0.183000,-0.891000,3.679000,8.779000,-7.206000,26.41
7.766487,-0.239000,0.179000,-0.897000,10.290000,15.466000,-0.901000,26.46
7.778692,-0.195000,0.215000,-0.887000,20.504000,16.244000,-4.397000,26.37
7.785646,-0.192000,0.272000,-0.953000,18.702000,15.603000,-4.046000,26.51
7.798206,-0.199000,0.261000,-0.965000,12.718000,9.740000,-13.084000,26.46
7.804948,-0.227000,0.249000,-0.966000,6.947000,9.038000,-11.405000,26.32
7.817173,-0.235000,0.243000,-0.944000,2.412000,4.870000,-10.824000,26.32
7.824258,-0.238000,0.233000,-0.965000,-2.840000,3.084000,-6.458000,26.46
7.836746,-0.237000,0.262000,-0.959000,-6.458000,0.626000,-7.008000,26.37
7.849062,-0.258000,0.255000,-0.942000,-7.282000,0.641000,-5.725000,26.32
7.856279,-0.267000,0.257000,-0.939000,-6.611000,2.229000,-3.542000,26.37
7.868149,-0.260000,0.261000,-0.920000,-5.481000,3.847000,-2.015000,26.41
7.875273,-0.230000,0.269000,-0.930000,-2.626000,4.870000,-0.473000,26.41
7.887808,-0.226000,0.264000,-0.916000,0.550000,5.160000,-1.252000,26.37
7.894931,-0.242000,0.252000,-0.920000,2.626000,6.550000,-0.244000,26.41
7.907362,-0.234000,0.262000,-0.923000,4.824000,5.588000,-1.969000,26.41
7.914540,-0.260000,0.224000,-0.915000,7.679000,10.198000,2.519000,26.27
7.926854,-0.217000,0.228000,-0.938000,7.832000,8.000000,1.496000,26.41
7.934263,-0.221000,0.226000,-0.950000,3.313000,6.840000,3.924000,26.32
7.946839,-0.204000,0.227000,-0.946000,4.855000,5.481000,4.504000,26.46
7.959044,-0.208000,0.218000,-0.955000,4.076000,3.328000,5.069000,26.41
7.966335,-0.215000,0.223000,-0.937000,4.244000,0.489000,3.908000,26.41
7.978861,-0.225000,0.198000,-0.921000,8.000000,1.466000,4.931000,26.37
7.985778,-0.233000,0.204000,-0.928000,14.305000,7.099000,4.611000,26.41
7.998233,-0.238000,0.209000,-0.879000,18.962000,7.756000,2.977000,26.41
8.005187,-0.201000,0.285000,-0.925000,25.359000,7.878000,5.924000,26.37
8.017462,-0.205000,0.256000,-0.874000,35.664000,5.023000,-0.443000,26.41
8.024827,-0.185000,0.341000,-0.867000,43.847000,7.893000,5.252000,26.41
8.037039,-0.353000,0.409000,-0.885000,61.634000,1.710000,2.824000,26.46
8.044074,-0.126000,0.458000,-0.990000,68.458000,3.099000,27.160000,26.41
8.056318,-0.191000,0.368000,-0.932000,67.908000,4.885000,-15.832000,26.41
8.068424,-0.328000,0.157000,-0.979000,65.863000,16.550000,-6.687000,26.46
8.075724,-0.301000,0.148000,-0.993000,62.214000,17.496000,-3.298000,26.41
8.087876,-0.278000,0.065000,-0.999000,60.015000,22.992000,-9.740000,26.51
8.094707,-0.250000,0.082000,-0.997000,52.061000,23.359000,-10.534000,26.37
8.107064,-0.291000,0.114000,-1.074000,47.664000,25.084000,-13.206000,26.41
8.118958,-0.193000,0.259000,-1.023000,46.321000,24.015000,11.099000,26.41
8.129040,-0.224000,0.620000,-0.958000,36.947000,8.290000,19.420000,26.46
8.138376,-0.301000,1.078000,-0.802000,23.634000,13.847000,11.847000,26.41
8.145491,-0.253000,1.369000,-0.733000,10.321000,19.206000,2.015000,26.37
8.157508,-0.238000,1.521000,-0.633000,-12.504000,21.847000,-14.015000,26.46
8.164374,-0.342000,1.522000,-0.581000,-30.000000,25.481000,-32.076000,26.41
8.176668,-0.432000,1.457000,-0.657000,-45.435000,24.107000,-23.603000,26.46
8.188503,-0.511000,1.330000,-0.713000,-61.374000,12.840000,-6.519000,26.37
8.195748,-0.522000,1.103000,-0.730000,-66.122000,0.473000,5.221000,26.41
8.207767,-0.463000,0.921000,-0.802000,-67.969000,-14.962000,16.092000,26.46
8.214861,-0.315000,0.766000,-0.903000,-72.733000,-13.908000,22.794000,26.37
8.226621,-0.334000,0.619000,-0.884000,-74.168000,-21.527000,33.099000,26.41
8.238512,-0.299000,0.417000,-1.120000,-71.038000,-22.168000,37.985000,26.37
8.245221,-0.313000,0.153000,-1.034000,-66.794000,-31.160000,35.649000,26.37
8.257333,-0.214000,-0.052000,-0.986000,-68.122000,-32.885000,47.099000,26.41
8.263220,0.120000,-0.642000,-1.241000,-33.496000,-13.756000,16.733000,26.37
8.276304,0.397000,-1.164000,-1.167000,-15.832000,-9.237000,-29.740000,26.37
8.288474,0.178000,-1.222000,-1.242000,4.183000,6.779000,-53.481000,26.41
8.295227,-0.129000,-0.602000,-1.359000,-39.924000,16.794000,-15.985000,26.46
8.307406,0.002000,-0.322000,-0.776000,-17.359000,27.740000,-58.168000,26.37
8.319213,-0.233000,-0.587000,-1.024000,-11.756000,24.015000,-104.656000,26.51
8.325714,-0.345000,-0.863000,-1.187000,-9.206000,38.214000,-141.725000,26.37
8.337743,-0.466000,-0.734000,-1.203000,-3.374000,12.305000,-26.947000,26.37
8.344635,-0.219000,-0.002000,-1.010000,-3.557000,-2.992000,119.420000,26.32
8.357060,0.341000,0.471000,-0.822000,-3.863000,-1.954000,-4.916000,26.37
8.368989,-0.209000,0.153000,-0.921000,5.328000,22.397000,-92.687000,26.37
8.375777,-0.295000,-0.359000,-1.025000,13.863000,11.237000,-31.542000,26.41
8.387940,-0.265000,-0.606000,-1.124000,21.038000,10.702000,4.061000,26.37
8.394834,-0.098000,-0.278000,-1.113000,16.565000,10.824000,50.443000,26.37
8.407260,0.017000,0.208000,-0.980000,30.137000,6.351000,38.702000,26.41
8.414365,-0.137000,0.472000,-0.930000,40.595000,4.076000,20.198000,26.37
8.426523,-0.328000,0.645000,-0.867000,36.763000,10.443000,27.847000,26.37
8.438693,-0.312000,0.856000,-0.824000,42.137000,9.954000,31.695000,26.41
8.445787,-0.303000,0.980000,-0.786000,44.290000,14.733000,29.008000,26.37
8.458113,-0.364000,1.009000,-0.841000,35.405000,14.183000,21.740000,26.46
8.465231,-0.456000,1.007000,-0.848000,22.840000,12.351000,25.924000,26.51
8.477429,-0.524000,0.942000,-0.879000,16.214000,12.702000,26.779000,26.46
8.484390,-0.519000,0.846000,-0.871000,15.634000,15.924000,34.992000,26.37
8.496269,-0.454000,0.822000,-0.887000,-2.443000,11.496000,30.489000,26.41
8.508394,-0.418000,0.865000,-0.916000,-10.611000,10.092000,29.511000,26.46
8.515554,-0.281000,0.973000,-1.062000,-20.870000,8.779000,16.214000,26.27
8.527481,-0.148000,0.763000,-1.218000,-24.489000,-3.176000,-14.947000,26.41
8.534202,-0.256000,0.688000,-1.047000,-44.824000,-9.313000,-18.260000,26.46
8.546184,-0.244000,0.712000,-0.780000,-38.336000,-3.053000,-28.779000,26.37
8.558461,-0.277000,0.682000,-0.839000,-38.214000,13.969000,-25.878000,26.41
8.565400,-0.308000,0.700000,-0.935000,-57.496000,6.687000,-31.435000,26.46
8.577451,-0.381000,0.648000,-0.921000,-76.473000,0.244000,-37.008000,26.37
8.584206,-0.426000,0.552000,-0.790000,-85.313000,-3.939000,-28.427000,26.32
8.596191,-0.361000,0.582000,-0.801000,-98.290000,-5.527000,-14.748000,26.46
8.608200,-0.352000,0.542000,-0.817000,-112.015000,-12.840000,-23.237000,26.46
8.615013,-0.347000,0.418000,-0.857000,-137.145000,-19.939000,1.145000,26.41
8.627126,-0.203000,0.313000,-0.705000,-148.443000,-29.206000,15.023000,26.37
8.638999,-0.143000,0.145000,-0.575000,-158.748000,-33.450000,-3.847000,26.37
8.645752,-0.203000,0.042000,-0.534000,-171.908000,-28.214000,3.344000,26.32
8.657660,-0.178000,-1.019000,0.144000,-156.427000,-62.519000,-70.992000,26.46
8.664194,-0.223000,-0.592000,-0.005000,-269.695000,-208.198000,26.672000,26.37
8.676131,0.491000,-1.245000,-1.575000,-500.275000,-164.336000,201.069000,26.51
8.687781,0.753000,-2.197000,-3.358000,-378.534000,-35.756000,330.794000,26.37
8.694586,0.002000,-1.856000,-4.000000,-247.573000,64.290000,323.664000,26.46
8.706547,0.378000,-2.826000,-2.082000,48.000000,-22.321000,198.382000,26.41
8.718746,-0.010000,-1.937000,1.817000,144.687000,-202.840000,0.260000,26.37
8.725354,0.988000,-2.053000,-0.577000,432.366000,-213.099000,-247.786000,26.37
8.737137,0.846000,-0.756000,-1.409000,500.260000,126.061000,-500.275000,26.41
8.749068,-4.000000,4.000000,-0.637000,11.588000,-189.756000,500.260000,26.46
8.755996,1.000000,-0.754000,0.511000,-234.809000,178.595000,-54.122000,26.37
8.768062,1.737000,-1.582000,-1.444000,4.000000,24.947000,-113.405000,26.32
8.774789,0.597000,-0.958000,-0.927000,192.260000,80.626000,-181.710000,26.37
8.786922,0.824000,0.061000,-2.971000,129.405000,77.084000,-134.565000,26.37
8.798938,-0.754000,0.921000,-1.202000,101.573000,51.695000,-346.824000,26.32
8.805976,-0.052000,0.041000,-0.356000,31.679000,133.649000,-91.954000,26.37
8.818208,-0.299000,0.118000,-0.867000,82.366000,83.481000,1.038000,26.37
8.824771,-0.559000,0.261000,-0.833000,-31.405000,-57.282000,155.969000,26.32
8.836686,-0.026000,0.617000,-0.579000,8.641000,-13.573000,155.725000,26.32
8.849032,0.051000,0.182000,-0.242000,-37.130000,-72.702000,114.870000,26.46
8.856049,-0.331000,1.157000,-1.565000,68.183000,27.374000,-8.672000,26.32
8.868085,-0.405000,0.202000,-1.036000,22.458000,37.267000,-55.679000,26.32
8.875151,-0.330000,0.204000,-0.874000,24.931000,13.832000,-2.427000,26.37
8.887214,-0.148000,0.204000,-1.025000,26.046000,11.328000,43.664000,26.41
8.894436,-0.128000,0.309000,-0.954000,10.885000,8.168000,27.634000,26.32
8.906697,-0.194000,0.340000,-0.873000,8.992000,-8.092000,-5.344000,26.37
8.918711,-0.264000,0.370000,-0.946000,11.634000,2.366000,-8.366000,26.32
8.925927,-0.229000,0.329000,-0.901000,13.786000,3.435000,-4.290000,26.32
8.938196,-0.223000,0.312000,-0.887000,15.145000,3.160000,-9.802000,26.37
8.945020,-0.253000,0.288000,-0.864000,20.733000,6.748000,-12.931000,26.32
8.957443,-0.284000,0.292000,-0.882000,29.496000,12.931000,-0.137000,26.41
8.964409,-0.231000,0.251000,-0.904000,24.260000,7.023000,12.702000,26.37
8.976755,-0.231000,0.295000,-0.932000,28.718000,18.931000,9.802000,26.41
8.989143,-0.043000,0.131000,-1.225000,34.351000,15.282000,43.069000,26.46
8.996077,-0.223000,0.237000,-0.898000,28.901000,9.328000,53.878000,26.46
9.008311,-0.125000,0.332000,-0.886000,35.176000,14.275000,27.389000,26.32
9.015326,-0.211000,0.334000,-0.878000,48.275000,17.740000,5.038000,26.37
9.027505,-0.215000,0.236000,-0.879000,51.679000,18.687000,-4.550000,26.46
9.034389,-0.293000,0.312000,-0.883000,54.870000,17.328000,-0.840000,26.32
9.046600,-0.191000,0.303000,-0.903000,59.710000,19.313000,-3.084000,26.41
9.058742,-0.217000,0.325000,-0.976000,57.023000,16.748000,-10.641000,26.37
9.065519,-0.233000,0.294000,-0.932000,53.298000,19.053000,-15.710000,26.51
9.077778,-0.447000,0.195000,-0.975000,51.145000,36.092000,10.137000,26.27
9.084851,-0.225000,0.288000,-0.992000,65.237000,1.817000,72.046000,26.37
9.097315,-0.087000,0.333000,-0.975000,58.824000,3.237000,24.809000,26.41
9.109041,-0.148000,0.327000,-0.942000,51.435000,-8.519000,-30.687000,26.46
9.116268,-0.240000,0.312000,-0.995000,54.382000,10.076000,-31.557000,26.46
9.128420,-0.247000,0.373000,-0.962000,56.351000,3.618000,-32.626000,26.41
9.135379,-0.213000,0.319000,-1.110000,53.893000,-1.496000,-29.893000,26.41
9.147617,-0.288000,0.502000,-1.132000,48.931000,-3.252000,-19.542000,26.46
9.154574,-0.375000,0.399000,-1.254000,72.824000,30.992000,-41.786000,26.41
9.166392,-0.388000,0.333000,-1.434000,137.115000,29.420000,-68.855000,26.32
9.178414,-0.601000,0.437000,-1.000000,106.458000,20.153000,82.168000,26.37
9.185361,-0.607000,0.604000,-0.719000,80.962000,-73.023000,175.511000,26.32
9.197282,-0.268000,0.233000,-0.944000,100.366000,-61.160000,243.954000,26.32
9.209234,-0.135000,0.374000,-0.917000,85.450000,-84.534000,162.763000,26.37
9.216248,-0.157000,0.590000,-0.950000,128.565000,-83.863000,64.031000,26.41
9.228194,-0.429000,0.523000,-1.199000,202.443000,-60.672000,-3.618000,26.32
9.234919,-0.481000,0.640000,-1.103000,177.847000,19.038000,-139.496000,26.27
9.246705,0.431000,-1.858000,-3.168000,500.260000,500.260000,-428.534000,26.32
9.258665,-0.846000,0.374000,0.997000,130.763000,49.237000,-326.122000,26.32
9.265781,0.264000,-0.740000,-2.519000,293.496000,248.565000,131.985000,26.46
9.277501,-0.146000,-0.817000,-1.933000,227.221000,-93.115000,167.527000,26.32
9.284352,-0.098000,-0.062000,-1.133000,453.603000,1.664000,-25.603000,26.32
9.296307,0.967000,0.711000,-1.789000,229.939000,-77.679000,124.962000,26.46
9.308036,0.657000,0.433000,-1.730000,116.687000,52.855000,-270.763000,26.41
9.315266,-0.676000,1.137000,-0.978000,8.656000,69.344000,-382.000000,26.32
9.327247,-1.886000,1.568000,-1.087000,29.954000,92.947000,-274.229000,26.37
9.339296,-1.491000,0.960000,-0.936000,131.069000,-82.198000,268.183000,26.41
9.345892,-0.497000,1.179000,-0.664000,52.214000,-89.420000,376.046000,26.22
9.358164,-0.290000,0.981000,-0.695000,-74.580000,-162.748000,474.626000,26.37
9.364841,0.446000,1.066000,-0.525000,-69.618000,-147.420000,350.901000,26.41
9.376807,0.905000,0.936000,-0.365000,-88.855000,-73.603000,118.641000,26.41
9.388597,0.271000,0.726000,-0.148000,-55.695000,-29.313000,-14.290000,26.37
9.395673,0.253000,0.798000,-0.411000,-38.962000,11.878000,-47.771000,26.32
9.407700,0.075000,0.796000,-0.474000,-52.824000,-19.954000,28.916000,26.41
9.414654,0.172000,0.453000,-1.298000,-158.718000,-27.618000,60.031000,26.37
9.426588,0.177000,0.563000,-0.891000,-190.015000,-13.664000,80.031000,26.41
9.438726,0.116000,0.576000,-0.897000,-196.412000,-19.924000,97.450000,26.41
9.445685,0.190000,0.532000,-0.811000,-207.908000,6.809000,61.481000,26.37
9.457783,0.097000,0.472000,-0.848000,-207.145000,30.763000,17.893000,26.32
9.464726,-0.046000,0.494000,-0.879000,-222.824000,43.511000,2.305000,26.32
9.476744,-0.153000,0.411000,-1.068000,-242.901000,41.954000,18.382000,26.37
9.488649,-0.748000,0.259000,-1.335000,-298.321000,41.328000,150.168000,26.32
9.495305,-0.293000,0.262000,-1.129000,-289.038000,22.489000,245.832000,26.27
9.507413,-0.390000,0.376000,-1.081000,-282.992000,25.863000,268.748000,26.37
9.519082,-0.159000,0.285000,-1.372000,-268.076000,26.840000,243.145000,26.32
9.526137,-0.180000,0.349000,-1.412000,-265.649000,45.298000,177.649000,26.37
9.537948,-0.357000,0.326000,-1.448000,-263.924000,55.115000,153.756000,26.46
9.544903,-0.125000,0.169000,-1.541000,-262.183000,76.702000,126.794000,26.41
9.556431,-0.060000,0.209000,-1.568000,-252.962000,74.763000,87.527000,26.37
9.568760,0.078000,0.142000,-1.602000,-214.763000,64.947000,23.374000,26.37
9.575671,0.286000,0.041000,-1.686000,-212.275000,93.847000,-50.198000,26.32
9.587694,0.177000,0.059000,-1.617000,-243.710000,77.573000,-93.954000,26.37
9.594140,0.211000,-0.069000,-1.655000,-242.779000,91.710000,-133.588000,26.37
9.606402,0.186000,-0.131000,-1.930000,-258.733000,94.931000,-174.672000,26.32
9.618000,0.059000,-0.552000,-2.171000,-262.626000,109.344000,-230.031000,26.37
9.624708,-0.021000,-0.544000,-1.672000,-239.740000,109.939000,-185.191000,26.27
9.636394,-0.071000,-0.566000,-1.534000,-232.977000,108.947000,-86.687000,26.41
9.648078,-0.192000,-0.644000,-1.520000,-222.366000,107.389000,-103.496000,26.37
9.655897,-0.702000,-0.730000,-1.596000,-70.595000,-18.550000,-25.435000,26.37
9.670557,0.084000,-0.552000,-1.974000,-267.435000,102.260000,-278.046000,26.32
9.695235,0.077000,-1.043000,-1.999000,-327.802000,178.733000,-48.672000,26.37
9.697247,-0.456000,-1.408000,-1.213000,-279.359000,186.244000,80.504000,26.37
9.709852,-0.438000,-1.533000,-2.229000,-234.076000,120.214000,84.931000,26.32
9.714284,-0.583000,-1.790000,-2.092000,-318.122000,47.038000,28.702000,26.27
9.717163,-0.427000,-2.450000,-1.977000,-170.565000,76.641000,18.321000,26.37
9.727491,-0.522000,-2.530000,-1.562000,-89.008000,10.397000,90.275000,26.32
9.739015,-0.700000,-2.406000,-2.002000,368.702000,108.076000,169.099000,26.37
9.745764,-1.233000,-1.674000,-0.863000,451.450000,-58.992000,-101.969000,26.37
9.757871,-0.297000,-1.094000,-1.561000,500.260000,-37.786000,-251.023000,26.41
9.764465,0.480000,-0.161000,-3.751000,500.260000,-2.015000,-333.099000,26.37
9.776256,-1.298000,-0.592000,1.998000,-305.618000,-72.794000,500.260000,26.46
9.788197,-0.081000,-2.435000,-1.864000,33.725000,164.198000,292.427000,26.32
9.794720,-0.866000,-1.217000,-0.474000,137.511000,91.481000,-333.603000,26.37
9.806755,-0.022000,1.836000,-3.719000,376.153000,39.359000,-252.656000,26.27
9.818694,-1.018000,0.154000,-0.743000,242.840000,-60.489000,228.244000,26.41
9.825584,-0.022000,0.295000,-0.940000,200.229000,60.107000,134.870000,26.37
9.837659,-0.047000,0.723000,-1.090000,176.107000,19.328000,177.710000,26.37
9.844454,0.124000,0.211000,-0.797000,143.588000,21.496000,164.870000,26.32
9.856834,0.271000,0.218000,-0.984000,122.550000,22.504000,107.954000,26.37
9.868953,0.181000,0.364000,-0.912000,126.290000,8.031000,57.954000,26.37
9.875987,0.148000,0.355000,-0.913000,107.008000,9.740000,10.855000,26.32
9.888549,0.065000,0.460000,-0.984000,97.695000,2.061000,11.893000,26.37
9.895792,0.133000,0.384000,-1.012000,76.137000,11.298000,12.229000,26.27
9.908128,0.036000,0.450000,-1.022000,32.885000,2.733000,49.924000,26.22
9.915490,0.103000,0.272000,-0.875000,29.908000,-4.885000,53.053000,26.37
9.927484,0.124000,0.319000,-0.958000,17.252000,-1.038000,29.130000,26.27
9.934842,0.144000,0.273000,-0.997000,-0.763000,2.885000,10.443000,26.32
9.946745,0.110000,0.321000,-0.941000,-4.794000,1.038000,-2.595000,26.41
9.958923,0.077000,0.336000,-0.864000,-0.122000,0.626000,-4.458000,26.37
9.966267,0.132000,0.332000,-0.963000,-12.916000,1.863000,-2.305000,26.41
9.978248,0.126000,0.295000,-0.996000,-15.450000,-16.626000,17.496000,26.32
9.985358,0.146000,0.316000,-0.826000,-9.939000,-8.336000,-4.168000,26.46
9.997858,0.146000,0.326000,-0.885000,3.176000,-1.267000,-20.412000,26.32
10.004864,0.089000,0.375000,-0.893000,11.496000,-8.504000,-2.489000,26.32
