# Gait Analysis Data - MPU6050 IMU
# Duration: 10 seconds
# Format: timestamp(s),ax(g),ay(g),az(g),gx(deg/s),gy(deg/s),gz(deg/s),temp(C)
# Note: Document sensor placement (ankle/wrist) separately
timestamp,ax,ay,az,gx,gy,gz,temp
0.000639,-0.186000,-0.114000,-0.996000,1.634000,67.145000,-0.046000,27.17
0.001411,-0.160000,-0.116000,-1.028000,-2.351000,41.298000,0.214000,27.12
0.002205,-0.138000,-0.138000,-0.972000,6.718000,38.580000,0.855000,27.17
0.002967,-0.109000,-0.174000,-1.007000,9.985000,31.298000,0.260000,27.26
0.003722,-0.125000,-0.157000,-0.959000,12.931000,25.832000,0.412000,27.21
0.004494,-0.140000,-0.154000,-0.959000,7.496000,21.863000,-1.725000,27.21
0.005351,-0.139000,-0.175000,-0.937000,7.649000,32.244000,-1.573000,27.17
0.006226,-0.124000,-0.157000,-0.924000,6.260000,32.794000,0.061000,27.26
0.007096,-0.156000,-0.135000,-0.962000,6.397000,35.023000,-1.084000,27.21
0.007972,-0.140000,-0.123000,-0.941000,3.924000,35.695000,-1.191000,27.17
0.008842,-0.157000,-0.146000,-0.950000,6.641000,37.359000,-1.634000,27.07
0.009896,-0.120000,-0.138000,-0.955000,7.954000,39.298000,-4.855000,27.21
0.010865,-0.103000,-0.155000,-0.953000,8.931000,42.504000,-3.664000,27.21
0.011662,-0.060000,-0.173000,-0.981000,11.115000,42.168000,-5.603000,27.17
0.012459,-0.086000,-0.197000,-0.970000,12.794000,37.023000,-5.573000,27.07
0.013221,-0.050000,-0.192000,-0.934000,13.313000,48.626000,-5.954000,27.12
0.013981,-0.064000,-0.164000,-0.935000,12.183000,65.863000,-7.282000,27.26
0.014754,-0.094000,-0.095000,-0.988000,16.824000,52.550000,-14.672000,27.17
0.015528,-0.053000,-0.149000,-0.932000,36.992000,73.878000,-11.176000,27.21
0.016305,-0.059000,-0.177000,-0.994000,39.298000,61.160000,-22.824000,27.17
0.017078,-0.006000,-0.236000,-0.959000,25.252000,36.885000,-18.214000,27.17
0.017844,-0.056000,-0.165000,-0.875000,31.527000,84.687000,-15.908000,27.21
0.018590,-0.107000,-0.241000,-0.988000,15.634000,83.878000,-5.099000,27.12
0.019359,0.060000,-0.242000,-0.976000,26.275000,80.977000,-7.786000,27.17
0.020228,0.005000,-0.216000,-0.930000,24.489000,83.542000,-14.229000,27.12
0.020946,0.006000,-0.207000,-1.029000,29.237000,69.496000,-11.359000,27.17
0.021543,-0.062000,-0.253000,-1.035000,16.519000,37.603000,-0.840000,27.17
0.023275,-0.108000,-0.191000,-0.995000,43.557000,68.916000,-27.603000,27.26
0.024493,-0.072000,-0.222000,-1.004000,27.344000,82.305000,-10.351000,27.21
0.026386,-0.086000,-0.296000,-1.031000,33.908000,78.183000,-20.336000,27.26
0.027072,-0.051000,-0.325000,-1.000000,29.069000,74.550000,-18.626000,27.17
0.027702,-0.017000,-0.382000,-0.961000,22.183000,88.168000,-15.634000,27.31
0.028475,-0.095000,-0.314000,-1.080000,29.221000,84.534000,-25.038000,27.12
0.029320,-0.116000,-0.330000,-1.092000,21.267000,86.779000,-20.824000,27.17
0.029871,-0.193000,-0.176000,-1.134000,17.496000,67.878000,-34.595000,27.21
0.030379,-0.257000,-0.280000,-1.235000,1.542000,45.893000,18.412000,27.21
0.030888,-0.323000,0.060000,-1.330000,23.221000,33.481000,-54.916000,27.17
0.031408,-0.364000,-0.074000,-1.357000,-11.618000,10.412000,-49.740000,27.26
0.031919,-0.538000,0.047000,-1.133000,-9.084000,36.504000,-105.557000,27.12
0.032456,-0.427000,-0.290000,-1.117000,48.840000,117.527000,-80.061000,27.07
0.033034,-0.249000,-0.990000,-2.212000,47.282000,213.344000,-86.931000,27.26
0.033592,-0.331000,-0.495000,-1.099000,4.672000,65.649000,-75.588000,27.21
0.034154,-0.303000,-0.660000,-1.735000,47.313000,273.817000,-62.504000,27.07
0.034791,-0.312000,-0.126000,-1.554000,-28.015000,64.656000,-54.000000,27.17
0.035369,0.144000,-0.045000,-1.870000,47.679000,54.611000,-30.489000,27.21
0.035948,0.062000,-0.226000,-1.783000,58.321000,129.893000,-77.160000,27.21
0.036536,-0.571000,-0.097000,-1.812000,91.863000,63.511000,-64.031000,27.17
0.037109,-1.695000,-0.395000,-0.881000,41.191000,-19.710000,28.427000,27.17
0.037689,-1.108000,-0.643000,-1.008000,77.359000,175.344000,79.634000,27.12
0.038258,-1.289000,0.197000,-0.995000,49.542000,53.847000,161.466000,27.26
0.038826,-0.851000,0.171000,-0.432000,29.511000,22.000000,165.817000,27.17
0.039573,-0.825000,0.366000,-0.421000,45.908000,-50.107000,180.198000,27.12
0.040551,-0.657000,0.353000,-0.328000,39.145000,-57.985000,151.282000,27.21
0.041167,-0.600000,0.461000,-0.397000,30.046000,-72.031000,136.977000,27.17
0.041726,-0.542000,0.539000,-0.529000,8.931000,-88.580000,129.344000,27.21
0.042294,-0.509000,0.590000,-0.672000,4.305000,-103.145000,99.771000,27.12
0.042858,-0.480000,0.566000,-0.734000,-26.962000,-91.695000,88.947000,27.17
0.043933,-0.467000,0.495000,-0.933000,-41.863000,-116.168000,60.656000,27.17
0.044643,-0.420000,0.344000,-1.060000,-67.908000,-206.824000,52.183000,27.12
0.045250,-0.361000,0.213000,-1.018000,-77.832000,-213.496000,45.756000,27.26
0.045849,-0.322000,0.137000,-0.912000,-102.153000,-194.748000,41.344000,27.07
0.046433,-0.346000,0.036000,-0.993000,-113.756000,-192.550000,40.550000,27.21
0.047012,-0.334000,-0.122000,-1.029000,-118.550000,-214.595000,47.130000,27.17
0.047597,-0.284000,-0.285000,-1.026000,-116.458000,-211.573000,61.405000,27.07
0.048174,-0.280000,-0.394000,-1.126000,-114.916000,-207.374000,76.000000,27.02
0.048753,-0.241000,-0.474000,-1.195000,-123.664000,-198.076000,102.931000,27.07
0.049326,-0.209000,-0.527000,-1.350000,-129.115000,-198.275000,120.641000,27.17
0.049901,-0.127000,-0.580000,-1.446000,-127.191000,-203.802000,133.420000,27.02
0.050553,-0.041000,-0.571000,-1.499000,-125.496000,-202.565000,142.031000,27.21
0.051269,0.042000,-0.440000,-1.517000,-126.260000,-198.534000,137.786000,27.17
0.051833,0.106000,-0.333000,-1.562000,-125.954000,-198.748000,118.824000,27.17
0.052349,0.133000,-0.239000,-1.523000,-127.466000,-196.198000,86.092000,27.12
0.052877,0.139000,-0.213000,-1.567000,-135.450000,-197.008000,52.794000,27.07
0.053400,0.128000,-0.253000,-1.596000,-142.763000,-201.832000,21.389000,27.17
0.053928,0.139000,-0.337000,-1.555000,-145.634000,-202.931000,-4.519000,27.21
0.054467,0.118000,-0.443000,-1.594000,-135.878000,-198.901000,-22.092000,27.17
0.054989,0.148000,-0.515000,-1.584000,-128.489000,-187.237000,-36.458000,27.17
0.055520,0.163000,-0.538000,-1.612000,-129.282000,-193.618000,-45.267000,27.02
0.056048,0.253000,-0.515000,-1.561000,-122.626000,-188.137000,-51.771000,27.12
0.056696,0.359000,-0.522000,-1.422000,-121.511000,-189.145000,-57.969000,27.17
0.057255,0.471000,-0.542000,-1.330000,-107.588000,-147.496000,-64.992000,27.12
0.057786,0.569000,-0.597000,-1.249000,-98.473000,-118.534000,-66.901000,27.12
0.058337,0.646000,-0.663000,-1.300000,-100.214000,-95.863000,-62.168000,27.07
0.058865,0.756000,-0.714000,-1.146000,-102.641000,-82.702000,-48.321000,27.12
0.059394,0.913000,-0.676000,-0.877000,-101.557000,-83.634000,-48.382000,27.12
0.059868,1.163000,-0.664000,-0.775000,-93.893000,13.038000,-87.313000,27.26
0.060344,1.259000,-0.448000,-0.361000,-62.870000,-9.359000,-101.282000,27.12
0.060984,1.596000,-1.276000,-0.585000,-34.672000,-45.969000,-95.954000,27.12
0.061586,1.784000,-1.061000,-0.498000,-26.885000,85.313000,-53.954000,27.07
0.062106,-0.208000,0.455000,-0.954000,-60.565000,7.176000,-14.550000,27.17
0.062621,-1.421000,0.860000,-1.842000,3.328000,-56.397000,-37.771000,27.21
0.063172,-0.661000,0.551000,-0.381000,33.618000,187.496000,-60.443000,27.17
0.063696,-0.456000,0.069000,-0.418000,32.992000,86.687000,-84.885000,27.17
0.064292,-0.840000,-0.676000,-0.889000,82.748000,65.756000,-125.969000,27.21
0.065008,-0.531000,-0.603000,-1.875000,37.695000,161.252000,-43.740000,27.07
0.065544,-0.382000,-0.100000,-1.396000,32.504000,62.885000,11.221000,27.17
0.066046,-0.330000,0.063000,-2.382000,23.954000,164.855000,16.198000,27.21
0.066522,-0.421000,-0.205000,-1.668000,39.389000,70.229000,-21.328000,27.12
0.067002,-0.750000,-0.250000,-1.022000,84.458000,-12.641000,-41.206000,26.98
0.067573,-0.433000,-0.631000,-0.603000,36.061000,116.504000,-5.954000,27.12
0.068205,-0.531000,-0.151000,-1.272000,19.237000,211.725000,14.550000,27.17
0.068720,-0.683000,-0.118000,-1.291000,18.366000,192.809000,-22.550000,27.07
0.069200,-0.366000,-0.152000,-1.164000,12.672000,98.779000,-15.863000,27.07
0.069653,-0.291000,-0.127000,-0.893000,17.939000,178.855000,-16.473000,27.02
0.070118,-0.441000,-0.111000,-1.053000,23.939000,116.992000,-26.916000,27.07
0.070613,-0.347000,-0.110000,-0.977000,22.321000,78.153000,-17.679000,27.17
0.071070,-0.396000,-0.123000,-0.949000,20.733000,58.305000,-14.290000,27.12
0.071525,-0.402000,-0.046000,-0.921000,14.977000,75.924000,-15.099000,27.07
0.071984,-0.412000,-0.063000,-0.930000,15.389000,78.916000,-18.534000,27.07
0.072456,-0.374000,-0.069000,-0.999000,12.840000,66.534000,-16.214000,27.21
0.072921,-0.321000,-0.077000,-0.929000,6.916000,53.695000,-13.252000,27.17
0.073379,-0.287000,-0.098000,-0.980000,5.496000,50.382000,-11.939000,27.17
0.073828,-0.292000,-0.166000,-1.006000,-1.359000,23.924000,-2.687000,27.12
0.074278,-0.319000,-0.114000,-0.969000,0.504000,0.550000,-0.519000,27.12
0.074727,-0.302000,-0.103000,-0.962000,5.939000,-3.740000,-0.916000,27.07
0.075175,-0.309000,-0.097000,-0.930000,0.183000,-5.527000,-0.183000,27.12
0.075621,-0.302000,-0.102000,-0.934000,-4.565000,-3.053000,1.176000,27.12
0.076066,-0.307000,-0.099000,-0.934000,-6.565000,-8.473000,2.214000,27.17
0.076513,-0.319000,-0.082000,-0.929000,-4.672000,-13.221000,1.832000,27.12
0.076960,-0.314000,-0.061000,-0.926000,-3.160000,-8.351000,0.382000,27.02
0.077484,-0.338000,-0.069000,-0.945000,-5.053000,-7.084000,0.321000,27.17
0.078117,-0.320000,-0.087000,-0.922000,-8.229000,-13.481000,2.565000,27.17
0.078622,-0.318000,-0.083000,-0.906000,-7.359000,-12.962000,1.954000,27.21
0.079088,-0.328000,-0.089000,-0.893000,-2.595000,-7.756000,1.008000,26.98
0.079538,-0.327000,-0.089000,-0.920000,0.611000,-0.641000,-0.076000,27.07
0.080012,-0.335000,-0.099000,-0.929000,-6.427000,2.305000,1.405000,27.02
0.080551,-0.335000,-0.088000,-0.896000,-4.336000,4.641000,0.809000,27.07
0.081069,-0.338000,-0.066000,-0.901000,-1.313000,1.649000,-0.595000,27.07
0.081578,-0.357000,-0.046000,-0.858000,8.916000,31.038000,-6.794000,27.02
0.082051,-0.385000,-0.068000,-0.909000,2.611000,29.344000,-5.588000,27.07
0.082483,-0.351000,-0.081000,-0.866000,1.634000,32.870000,-6.504000,27.07
0.082933,-0.362000,-0.093000,-0.885000,20.779000,73.832000,-20.824000,27.21
0.083370,-0.363000,-0.107000,-0.944000,19.832000,80.489000,-24.321000,27.02
0.083803,-0.390000,-0.145000,-0.936000,11.481000,65.389000,-24.122000,27.17
0.084239,-0.349000,-0.057000,-0.922000,10.580000,97.802000,-32.137000,27.07
0.084679,-0.378000,-0.050000,-0.979000,12.321000,105.237000,-38.153000,27.21
0.085102,-0.581000,0.077000,-0.921000,0.687000,61.405000,-23.038000,26.98
0.085517,-0.449000,-0.161000,-0.930000,9.023000,82.092000,-44.198000,27.17
0.085943,-0.292000,-0.216000,-0.946000,4.015000,71.756000,-41.267000,27.12
0.086379,-0.352000,-0.307000,-1.069000,-8.214000,36.840000,-36.031000,27.07
0.086817,-0.278000,-0.180000,-0.992000,-13.267000,55.115000,-42.153000,27.07
0.087301,-0.223000,-0.224000,-1.024000,-8.916000,58.076000,-58.718000,27.12
0.087906,-0.227000,-0.382000,-1.059000,-11.985000,14.809000,-68.076000,27.12
0.088348,-0.159000,-0.249000,-1.072000,-4.565000,25.450000,-92.183000,27.07
0.088788,-0.334000,-0.409000,-1.221000,-6.702000,-0.641000,-107.618000,27.12
0.089248,-0.556000,-0.605000,-0.790000,15.924000,-39.069000,-110.198000,27.02
0.089712,-0.604000,-0.702000,-0.778000,33.725000,-10.122000,-92.855000,27.07
0.090172,-0.527000,-0.545000,-0.939000,16.015000,13.099000,-101.969000,27.07
0.090616,-0.657000,-0.489000,-1.115000,20.672000,-30.748000,-100.779000,27.12
0.091054,-0.564000,-0.488000,-0.774000,36.916000,-48.107000,-114.412000,27.07
0.091499,-0.560000,-0.402000,-0.659000,36.687000,-56.748000,-122.290000,27.17
0.091956,-0.506000,-0.396000,-0.658000,28.412000,-53.053000,-119.145000,27.12
0.092424,-0.478000,-0.254000,-0.615000,30.885000,-48.763000,-130.733000,27.07
0.092967,-0.453000,-0.263000,-0.636000,29.313000,-53.786000,-135.603000,27.17
0.093459,-0.442000,-0.234000,-0.636000,30.412000,-54.168000,-145.344000,27.12
0.093932,-0.411000,-0.203000,-0.667000,25.237000,-53.191000,-152.382000,27.21
0.094405,-0.394000,-0.198000,-0.668000,18.595000,-56.687000,-155.466000,27.17
0.094881,-0.369000,-0.136000,-0.648000,8.840000,-58.000000,-161.511000,27.12
0.095353,-0.362000,-0.125000,-0.699000,4.260000,-63.466000,-168.840000,27.07
0.095854,-0.350000,-0.129000,-0.780000,0.519000,-66.611000,-176.137000,27.17
0.096334,-0.329000,-0.137000,-0.850000,-5.725000,-67.908000,-180.931000,27.12
0.096801,-0.301000,-0.075000,-0.856000,-13.389000,-65.939000,-187.893000,27.12
0.097310,-0.297000,0.015000,-0.907000,-14.122000,-60.656000,-198.748000,27.07
0.097899,-0.225000,0.038000,-0.929000,-16.153000,-65.679000,-208.244000,27.12
0.098444,-0.179000,0.028000,-0.972000,-19.695000,-69.191000,-215.374000,27.07
0.098942,-0.177000,-0.044000,-0.985000,-25.878000,-86.580000,-220.229000,27.07
0.099412,-0.131000,0.017000,-1.080000,-27.893000,-60.611000,-215.832000,27.17
0.099887,-0.111000,0.017000,-0.859000,-20.733000,-116.015000,-201.221000,27.12
0.100353,-0.093000,0.091000,-0.812000,-33.771000,-86.565000,-193.298000,27.07
0.100812,-0.114000,0.066000,-0.854000,-48.076000,-34.351000,-172.947000,27.07
0.101276,-0.164000,0.100000,-0.912000,-58.565000,-42.137000,-150.122000,27.12
0.101743,-0.253000,0.092000,-1.643000,-85.405000,-60.992000,-111.405000,27.17
0.102205,-0.067000,0.929000,-1.134000,-115.573000,-13.145000,-106.290000,27.07
0.102671,-0.019000,0.733000,-1.171000,-103.511000,-49.878000,-127.557000,27.21
0.103470,-0.386000,-0.106000,-0.895000,-1.924000,0.260000,-1.298000,27.02
0.103932,-0.387000,-0.106000,-0.884000,-1.359000,-0.366000,-1.145000,27.12
0.104368,-0.383000,-0.108000,-0.879000,-1.450000,-0.015000,-1.206000,27.07
0.104820,-0.405000,-0.085000,-0.873000,-0.733000,0.260000,-1.099000,27.17
0.105243,-0.402000,-0.122000,-0.895000,0.366000,-0.412000,-1.145000,27.12
0.105661,-0.399000,-0.127000,-0.895000,-0.534000,-0.992000,-0.427000,27.17
0.111207,-0.402000,-0.117000,-0.882000,-0.626000,-4.168000,-0.687000,26.98
0.118275,-0.400000,-0.120000,-0.881000,-0.168000,-2.046000,0.489000,27.02
0.130392,-0.396000,-0.116000,-0.888000,-1.725000,-3.893000,-0.260000,27.12
0.137483,-0.388000,-0.119000,-0.864000,-1.863000,-0.198000,0.855000,27.07
0.149620,-0.397000,-0.113000,-0.896000,-2.382000,-3.023000,-0.168000,27.12
0.156740,-0.391000,-0.113000,-0.886000,-1.802000,-0.580000,0.214000,27.07
0.169279,-0.395000,-0.118000,-0.896000,-2.366000,-1.725000,0.198000,27.17
0.174863,-0.401000,-0.109000,-0.887000,-1.908000,-2.794000,-0.321000,27.12
0.188129,-0.400000,-0.121000,-0.891000,-1.374000,-3.145000,-0.290000,27.12
0.200463,-0.405000,-0.121000,-0.888000,-1.405000,-2.763000,-0.580000,27.17
0.207491,-0.397000,-0.109000,-0.880000,-1.649000,0.931000,-0.870000,27.07
0.219945,-0.416000,-0.119000,-0.906000,-2.672000,0.748000,-0.427000,26.93
0.227128,-0.445000,-0.131000,-0.877000,-0.107000,4.748000,2.000000,27.07
0.239165,-0.394000,-0.129000,-0.902000,-5.374000,11.725000,-0.672000,27.07
0.246187,-0.390000,-0.093000,-0.901000,-4.198000,11.740000,-0.168000,27.12
0.258441,-0.398000,-0.104000,-0.892000,-1.557000,6.000000,-1.450000,27.07
0.270642,-0.449000,-0.110000,-0.921000,-2.443000,-2.992000,-0.794000,27.07
0.277729,-0.412000,-0.107000,-0.897000,-3.221000,-3.954000,0.656000,27.12
0.290067,-0.398000,-0.158000,-0.885000,-1.542000,13.924000,-0.244000,27.02
0.297084,-0.395000,-0.143000,-0.907000,-2.458000,25.191000,0.565000,27.07
0.309274,-0.413000,-0.144000,-0.947000,0.137000,31.710000,-0.641000,27.12
0.316283,-0.364000,-0.139000,-0.996000,3.786000,39.573000,-3.237000,27.02
0.328834,-0.363000,-0.198000,-0.947000,0.763000,33.435000,1.221000,27.07
0.341056,-0.364000,-0.043000,-0.892000,5.267000,39.847000,-2.427000,27.12
0.348655,-0.384000,-0.079000,-0.872000,6.122000,29.786000,-3.176000,27.12
0.360363,-0.413000,-0.145000,-0.860000,16.473000,38.229000,-3.847000,27.17
0.367252,-0.376000,-0.131000,-0.895000,8.092000,25.557000,-4.290000,27.17
0.379714,-0.348000,-0.075000,-0.983000,2.840000,19.695000,-0.565000,27.12
0.386898,-0.345000,-0.090000,-0.924000,5.313000,26.046000,-5.344000,27.07
0.399014,-0.394000,-0.129000,-0.876000,5.267000,19.863000,-5.664000,27.07
0.411286,-0.367000,-0.185000,-0.856000,4.305000,11.435000,-5.023000,27.12
0.418534,-0.318000,-0.164000,-0.815000,15.176000,39.924000,-4.336000,27.07
0.430543,-0.356000,-0.110000,-0.947000,6.122000,13.130000,-1.588000,27.07
0.437774,-0.340000,-0.073000,-0.828000,8.321000,9.466000,-5.542000,27.02
0.449957,-0.333000,-0.122000,-0.861000,10.015000,23.969000,-6.947000,26.98
0.457113,-0.362000,-0.164000,-0.816000,0.061000,-3.099000,3.435000,27.07
0.469302,-0.360000,-0.129000,-0.815000,5.206000,19.634000,-3.527000,27.12
0.476571,-0.346000,-0.167000,-0.896000,6.779000,24.092000,-1.786000,27.02
0.488707,-0.326000,-0.124000,-0.915000,-0.962000,10.702000,0.031000,27.07
0.501348,-0.344000,-0.105000,-0.862000,-4.382000,0.290000,1.786000,27.02
0.508066,-0.324000,-0.108000,-0.796000,5.618000,23.344000,-2.870000,27.07
0.520440,-0.344000,-0.132000,-0.837000,2.870000,11.252000,-1.527000,27.17
0.527509,-0.345000,-0.179000,-0.875000,0.779000,7.634000,-0.137000,27.07
0.540086,-0.310000,-0.179000,-0.949000,2.031000,-9.634000,4.931000,27.02
0.546665,-0.339000,-0.139000,-0.989000,-7.939000,-35.359000,7.511000,27.07
0.558949,-0.256000,-0.161000,-0.929000,-20.168000,-35.985000,15.527000,27.07
0.571113,-0.281000,-0.222000,-1.100000,1.496000,-8.809000,9.924000,27.02
0.578246,-0.388000,-0.058000,-0.965000,-8.794000,-9.481000,9.435000,26.98
0.590657,-0.299000,-0.129000,-0.686000,-5.756000,-1.298000,7.420000,27.07
0.597664,-0.310000,-0.116000,-0.872000,6.076000,9.725000,0.351000,27.02
0.610381,-0.302000,-0.130000,-0.809000,9.588000,17.634000,-6.168000,27.12
0.616990,-0.380000,-0.113000,-0.902000,-3.771000,-8.885000,-1.466000,27.07
0.629241,-0.346000,-0.117000,-0.894000,10.672000,20.031000,-7.221000,27.12
0.636319,-0.424000,-0.172000,-1.054000,14.687000,35.939000,-10.855000,27.02
0.648596,-0.365000,-0.231000,-1.124000,8.244000,32.244000,-7.878000,27.07
0.660804,-0.376000,-0.177000,-0.973000,-0.962000,22.870000,-2.244000,27.12
0.667977,-0.364000,-0.162000,-0.910000,9.924000,46.427000,-7.221000,27.12
0.680120,-0.343000,-0.083000,-0.938000,6.809000,31.863000,-2.962000,27.07
0.687139,-0.359000,-0.092000,-0.950000,-7.023000,-20.427000,2.076000,27.07
0.700900,-0.274000,-0.091000,-0.913000,-0.366000,10.733000,-4.870000,27.12
0.706275,-0.329000,-0.136000,-1.001000,6.214000,6.992000,-4.015000,27.07
0.718789,-0.312000,-0.094000,-0.892000,5.588000,4.443000,-4.748000,27.07
0.730926,-0.332000,-0.104000,-0.884000,4.840000,-6.473000,-4.031000,27.02
0.738088,-0.319000,-0.137000,-0.924000,4.351000,-11.664000,-3.542000,27.07
0.750200,-0.356000,-0.093000,-0.921000,11.893000,-18.718000,-4.779000,27.07
0.756975,-0.297000,-0.125000,-0.915000,3.710000,-19.466000,-5.023000,27.02
0.769193,-0.313000,-0.111000,-0.921000,-1.145000,-29.313000,-2.244000,27.02
0.778196,-0.290000,-0.133000,-0.826000,8.076000,-24.122000,-6.229000,27.07
0.788548,-0.328000,-0.145000,-0.886000,6.901000,-35.740000,-0.305000,27.02
0.800773,-0.318000,-0.148000,-0.762000,8.992000,-26.763000,-3.008000,27.07
0.807546,-0.310000,-0.185000,-0.936000,-18.076000,-45.435000,1.817000,27.07
0.819843,-0.481000,-0.127000,-0.613000,-27.527000,-32.824000,8.412000,27.02
0.826706,-0.400000,-0.115000,-0.768000,25.237000,-9.008000,-19.832000,27.12
0.838678,-0.351000,-0.116000,-0.760000,19.511000,-19.740000,-15.863000,27.07
0.850906,-0.423000,-0.065000,-0.808000,21.099000,-14.122000,-20.214000,27.17
0.857638,-0.378000,-0.142000,-1.043000,31.878000,16.260000,-32.687000,27.02
0.869989,-0.343000,-0.590000,-1.148000,35.389000,28.626000,-14.321000,27.07
0.876768,-0.447000,-0.020000,-1.020000,21.527000,32.458000,-18.244000,27.07
0.888953,-0.421000,-0.202000,-0.727000,4.427000,18.779000,-6.000000,27.12
0.901195,-0.367000,-0.164000,-0.833000,83.542000,92.855000,-52.443000,27.07
0.907735,-0.420000,-0.119000,-0.776000,119.359000,56.641000,-37.496000,26.98
0.919764,-0.637000,-0.140000,-0.667000,162.168000,88.641000,-37.786000,27.02
0.926810,-0.782000,-0.224000,-1.328000,127.359000,107.282000,-27.038000,27.02
0.938629,-0.699000,-0.028000,-0.912000,114.687000,153.405000,-38.031000,26.98
0.950777,-0.665000,0.276000,-1.210000,92.916000,176.336000,-54.489000,27.02
0.957641,-0.652000,-0.872000,-1.239000,118.214000,74.992000,-41.557000,27.12
0.969621,-0.732000,-0.488000,-1.659000,78.931000,107.344000,-39.160000,27.07
0.976702,-0.767000,-0.284000,-1.500000,86.153000,101.939000,-77.710000,26.98
0.988445,-0.827000,-0.189000,-1.395000,43.939000,139.832000,-51.664000,27.12
1.000559,-0.606000,-0.005000,-1.429000,61.817000,155.542000,-68.702000,27.07
1.007444,-0.706000,-0.027000,-1.708000,72.061000,153.802000,-52.687000,26.98
1.019747,-0.669000,-0.080000,-1.761000,78.305000,151.008000,-80.061000,26.93
1.026664,-0.870000,0.285000,-1.462000,92.458000,85.542000,-90.733000,27.07
1.038646,-1.314000,0.857000,-1.403000,39.313000,81.267000,-97.038000,27.07
1.050377,-1.054000,0.819000,-1.118000,-9.023000,55.664000,-102.626000,27.02
1.057193,-1.258000,0.777000,-1.257000,-29.725000,63.160000,-110.244000,27.02
1.069776,-1.082000,0.755000,-0.427000,-55.939000,17.176000,-104.580000,27.07
1.076508,-1.068000,0.458000,-0.387000,-62.168000,18.534000,-89.771000,27.07
1.088693,-0.974000,0.304000,-0.227000,-76.168000,45.847000,-80.504000,27.12
1.100840,-1.016000,0.075000,-0.553000,-64.550000,0.397000,-45.679000,26.98
1.107850,-0.961000,0.016000,-0.512000,-74.687000,4.748000,-17.221000,26.98
1.119981,-0.924000,-0.010000,-0.645000,-57.878000,-42.076000,3.115000,27.02
1.126579,-0.843000,-0.037000,-0.622000,-52.809000,-58.656000,21.450000,27.07
1.139110,-0.789000,-0.073000,-0.710000,-52.489000,-73.069000,37.176000,26.98
1.150798,-0.729000,-0.102000,-0.808000,-59.557000,-87.939000,52.687000,27.02
1.157967,-0.345000,0.141000,-0.932000,-74.244000,-104.504000,28.977000,27.12
1.169907,-0.456000,-0.188000,-0.716000,-60.397000,-147.237000,73.084000,26.98
1.175744,-0.598000,-0.034000,-1.011000,-73.634000,-141.252000,69.802000,27.02
1.188392,-0.545000,-0.040000,-1.023000,-84.229000,-141.435000,72.351000,27.02
1.203425,-0.368000,-0.037000,-0.948000,-87.557000,-136.611000,65.878000,26.98
1.206903,-0.429000,-0.009000,-1.073000,-90.718000,-137.282000,61.939000,27.12
1.218753,-0.371000,-0.032000,-1.239000,-100.794000,-153.679000,58.702000,27.12
1.230416,-0.307000,-0.056000,-1.200000,-111.710000,-174.229000,60.153000,26.98
1.237326,-0.381000,-0.013000,-1.160000,-128.397000,-195.908000,50.870000,27.07
1.249157,-0.732000,-0.031000,-1.193000,-137.298000,-185.511000,34.901000,27.02
1.261145,-0.391000,-0.156000,-1.349000,-139.145000,-205.053000,23.053000,27.07
1.267516,-0.315000,-0.134000,-1.313000,-139.771000,-207.542000,14.718000,27.07
1.279609,-0.339000,-0.252000,-1.358000,-139.954000,-202.351000,15.832000,27.02
1.286660,-0.317000,-0.264000,-1.285000,-143.008000,-183.008000,7.420000,27.02
1.298470,-0.349000,-0.367000,-1.331000,-135.145000,-196.046000,9.374000,27.07
1.310102,-0.344000,-0.386000,-1.252000,-134.321000,-186.397000,12.076000,27.02
1.317248,-0.318000,-0.397000,-1.195000,-126.458000,-172.015000,18.702000,26.98
1.328645,-0.209000,-0.379000,-1.211000,-107.221000,-170.168000,18.687000,27.07
1.340611,-0.078000,-0.366000,-1.268000,-110.366000,-134.947000,35.435000,27.02
1.347208,-0.127000,-0.260000,-1.302000,-102.168000,-135.527000,28.641000,26.93
1.359167,-0.059000,-0.234000,-1.320000,-118.611000,-124.626000,35.969000,26.98
1.371116,0.055000,-0.304000,-1.494000,-118.870000,-118.321000,21.878000,27.07
1.377921,0.168000,-0.419000,-1.579000,-97.878000,-86.458000,21.038000,27.02
1.390313,0.352000,-0.379000,-1.493000,-107.130000,-82.031000,28.504000,26.98
1.396905,0.473000,-0.425000,-1.375000,-97.588000,-92.229000,24.427000,26.98
1.409213,0.577000,-0.475000,-1.131000,-76.763000,-77.771000,9.374000,26.93
1.421211,0.627000,-0.810000,-0.515000,-32.427000,-51.634000,-3.008000,27.02
1.428197,0.702000,-0.843000,-0.882000,-48.870000,-34.198000,12.275000,27.07
1.440307,0.719000,-0.772000,-0.818000,-31.466000,-10.061000,11.099000,27.02
1.447173,0.670000,-0.576000,-0.896000,-11.924000,46.779000,-19.817000,27.02
1.459336,0.760000,-0.484000,-0.688000,4.519000,-28.794000,-47.588000,26.98
1.466425,0.880000,-0.828000,-0.913000,41.969000,2.244000,-61.527000,27.02
1.478597,1.027000,-0.819000,-1.029000,58.702000,36.840000,-63.099000,27.02
1.490462,-0.447000,-0.500000,-0.652000,61.588000,-93.618000,-44.214000,26.98
1.497571,-1.361000,-0.016000,-0.871000,52.870000,26.870000,-61.435000,27.02
1.509615,-1.090000,0.135000,-0.009000,10.565000,152.122000,-29.847000,27.02
1.516561,-0.600000,-0.180000,-0.359000,69.069000,164.000000,-70.046000,27.07
1.542783,-0.504000,-0.451000,-0.751000,45.893000,231.099000,-51.038000,27.07
1.549944,-0.510000,-0.194000,-2.530000,34.137000,217.267000,-20.366000,27.12
1.550543,-0.515000,-0.342000,-1.920000,30.672000,78.183000,-39.695000,27.07
1.559752,-0.066000,0.115000,-2.152000,41.221000,197.389000,0.382000,27.07
1.566543,-0.369000,-0.263000,-2.095000,27.847000,94.244000,-36.290000,27.02
1.578665,-0.545000,-0.517000,-0.781000,56.244000,56.794000,-6.611000,26.98
1.591119,-0.294000,-0.274000,-0.851000,25.847000,280.809000,-0.443000,26.98
1.597692,-1.152000,0.164000,-1.875000,32.809000,125.710000,-3.511000,26.93
1.610008,-0.397000,-0.396000,-1.274000,41.786000,90.260000,-28.962000,26.98
1.616637,-0.587000,-0.329000,-0.863000,33.847000,119.756000,-41.710000,26.98
1.629063,-0.518000,-0.165000,-1.065000,23.573000,98.473000,-31.389000,27.12
1.640971,-0.471000,-0.103000,-0.991000,-0.824000,32.107000,-13.878000,27.02
1.648160,-0.425000,-0.041000,-0.938000,23.008000,60.397000,-13.389000,26.98
1.660435,-0.432000,-0.076000,-1.011000,10.947000,26.229000,-8.763000,26.93
1.667055,-0.349000,-0.243000,-0.844000,-9.725000,13.908000,12.687000,27.07
1.679516,-0.390000,-0.040000,-0.864000,1.099000,43.634000,-0.626000,27.07
1.686741,-0.397000,-0.045000,-0.929000,3.969000,38.824000,-1.740000,27.02
1.698796,-0.379000,-0.025000,-0.908000,3.176000,38.885000,-4.122000,27.12
1.711232,-0.362000,-0.028000,-0.925000,-5.679000,39.847000,0.107000,26.98
1.718217,-0.371000,0.000000,-0.858000,-13.878000,34.885000,3.221000,26.98
1.730300,-0.117000,1.504000,-1.268000,-57.542000,61.664000,-101.115000,27.02
1.737618,-0.361000,0.000000,-0.914000,-3.237000,-3.771000,-8.779000,26.98
1.749323,-0.399000,-0.073000,-0.889000,10.656000,-29.206000,-1.084000,26.98
1.756458,-0.333000,0.042000,-0.815000,5.939000,-2.977000,-7.802000,27.02
1.768738,-0.308000,0.061000,-0.871000,5.130000,26.061000,-8.870000,26.98
1.781160,-0.358000,-0.008000,-0.917000,7.832000,8.351000,-5.038000,26.88
1.788527,-0.357000,0.095000,-0.652000,15.038000,14.565000,-18.672000,27.02
1.800554,-0.375000,0.055000,-0.792000,25.374000,51.450000,-22.885000,26.93
1.807661,-0.322000,-0.094000,-0.975000,26.824000,45.084000,-31.405000,26.98
1.819704,-0.369000,-0.193000,-0.937000,21.954000,49.939000,-20.107000,27.02
1.826727,-0.384000,-0.009000,-0.926000,12.840000,52.947000,-13.389000,27.02
1.838892,-0.320000,-0.105000,-0.872000,18.076000,67.023000,-19.924000,26.98
1.850614,-0.357000,-0.093000,-0.917000,12.000000,68.122000,-21.893000,27.02
1.857821,-0.313000,-0.033000,-0.878000,14.702000,82.351000,-23.557000,26.93
1.869753,-0.310000,-0.026000,-0.916000,17.802000,91.588000,-26.046000,26.98
1.876552,-0.339000,-0.048000,-0.865000,17.237000,101.176000,-26.427000,26.98
1.888589,-0.305000,-0.044000,-1.013000,24.412000,114.046000,-37.267000,26.93
1.900453,-0.278000,0.008000,-0.965000,25.344000,111.511000,-34.229000,26.98
1.909557,-0.261000,-0.005000,-1.007000,21.374000,108.137000,-35.725000,26.98
1.919618,-0.218000,-0.078000,-0.947000,35.618000,111.099000,-39.771000,27.02
1.926749,-0.221000,-0.094000,-1.016000,25.435000,75.313000,-34.321000,26.98
1.938677,-0.204000,-0.045000,-0.871000,36.275000,84.733000,-28.198000,27.07
1.950803,-0.219000,-0.164000,-1.126000,9.282000,72.031000,-36.794000,27.02
1.959041,-0.250000,-0.062000,-0.970000,30.366000,80.198000,-32.992000,26.88
1.969860,-0.249000,-0.223000,-0.982000,20.412000,95.847000,-27.695000,26.98
1.980044,-0.408000,-0.557000,-1.030000,34.702000,90.275000,-15.160000,27.02
1.988729,-0.382000,0.503000,-0.993000,20.733000,95.450000,-49.618000,27.02
2.001615,-0.183000,-0.268000,-1.060000,1.771000,65.740000,11.588000,26.98
2.008275,-0.257000,-0.264000,-1.023000,23.405000,82.305000,-16.351000,26.93
2.020268,-0.242000,-0.139000,-1.061000,13.344000,69.328000,-9.634000,26.98
2.027192,-0.352000,-0.193000,-1.128000,15.267000,88.244000,-15.969000,27.07
2.039330,-0.343000,-0.029000,-1.058000,23.389000,70.427000,-22.519000,27.07
2.044922,-0.387000,0.005000,-1.076000,21.908000,70.321000,-18.397000,27.02
2.058210,-0.454000,0.011000,-1.091000,22.305000,69.313000,-21.695000,26.98
2.070528,-0.522000,-0.086000,-1.163000,11.908000,83.603000,-22.702000,27.07
2.077544,-0.427000,0.053000,-1.091000,9.206000,138.015000,-35.573000,27.02
2.089481,-0.582000,-0.005000,-1.226000,48.916000,230.718000,-68.855000,26.98
2.096232,-0.636000,0.041000,-1.802000,119.252000,218.443000,-112.275000,26.98
2.108256,-0.698000,-0.373000,-1.819000,118.809000,252.321000,-81.740000,27.02
2.120425,-0.299000,-0.507000,-1.379000,63.557000,246.244000,-46.626000,27.07
2.127181,-0.651000,-0.234000,-2.416000,114.779000,362.305000,-76.443000,26.88
2.139032,-0.380000,-0.102000,-1.773000,90.031000,114.397000,-51.405000,26.93
2.151255,-0.105000,0.226000,-2.247000,73.618000,124.595000,-26.702000,27.02
2.157746,-0.325000,-0.151000,-2.026000,113.023000,130.611000,-37.450000,26.88
2.170030,-1.118000,-0.186000,-1.636000,139.267000,-7.359000,-63.511000,27.02
2.176882,-1.694000,-0.960000,-0.726000,122.580000,14.382000,-10.076000,27.02
2.188639,-1.887000,-0.133000,-1.138000,41.679000,158.962000,103.282000,27.07
2.201180,-1.130000,0.257000,-0.627000,79.985000,-0.137000,128.641000,26.98
2.208082,-0.792000,0.363000,-0.402000,78.779000,3.832000,143.573000,26.93
2.220222,-0.807000,0.293000,-0.354000,93.298000,-84.229000,143.435000,26.98
2.227048,-0.712000,0.493000,-0.262000,75.817000,-37.069000,132.198000,27.07
2.239214,-0.585000,0.417000,-0.362000,49.069000,-39.908000,140.366000,26.93
2.251222,-0.493000,0.517000,-0.439000,24.046000,-58.977000,134.977000,27.07
2.258386,-0.458000,0.563000,-0.579000,3.542000,-83.893000,116.962000,26.98
2.270288,-0.451000,0.555000,-0.676000,-17.786000,-102.870000,94.397000,27.02
2.276999,-0.460000,0.493000,-0.748000,-41.252000,-124.031000,76.168000,26.98
2.289196,-0.450000,0.401000,-0.855000,-66.305000,-138.260000,64.641000,26.98
2.301242,-0.432000,0.271000,-0.985000,-89.634000,-151.221000,62.076000,26.93
2.307905,-0.401000,0.173000,-1.005000,-107.267000,-165.084000,58.962000,26.98
2.320016,-0.382000,0.057000,-1.020000,-120.305000,-183.634000,60.504000,26.98
2.326538,-0.345000,-0.043000,-0.999000,-127.176000,-189.985000,63.221000,26.93
2.338531,-0.332000,-0.158000,-1.027000,-132.092000,-196.122000,69.618000,26.93
2.350200,-0.284000,-0.270000,-1.089000,-133.206000,-198.672000,82.504000,26.98
2.357191,-0.282000,-0.358000,-1.165000,-134.382000,-199.466000,95.908000,26.88
2.368887,-0.289000,-0.417000,-1.193000,-132.183000,-203.405000,106.885000,27.02
2.380488,-0.265000,-0.477000,-1.265000,-131.359000,-200.427000,116.366000,26.98
2.387173,-0.209000,-0.483000,-1.358000,-129.908000,-195.115000,122.275000,26.98
2.399211,-0.151000,-0.463000,-1.491000,-129.878000,-194.427000,124.779000,27.02
2.410775,-0.258000,-0.417000,-1.540000,-129.893000,-191.557000,121.359000,26.98
2.417393,-0.188000,-0.342000,-1.650000,-129.954000,-199.817000,110.656000,26.98
2.429050,-0.064000,-0.308000,-1.707000,-133.053000,-195.695000,101.450000,26.84
2.441236,0.026000,-0.234000,-1.713000,-136.122000,-200.153000,87.435000,26.98
2.447778,0.031000,-0.185000,-1.694000,-141.756000,-197.939000,71.115000,27.07
2.459961,0.255000,-0.243000,-1.569000,-152.580000,-196.168000,48.824000,27.02
2.466693,0.082000,-0.287000,-1.633000,-161.832000,-192.931000,33.176000,26.98
2.478575,0.083000,-0.375000,-1.650000,-172.565000,-182.595000,8.092000,26.98
2.490510,0.154000,-0.496000,-1.643000,-176.641000,-175.130000,-19.023000,27.02
2.497113,0.234000,-0.599000,-1.689000,-172.412000,-175.908000,-47.527000,26.93
2.509212,0.375000,-0.700000,-1.696000,-161.725000,-172.489000,-71.588000,26.88
2.521067,0.554000,-0.771000,-1.546000,-144.855000,-168.290000,-85.237000,26.93
2.527935,0.678000,-0.860000,-1.349000,-126.397000,-163.389000,-83.252000,27.12
2.539809,0.769000,-0.969000,-1.129000,-105.237000,-145.710000,-65.588000,26.98
2.551833,0.809000,-1.047000,-0.919000,-87.160000,-106.046000,-35.099000,26.93
2.558599,0.737000,-1.064000,-0.835000,-74.351000,-79.130000,-2.412000,27.02
2.571048,1.094000,-1.354000,-1.045000,-31.130000,33.053000,18.305000,26.98
2.577602,1.065000,-1.005000,-0.921000,-10.275000,-10.672000,1.664000,26.93
2.589828,1.377000,-1.397000,-1.167000,50.153000,-58.427000,-17.863000,27.02
2.597274,1.788000,-1.080000,-0.790000,77.221000,23.344000,3.511000,26.98
2.609126,0.562000,-0.341000,-0.702000,84.855000,-55.069000,13.221000,27.07
2.621274,-1.555000,0.930000,-1.549000,46.275000,-88.397000,11.557000,27.02
2.630112,-0.743000,1.029000,-0.733000,57.206000,204.305000,-54.656000,26.98
2.647282,-0.290000,0.185000,-0.955000,50.092000,168.565000,-92.870000,26.98
2.648163,-0.432000,-0.670000,-1.690000,18.794000,235.969000,-64.626000,27.02
2.659387,-0.895000,-0.880000,-2.151000,29.511000,136.260000,3.405000,26.98
2.671194,-0.293000,0.175000,-2.128000,24.443000,234.626000,22.733000,26.88
2.678238,-0.586000,0.197000,-1.856000,26.534000,-2.061000,19.863000,26.93
2.690475,-0.545000,-0.398000,-0.633000,23.252000,96.198000,-33.695000,26.88
2.697431,-0.706000,-0.283000,-0.946000,12.565000,240.809000,-67.557000,26.88
2.709216,-0.498000,-0.107000,-1.340000,22.947000,231.588000,-50.916000,26.93
2.716209,-0.445000,0.081000,-1.272000,24.473000,160.092000,-46.534000,26.98
2.728489,-0.516000,0.023000,-1.070000,31.573000,96.351000,-38.382000,26.98
2.740505,-0.484000,-0.183000,-1.161000,19.847000,73.725000,-29.344000,26.84
2.747482,-0.494000,-0.042000,-0.981000,20.214000,55.206000,-19.847000,26.93
2.759531,-0.449000,-0.004000,-0.871000,20.763000,61.878000,-19.588000,26.98
2.766465,-0.473000,-0.063000,-0.934000,20.580000,76.275000,-17.603000,26.93
2.778638,-0.417000,-0.040000,-0.946000,16.321000,40.565000,-10.885000,26.98
2.790787,-0.405000,0.008000,-0.913000,17.099000,43.282000,-12.992000,26.98
2.797792,-0.422000,-0.041000,-0.953000,8.397000,39.160000,-9.969000,26.93
2.810276,-0.415000,-0.050000,-0.965000,1.954000,32.565000,-4.168000,26.93
2.817203,-0.395000,-0.075000,-0.932000,-1.359000,27.664000,0.550000,26.98
2.829455,-0.399000,-0.057000,-0.908000,-5.710000,30.489000,3.985000,26.93
2.836679,-0.375000,-0.037000,-0.929000,-9.878000,24.244000,5.420000,26.98
2.848973,-0.357000,-0.042000,-0.938000,3.420000,20.763000,1.481000,26.98
2.861287,-0.357000,0.010000,-0.868000,10.824000,36.229000,-5.084000,26.98
2.868603,-0.323000,0.042000,-0.907000,15.160000,28.214000,-5.756000,27.02
2.880612,-0.341000,0.059000,-0.864000,15.252000,32.046000,-5.725000,26.88
2.887768,-0.351000,0.020000,-0.854000,12.702000,32.092000,-8.031000,26.98
2.899875,-0.310000,0.037000,-0.865000,23.847000,52.763000,-16.702000,27.02
2.906874,-0.337000,0.066000,-0.858000,27.725000,53.130000,-18.137000,26.98
2.919403,-0.319000,-0.041000,-0.896000,32.427000,63.969000,-24.794000,26.98
2.931065,-0.281000,-0.055000,-0.940000,30.962000,67.374000,-24.718000,27.02
2.938401,-0.310000,-0.078000,-0.916000,31.664000,62.412000,-26.290000,26.98
2.950209,-0.285000,-0.123000,-0.952000,30.427000,59.511000,-21.664000,26.98
2.957265,-0.252000,-0.101000,-0.919000,28.779000,49.832000,-17.099000,26.93
2.969486,-0.318000,0.006000,-0.861000,38.763000,69.893000,-30.458000,27.02
2.981483,-0.290000,-0.104000,-0.964000,23.008000,56.611000,-14.977000,26.88
2.988273,-0.372000,-0.261000,-0.606000,129.115000,37.191000,-37.511000,26.93
3.000597,-0.305000,-0.146000,-0.961000,48.702000,80.473000,-31.160000,26.93
3.007356,-0.193000,-0.198000,-0.801000,28.397000,118.702000,-19.466000,26.98
3.019234,-0.238000,-0.081000,-0.912000,23.893000,132.412000,-16.931000,26.93
3.031390,-0.239000,-0.128000,-1.043000,42.214000,109.588000,-26.321000,27.02
3.038323,-0.234000,-0.039000,-1.014000,33.939000,72.595000,-38.489000,26.98
3.050373,-0.148000,-0.128000,-0.979000,47.115000,125.679000,-28.412000,26.88
3.056989,-0.153000,-0.131000,-0.991000,54.763000,128.947000,-29.328000,26.93
3.069488,-0.266000,0.014000,-1.017000,52.809000,116.611000,-32.916000,27.07
3.081021,-0.196000,-0.134000,-0.969000,51.542000,129.420000,-20.092000,26.88
3.088178,-0.058000,-0.369000,-0.931000,69.908000,158.290000,-23.939000,27.02
3.100389,-0.304000,-0.319000,-1.054000,59.756000,143.924000,19.695000,26.98
3.106929,-0.343000,0.370000,-1.067000,54.550000,134.855000,-40.046000,26.88
3.120483,-0.123000,-0.280000,-0.957000,43.145000,125.802000,28.748000,26.93
3.131342,-0.162000,-0.335000,-1.174000,47.664000,119.008000,-2.840000,26.98
3.138218,-0.232000,-0.219000,-1.104000,29.099000,121.740000,0.809000,26.98
3.150422,-0.433000,-0.255000,-1.108000,23.359000,74.550000,-10.076000,26.93
3.157559,-0.371000,-0.304000,-1.146000,1.969000,37.924000,-0.092000,26.93
3.170481,-0.440000,-0.273000,-1.109000,-25.405000,19.450000,-9.527000,26.88
3.176834,-0.400000,-0.109000,-1.136000,-68.672000,61.023000,-42.015000,26.93
3.188489,-0.656000,0.394000,-1.423000,-96.687000,121.588000,-63.115000,26.79
3.200545,-0.437000,0.072000,-1.359000,-33.802000,52.916000,-41.237000,26.88
3.207255,-0.372000,-0.674000,-1.511000,83.771000,208.611000,-69.939000,26.98
3.219628,-0.111000,-0.487000,-2.010000,42.885000,127.176000,0.931000,27.02
3.226862,0.024000,-0.109000,-1.417000,84.901000,140.321000,7.420000,26.88
3.238515,-0.246000,-0.139000,-1.894000,146.061000,115.053000,17.374000,26.88
3.250721,0.124000,-0.263000,-1.393000,102.244000,82.550000,15.573000,26.98
3.257604,-0.652000,-0.240000,-1.926000,89.908000,148.076000,29.573000,26.88
3.269883,-1.333000,-0.400000,-0.917000,93.771000,31.618000,52.473000,26.98
3.276838,-0.935000,-0.837000,-0.332000,123.618000,45.405000,122.260000,26.93
3.288815,-1.056000,0.134000,-0.718000,139.756000,107.740000,192.107000,26.98
3.300758,-0.652000,0.219000,-0.490000,135.221000,-15.802000,204.824000,26.88
3.307834,-0.393000,0.487000,-0.243000,137.573000,3.954000,186.412000,26.93
3.319811,-0.310000,0.576000,-0.453000,121.252000,-26.137000,159.557000,26.88
3.326821,-0.209000,0.700000,-0.439000,87.695000,-43.420000,126.947000,26.88
3.338803,-0.207000,0.831000,-0.517000,40.366000,-52.412000,87.664000,26.84
3.351173,-0.248000,0.966000,-0.623000,-6.351000,-72.672000,40.427000,26.88
3.358103,-0.274000,0.873000,-0.850000,-56.061000,-75.191000,-4.031000,26.98
3.370138,-0.354000,0.847000,-1.006000,-108.168000,-95.863000,-42.336000,26.93
3.379709,-0.431000,0.823000,-0.956000,-150.458000,-125.603000,-81.924000,26.98
3.388525,-0.521000,0.789000,-0.755000,-177.618000,-151.145000,-109.954000,26.98
3.400234,-0.687000,0.742000,-0.649000,-193.878000,-164.718000,-134.809000,27.02
3.406936,-0.851000,0.525000,-0.515000,-206.931000,-200.046000,-138.901000,26.98
3.418665,-1.076000,0.381000,-0.274000,-220.397000,-228.137000,-127.878000,26.88
3.430217,-0.499000,-0.993000,-1.282000,-204.382000,-178.061000,-110.168000,26.84
3.436924,0.286000,-1.878000,-2.644000,-217.160000,-86.260000,-134.656000,27.02
3.449038,0.496000,-2.220000,-2.996000,-77.847000,-235.863000,33.908000,26.98
3.461030,1.260000,-1.445000,-0.775000,14.031000,-305.359000,23.725000,26.93
3.467883,2.493000,-2.007000,-1.302000,45.969000,-126.412000,-10.000000,26.84
3.479919,2.847000,-1.836000,-1.135000,-37.450000,-177.328000,74.947000,26.98
3.486889,3.337000,-1.494000,-1.779000,-22.763000,-117.817000,84.901000,26.93
3.499005,3.315000,-1.228000,-1.544000,3.893000,-111.954000,56.916000,26.93
3.511309,3.235000,-1.249000,-1.556000,14.397000,-66.366000,5.115000,26.88
3.518306,2.817000,-1.358000,-1.517000,2.321000,-1.771000,-29.893000,26.84
3.530425,1.151000,-1.053000,-1.088000,13.313000,-76.046000,28.870000,26.93
3.537577,-0.648000,0.028000,-0.662000,-5.603000,-95.191000,-5.237000,26.98
3.549647,0.008000,-0.250000,-0.874000,-2.763000,46.427000,-27.023000,26.88
3.556527,0.172000,-0.383000,-1.106000,-2.550000,-63.420000,-5.573000,26.93
3.568803,-0.113000,-0.006000,-0.847000,-38.855000,-9.802000,5.008000,26.88
3.583785,-0.230000,-0.144000,-1.036000,-35.206000,-63.115000,21.756000,26.98
3.588323,-0.168000,-0.071000,-0.972000,-31.664000,-56.046000,36.580000,26.93
3.599661,-0.343000,-0.034000,-1.044000,-0.962000,-72.718000,37.313000,26.98
3.607488,-0.430000,-0.010000,-1.022000,14.519000,-101.618000,38.870000,26.88
3.621802,-0.456000,-0.093000,-0.945000,9.267000,-72.855000,31.130000,26.93
3.630898,-0.419000,-0.156000,-1.048000,12.000000,-84.046000,29.023000,26.98
3.640624,-0.431000,-0.088000,-0.714000,17.847000,-7.267000,-5.740000,26.88
3.649871,-0.442000,-0.197000,-0.929000,12.550000,-13.435000,-2.885000,27.02
3.657207,-0.407000,-0.239000,-0.805000,5.511000,7.588000,-3.618000,26.88
3.669435,-0.405000,-0.281000,-0.910000,-3.282000,15.282000,-3.023000,26.88
3.676502,-0.353000,-0.242000,-0.867000,-5.405000,6.824000,-4.107000,26.93
3.688607,-0.334000,-0.219000,-0.898000,-6.260000,12.748000,-4.275000,26.84
3.701030,-0.315000,-0.159000,-0.914000,-13.573000,5.924000,0.565000,26.98
3.708297,-0.299000,-0.155000,-0.934000,-12.977000,12.336000,2.412000,26.93
3.721011,-0.284000,-0.160000,-0.939000,-8.458000,-6.565000,3.710000,26.98
3.727620,-0.282000,-0.150000,-0.911000,-4.733000,-1.191000,1.237000,26.98
3.739623,-0.284000,-0.136000,-0.922000,-3.344000,-11.542000,4.244000,26.84
3.747022,-0.299000,-0.163000,-0.890000,-1.511000,-8.229000,4.748000,26.84
3.759244,-0.292000,-0.173000,-0.921000,0.885000,-4.061000,2.672000,26.88
3.771152,-0.345000,-0.182000,-0.916000,-0.351000,-12.733000,3.344000,26.88
3.778510,-0.360000,-0.205000,-0.912000,-2.092000,-9.084000,1.573000,26.93
3.790548,-0.372000,-0.203000,-0.903000,-0.244000,-4.885000,-1.191000,26.98
3.797535,-0.343000,-0.160000,-0.908000,-4.137000,-7.435000,-0.824000,26.88
3.815791,-0.356000,-0.153000,-0.939000,-9.527000,-5.908000,0.092000,26.93
3.816702,-0.340000,-0.154000,-0.893000,-4.122000,-6.626000,-0.550000,26.88
3.828815,-0.353000,-0.146000,-0.910000,-3.115000,-6.076000,-0.076000,26.88
3.841026,-0.364000,-0.109000,-0.931000,-2.870000,-19.985000,-2.122000,26.93
3.848199,-0.341000,-0.147000,-0.921000,-5.634000,-23.359000,1.695000,26.88
3.860222,-0.367000,-0.156000,-0.906000,0.000000,-30.611000,-0.504000,26.88
3.867507,-0.345000,-0.174000,-0.877000,0.458000,-8.733000,-1.786000,26.84
3.879569,-0.350000,-0.199000,-0.883000,-2.427000,-21.511000,2.794000,26.93
3.886684,-0.321000,-0.191000,-0.905000,-2.656000,-10.977000,1.130000,26.98
3.898562,-0.354000,-0.182000,-0.936000,-3.878000,-25.924000,1.527000,26.93
3.911025,-0.301000,-0.185000,-0.914000,1.435000,-12.489000,1.664000,26.84
3.918322,-0.341000,-0.172000,-0.871000,-1.282000,-6.580000,0.550000,26.98
3.930315,-0.333000,-0.163000,-0.893000,2.046000,0.275000,-3.389000,26.93
3.937787,-0.338000,-0.172000,-0.900000,1.267000,-1.588000,-3.740000,26.93
3.949900,-0.350000,-0.177000,-0.889000,0.931000,-0.733000,-2.260000,26.88
3.957182,-0.345000,-0.164000,-0.890000,0.519000,1.603000,-1.954000,26.93
3.970172,-0.364000,-0.161000,-0.875000,-0.534000,-0.351000,-0.977000,26.93
3.975019,-0.407000,-0.131000,-0.891000,0.534000,0.198000,-1.115000,26.88
3.989161,-0.393000,-0.125000,-0.874000,1.130000,3.695000,-2.168000,26.88
4.000981,-0.371000,-0.150000,-0.857000,0.076000,10.275000,-1.573000,26.93
4.008612,-0.388000,-0.141000,-0.874000,1.130000,6.427000,-2.748000,26.79
4.020670,-0.373000,-0.176000,-0.889000,3.252000,16.626000,-3.420000,26.88
4.027636,-0.368000,-0.177000,-0.884000,3.969000,7.374000,-3.832000,26.93
4.040170,-0.356000,-0.194000,-0.865000,3.557000,19.496000,-2.809000,26.88
4.047271,-0.352000,-0.181000,-0.873000,6.168000,14.443000,-4.366000,26.98
4.059243,-0.333000,-0.174000,-0.854000,5.939000,22.504000,-6.076000,26.84
4.071268,-0.349000,-0.200000,-0.958000,9.527000,18.824000,-4.137000,26.98
4.078570,-0.382000,-0.170000,-0.977000,9.679000,17.450000,-0.565000,26.98
4.091215,-0.346000,-0.194000,-0.871000,5.786000,16.229000,-3.603000,26.93
4.098267,-0.338000,-0.177000,-0.867000,3.450000,12.015000,-6.824000,26.88
4.110296,-0.355000,-0.191000,-0.901000,0.855000,6.763000,-1.756000,26.88
4.117530,-0.341000,-0.188000,-0.891000,1.176000,9.115000,-2.748000,26.93
4.129588,-0.327000,-0.192000,-0.917000,-0.427000,3.450000,-1.313000,26.88
4.136929,-0.328000,-0.202000,-0.890000,-0.397000,1.328000,-1.206000,26.88
4.148872,-0.310000,-0.196000,-0.877000,-0.687000,0.855000,-2.137000,26.93
4.161387,-0.328000,-0.188000,-0.876000,0.351000,1.160000,-1.405000,26.93
4.168317,-0.333000,-0.174000,-0.905000,2.656000,0.412000,-2.641000,26.88
4.180754,-0.333000,-0.165000,-0.910000,3.389000,3.527000,-4.580000,27.02
4.187909,-0.375000,-0.160000,-0.903000,6.489000,2.000000,-4.290000,26.98
4.200162,-0.371000,-0.147000,-0.896000,7.603000,6.626000,-4.656000,26.88
4.207287,-0.365000,-0.181000,-0.859000,7.084000,16.366000,-4.702000,26.93
4.219451,-0.412000,-0.147000,-0.884000,7.099000,10.885000,-4.260000,27.02
4.226462,-0.346000,-0.204000,-0.848000,10.061000,30.733000,-8.397000,26.98
4.238566,-0.387000,-0.208000,-0.947000,6.260000,27.496000,-6.656000,26.93
4.250707,-0.367000,-0.178000,-0.927000,2.458000,25.160000,-5.863000,26.88
4.257811,-0.363000,-0.199000,-0.906000,4.656000,36.656000,-6.122000,26.98
4.269961,-0.348000,-0.184000,-0.950000,4.031000,25.664000,-5.496000,26.88
4.277285,-0.332000,-0.152000,-0.927000,2.992000,24.260000,-5.282000,26.93
4.289146,-0.333000,-0.173000,-0.934000,4.489000,22.290000,-4.061000,26.88
4.295106,-0.349000,-0.164000,-0.931000,4.947000,23.573000,-4.489000,26.98
4.308311,-0.351000,-0.171000,-0.937000,5.008000,27.802000,-5.084000,26.93
4.321058,-0.413000,-0.193000,-0.968000,0.992000,27.817000,3.908000,26.98
4.327497,-0.408000,-0.217000,-0.919000,2.168000,28.977000,-2.809000,26.98
4.339875,-0.398000,-0.129000,-0.892000,3.145000,40.519000,0.275000,26.93
4.346724,-0.408000,-0.148000,-0.939000,-0.305000,47.084000,1.023000,26.88
4.359110,-0.425000,-0.088000,-0.860000,0.870000,64.763000,-5.237000,26.98
4.371119,-0.398000,-0.188000,-1.058000,5.618000,72.458000,-4.473000,26.84
4.378476,-0.346000,-0.216000,-0.948000,19.176000,63.802000,-3.374000,26.88
4.390157,-0.331000,-0.217000,-1.012000,16.229000,77.145000,-4.626000,26.98
4.397235,-0.351000,-0.214000,-0.948000,14.870000,69.496000,-1.435000,26.93
4.409508,-0.385000,-0.218000,-0.893000,14.412000,83.099000,0.580000,26.84
4.416679,-0.338000,-0.185000,-0.879000,8.153000,76.916000,7.817000,26.98
4.428799,-0.254000,-0.104000,-0.928000,6.901000,83.969000,12.198000,26.93
4.441002,-0.441000,0.193000,-0.937000,2.107000,53.786000,15.802000,26.93
4.448094,-0.822000,0.294000,-0.714000,0.351000,13.466000,4.870000,26.98
4.460444,-1.010000,0.334000,-0.569000,-6.076000,13.420000,3.817000,27.02
4.467121,-1.048000,0.376000,-0.569000,-22.061000,-6.366000,7.817000,26.93
4.479371,-0.917000,0.273000,-0.650000,-35.130000,-14.672000,8.550000,26.88
4.486293,-0.472000,-0.139000,-0.833000,-30.641000,-38.687000,4.916000,26.93
4.498598,0.105000,-0.464000,-1.017000,-24.061000,-54.992000,9.023000,26.93
4.510478,0.650000,-0.713000,-1.260000,-15.618000,-58.992000,8.809000,26.88
4.517490,1.130000,-0.881000,-1.249000,-6.382000,-63.771000,7.573000,26.93
4.529805,1.453000,-1.109000,-1.324000,1.023000,-43.786000,2.183000,26.84
4.536771,1.532000,-1.204000,-1.345000,9.282000,-30.901000,1.023000,26.79
4.548866,-0.433000,0.115000,-1.070000,-14.290000,-96.397000,21.252000,26.88
4.560942,-0.575000,-0.095000,-0.447000,8.153000,-10.443000,-9.511000,27.02
4.567966,-0.151000,-0.257000,-1.004000,-0.366000,13.740000,-0.031000,26.88
4.579995,-0.270000,-0.256000,-1.002000,-9.725000,-26.840000,19.160000,26.88
4.588720,-0.353000,-0.138000,-0.909000,1.863000,-25.374000,11.252000,27.02
4.598900,-0.339000,-0.199000,-0.886000,10.565000,-12.305000,3.145000,26.98
4.604538,-0.340000,-0.230000,-0.901000,2.992000,5.969000,7.740000,26.88
4.622771,-0.385000,-0.196000,-0.898000,0.550000,12.733000,5.985000,26.84
4.630619,-0.373000,-0.202000,-0.870000,8.519000,17.695000,-4.748000,26.98
4.637482,-0.337000,-0.227000,-0.867000,9.435000,30.947000,-8.992000,26.88
4.649812,-0.319000,-0.225000,-0.909000,5.939000,38.580000,-8.336000,27.02
4.656724,-0.324000,-0.163000,-0.938000,7.466000,42.611000,-10.611000,26.98
4.668793,-0.334000,-0.166000,-0.954000,11.450000,37.725000,-12.244000,26.98
4.680790,-0.386000,-0.052000,-0.967000,11.313000,44.641000,-14.473000,26.93
4.688337,-0.360000,-0.080000,-0.977000,15.725000,63.756000,-19.725000,26.84
4.699759,-0.333000,-0.173000,-0.988000,20.870000,65.710000,-14.931000,26.88
4.709486,-0.368000,-0.067000,-1.009000,23.420000,63.176000,-8.611000,26.84
4.718923,-0.368000,0.048000,-0.980000,28.198000,70.550000,-13.618000,26.88
4.730980,-0.459000,0.068000,-0.932000,27.221000,47.420000,-2.351000,26.88
4.737988,-0.857000,0.299000,-0.795000,13.756000,23.237000,2.321000,26.93
4.750653,-1.154000,0.559000,-0.713000,2.901000,12.153000,-1.313000,26.93
4.784174,-1.281000,0.559000,-0.605000,-15.252000,-9.863000,-5.954000,26.79
4.784972,-1.247000,0.417000,-0.688000,-30.733000,-30.763000,-5.542000,26.88
4.785565,-1.008000,0.168000,-0.740000,-45.115000,-48.290000,6.214000,26.88
4.788149,-0.591000,-0.168000,-0.918000,-53.313000,-64.580000,17.237000,26.98
4.799971,-0.195000,-0.431000,-1.038000,-47.771000,-87.084000,37.802000,26.98
4.806926,0.172000,-0.573000,-1.039000,-45.130000,-106.229000,62.076000,26.93
4.818766,0.677000,-0.734000,-1.244000,-45.756000,-106.458000,35.160000,26.98
4.830719,1.375000,-1.164000,-1.311000,-17.664000,-69.298000,45.695000,26.79
4.837742,2.503000,-1.623000,-1.772000,3.420000,-28.015000,25.282000,26.84
4.849665,0.101000,-1.141000,-1.750000,11.634000,-193.725000,88.382000,26.98
4.858447,-0.946000,-0.359000,0.341000,20.580000,-92.153000,36.122000,26.88
4.868574,-0.283000,-0.081000,-1.360000,-45.008000,84.916000,-11.053000,26.84
4.881415,-0.329000,-0.183000,-0.775000,-48.031000,8.595000,11.221000,26.84
4.887553,-0.456000,0.125000,-1.001000,-39.557000,-3.389000,21.328000,26.88
4.899705,-0.424000,0.079000,-0.944000,-14.626000,-11.557000,5.435000,26.93
4.907078,-0.371000,0.038000,-0.923000,5.969000,-7.878000,-0.244000,26.84
4.919034,-0.336000,-0.102000,-0.901000,13.115000,-1.053000,-0.748000,26.88
4.931113,-0.341000,-0.186000,-0.877000,3.420000,10.870000,0.595000,26.93
4.938210,-0.384000,-0.343000,-0.759000,18.137000,10.458000,4.870000,26.93
4.950162,-0.456000,-0.195000,-0.909000,22.733000,40.427000,-8.366000,26.98
4.957344,-0.458000,-0.172000,-0.915000,12.321000,50.366000,-9.328000,26.93
4.969225,-0.450000,-0.146000,-0.964000,10.473000,61.145000,-9.374000,26.93
4.975326,-0.449000,-0.122000,-1.004000,14.809000,54.260000,-11.435000,26.98
4.988321,-0.466000,-0.088000,-0.996000,14.641000,51.038000,-11.038000,26.88
5.000189,-0.467000,-0.070000,-1.021000,13.267000,76.885000,-6.672000,26.93
5.007662,-0.539000,0.050000,-1.016000,19.374000,65.053000,-7.725000,26.98
5.019602,-0.460000,-0.090000,-0.929000,18.137000,88.443000,-1.695000,26.88
5.026804,-0.681000,0.224000,-1.018000,8.595000,62.336000,1.527000,26.93
5.038968,-0.943000,0.415000,-0.868000,-1.130000,62.214000,-9.649000,26.88
5.051189,-1.221000,0.635000,-0.778000,-9.115000,48.183000,-17.939000,26.98
5.057897,-1.507000,0.747000,-0.734000,-24.916000,38.534000,-28.718000,26.93
5.069854,-1.622000,0.797000,-0.575000,-44.122000,13.298000,-33.344000,26.88
5.076958,-1.691000,0.661000,-0.505000,-61.817000,-4.275000,-35.176000,26.98
5.088826,-1.731000,0.587000,-0.643000,-85.160000,-38.550000,-35.847000,26.93
5.100522,-1.641000,0.367000,-0.531000,-79.115000,-39.115000,-22.443000,26.84
5.107740,-1.409000,-0.047000,-0.557000,-84.748000,-78.244000,-2.534000,26.88
5.119361,-1.417000,-0.004000,-0.904000,-57.802000,-115.908000,-24.321000,26.84
5.130918,-1.218000,-0.131000,-1.025000,-68.733000,-111.145000,-20.458000,26.88
5.137967,-1.122000,-0.225000,-1.083000,-65.817000,-147.038000,-0.916000,26.88
5.149353,-0.917000,-0.165000,-1.135000,-61.252000,-169.176000,18.290000,26.93
5.161313,-0.710000,-0.083000,-1.119000,-55.771000,-195.298000,25.344000,26.93
5.168377,-0.559000,0.064000,-1.339000,-62.061000,-180.107000,15.191000,26.98
5.180086,-0.375000,0.096000,-1.220000,-72.626000,-173.969000,11.832000,26.84
5.186967,-0.269000,0.098000,-1.212000,-74.947000,-143.664000,-3.969000,26.88
5.198715,-0.144000,0.013000,-1.238000,-77.802000,-139.237000,-10.351000,26.88
5.210852,0.200000,-0.188000,-1.258000,-70.656000,-103.664000,-29.145000,26.93
5.217404,0.246000,-0.249000,-1.076000,-59.221000,-102.107000,-13.969000,26.84
5.229084,0.198000,-0.414000,-1.143000,-54.947000,-107.298000,7.802000,26.79
5.241280,0.228000,-0.450000,-1.129000,-46.687000,-65.618000,24.702000,26.93
5.248082,0.285000,-0.421000,-1.039000,-42.198000,-68.122000,42.534000,26.98
5.263251,0.364000,-0.421000,-1.085000,-26.565000,-71.985000,45.664000,26.88
5.267255,0.498000,-0.402000,-0.840000,-22.947000,-63.740000,52.626000,26.93
5.279966,0.652000,-0.494000,-0.655000,-12.931000,-32.947000,61.099000,26.84
5.290869,0.840000,-0.468000,-0.810000,-5.130000,-20.290000,68.748000,26.88
5.299371,1.115000,-0.480000,-0.865000,1.511000,8.641000,61.038000,26.93
5.310208,1.403000,-0.607000,-0.859000,18.824000,11.420000,30.351000,26.88
5.317136,1.811000,-0.797000,-0.667000,25.725000,4.351000,-13.832000,26.98
5.329129,0.441000,-0.179000,-0.164000,20.519000,-100.534000,38.580000,26.98
5.336389,-1.199000,0.170000,-2.754000,57.374000,151.588000,2.015000,26.84
5.348311,-0.228000,0.213000,-1.757000,51.115000,198.641000,-63.573000,26.88
5.360231,-0.641000,-0.269000,-1.556000,56.168000,-21.618000,-56.840000,26.98
5.366963,-0.248000,-0.488000,-1.320000,45.115000,196.580000,-52.687000,26.93
5.378950,-0.733000,-0.522000,-2.074000,23.542000,139.511000,-84.672000,26.88
5.390993,-0.722000,0.155000,-0.494000,36.947000,-34.290000,-12.672000,26.79
5.397683,-0.484000,0.182000,-0.844000,35.863000,146.992000,-47.405000,26.84
5.409764,-0.446000,-0.220000,-1.158000,29.420000,178.901000,-56.076000,26.79
5.416552,-0.378000,-0.335000,-1.416000,25.710000,93.023000,-18.763000,26.79
5.428630,-0.425000,-0.132000,-0.822000,37.084000,111.160000,-50.687000,26.93
5.440665,-0.477000,-0.212000,-0.982000,36.901000,88.641000,-33.573000,26.88
5.447503,-0.478000,-0.211000,-1.116000,0.809000,28.229000,-10.656000,26.98
5.459748,-0.419000,-0.114000,-0.827000,3.405000,54.824000,-8.534000,26.93
5.466429,-0.411000,-0.047000,-0.908000,2.748000,73.832000,-13.374000,26.98
5.478794,-0.423000,-0.020000,-0.905000,-0.855000,37.878000,-3.298000,26.88
5.491084,-0.410000,0.009000,-0.832000,8.519000,38.275000,-8.672000,26.84
5.498105,-0.350000,-0.052000,-0.987000,3.588000,31.267000,-9.160000,26.93
5.510215,-0.336000,-0.029000,-0.958000,-0.763000,11.771000,0.168000,26.79
5.517206,-0.323000,-0.010000,-0.939000,4.046000,15.481000,-3.252000,26.93
5.529420,-0.326000,-0.040000,-0.962000,3.298000,11.847000,-3.435000,26.93
5.536439,-0.333000,-0.071000,-0.925000,3.649000,13.817000,-3.298000,26.88
5.548708,-0.338000,-0.100000,-0.945000,4.275000,22.000000,-5.206000,26.84
5.560745,-0.333000,-0.123000,-0.931000,2.290000,16.000000,-2.580000,26.84
5.567769,-0.321000,-0.084000,-0.921000,-0.702000,20.397000,-3.160000,26.88
5.579760,-0.330000,-0.107000,-0.920000,-2.885000,17.771000,-1.847000,26.93
5.587041,-0.313000,-0.104000,-0.910000,-3.618000,19.221000,-1.634000,26.84
5.598920,-0.312000,-0.064000,-0.911000,-2.962000,20.427000,-1.603000,26.98
5.611042,-0.334000,-0.027000,-0.904000,0.244000,30.855000,-4.168000,26.93
5.618157,-0.321000,-0.039000,-0.917000,3.008000,37.099000,-5.405000,26.84
5.630520,-0.300000,-0.072000,-0.930000,5.237000,37.618000,-7.221000,26.98
5.637465,-0.286000,-0.078000,-0.912000,7.023000,42.214000,-8.168000,26.88
5.649726,-0.306000,-0.050000,-0.927000,8.656000,43.053000,-9.450000,26.84
5.656593,-0.331000,-0.146000,-1.042000,1.252000,5.115000,4.092000,26.79
5.668921,-0.337000,-0.012000,-0.875000,14.443000,56.382000,-8.718000,26.88
5.680664,-0.309000,-0.069000,-0.871000,23.542000,77.313000,-17.832000,26.93
5.687772,-0.289000,-0.086000,-0.984000,19.099000,57.298000,-14.718000,26.88
5.700098,-0.298000,0.032000,-0.917000,15.252000,56.244000,-25.115000,26.79
5.706718,-0.255000,-0.024000,-0.873000,26.779000,68.336000,-22.504000,26.93
5.718727,-0.268000,-0.073000,-0.978000,23.160000,67.618000,-18.931000,26.88
5.730437,-0.248000,-0.115000,-0.967000,33.115000,52.855000,-16.992000,26.88
5.737499,-0.235000,-0.015000,-0.931000,35.435000,65.634000,-23.527000,26.84
5.749539,-0.170000,-0.194000,-0.728000,29.863000,52.046000,1.511000,26.88
5.756461,-0.172000,-0.162000,-0.910000,41.725000,95.969000,-16.427000,26.88
5.768733,-0.225000,-0.156000,-0.992000,45.649000,87.603000,-27.496000,26.93
5.780515,-0.259000,-0.049000,-1.063000,8.550000,41.221000,-23.328000,26.88
5.787526,-0.219000,-0.091000,-0.932000,38.321000,81.481000,-27.771000,26.88
5.799530,-0.161000,-0.164000,-1.038000,40.321000,68.198000,-22.534000,26.84
5.806335,-0.096000,-0.155000,-0.894000,40.244000,64.855000,-15.802000,26.93
5.818445,-0.236000,-0.133000,-0.994000,16.550000,62.763000,-14.702000,26.88
5.830184,-0.194000,-0.130000,-1.015000,37.756000,77.893000,-23.817000,26.93
5.837143,-0.376000,0.196000,-1.007000,23.405000,62.977000,9.130000,26.88
5.849514,-0.164000,-0.439000,-0.980000,40.626000,50.824000,7.985000,26.88
5.856182,-0.254000,-0.267000,-1.073000,31.710000,63.420000,-25.053000,26.84
5.868459,-0.231000,-0.177000,-1.049000,48.214000,34.962000,-15.405000,26.93
5.880336,-0.302000,-0.169000,-1.079000,19.588000,38.031000,-8.870000,26.88
5.887380,-0.342000,-0.230000,-1.072000,4.504000,35.603000,2.702000,26.84
5.899600,-0.514000,-0.164000,-1.022000,7.893000,12.718000,-8.977000,26.98
5.909402,-0.413000,-0.187000,-1.085000,-3.954000,33.786000,-14.443000,26.88
5.920727,-0.546000,-0.212000,-1.166000,-32.947000,24.672000,0.947000,26.93
5.930641,-0.532000,0.067000,-1.031000,-38.916000,55.511000,-25.344000,26.84
5.937409,-0.677000,0.040000,-1.031000,-2.885000,109.481000,-35.817000,26.88
5.949740,-0.559000,0.017000,-1.242000,-6.794000,111.771000,-45.832000,26.88
5.963720,-0.587000,-0.194000,-1.204000,56.031000,122.977000,-58.733000,26.98
5.968197,-1.089000,-0.727000,-2.313000,78.031000,188.275000,-95.420000,26.88
5.980160,-0.636000,-0.685000,-1.640000,78.672000,207.298000,-74.214000,26.88
5.986994,-0.831000,-0.480000,-1.882000,49.237000,293.389000,-71.634000,26.93
5.999556,-0.702000,0.149000,-1.690000,66.031000,137.863000,-55.649000,26.79
6.013310,-0.355000,0.011000,-2.117000,72.458000,272.092000,-69.740000,26.98
6.017713,-0.467000,-0.154000,-2.562000,86.260000,212.000000,-113.160000,26.84
6.030566,-0.975000,0.130000,-1.254000,68.992000,89.221000,-58.061000,26.84
6.037770,-1.265000,-0.761000,-0.596000,99.573000,141.710000,0.962000,26.88
6.048613,-1.913000,-0.505000,-1.664000,61.725000,275.145000,155.802000,26.93
6.061811,-1.254000,0.478000,-0.826000,7.725000,97.924000,157.099000,26.93
6.067744,-1.305000,0.795000,-0.863000,53.115000,-15.450000,146.702000,26.88
6.079576,-0.776000,0.582000,-0.399000,50.366000,-99.466000,144.870000,26.93
6.089691,-0.610000,0.634000,-0.181000,73.710000,-66.397000,119.389000,26.84
6.098636,-0.530000,0.668000,-0.197000,85.450000,-65.573000,100.580000,26.79
6.117012,-0.562000,0.678000,-0.292000,43.649000,-121.130000,88.183000,26.84
6.117640,-0.419000,0.681000,-0.153000,16.244000,-61.191000,68.305000,26.84
6.132759,-0.493000,0.589000,-0.609000,-7.115000,-20.305000,56.901000,26.88
6.153219,-0.525000,0.483000,-0.882000,-37.969000,-74.336000,53.511000,26.88
6.153866,-0.492000,0.451000,-0.965000,-62.412000,-72.931000,48.931000,26.93
6.160502,-0.473000,0.430000,-1.100000,-83.008000,-115.649000,43.053000,26.88
6.167150,-0.438000,0.376000,-1.010000,-101.466000,-162.580000,36.137000,26.88
6.178961,-0.409000,0.289000,-0.993000,-111.954000,-175.450000,31.573000,26.84
6.190891,-0.379000,0.164000,-1.022000,-120.702000,-186.076000,31.481000,26.88
6.197634,-0.436000,0.028000,-1.270000,-131.740000,-252.000000,37.908000,26.88
6.209559,-0.371000,-0.075000,-1.169000,-138.107000,-264.458000,48.840000,26.84
6.221117,-0.342000,-0.156000,-1.120000,-138.962000,-231.786000,56.412000,26.79
6.227776,-0.376000,-0.269000,-1.230000,-141.038000,-224.748000,69.954000,26.79
6.239451,-0.359000,-0.384000,-1.191000,-139.557000,-229.115000,89.435000,26.84
6.251181,-0.341000,-0.448000,-1.379000,-142.992000,-228.092000,103.328000,26.79
6.270897,-0.321000,-0.467000,-1.343000,-144.992000,-197.756000,111.099000,26.88
6.271611,-0.316000,-0.477000,-1.527000,-139.511000,-212.794000,121.389000,26.84
6.281192,-0.275000,-0.444000,-1.594000,-133.298000,-215.282000,127.145000,26.79
6.287633,-0.221000,-0.364000,-1.670000,-131.954000,-216.382000,127.481000,26.88
6.299396,-0.186000,-0.242000,-1.719000,-135.298000,-212.275000,121.313000,26.84
6.311161,-0.142000,-0.120000,-1.812000,-136.656000,-210.351000,106.382000,26.79
6.317728,-0.119000,-0.053000,-1.863000,-142.885000,-220.916000,86.748000,26.79
6.329323,-0.095000,-0.069000,-1.813000,-152.595000,-232.046000,64.763000,26.84
6.341097,-0.044000,-0.109000,-1.728000,-163.863000,-221.130000,40.931000,26.84
6.348394,-0.015000,-0.164000,-1.686000,-172.168000,-200.550000,13.832000,26.88
6.359666,0.015000,-0.198000,-1.711000,-176.779000,-182.611000,-14.107000,26.84
6.366466,0.122000,-0.310000,-1.750000,-168.122000,-163.603000,-40.168000,26.79
6.381448,0.275000,-0.479000,-1.748000,-157.802000,-176.015000,-56.931000,26.69
6.389632,0.424000,-0.639000,-1.555000,-142.641000,-167.802000,-63.267000,26.74
6.397767,0.572000,-0.833000,-1.309000,-131.924000,-149.405000,-58.641000,26.84
6.408498,0.673000,-1.089000,-1.076000,-115.038000,-118.183000,-38.809000,26.88
6.421233,0.814000,-1.262000,-0.908000,-92.550000,-93.176000,-18.458000,26.93
6.426935,0.920000,-1.322000,-0.920000,-69.145000,-56.275000,4.733000,26.79
6.438934,0.943000,-1.292000,-0.969000,-37.786000,-49.328000,24.168000,26.79
6.451119,1.251000,-1.204000,-0.857000,40.687000,42.473000,15.145000,26.74
6.458440,1.125000,-0.964000,-0.942000,60.672000,30.458000,-4.763000,26.84
6.470373,1.255000,-0.987000,-1.046000,88.840000,18.122000,-34.458000,26.79
6.480312,1.503000,-0.771000,-1.197000,95.466000,115.374000,-35.893000,26.79
6.489448,0.096000,0.098000,-0.708000,74.947000,-19.893000,-16.809000,26.74
6.496081,-1.361000,0.908000,-1.367000,52.519000,58.260000,-43.817000,26.79
6.508919,-0.617000,0.515000,-0.481000,74.565000,273.878000,-92.122000,26.88
6.520813,-0.683000,-0.357000,-0.910000,76.840000,94.275000,-134.809000,26.84
6.526806,-0.382000,-1.129000,-1.568000,86.702000,282.718000,-115.282000,26.79
6.540376,-0.586000,-0.662000,-2.535000,52.336000,272.824000,-16.046000,26.88
6.550883,-0.225000,0.256000,-1.823000,20.779000,25.084000,48.137000,26.84
6.557876,-0.063000,0.558000,-1.308000,-20.855000,298.870000,8.031000,26.88
6.569869,-0.691000,-0.362000,-1.842000,12.916000,47.069000,-14.626000,26.79
6.577133,-0.491000,-0.458000,-0.902000,48.870000,95.832000,-58.565000,26.74
6.588642,-0.336000,0.049000,-0.970000,101.023000,230.992000,-99.053000,26.84
6.600646,-0.573000,-0.294000,-1.451000,88.977000,138.931000,-77.313000,26.79
6.607828,-0.474000,-0.096000,-1.198000,43.527000,50.870000,-35.038000,26.93
6.619486,-0.437000,-0.188000,-0.896000,27.954000,109.038000,-38.290000,26.84
6.626168,-0.823000,-0.612000,-1.113000,19.557000,96.473000,-15.511000,26.69
6.638126,-0.406000,-0.093000,-0.923000,13.863000,114.580000,-24.229000,26.84
6.650136,-0.423000,-0.066000,-0.948000,15.481000,111.817000,-27.649000,26.84
6.658896,-0.390000,-0.088000,-0.940000,25.435000,80.641000,-22.031000,26.69
6.668922,-0.346000,-0.042000,-0.941000,34.809000,62.122000,-19.176000,26.84
6.681446,-0.369000,-0.023000,-0.937000,38.336000,55.420000,-23.786000,26.74
6.691794,-0.361000,-0.041000,-0.970000,31.450000,34.519000,-16.092000,26.79
6.699878,-0.330000,-0.074000,-0.929000,17.908000,34.626000,-11.145000,26.88
6.707468,-0.331000,-0.074000,-0.908000,12.992000,37.191000,-8.718000,26.84
6.720219,-0.328000,-0.043000,-0.916000,8.763000,36.672000,-6.977000,26.88
6.731467,-0.322000,-0.061000,-0.923000,9.084000,40.061000,-6.107000,26.79
6.738929,-0.301000,-0.037000,-0.937000,8.794000,31.206000,-5.542000,26.84
6.750352,-0.311000,-0.012000,-0.904000,12.031000,29.176000,-7.557000,26.79
6.757276,-0.283000,-0.043000,-0.940000,15.328000,30.031000,-9.038000,26.79
6.771172,-0.307000,-0.035000,-0.891000,15.618000,28.076000,-5.450000,26.84
6.776173,-0.345000,-0.047000,-0.891000,18.992000,33.634000,-11.863000,26.88
6.788190,-0.317000,-0.104000,-0.886000,16.626000,50.168000,-10.824000,26.79
6.800217,-0.310000,-0.139000,-0.908000,14.534000,63.542000,-11.282000,26.74
6.808967,-0.310000,-0.149000,-0.961000,9.359000,63.786000,-11.252000,26.88
6.821257,-0.274000,-0.044000,-0.936000,10.229000,44.137000,-11.023000,26.88
6.831172,-0.313000,-0.019000,-0.961000,14.962000,12.565000,-11.969000,26.84
6.837793,-0.262000,-0.056000,-0.878000,18.824000,38.595000,-12.687000,26.88
6.850196,-0.223000,-0.138000,-0.889000,20.534000,89.786000,-20.015000,26.79
6.857585,-0.104000,-0.137000,-0.987000,20.595000,99.954000,-25.511000,26.74
6.871392,-0.275000,-0.243000,-1.017000,13.099000,61.115000,-8.702000,27.02
6.881253,-0.209000,-0.076000,-0.920000,25.588000,75.527000,-23.496000,26.79
6.890565,-0.225000,-0.065000,-0.998000,17.786000,35.939000,-20.305000,26.84
6.899910,-0.262000,-0.024000,-0.930000,30.901000,70.718000,-26.458000,26.69
6.906861,-0.188000,0.003000,-0.880000,39.802000,59.832000,-17.099000,26.79
6.919020,-0.175000,-0.179000,-0.971000,61.557000,82.000000,-10.443000,26.84
6.930890,-0.288000,-0.164000,-0.984000,55.405000,92.473000,-10.718000,26.84
6.939914,-0.499000,0.110000,-1.060000,49.664000,84.366000,-8.153000,26.79
6.952619,-0.241000,-0.376000,-1.000000,55.328000,93.969000,0.992000,26.84
6.956825,-0.244000,-0.303000,-1.018000,41.710000,97.878000,-15.649000,26.88
6.968919,-0.330000,-0.268000,-0.998000,37.924000,91.725000,-5.084000,26.88
6.983737,-0.396000,-0.159000,-1.073000,33.420000,89.023000,-19.847000,26.84
6.987873,-0.449000,-0.211000,-1.042000,27.511000,82.534000,-18.763000,26.84
6.999863,-0.532000,-0.077000,-1.156000,29.282000,58.046000,-30.458000,26.79
7.006771,-0.534000,0.031000,-1.190000,-18.870000,89.725000,-27.008000,26.74
7.018701,-0.467000,-0.053000,-1.449000,-18.870000,108.779000,-20.672000,26.79
7.030890,-0.506000,0.024000,-1.212000,1.756000,90.947000,-22.809000,26.79
7.037678,-0.639000,-0.103000,-1.304000,16.550000,75.069000,-47.435000,26.74
7.049740,-0.681000,-0.484000,-1.758000,48.626000,162.962000,-70.427000,26.84
7.056183,-0.577000,-0.403000,-1.746000,77.115000,152.382000,-34.702000,26.79
7.068166,-0.365000,-0.112000,-1.577000,81.496000,256.992000,-20.565000,26.74
7.080325,-0.306000,0.143000,-1.511000,90.214000,236.305000,-6.183000,26.79
7.087295,-0.340000,0.506000,-1.806000,123.374000,173.069000,-54.168000,26.79
7.099144,-1.317000,0.177000,-1.985000,112.855000,149.679000,-56.351000,26.84
7.111126,-1.958000,0.123000,-1.001000,112.779000,23.145000,-18.427000,26.84
7.117907,-1.320000,-0.039000,-0.466000,100.870000,116.779000,26.260000,26.79
7.129926,-1.512000,0.391000,-0.768000,93.985000,134.153000,51.252000,26.79
7.137001,-1.127000,0.540000,-0.677000,71.466000,44.000000,76.626000,26.69
7.149266,-0.955000,0.455000,-0.731000,65.221000,41.313000,92.397000,26.79
7.161213,-0.683000,0.524000,-0.540000,39.817000,-59.053000,101.725000,26.79
7.167938,-0.640000,0.474000,-0.618000,14.443000,-133.206000,111.786000,26.84
7.179920,-0.536000,0.527000,-0.545000,-5.511000,-102.061000,99.405000,26.79
7.187951,-0.488000,0.497000,-0.638000,-27.481000,-104.809000,91.053000,26.79
7.198635,-0.452000,0.474000,-0.752000,-47.863000,-106.947000,79.084000,26.84
7.210667,-0.419000,0.380000,-0.832000,-63.679000,-131.328000,71.206000,26.69
7.217642,-0.207000,0.267000,-0.643000,-71.649000,-127.206000,80.336000,26.79
7.229410,-0.417000,0.151000,-0.986000,-95.634000,-129.725000,57.893000,26.84
7.241094,-0.416000,0.041000,-1.075000,-114.519000,-150.443000,59.542000,26.79
7.249175,-0.425000,-0.098000,-1.083000,-113.527000,-155.313000,64.947000,26.79
7.259645,-0.419000,-0.160000,-1.187000,-124.000000,-164.092000,66.427000,26.74
7.266204,-0.407000,-0.262000,-1.138000,-128.550000,-169.542000,71.817000,26.79
7.278090,-0.397000,-0.323000,-1.154000,-130.885000,-181.847000,73.939000,26.69
7.289764,-0.396000,-0.369000,-1.148000,-129.756000,-188.473000,76.870000,26.74
7.305444,-0.399000,-0.427000,-1.213000,-127.710000,-189.145000,82.305000,26.98
7.308134,-0.362000,-0.433000,-1.252000,-122.214000,-190.779000,87.878000,26.79
7.319957,-0.343000,-0.396000,-1.297000,-118.687000,-190.244000,91.130000,26.74
7.326557,-0.296000,-0.309000,-1.328000,-119.160000,-183.924000,91.252000,26.79
7.338264,-0.274000,-0.197000,-1.379000,-122.855000,-178.931000,85.328000,26.79
7.350247,-0.265000,-0.103000,-1.467000,-126.992000,-178.901000,73.786000,26.84
7.356937,-0.241000,-0.035000,-1.573000,-138.809000,-178.794000,56.366000,26.79
7.368638,-0.243000,0.000000,-1.637000,-144.321000,-192.137000,43.115000,26.69
7.380549,-0.196000,0.019000,-1.615000,-151.954000,-195.832000,24.031000,26.74
7.387248,-0.161000,-0.040000,-1.600000,-158.183000,-203.756000,6.107000,26.79
7.398951,-0.104000,-0.150000,-1.548000,-162.229000,-201.008000,-12.198000,26.79
7.412356,-0.045000,-0.296000,-1.490000,-160.763000,-192.779000,-24.061000,26.74
7.417227,0.023000,-0.443000,-1.473000,-153.267000,-190.733000,-30.977000,26.79
7.429081,0.130000,-0.969000,-1.537000,-116.794000,-192.962000,3.710000,26.79
7.440975,0.440000,-1.068000,-1.437000,-101.588000,-153.771000,-43.527000,26.84
7.448163,0.520000,-1.118000,-1.419000,-99.053000,-75.588000,-1.618000,26.74
7.460027,0.742000,-0.963000,-1.251000,-103.038000,0.656000,24.962000,26.79
7.467009,0.720000,-0.935000,-1.435000,-80.137000,-77.252000,37.573000,26.74
7.479198,1.110000,-1.038000,-1.047000,-42.977000,-105.832000,38.336000,26.74
7.493774,1.313000,-1.115000,-1.004000,-12.855000,-59.603000,20.427000,26.79
7.498137,1.405000,-1.200000,-1.178000,-2.061000,-77.084000,7.802000,26.74
7.509778,1.693000,-1.123000,-1.041000,29.786000,-46.183000,-2.901000,26.74
7.516632,1.921000,-1.132000,-1.083000,63.878000,-19.573000,-34.183000,26.79
7.528587,1.600000,-1.034000,-0.751000,93.221000,-50.183000,-59.191000,26.84
7.540596,-0.948000,-0.274000,-1.076000,98.076000,-73.344000,-17.710000,26.84
7.547426,-1.531000,0.516000,-1.085000,82.198000,210.794000,-68.855000,26.69
7.560857,-0.415000,0.302000,-0.595000,86.763000,162.977000,-76.947000,26.74
7.571146,-0.398000,-0.326000,-1.401000,65.710000,190.504000,-101.573000,26.84
7.578204,-0.686000,-0.956000,-2.425000,51.496000,132.107000,-56.885000,26.79
7.590034,-0.369000,-0.285000,-2.725000,44.763000,235.954000,-24.656000,26.74
7.596895,-0.752000,-0.513000,-1.861000,46.656000,-58.977000,14.519000,26.65
7.608930,-0.746000,-0.356000,-0.814000,30.824000,109.282000,-33.786000,26.69
7.620665,-0.452000,-0.479000,-0.827000,27.374000,243.344000,31.481000,26.74
7.627805,-0.610000,0.205000,-1.583000,11.084000,153.328000,-66.626000,26.74
7.639983,-0.650000,-0.107000,-0.985000,44.061000,164.504000,6.046000,26.79
7.646893,-0.346000,-0.023000,-1.125000,15.924000,180.733000,-49.817000,26.74
7.658867,-0.495000,-0.100000,-1.173000,4.397000,68.916000,-24.840000,26.74
7.670763,-0.451000,0.026000,-0.772000,30.366000,103.527000,-29.939000,26.79
7.678138,-0.387000,0.019000,-0.887000,29.557000,131.542000,-32.672000,26.84
7.689672,-0.443000,0.015000,-0.882000,43.664000,98.458000,-40.275000,26.74
7.696651,-0.414000,-0.090000,-0.883000,45.191000,65.573000,-15.817000,26.79
7.708504,-0.374000,-0.018000,-0.919000,50.534000,71.817000,-30.519000,26.79
7.720428,-0.370000,-0.033000,-0.951000,51.435000,57.252000,-31.695000,26.74
7.727371,-0.370000,-0.058000,-0.919000,47.008000,48.092000,-23.466000,26.79
7.739394,-0.382000,0.090000,-0.788000,42.458000,73.985000,-25.481000,26.69
7.746190,-0.352000,0.085000,-0.809000,50.519000,99.237000,-36.290000,26.84
7.758157,-0.319000,-0.064000,-0.847000,52.519000,127.359000,-46.351000,26.69
7.774055,-0.241000,-0.129000,-0.993000,18.183000,129.664000,-68.198000,26.69
7.776879,-0.217000,-0.136000,-0.986000,40.855000,116.107000,-30.290000,26.74
7.789114,-0.221000,-0.200000,-0.967000,39.557000,112.183000,-24.611000,26.79
7.801038,-0.209000,-0.167000,-1.004000,25.466000,65.573000,-12.641000,26.88
7.807637,-0.235000,-0.216000,-0.906000,19.679000,35.023000,-9.160000,26.65
7.819610,-0.167000,-0.053000,-0.856000,39.527000,134.046000,-36.565000,26.74
7.826605,-0.322000,0.039000,-0.864000,69.145000,102.076000,-31.618000,26.69
7.838648,-0.315000,-0.221000,-0.912000,62.061000,74.305000,-23.023000,26.65
7.850649,-0.191000,-0.066000,-0.963000,88.840000,175.573000,-66.458000,26.69
7.859783,-0.235000,-0.265000,-1.031000,82.672000,214.504000,-50.626000,26.69
7.875532,-0.105000,-0.023000,-1.042000,71.176000,187.405000,-47.298000,26.74
7.881071,-0.016000,-0.235000,-1.097000,49.176000,120.427000,-29.191000,26.84
7.889125,-0.099000,-0.113000,-0.980000,48.153000,103.359000,-31.084000,26.69
7.900237,0.116000,-0.412000,-0.746000,84.092000,112.107000,26.718000,26.84
7.907074,-0.666000,0.568000,-1.611000,154.351000,52.000000,-93.053000,26.69
7.919037,-0.031000,-0.337000,-0.878000,19.878000,135.740000,56.275000,26.79
7.931268,-0.393000,-0.128000,-1.075000,39.939000,162.947000,4.504000,26.74
7.938244,-0.234000,-0.077000,-1.127000,59.679000,83.664000,8.763000,26.65
7.950306,-0.155000,-0.401000,-1.142000,35.618000,73.099000,4.962000,26.69
7.962026,-0.407000,-0.289000,-1.291000,37.481000,47.405000,-21.053000,26.74
7.969206,-0.377000,-0.148000,-1.312000,8.092000,35.160000,-43.099000,26.69
7.981701,-0.293000,-0.284000,-1.456000,-14.061000,35.863000,-30.046000,26.69
8.007447,-0.308000,-0.408000,-1.328000,-20.198000,74.519000,-48.015000,26.74
8.013092,-0.410000,-0.344000,-1.354000,-17.618000,11.985000,20.504000,26.74
8.013731,-0.371000,-0.410000,-1.600000,23.405000,96.489000,23.664000,26.69
8.022469,-1.112000,0.916000,-1.197000,-42.275000,17.802000,77.206000,26.74
8.031676,-2.021000,1.306000,-0.987000,22.550000,-41.618000,-6.885000,26.69
8.037888,-2.398000,1.038000,-0.157000,11.145000,-103.985000,11.313000,26.69
8.049911,-2.451000,1.020000,-0.157000,-18.061000,-90.962000,25.954000,26.74
8.056673,-2.335000,0.993000,-0.436000,-41.099000,-122.916000,47.618000,26.74
8.068784,-2.093000,0.877000,-0.972000,-61.328000,-161.511000,69.771000,26.69
8.080788,-1.734000,0.820000,-1.109000,-71.405000,-210.427000,74.351000,26.79
8.087209,-1.287000,0.307000,-1.251000,-62.305000,-210.153000,34.809000,26.84
8.099283,-0.557000,0.289000,-1.737000,-106.168000,-198.794000,85.878000,26.79
8.111325,0.306000,-0.058000,-1.780000,-86.244000,-199.481000,45.679000,26.69
8.117988,0.701000,-0.710000,-1.425000,-97.328000,-248.244000,23.115000,26.74
8.129660,2.004000,-0.875000,-1.427000,-146.779000,-212.137000,-37.466000,26.79
8.136187,4.000000,-2.477000,-1.394000,-114.931000,-188.031000,-171.298000,26.69
8.148182,2.775000,-2.617000,-2.142000,-31.435000,-251.420000,39.893000,26.74
8.160035,0.636000,-1.101000,-0.417000,-79.924000,-144.321000,425.740000,26.79
8.166404,-0.229000,-0.567000,-0.671000,-9.389000,-162.351000,-127.725000,26.69
8.178738,-0.046000,-0.944000,-0.554000,-40.290000,3.130000,9.863000,26.74
8.190692,0.615000,-1.061000,-0.912000,-20.977000,-37.710000,-15.023000,26.79
8.197711,1.027000,-1.214000,-1.382000,-29.695000,-22.550000,7.832000,26.79
8.209729,1.943000,-1.207000,-1.675000,-3.664000,-11.573000,-22.565000,26.74
8.216768,2.089000,-1.121000,-1.756000,-6.901000,16.794000,12.565000,26.69
8.228664,0.359000,-0.479000,-1.540000,-33.618000,-62.198000,77.435000,26.79
8.240637,-0.573000,0.258000,-0.560000,-40.000000,-116.168000,24.672000,26.65
8.247711,-0.153000,0.199000,-0.651000,1.481000,110.351000,-9.634000,26.74
8.259711,-0.414000,-0.093000,-1.141000,9.359000,-21.130000,-7.649000,26.79
8.266710,-0.538000,-0.020000,-0.759000,30.397000,18.321000,7.573000,26.74
8.278933,-0.464000,0.073000,-0.853000,33.985000,58.198000,-8.153000,26.74
8.290881,-0.528000,-0.006000,-0.977000,19.695000,64.336000,-19.038000,26.79
8.297748,-0.400000,-0.155000,-1.055000,26.855000,23.954000,-17.969000,26.74
8.310279,-0.346000,-0.173000,-1.086000,1.282000,0.733000,6.840000,26.74
8.316961,-0.402000,-0.220000,-1.092000,-9.969000,-59.481000,16.336000,26.79
8.328899,-0.442000,-0.104000,-0.753000,-14.718000,-55.496000,21.389000,26.65
8.341193,-0.341000,-0.120000,-0.781000,-19.481000,25.771000,4.870000,26.74
8.348047,-0.306000,-0.129000,-0.927000,-12.748000,40.473000,0.519000,26.79
8.360267,-0.281000,-0.099000,-0.926000,-4.137000,-0.168000,2.107000,26.65
8.367467,-0.312000,-0.109000,-0.907000,-0.092000,4.733000,0.290000,26.74
8.379403,-0.308000,-0.113000,-0.926000,-0.061000,8.977000,0.992000,26.79
8.386616,-0.315000,-0.135000,-0.948000,-0.153000,-7.221000,4.916000,26.79
8.398542,-0.300000,-0.145000,-0.969000,13.405000,-15.481000,13.557000,26.74
8.410729,-0.299000,-0.191000,-0.968000,13.969000,-9.802000,7.878000,26.79
8.418029,-0.355000,-0.134000,-0.903000,8.534000,-1.282000,1.450000,26.69
8.430159,-0.350000,-0.114000,-0.891000,7.359000,10.931000,1.008000,26.74
8.437375,-0.359000,-0.108000,-0.879000,6.504000,18.443000,0.550000,26.79
8.449578,-0.369000,-0.109000,-0.878000,8.870000,24.443000,-2.519000,26.79
8.456141,-0.351000,-0.134000,-0.908000,5.023000,24.382000,-1.008000,26.74
8.468517,-0.341000,-0.139000,-0.927000,6.168000,13.405000,-0.718000,26.69
8.480669,-0.334000,-0.140000,-0.901000,6.794000,11.527000,-1.405000,26.69
8.487639,-0.346000,-0.135000,-0.913000,5.221000,13.008000,-0.244000,26.65
8.499849,-0.334000,-0.123000,-0.903000,3.191000,21.237000,-0.153000,26.69
8.506929,-0.337000,-0.139000,-0.939000,4.031000,16.809000,-4.000000,26.69
8.519203,-0.332000,-0.109000,-0.885000,7.435000,22.153000,-5.191000,26.84
8.524736,-0.334000,-0.121000,-0.900000,5.328000,29.573000,-5.756000,26.84
8.538120,-0.302000,-0.129000,-0.900000,7.725000,29.145000,-5.939000,26.69
8.550383,-0.280000,-0.142000,-0.921000,5.496000,24.855000,-4.641000,26.74
8.559136,-0.280000,-0.129000,-0.921000,7.832000,18.977000,-6.382000,26.79
8.569969,-0.312000,-0.176000,-0.926000,6.733000,21.527000,-6.595000,26.79
8.576826,-0.318000,-0.188000,-0.994000,2.672000,0.061000,-1.176000,26.84
8.589517,-0.299000,-0.175000,-0.933000,1.450000,-6.198000,0.489000,26.74
8.594810,-0.302000,-0.133000,-0.908000,1.878000,6.534000,-2.137000,26.69
8.608811,-0.295000,-0.124000,-0.926000,1.832000,9.527000,-3.099000,26.74
8.620661,-0.278000,-0.132000,-0.925000,2.931000,3.649000,-1.084000,26.79
8.629235,-0.277000,-0.131000,-0.913000,0.992000,1.267000,0.992000,26.79
8.640347,-0.328000,-0.117000,-0.900000,2.962000,9.099000,0.427000,26.74
8.647541,-0.347000,-0.158000,-0.915000,4.748000,13.038000,0.061000,26.84
8.659693,-0.312000,-0.191000,-0.949000,2.977000,5.466000,-0.305000,26.69
8.666838,-0.322000,-0.178000,-0.911000,-0.198000,6.855000,0.031000,26.69
8.678905,-0.340000,-0.170000,-0.911000,-1.328000,9.618000,-1.878000,26.74
8.691041,-0.330000,-0.154000,-0.920000,-2.198000,11.817000,-2.779000,26.69
8.698102,-0.302000,-0.172000,-0.917000,-2.092000,12.855000,-3.481000,26.60
8.710272,-0.317000,-0.125000,-0.942000,-0.763000,16.031000,-4.855000,26.65
8.717419,-0.337000,-0.125000,-0.928000,1.176000,19.573000,-4.412000,26.69
8.729359,-0.341000,-0.105000,-0.938000,4.229000,23.038000,-4.260000,26.69
8.735116,-0.335000,-0.106000,-0.937000,7.252000,26.366000,-5.252000,26.74
8.750188,-0.423000,-0.057000,-0.916000,9.603000,32.626000,-4.046000,26.79
8.760699,-0.410000,-0.019000,-0.884000,20.672000,61.802000,-11.221000,26.69
8.767470,-0.479000,-0.151000,-0.929000,18.061000,55.603000,-1.267000,26.74
8.779168,-0.435000,-0.141000,-0.967000,21.252000,80.947000,-12.748000,26.74
8.787001,-0.430000,-0.104000,-1.073000,20.962000,79.924000,-8.458000,26.79
8.798319,-0.430000,-0.135000,-1.072000,25.557000,94.702000,-0.534000,26.84
8.810497,-0.510000,-0.190000,-1.024000,23.740000,76.962000,14.977000,26.65
8.818071,-0.435000,-0.149000,-0.955000,20.061000,85.649000,35.420000,26.69
8.829434,-0.391000,-0.050000,-0.896000,21.679000,93.802000,58.336000,26.65
8.837040,-0.646000,0.237000,-0.990000,19.160000,85.298000,71.252000,26.74
8.848879,-1.174000,0.525000,-0.716000,17.481000,30.214000,64.321000,26.69
8.860784,-1.362000,0.617000,-0.417000,20.305000,-31.863000,53.145000,26.84
8.868348,-1.359000,0.504000,-0.293000,-0.382000,-40.168000,52.672000,26.74
8.882223,-1.360000,0.497000,-0.537000,-17.557000,-51.023000,47.756000,26.69
8.886554,-1.238000,0.457000,-0.662000,-40.260000,-80.000000,45.130000,26.74
8.898831,-1.049000,0.321000,-0.849000,-57.237000,-106.000000,34.901000,26.84
8.910473,-0.760000,0.344000,-0.887000,-71.573000,-135.237000,39.267000,26.79
8.917854,-0.423000,0.171000,-1.032000,-71.908000,-134.443000,22.595000,26.65
8.929444,-0.003000,-0.086000,-1.303000,-58.595000,-127.176000,0.366000,26.74
8.941008,0.437000,-0.801000,-1.336000,-54.366000,-147.649000,-17.802000,26.69
8.947999,1.030000,-0.834000,-1.280000,-44.061000,-99.435000,-12.733000,26.69
8.959720,1.372000,-1.222000,-1.736000,-46.809000,-60.137000,-19.511000,26.74
8.966448,1.749000,-1.529000,-1.256000,-15.924000,-29.420000,-31.740000,26.69
8.984535,1.257000,-1.576000,-1.520000,1.221000,-94.779000,5.939000,26.69
8.990875,0.790000,-1.274000,-0.981000,12.504000,-35.374000,17.145000,26.84
8.997439,-0.177000,-0.082000,-0.944000,-21.115000,-22.305000,43.771000,26.69
9.009796,-0.577000,-0.320000,-0.574000,-7.618000,6.153000,-17.344000,26.69
9.018268,-0.379000,-0.227000,-0.679000,-1.359000,61.740000,-9.832000,26.74
9.030412,-0.189000,0.046000,-1.035000,-23.771000,104.153000,-4.427000,26.79
9.040940,-0.230000,-0.045000,-1.014000,-8.702000,18.061000,-1.664000,26.69
9.047934,-0.355000,0.134000,-0.891000,-2.275000,28.992000,-1.817000,26.65
9.060172,-0.364000,-0.011000,-1.003000,1.969000,-14.763000,-0.992000,26.69
9.066934,-0.357000,-0.125000,-0.941000,-1.679000,-26.718000,2.962000,26.79
9.079447,-0.345000,-0.168000,-0.864000,-3.832000,-18.901000,6.595000,26.74
9.091275,-0.356000,-0.106000,-0.902000,0.382000,-28.962000,3.756000,26.69
9.098216,-0.381000,-0.100000,-0.887000,0.748000,-24.397000,0.244000,26.79
9.110526,-0.365000,-0.138000,-0.816000,-3.313000,13.069000,-1.527000,26.65
9.117104,-0.399000,-0.110000,-0.922000,-9.679000,26.855000,-2.901000,26.74
9.129447,-0.352000,-0.092000,-0.889000,-7.359000,26.366000,-2.977000,26.79
9.135169,-0.312000,-0.050000,-0.925000,-9.557000,20.321000,-3.435000,26.74
9.148554,-0.352000,-0.054000,-0.933000,-9.282000,18.702000,-2.092000,26.69
9.162871,-0.333000,-0.083000,-0.928000,-0.137000,20.382000,-4.366000,26.79
9.167503,-0.333000,-0.083000,-0.942000,6.870000,4.076000,-5.603000,26.84
9.179696,-0.374000,-0.111000,-0.888000,15.359000,0.885000,-5.420000,26.65
9.186576,-0.382000,-0.143000,-0.892000,21.725000,6.397000,-7.786000,26.79
9.199020,-0.419000,-0.090000,-0.821000,17.008000,21.160000,-6.870000,26.74
9.210791,-0.397000,-0.113000,-0.851000,21.176000,42.809000,-10.336000,26.69
9.217711,-0.396000,-0.140000,-0.892000,14.611000,53.115000,-11.527000,26.79
9.229963,-0.341000,-0.145000,-0.960000,14.641000,60.229000,-15.145000,26.74
9.236734,-0.326000,-0.105000,-0.955000,14.595000,56.458000,-14.137000,26.84
9.248664,-0.293000,-0.093000,-0.940000,13.481000,55.725000,-15.221000,26.79
9.260889,-0.269000,-0.094000,-0.931000,16.870000,47.863000,-19.069000,26.69
9.267306,-0.249000,-0.093000,-1.080000,19.053000,44.718000,-20.550000,26.74
9.279532,-0.258000,-0.146000,-0.951000,13.313000,42.122000,-14.305000,26.69
9.286824,-0.243000,-0.160000,-0.907000,18.885000,36.382000,-16.046000,26.69
9.298301,-0.238000,-0.125000,-0.933000,16.687000,39.756000,-14.565000,26.74
9.310425,-0.269000,-0.141000,-0.923000,16.947000,39.313000,-17.389000,26.79
9.317179,-0.217000,-0.202000,-0.927000,14.611000,35.053000,-16.015000,26.79
9.329136,-0.230000,-0.189000,-0.937000,9.893000,31.176000,-12.382000,26.74
9.334725,-0.248000,-0.147000,-0.934000,6.947000,33.221000,-10.137000,26.79
9.348284,-0.241000,-0.122000,-0.914000,5.573000,35.618000,-10.656000,26.69
9.360397,-0.197000,-0.145000,-0.953000,6.214000,30.153000,-10.031000,26.84
9.367106,-0.202000,-0.114000,-0.982000,3.695000,14.198000,-8.366000,26.69
9.379741,-0.233000,-0.148000,-0.963000,3.893000,3.954000,-5.618000,26.69
9.386725,-0.262000,-0.186000,-0.975000,0.473000,-11.252000,-6.443000,26.74
9.398778,-0.251000,-0.209000,-0.957000,-2.076000,-15.359000,-3.588000,26.79
9.410796,-0.305000,-0.208000,-0.931000,-3.115000,-12.137000,-2.137000,26.79
9.417670,-0.292000,-0.192000,-0.910000,-5.344000,-10.092000,-1.115000,26.65
9.429561,-0.289000,-0.163000,-0.901000,-6.244000,-6.840000,-0.290000,26.69
9.436795,-0.322000,-0.161000,-0.899000,-5.832000,1.069000,-2.183000,26.79
9.448936,-0.284000,-0.143000,-0.930000,-7.496000,3.771000,-0.519000,26.74
9.461186,-0.259000,-0.134000,-0.931000,-5.817000,4.504000,-0.626000,26.69
9.468370,-0.253000,-0.104000,-0.944000,-2.305000,0.229000,-2.168000,26.79
9.480346,-0.270000,-0.136000,-0.937000,0.061000,3.725000,-1.710000,26.74
9.487607,-0.255000,-0.132000,-0.945000,2.321000,7.115000,-2.382000,26.84
9.499480,-0.242000,-0.138000,-0.917000,4.718000,10.397000,-3.328000,26.79
9.506979,-0.244000,-0.169000,-0.929000,8.885000,10.641000,-3.710000,26.74
9.518895,-0.238000,-0.138000,-0.897000,13.588000,14.718000,-3.374000,26.74
9.530769,-0.278000,-0.129000,-0.893000,18.809000,23.603000,-7.786000,26.69
9.537513,-0.252000,-0.185000,-0.916000,19.496000,33.389000,-10.061000,26.84
9.549714,-0.271000,-0.125000,-0.884000,17.725000,39.954000,-6.321000,26.74
9.556617,-0.258000,-0.149000,-0.914000,21.450000,48.519000,-11.405000,26.69
9.568748,-0.201000,-0.209000,-0.917000,25.771000,41.420000,-9.038000,26.65
9.583375,-0.231000,-0.135000,-0.932000,24.763000,42.275000,-11.649000,26.84
9.587506,-0.240000,-0.147000,-0.921000,30.092000,43.313000,-14.931000,26.79
9.599399,-0.225000,-0.194000,-0.925000,29.313000,48.427000,-14.290000,26.65
9.606244,-0.229000,-0.193000,-0.946000,31.206000,60.015000,-16.656000,26.74
9.618238,-0.203000,-0.243000,-0.944000,37.069000,60.885000,-18.000000,26.79
9.630507,-0.312000,-0.254000,-1.039000,39.496000,62.031000,-18.885000,26.65
9.637636,-0.364000,-0.245000,-1.035000,47.405000,70.916000,-18.458000,26.84
9.649337,-0.207000,-0.228000,-0.948000,30.550000,88.061000,-12.580000,26.69
9.661324,-0.249000,-0.165000,-1.047000,40.336000,87.878000,-10.916000,26.69
9.668593,-0.388000,-0.202000,-1.062000,45.908000,85.649000,-3.664000,26.74
9.680213,-0.347000,-0.197000,-1.002000,51.511000,78.122000,-12.519000,26.69
9.687256,-0.278000,-0.352000,-1.103000,40.168000,89.206000,-6.992000,26.69
9.699352,-0.402000,-0.268000,-1.052000,44.305000,68.168000,-12.901000,26.74
9.711222,-0.507000,-0.310000,-1.158000,29.130000,73.221000,-25.527000,26.69
9.718168,-0.439000,-0.289000,-1.110000,12.214000,41.557000,-9.664000,26.79
9.730314,-0.558000,-0.198000,-1.246000,-19.313000,32.260000,-1.786000,26.74
9.737308,-0.532000,0.037000,-1.375000,-39.649000,44.962000,5.542000,26.79
9.749360,-0.685000,0.037000,-1.185000,-38.870000,64.198000,-29.053000,26.69
9.761256,-0.681000,-0.159000,-1.212000,0.046000,95.008000,-39.496000,26.65
9.768419,-0.625000,0.061000,-1.438000,22.672000,136.107000,-116.443000,26.74
9.780152,-0.550000,-0.711000,-1.554000,51.282000,100.504000,-83.115000,26.79
9.786973,-0.347000,-0.805000,-1.525000,163.863000,352.229000,-107.725000,26.74
9.798811,-0.334000,-0.400000,-1.817000,33.130000,235.771000,-38.672000,26.79
9.810770,-0.287000,0.196000,-1.712000,45.878000,100.901000,-46.901000,26.69
9.817702,0.318000,-0.178000,-1.027000,115.908000,216.046000,-85.359000,26.65
9.829687,-0.726000,-0.376000,-2.220000,32.855000,85.954000,-91.985000,26.74
9.835597,-1.654000,0.132000,-0.710000,68.412000,-70.641000,-46.885000,26.79
9.848658,-0.989000,-0.599000,-0.498000,83.420000,114.489000,20.427000,26.79
9.860511,-1.362000,0.141000,-1.020000,48.229000,194.748000,115.298000,26.84
9.867434,-0.895000,0.333000,-0.373000,95.084000,-140.687000,42.305000,26.79
9.885052,-0.788000,0.409000,-0.180000,77.237000,-117.450000,68.870000,26.69
9.891305,-0.669000,0.351000,-0.200000,63.206000,-50.076000,67.649000,26.74
9.897961,-0.596000,0.383000,-0.272000,37.664000,-29.725000,81.985000,26.69
9.910394,-0.591000,0.458000,-0.512000,15.466000,-29.298000,82.061000,26.79
9.916928,-0.542000,0.173000,-0.296000,10.351000,-49.145000,110.870000,26.74
9.929101,-0.577000,0.385000,-0.721000,-24.076000,-157.206000,106.901000,26.74
9.941030,-0.450000,0.431000,-0.668000,-28.809000,-167.176000,69.588000,26.69
9.948097,-0.404000,0.394000,-0.701000,-50.672000,-140.748000,59.710000,26.74
9.959642,-0.411000,0.321000,-0.775000,-64.977000,-119.466000,55.267000,26.74
9.966655,-0.435000,0.229000,-0.901000,-76.504000,-130.305000,51.435000,26.69
9.978236,-0.425000,0.029000,-1.119000,-87.389000,-133.985000,56.198000,26.74
9.990286,-0.423000,-0.094000,-1.279000,-102.382000,-151.786000,70.031000,26.84
9.996810,-0.374000,-0.144000,-1.323000,-107.878000,-156.794000,81.954000,26.79
10.008687,-0.300000,-0.184000,-1.367000,-111.023000,-169.130000,90.656000,26.65
