# Gait Analysis Data - MPU6050 IMU
# Duration: 10 seconds
# Format: timestamp(s),ax(g),ay(g),az(g),gx(deg/s),gy(deg/s),gz(deg/s),temp(C)
# Note: Document sensor placement (ankle/wrist) separately
timestamp,ax,ay,az,gx,gy,gz,temp
0.000610,0.466000,-0.101000,-1.130000,35.344000,152.489000,16.168000,26.46
0.001247,0.490000,-0.044000,-1.125000,48.504000,171.893000,13.939000,26.46
0.001926,0.552000,0.010000,-1.155000,54.733000,211.542000,11.954000,26.51
0.002652,0.398000,0.159000,-1.378000,85.298000,231.832000,11.954000,26.46
0.003249,1.030000,0.138000,-3.067000,229.450000,-11.053000,2.580000,26.51
0.003832,0.300000,0.277000,-1.406000,175.740000,327.023000,39.649000,26.51
0.004409,0.828000,0.110000,-1.725000,201.603000,500.260000,49.237000,26.37
0.005000,1.205000,-0.379000,-1.864000,170.092000,378.427000,45.878000,26.27
0.005580,1.210000,-0.221000,-1.356000,68.473000,500.260000,43.267000,26.41
0.006186,1.501000,0.198000,-1.246000,48.031000,483.282000,47.634000,26.37
0.006824,1.480000,0.441000,-1.623000,86.382000,275.664000,61.221000,26.51
0.007415,2.379000,0.595000,-1.434000,174.244000,251.664000,90.382000,26.41
0.007993,1.233000,0.013000,-1.614000,126.656000,167.405000,63.817000,26.46
0.008561,-0.964000,0.003000,-2.111000,39.237000,102.321000,60.092000,26.51
0.009160,0.411000,-0.066000,-2.170000,-73.221000,155.573000,35.802000,26.41
0.009818,-0.371000,0.597000,-1.460000,-72.931000,-7.298000,42.763000,26.46
0.010497,-0.588000,0.741000,-0.994000,-49.298000,-22.046000,42.382000,26.41
0.011156,-0.458000,0.528000,-0.876000,-21.374000,-39.573000,43.221000,26.41
0.011869,-0.311000,0.361000,-0.873000,-28.992000,-57.237000,33.252000,26.46
0.012615,-0.149000,0.260000,-0.940000,-47.420000,-79.023000,20.718000,26.41
0.013252,-0.024000,0.250000,-0.958000,-69.420000,-108.519000,6.336000,26.41
0.013880,0.040000,0.272000,-0.942000,-77.832000,-135.176000,-5.191000,26.37
0.014518,0.113000,0.236000,-0.934000,-77.282000,-159.115000,-15.282000,26.41
0.015102,0.252000,0.128000,-0.963000,-75.908000,-183.954000,-23.374000,26.32
0.015675,0.367000,-0.010000,-1.029000,-82.626000,-208.901000,-29.740000,26.46
0.016327,0.430000,-0.135000,-1.042000,-97.802000,-230.504000,-35.435000,26.51
0.017037,0.426000,-0.192000,-0.982000,-114.458000,-243.893000,-38.840000,26.41
0.017765,0.435000,-0.200000,-0.963000,-125.893000,-260.382000,-39.313000,26.37
0.018475,0.454000,-0.255000,-0.981000,-126.718000,-278.015000,-35.863000,26.51
0.019191,0.529000,-0.318000,-1.004000,-130.473000,-278.290000,-30.198000,26.41
0.019898,0.625000,-0.366000,-1.060000,-134.595000,-285.237000,-21.954000,26.37
0.020470,0.723000,-0.405000,-1.149000,-137.191000,-282.092000,-13.588000,26.51
0.021137,0.850000,-0.420000,-1.253000,-143.038000,-279.817000,-10.611000,26.46
0.022014,1.002000,-0.421000,-1.343000,-143.725000,-285.298000,-12.534000,26.46
0.022930,1.100000,-0.349000,-1.354000,-151.237000,-259.374000,-19.130000,26.41
0.023664,1.282000,-0.217000,-1.396000,-133.115000,-308.595000,-27.634000,26.46
0.024362,1.352000,-0.078000,-1.337000,-120.687000,-307.939000,-43.252000,26.46
0.025115,1.435000,0.092000,-1.335000,-106.977000,-303.481000,-68.198000,26.41
0.025907,1.579000,0.259000,-1.325000,-87.023000,-297.191000,-100.137000,26.46
0.026652,1.712000,0.334000,-1.270000,-59.847000,-290.443000,-136.458000,26.46
0.027317,1.792000,0.208000,-1.197000,-34.824000,-287.756000,-169.817000,26.41
0.028052,1.877000,-0.035000,-1.052000,-20.855000,-275.740000,-194.183000,26.37
0.028807,1.990000,-0.192000,-0.855000,-8.656000,-261.450000,-207.328000,26.37
0.029488,2.197000,-0.264000,-0.650000,5.939000,-244.626000,-210.107000,26.41
0.030171,2.365000,-0.306000,-0.316000,26.031000,-226.748000,-203.344000,26.46
0.030850,2.353000,-0.443000,0.026000,43.450000,-201.618000,-187.817000,26.51
0.031433,2.296000,-0.516000,0.622000,40.992000,-166.824000,-157.786000,26.41
0.032015,2.315000,-1.193000,1.013000,-2.916000,-118.687000,-125.588000,26.37
0.032587,2.290000,-1.231000,1.521000,-52.931000,-62.840000,-82.901000,26.51
0.033158,2.263000,-1.130000,1.724000,-85.588000,21.908000,-36.000000,26.51
0.033717,2.351000,-0.658000,1.848000,-54.687000,115.420000,-0.198000,26.46
0.034293,2.437000,-0.595000,1.986000,-5.389000,233.038000,43.313000,26.51
0.034861,0.237000,0.190000,-0.187000,47.099000,197.084000,19.176000,26.41
0.035431,0.505000,0.885000,-2.565000,53.435000,155.328000,19.908000,26.37
0.035993,0.545000,0.415000,-1.374000,47.237000,280.656000,43.267000,26.41
0.036540,1.430000,-0.147000,-0.762000,20.809000,291.725000,20.321000,26.32
0.037090,3.573000,1.040000,-2.479000,81.176000,260.061000,55.008000,26.37
0.037635,4.000000,0.869000,-1.612000,45.618000,167.725000,38.947000,26.32
0.038193,0.490000,-0.333000,-1.166000,136.198000,25.450000,46.702000,26.46
0.038754,0.169000,-0.801000,-1.250000,89.160000,77.557000,47.328000,26.51
0.039302,1.211000,-0.407000,-1.060000,15.023000,128.122000,23.420000,26.32
0.039841,1.062000,-0.194000,-1.089000,8.504000,95.573000,11.206000,26.46
0.040389,0.665000,-0.054000,-0.925000,18.550000,39.405000,11.130000,26.46
0.040883,0.574000,-0.081000,-0.890000,2.550000,47.649000,4.321000,26.51
0.041384,0.482000,-0.109000,-0.956000,-11.252000,42.885000,0.687000,26.46
0.041890,0.435000,-0.032000,-0.891000,-10.000000,33.176000,-3.267000,26.41
0.042398,0.297000,0.042000,-0.887000,-33.695000,78.275000,-6.015000,26.51
0.042893,0.446000,0.026000,-0.859000,-7.282000,35.099000,-0.702000,26.37
0.043388,0.564000,0.010000,-0.843000,-13.511000,44.137000,-2.198000,26.46
0.043889,0.554000,-0.007000,-0.864000,-10.687000,34.305000,-2.061000,26.41
0.044392,0.500000,0.041000,-0.854000,-4.870000,12.885000,-2.443000,26.46
0.044887,0.562000,0.043000,-0.811000,-9.435000,26.779000,-1.802000,26.41
0.045384,0.547000,0.053000,-0.824000,-4.473000,13.740000,-0.443000,26.41
0.045876,0.498000,0.055000,-0.878000,-4.244000,20.840000,1.573000,26.55
0.046411,0.503000,0.064000,-0.849000,-4.397000,22.427000,2.550000,26.41
0.046951,0.507000,0.046000,-0.855000,-3.969000,22.168000,2.962000,26.32
0.047454,0.550000,0.040000,-0.824000,-4.183000,20.885000,2.336000,26.37
0.047957,0.566000,0.013000,-0.794000,-4.046000,19.924000,1.527000,26.51
0.048452,0.558000,0.030000,-0.797000,-4.244000,16.977000,1.099000,26.51
0.048948,0.550000,0.041000,-0.809000,-4.901000,17.542000,1.099000,26.46
0.049433,0.542000,0.048000,-0.809000,-5.374000,17.282000,2.198000,26.41
0.049930,0.537000,0.033000,-0.824000,-6.260000,20.122000,2.290000,26.41
0.050425,0.506000,0.085000,-0.825000,-6.519000,22.870000,2.244000,26.46
0.050922,0.545000,0.034000,-0.833000,-6.504000,24.473000,2.718000,26.51
0.051412,0.543000,0.030000,-0.831000,-6.489000,16.595000,2.229000,26.41
0.051906,0.552000,-0.002000,-0.812000,-6.977000,20.244000,1.771000,26.46
0.052399,0.561000,0.003000,-0.810000,-10.000000,23.954000,-0.153000,26.41
0.052868,0.668000,0.050000,-0.783000,-9.771000,32.504000,-3.237000,26.46
0.053328,0.561000,0.001000,-0.826000,-4.015000,15.756000,-0.656000,26.46
0.053780,0.490000,0.008000,-0.763000,-2.031000,17.878000,0.611000,26.51
0.054233,0.594000,0.056000,-0.771000,-7.603000,32.305000,0.962000,26.46
0.054693,0.604000,0.055000,-0.813000,-2.595000,20.214000,2.229000,26.46
0.055150,0.718000,0.147000,-0.783000,-6.992000,36.137000,-0.107000,26.41
0.055604,0.538000,0.009000,-0.855000,-5.359000,37.038000,4.672000,26.46
0.056067,0.557000,-0.002000,-0.887000,-3.679000,31.282000,4.275000,26.55
0.056637,0.555000,0.113000,-0.851000,2.046000,43.740000,1.710000,26.41
0.057122,0.585000,-0.014000,-0.853000,6.794000,39.679000,1.221000,26.37
0.057598,0.558000,-0.009000,-0.875000,3.420000,59.221000,-0.733000,26.46
0.058064,0.598000,0.000000,-0.819000,6.855000,48.992000,-2.779000,26.41
0.058529,0.562000,-0.013000,-0.843000,4.534000,61.527000,-3.176000,26.46
0.058995,0.616000,0.039000,-0.836000,5.969000,63.817000,-3.557000,26.46
0.059456,0.624000,0.046000,-0.831000,8.275000,63.847000,-1.634000,26.41
0.059915,0.623000,0.055000,-0.858000,9.206000,68.321000,1.603000,26.37
0.060374,0.610000,0.067000,-0.943000,10.092000,84.412000,6.931000,26.46
0.060841,0.600000,0.056000,-0.954000,17.282000,93.344000,10.885000,26.41
0.061298,0.594000,0.023000,-0.983000,19.359000,112.992000,12.275000,26.46
0.061764,0.556000,0.049000,-1.012000,29.893000,123.420000,10.885000,26.37
0.062247,0.549000,0.024000,-1.029000,34.351000,145.191000,10.046000,26.51
0.062693,0.670000,0.054000,-1.092000,37.466000,164.870000,10.122000,26.46
0.063141,0.597000,0.126000,-1.050000,47.542000,194.137000,8.107000,26.41
0.063587,0.664000,-0.024000,-0.951000,55.649000,223.344000,11.298000,26.51
0.064042,0.866000,-0.150000,-0.948000,67.313000,217.191000,12.824000,26.46
0.064499,1.032000,-0.288000,-1.009000,30.885000,204.733000,3.802000,26.51
0.064947,0.735000,-0.166000,-0.744000,19.420000,214.107000,0.168000,26.41
0.065532,0.862000,-0.159000,-0.751000,3.176000,232.870000,-5.557000,26.46
0.066144,1.124000,0.035000,-0.618000,40.977000,130.672000,-2.000000,26.51
0.066645,0.872000,0.064000,-0.617000,48.565000,162.855000,-3.405000,26.51
0.067149,0.630000,-0.018000,-0.973000,66.183000,152.229000,-0.076000,26.46
0.067618,0.562000,-0.377000,-1.406000,60.366000,78.137000,16.534000,26.41
0.068075,-0.028000,-0.545000,-1.259000,29.649000,41.664000,53.954000,26.46
0.068526,0.090000,-0.553000,-1.125000,0.870000,25.985000,93.832000,26.51
0.068990,0.124000,-0.217000,-1.177000,-15.252000,-8.397000,116.382000,26.41
0.069444,0.126000,-0.043000,-1.020000,-12.824000,-38.443000,128.168000,26.46
0.069915,0.118000,0.064000,-0.931000,-8.519000,-51.374000,127.893000,26.46
0.070413,0.175000,0.142000,-0.895000,-3.893000,-68.244000,118.046000,26.51
0.070889,0.211000,0.213000,-0.903000,-2.809000,-73.679000,99.435000,26.46
0.071351,0.304000,0.277000,-0.895000,1.420000,-92.672000,76.260000,26.41
0.071820,0.354000,0.326000,-0.901000,6.321000,-107.481000,50.947000,26.51
0.072262,0.370000,0.330000,-0.882000,12.458000,-118.427000,27.359000,26.46
0.072699,0.437000,0.295000,-0.870000,14.611000,-129.847000,6.076000,26.46
0.073136,0.455000,0.254000,-0.866000,13.878000,-138.076000,-12.168000,26.41
0.073581,0.501000,0.219000,-0.833000,13.679000,-146.351000,-24.687000,26.46
0.074023,0.548000,0.174000,-0.814000,12.595000,-150.061000,-32.015000,26.41
0.074465,0.619000,0.103000,-0.796000,8.718000,-152.137000,-36.122000,26.41
0.074894,0.665000,0.091000,-0.790000,5.115000,-150.565000,-40.061000,26.46
0.075396,0.721000,0.091000,-0.812000,5.710000,-150.473000,-44.748000,26.41
0.075989,0.765000,0.077000,-0.857000,7.099000,-151.023000,-51.954000,26.41
0.076492,0.846000,0.051000,-0.906000,7.740000,-152.962000,-60.672000,26.37
0.076971,0.885000,0.039000,-0.923000,11.359000,-155.481000,-68.947000,26.41
0.077425,0.922000,0.024000,-0.882000,16.260000,-155.588000,-75.588000,26.51
0.077874,0.940000,0.016000,-0.825000,22.641000,-153.038000,-79.832000,26.46
0.078339,0.939000,0.042000,-0.788000,29.817000,-148.412000,-83.481000,26.41
0.078816,0.939000,0.070000,-0.775000,35.481000,-141.908000,-87.160000,26.41
0.079312,0.940000,0.118000,-0.770000,40.305000,-136.046000,-91.908000,26.37
0.079749,0.950000,0.178000,-0.752000,45.389000,-131.618000,-100.519000,26.51
0.080180,0.955000,0.221000,-0.751000,50.916000,-127.542000,-110.962000,26.41
0.080620,0.937000,0.264000,-0.766000,57.130000,-123.954000,-123.481000,26.46
0.081050,0.961000,0.275000,-0.787000,62.168000,-122.321000,-137.237000,26.51
0.081484,0.976000,0.281000,-0.809000,66.534000,-123.420000,-152.076000,26.46
0.081905,0.969000,0.314000,-0.754000,74.458000,-124.137000,-166.962000,26.46
0.082328,0.933000,0.328000,-0.723000,85.298000,-122.183000,-181.115000,26.41
0.082755,0.927000,0.321000,-0.713000,95.084000,-118.153000,-195.084000,26.46
0.083184,0.945000,0.331000,-0.693000,105.084000,-115.878000,-209.939000,26.46
0.083613,0.965000,0.353000,-0.689000,118.382000,-113.115000,-223.985000,26.41
0.084038,0.985000,0.375000,-0.681000,130.473000,-110.168000,-237.038000,26.55
0.084605,1.009000,0.389000,-0.673000,140.962000,-108.000000,-249.328000,26.46
0.085201,1.016000,0.418000,-0.645000,148.214000,-104.412000,-257.954000,26.41
0.085669,1.152000,0.295000,-0.583000,128.412000,-59.115000,-263.389000,26.37
0.086165,1.071000,0.516000,-0.398000,126.718000,-82.015000,-268.061000,26.46
0.086679,1.138000,0.569000,-0.467000,117.939000,-57.740000,-266.687000,26.51
0.087126,1.169000,0.534000,-0.459000,108.947000,-54.076000,-264.275000,26.37
0.087565,1.208000,0.409000,-0.415000,94.366000,-50.977000,-256.076000,26.37
0.088000,1.098000,0.149000,-0.316000,67.771000,-53.191000,-237.374000,26.51
0.088418,1.044000,0.192000,-0.210000,35.145000,-29.267000,-211.817000,26.46
0.088844,1.046000,0.165000,-0.217000,21.069000,-12.229000,-186.092000,26.37
0.089278,1.216000,0.195000,-0.204000,10.336000,15.679000,-167.557000,26.51
0.089710,1.302000,0.153000,-0.261000,-0.412000,30.260000,-148.992000,26.37
0.090131,1.426000,0.307000,-0.208000,5.298000,21.725000,-144.061000,26.51
0.090555,1.400000,0.328000,-0.156000,7.420000,36.351000,-141.817000,26.51
0.090981,1.451000,0.411000,0.130000,20.992000,58.687000,-151.710000,26.46
0.091418,1.004000,0.205000,-0.494000,46.061000,62.229000,-165.466000,26.51
0.091840,1.144000,-0.511000,-1.336000,77.298000,50.901000,-142.611000,26.32
0.092258,0.493000,-1.323000,-1.045000,49.710000,53.542000,-72.992000,26.46
0.092674,0.309000,-1.634000,-1.050000,17.298000,48.931000,6.290000,26.41
0.093108,0.409000,-0.779000,-1.133000,-20.763000,50.015000,37.847000,26.41
0.093592,0.515000,-0.049000,-0.860000,-4.427000,-6.916000,-4.870000,26.46
0.094017,0.507000,-0.036000,-0.843000,-4.733000,-6.137000,-5.573000,26.41
0.094561,0.488000,-0.016000,-0.844000,-4.214000,-5.053000,-5.344000,26.46
0.095169,0.504000,-0.046000,-0.853000,-4.870000,1.069000,-6.031000,26.41
0.095617,0.496000,-0.073000,-0.859000,-4.305000,-1.099000,-6.794000,26.51
0.096106,0.481000,-0.049000,-0.852000,-7.176000,1.756000,-7.649000,26.46
0.098018,0.500000,-0.010000,-0.854000,-7.176000,2.672000,-7.374000,26.51
0.110655,0.484000,0.016000,-0.844000,-5.771000,4.779000,-6.626000,26.41
0.117577,0.481000,0.036000,-0.823000,-2.290000,4.885000,-5.160000,26.46
0.130228,0.523000,0.027000,-0.806000,0.550000,5.496000,-3.481000,26.51
0.137355,0.508000,0.021000,-0.807000,3.756000,3.267000,-2.183000,26.41
0.149861,0.500000,-0.003000,-0.873000,2.168000,4.733000,-1.725000,26.51
0.162026,0.502000,-0.022000,-0.839000,2.061000,4.595000,-1.405000,26.51
0.169325,0.507000,-0.034000,-0.849000,0.412000,6.809000,-1.389000,26.51
0.181532,0.508000,-0.031000,-0.842000,-1.466000,10.489000,-1.527000,26.46
0.188431,0.528000,-0.048000,-0.868000,-2.519000,11.695000,-1.252000,26.41
0.200630,0.530000,-0.040000,-0.859000,-2.244000,12.214000,-1.038000,26.46
0.207601,0.508000,-0.041000,-0.854000,-3.115000,13.496000,-1.481000,26.51
0.219940,0.519000,-0.047000,-0.856000,-3.786000,15.496000,-1.802000,26.51
0.232122,0.523000,-0.058000,-0.852000,-4.229000,16.214000,-2.214000,26.55
0.239150,0.530000,-0.031000,-0.840000,-5.008000,16.763000,-2.504000,26.37
0.251314,0.518000,-0.012000,-0.852000,-5.023000,19.084000,-2.718000,26.41
0.258276,0.510000,-0.015000,-0.852000,-5.618000,22.092000,-3.115000,26.46
0.270601,0.515000,0.002000,-0.838000,-6.916000,25.450000,-3.344000,26.41
0.277587,0.522000,0.002000,-0.828000,-7.206000,28.977000,-4.366000,26.41
0.289982,0.466000,0.028000,-0.865000,-7.649000,42.153000,-3.802000,26.46
0.302033,0.508000,0.016000,-0.836000,-4.183000,25.344000,-0.901000,26.55
0.309427,0.544000,0.002000,-0.835000,-3.389000,24.794000,0.931000,26.32
0.324779,0.544000,-0.039000,-0.833000,-4.229000,24.916000,1.038000,26.46
0.328532,0.553000,-0.050000,-0.813000,-0.641000,23.588000,0.305000,26.41
0.340830,0.561000,-0.059000,-0.790000,-4.351000,20.885000,-1.130000,26.41
0.347917,0.582000,-0.063000,-0.791000,-1.496000,13.038000,-0.153000,26.37
0.360094,0.547000,-0.065000,-0.782000,-0.031000,10.718000,-0.565000,26.46
0.367236,0.578000,-0.016000,-0.788000,-2.962000,11.527000,0.687000,26.41
0.379389,0.607000,-0.068000,-0.776000,-0.015000,7.466000,1.634000,26.46
0.391914,0.598000,-0.064000,-0.769000,-1.176000,3.160000,1.099000,26.41
0.399061,0.602000,-0.052000,-0.784000,-1.053000,0.351000,0.458000,26.41
0.411415,0.593000,-0.049000,-0.789000,-0.412000,-2.763000,0.489000,26.46
0.418780,0.572000,-0.046000,-0.800000,-1.282000,-3.023000,0.275000,26.41
0.430930,0.566000,-0.041000,-0.802000,-0.885000,-5.954000,-0.229000,26.41
0.437604,0.557000,-0.042000,-0.806000,-0.855000,-7.328000,-0.916000,26.46
0.449837,0.548000,-0.004000,-0.803000,-0.855000,-8.443000,-1.008000,26.51
0.462082,0.542000,0.004000,-0.804000,-0.168000,-8.702000,-0.824000,26.41
0.469338,0.558000,0.005000,-0.800000,1.008000,-9.038000,-0.336000,26.46
0.481620,0.567000,-0.014000,-0.794000,1.466000,-11.313000,0.000000,26.51
0.488830,0.541000,-0.018000,-0.809000,1.023000,-13.252000,0.534000,26.41
0.500882,0.537000,-0.041000,-0.828000,-0.840000,-15.588000,0.779000,26.37
0.508183,0.546000,-0.054000,-0.823000,-0.015000,-14.687000,-0.107000,26.41
0.520282,0.536000,-0.044000,-0.820000,0.733000,-13.328000,-0.748000,26.41
0.532436,0.582000,-0.038000,-0.828000,-1.130000,-14.275000,-1.359000,26.46
0.539141,0.565000,-0.032000,-0.857000,-1.267000,-16.427000,-0.779000,26.60
0.551192,0.551000,-0.069000,-0.873000,-4.427000,-15.115000,-1.282000,26.46
0.558295,0.539000,-0.032000,-0.839000,-5.252000,-16.687000,-3.084000,26.46
0.570234,0.536000,-0.047000,-0.849000,-4.229000,-15.893000,-3.618000,26.41
0.582345,0.509000,-0.056000,-0.852000,-3.435000,-14.061000,-4.336000,26.37
0.589186,0.517000,-0.054000,-0.910000,-8.031000,-11.725000,-6.565000,26.46
0.601371,0.495000,-0.064000,-0.899000,-11.282000,-8.183000,-4.534000,26.51
0.608408,0.492000,0.054000,-0.857000,-11.145000,-0.153000,-5.069000,26.46
0.620265,0.417000,0.056000,-0.838000,-7.023000,0.290000,-3.115000,26.46
0.627627,0.403000,0.039000,-0.827000,-2.137000,7.374000,0.748000,26.41
0.640504,0.448000,0.054000,-0.854000,0.992000,17.878000,1.969000,26.46
0.647387,0.446000,0.060000,-0.845000,2.656000,45.023000,4.031000,26.46
0.659964,0.440000,0.089000,-0.866000,6.198000,37.359000,6.534000,26.41
0.665559,0.305000,0.150000,-0.916000,7.282000,65.176000,9.893000,26.46
0.679359,0.225000,0.166000,-1.024000,5.664000,88.458000,12.397000,26.37
0.691553,0.315000,-0.011000,-1.301000,-7.542000,109.053000,10.046000,26.32
0.698356,0.487000,-0.314000,-1.131000,-1.481000,125.282000,28.031000,26.46
0.710497,0.752000,0.631000,-1.463000,8.504000,134.122000,40.473000,26.46
0.717736,0.802000,1.027000,-1.634000,77.267000,145.282000,55.206000,26.51
0.729894,0.783000,1.168000,-1.722000,120.290000,132.107000,67.481000,26.37
0.741815,0.404000,1.437000,-1.833000,149.099000,117.603000,51.176000,26.51
0.748956,-0.163000,1.819000,-1.772000,110.183000,95.969000,-9.282000,26.41
0.760872,-0.173000,1.973000,-1.788000,35.511000,53.252000,-71.420000,26.55
0.768010,-0.657000,1.931000,-1.530000,19.420000,4.427000,-127.053000,26.51
0.779912,-0.972000,1.471000,-1.274000,4.870000,-32.595000,-160.855000,26.41
0.791843,-1.049000,0.983000,-1.283000,-21.298000,-47.282000,-170.244000,26.55
0.798685,-0.938000,0.586000,-1.443000,-46.992000,-73.786000,-164.366000,26.51
0.810469,-0.721000,0.331000,-1.564000,-60.504000,-103.649000,-152.000000,26.51
0.822100,-0.560000,0.176000,-1.577000,-62.229000,-130.031000,-134.885000,26.46
0.828894,-0.319000,0.003000,-1.411000,-52.290000,-156.168000,-119.038000,26.51
0.840645,-0.271000,-0.064000,-1.428000,-58.702000,-137.038000,-106.565000,26.51
0.855514,0.019000,-0.088000,-1.469000,-42.031000,-137.405000,-95.557000,26.46
0.858872,0.441000,-0.119000,-1.621000,-41.618000,-131.282000,-90.641000,26.41
0.870595,0.929000,-0.179000,-1.716000,-49.603000,-154.702000,-93.237000,26.46
0.877180,1.149000,-0.019000,-1.628000,-59.176000,-164.015000,-102.550000,26.51
0.889364,1.370000,0.158000,-1.440000,-35.908000,-185.740000,-104.962000,26.51
0.901378,1.421000,0.218000,-1.218000,-12.519000,-187.023000,-111.969000,26.46
0.907940,1.448000,0.217000,-0.995000,12.718000,-188.244000,-117.481000,26.46
0.919947,1.349000,0.141000,-0.783000,21.954000,-174.519000,-124.107000,26.41
0.931962,1.231000,0.090000,-0.638000,25.527000,-161.863000,-130.046000,26.46
0.938636,1.102000,0.004000,-0.547000,23.557000,-139.008000,-133.496000,26.41
0.950641,1.059000,-0.047000,-0.524000,27.069000,-121.740000,-128.748000,26.51
0.962342,1.039000,-0.122000,-0.517000,26.962000,-102.076000,-119.603000,26.46
0.969754,1.021000,-0.202000,-0.511000,24.809000,-96.031000,-105.481000,26.51
0.981129,0.981000,-0.307000,-0.466000,19.771000,-91.374000,-90.824000,26.51
0.991734,0.912000,-0.411000,-0.426000,5.695000,-74.092000,-77.725000,26.46
1.000053,0.915000,-0.432000,-0.414000,-3.115000,-65.237000,-64.214000,26.51
1.011890,0.940000,-0.396000,-0.359000,-5.344000,-59.832000,-49.740000,26.51
1.019072,0.928000,-0.361000,-0.303000,-2.931000,-55.924000,-37.298000,26.37
1.031140,0.899000,-0.311000,-0.259000,-0.550000,-46.031000,-29.847000,26.51
1.037954,0.903000,-0.267000,-0.226000,2.519000,-32.931000,-26.931000,26.55
1.050486,0.915000,-0.195000,-0.190000,7.328000,-16.153000,-27.374000,26.46
1.062306,0.930000,-0.142000,-0.141000,15.527000,0.840000,-30.779000,26.51
1.069149,0.948000,-0.120000,-0.130000,25.420000,19.496000,-35.634000,26.46
1.081607,0.969000,-0.108000,-0.177000,35.191000,34.931000,-39.939000,26.46
1.088281,1.024000,-0.143000,-0.234000,39.344000,45.282000,-41.618000,26.51
1.100614,1.032000,-0.170000,-0.284000,37.924000,50.580000,-40.107000,26.46
1.112387,0.960000,-0.191000,-0.318000,32.550000,56.336000,-35.115000,26.46
1.119118,0.925000,-0.226000,-0.375000,24.046000,59.603000,-26.244000,26.51
1.131168,0.866000,-0.272000,-0.384000,11.374000,67.252000,-14.275000,26.46
1.138239,0.886000,-0.284000,-0.519000,-10.489000,69.130000,2.443000,26.60
1.150589,-0.046000,0.566000,-2.038000,8.137000,66.656000,32.550000,26.51
1.157649,-1.130000,0.418000,-1.053000,1.542000,20.107000,77.573000,26.46
1.169611,-0.677000,0.107000,-0.356000,28.595000,110.565000,106.504000,26.41
1.181934,0.048000,0.153000,-0.487000,23.267000,166.168000,77.634000,26.51
1.188581,1.043000,0.362000,-1.340000,23.084000,163.756000,44.244000,26.46
1.200989,1.363000,0.152000,-1.218000,18.611000,139.252000,27.740000,26.41
1.208042,1.369000,0.175000,-1.333000,24.137000,118.443000,28.885000,26.41
1.221405,1.332000,0.272000,-1.436000,26.702000,101.832000,24.031000,26.46
1.227101,0.818000,0.153000,-1.128000,24.626000,108.626000,4.107000,26.41
1.239381,0.624000,-0.058000,-1.016000,18.733000,111.344000,-2.046000,26.46
1.251620,0.543000,-0.220000,-0.924000,9.282000,103.679000,5.313000,26.51
1.258789,0.472000,-0.071000,-0.809000,1.771000,100.748000,11.099000,26.41
1.271453,0.555000,0.135000,-0.829000,3.725000,97.389000,11.603000,26.55
1.278182,1.167000,0.738000,-0.869000,16.763000,93.878000,5.160000,26.46
1.290393,0.690000,0.119000,-0.843000,51.878000,78.351000,10.702000,26.41
1.297489,0.560000,-0.364000,-0.995000,49.481000,50.076000,20.412000,26.55
1.309988,0.620000,-0.189000,-0.935000,33.802000,52.733000,20.824000,26.41
1.321846,0.724000,0.035000,-0.995000,27.847000,45.786000,12.702000,26.41
1.329050,0.670000,-0.126000,-0.974000,27.893000,32.122000,12.611000,26.46
1.341205,0.611000,-0.102000,-0.939000,20.153000,27.282000,10.550000,26.41
1.348376,0.625000,-0.079000,-0.932000,10.947000,24.702000,5.359000,26.41
1.360473,0.581000,-0.071000,-0.914000,6.794000,18.107000,4.092000,26.55
1.367973,0.576000,-0.031000,-0.881000,1.618000,14.855000,2.061000,26.51
1.380250,0.558000,-0.032000,-0.877000,-1.252000,10.718000,0.412000,26.41
1.385742,0.519000,0.009000,-0.872000,-5.313000,8.916000,-0.748000,26.37
1.399586,0.550000,0.004000,-0.872000,-5.847000,8.015000,-1.237000,26.51
1.411888,0.543000,0.005000,-0.858000,-7.008000,4.397000,-1.542000,26.41
1.421919,0.544000,0.014000,-0.854000,-6.809000,1.710000,-1.069000,26.46
1.431636,0.513000,0.033000,-0.833000,-7.084000,1.450000,-0.702000,26.41
1.438554,0.519000,0.025000,-0.847000,-7.176000,1.756000,0.061000,26.51
1.451267,0.519000,0.024000,-0.836000,-8.504000,3.634000,0.931000,26.46
1.458901,0.484000,0.055000,-0.818000,-7.160000,4.046000,1.695000,26.51
1.470895,0.454000,0.071000,-0.797000,-4.794000,4.809000,2.962000,26.46
1.478466,0.483000,0.060000,-0.814000,-2.595000,8.290000,3.435000,26.46
1.490707,0.507000,0.033000,-0.799000,-0.901000,8.366000,3.679000,26.51
1.498005,0.465000,0.025000,-0.812000,0.931000,8.580000,3.802000,26.46
1.510482,0.450000,0.041000,-0.800000,2.244000,10.977000,4.550000,26.37
1.517768,0.451000,0.045000,-0.816000,4.611000,12.183000,4.412000,26.51
1.529990,0.496000,-0.001000,-0.831000,4.321000,14.824000,5.496000,26.46
1.542324,0.487000,0.029000,-0.817000,3.664000,17.267000,6.595000,26.46
1.549744,0.468000,0.136000,-0.755000,9.298000,16.779000,7.069000,26.51
1.561790,0.374000,0.132000,-0.765000,13.588000,26.779000,8.916000,26.46
1.569189,0.401000,0.148000,-0.756000,21.252000,19.466000,8.397000,26.46
1.581121,0.490000,0.047000,-0.829000,28.885000,25.038000,5.527000,26.41
1.588493,0.567000,-0.134000,-0.908000,14.779000,22.687000,3.298000,26.55
1.600600,0.631000,-0.097000,-1.015000,4.061000,24.504000,-0.168000,26.46
1.607800,0.460000,-0.005000,-0.822000,-1.954000,21.847000,1.130000,26.51
1.619877,0.476000,0.040000,-0.928000,-1.160000,29.557000,1.893000,26.46
1.627277,0.579000,0.036000,-0.862000,1.084000,24.443000,2.580000,26.46
1.639591,0.555000,-0.007000,-0.835000,0.351000,10.183000,2.611000,26.51
1.651844,0.442000,0.002000,-0.996000,-1.405000,42.183000,4.214000,26.46
1.659425,0.688000,0.007000,-0.873000,-7.756000,50.687000,4.641000,26.46
1.671513,0.495000,-0.012000,-0.964000,3.084000,70.000000,1.008000,26.41
1.678586,0.504000,-0.039000,-0.941000,-1.038000,88.443000,0.076000,26.37
1.691031,0.390000,0.017000,-1.103000,1.298000,116.122000,1.740000,26.46
1.698087,0.193000,0.112000,-1.362000,26.626000,111.756000,11.542000,26.51
1.710225,0.538000,-0.031000,-1.077000,24.122000,169.832000,22.229000,26.46
1.722323,0.487000,-0.027000,-1.226000,28.916000,193.405000,20.168000,26.46
1.729168,0.295000,-0.041000,-1.333000,44.107000,241.924000,21.099000,26.51
1.741314,0.442000,-0.030000,-1.328000,41.802000,294.992000,18.977000,26.46
1.748350,0.522000,0.135000,-1.507000,80.107000,293.191000,13.908000,26.37
1.760697,0.617000,0.167000,-1.710000,116.580000,327.481000,20.046000,26.41
1.767390,0.501000,0.189000,-1.493000,177.954000,317.832000,45.817000,26.46
1.779356,0.849000,0.057000,-1.896000,154.366000,472.931000,47.924000,26.46
1.791779,1.031000,-0.146000,-1.549000,94.550000,500.260000,60.397000,26.51
1.798382,1.288000,0.207000,-1.450000,138.076000,389.282000,73.802000,26.46
1.812244,1.320000,0.576000,-2.119000,184.580000,263.282000,71.313000,26.41
1.817215,1.760000,0.467000,-1.484000,164.321000,335.649000,75.542000,26.51
1.829393,1.379000,0.168000,-1.485000,158.153000,234.748000,55.969000,26.37
1.841217,-0.084000,-0.018000,-2.051000,94.107000,113.679000,42.855000,26.41
1.848271,0.622000,-0.129000,-1.903000,-14.733000,144.534000,20.534000,26.51
1.860517,-0.190000,0.596000,-1.688000,-20.672000,12.763000,19.573000,26.46
1.867931,-0.202000,0.711000,-1.302000,3.374000,-11.206000,22.397000,26.41
1.879456,-0.240000,0.569000,-1.050000,25.008000,-54.382000,22.977000,26.46
1.891790,-0.296000,0.435000,-0.901000,21.908000,-80.962000,16.046000,26.46
1.899105,-0.253000,0.308000,-0.850000,0.550000,-88.321000,6.397000,26.51
1.910826,-0.155000,0.345000,-0.820000,-16.275000,-104.641000,-1.847000,26.46
1.918168,-0.054000,0.366000,-0.806000,-24.336000,-115.237000,-6.901000,26.51
1.929638,0.063000,0.342000,-0.820000,-29.573000,-134.611000,-12.229000,26.51
1.941489,0.155000,0.299000,-0.835000,-36.153000,-153.863000,-18.122000,26.46
1.948098,0.232000,0.218000,-0.831000,-46.382000,-171.649000,-23.481000,26.37
1.960189,0.331000,0.151000,-0.850000,-59.710000,-185.252000,-26.840000,26.51
1.972112,0.465000,0.090000,-0.918000,-77.389000,-200.641000,-28.550000,26.46
1.978901,0.572000,0.033000,-0.984000,-95.725000,-218.840000,-30.351000,26.51
1.990711,0.618000,-0.003000,-1.014000,-112.000000,-232.046000,-32.366000,26.51
1.996295,0.673000,-0.047000,-1.021000,-121.832000,-248.168000,-33.420000,26.46
2.008850,0.708000,-0.112000,-1.002000,-127.053000,-260.107000,-32.000000,26.51
2.020534,0.762000,-0.168000,-0.994000,-134.351000,-265.252000,-29.176000,26.51
2.027128,0.820000,-0.229000,-0.975000,-141.023000,-269.298000,-25.084000,26.37
2.038783,0.869000,-0.257000,-1.001000,-146.565000,-268.656000,-21.527000,26.51
2.051015,0.938000,-0.289000,-1.043000,-149.649000,-266.534000,-19.099000,26.41
2.057362,1.037000,-0.288000,-1.110000,-151.878000,-265.038000,-18.534000,26.37
2.069069,1.135000,-0.238000,-1.166000,-149.649000,-265.038000,-20.351000,26.41
2.080797,1.197000,-0.204000,-1.216000,-143.893000,-266.595000,-25.679000,26.46
2.087334,1.262000,-0.123000,-1.248000,-137.099000,-266.687000,-35.664000,26.46
2.099309,1.387000,-0.026000,-1.237000,-126.107000,-266.214000,-50.305000,26.51
2.111000,1.463000,0.074000,-1.201000,-110.061000,-262.260000,-69.282000,26.46
2.118098,1.542000,0.080000,-1.157000,-90.809000,-255.618000,-94.168000,26.46
2.129929,1.654000,0.009000,-1.102000,-72.550000,-249.527000,-119.863000,26.51
2.141540,1.816000,-0.121000,-1.035000,-57.328000,-244.641000,-144.183000,26.46
2.148168,1.984000,-0.218000,-0.944000,-40.412000,-237.008000,-161.771000,26.46
2.164059,2.372000,-0.327000,-0.278000,28.351000,-206.763000,-148.427000,26.41
2.171832,2.113000,-0.663000,-0.010000,58.885000,-203.618000,-138.458000,26.46
2.178511,2.414000,-0.969000,-0.117000,25.130000,-165.985000,-131.557000,26.37
2.190561,2.291000,-0.865000,0.252000,-7.435000,-138.947000,-116.855000,26.41
2.197154,2.010000,-0.912000,0.617000,-14.000000,-104.977000,-86.458000,26.37
2.209570,1.987000,-0.980000,0.994000,-9.985000,-62.977000,-48.595000,26.41
2.221973,2.161000,-1.022000,1.149000,3.344000,1.176000,-5.985000,26.41
2.229080,2.178000,-0.953000,1.202000,22.550000,69.313000,31.740000,26.46
2.241297,2.370000,-0.864000,1.419000,46.015000,156.168000,64.870000,26.41
2.247856,-0.158000,-0.297000,0.070000,107.664000,89.084000,59.603000,26.41
2.260102,0.867000,0.083000,-2.790000,53.679000,168.382000,43.252000,26.46
2.267252,0.321000,0.853000,-1.417000,37.542000,171.924000,36.351000,26.41
2.279544,0.565000,-0.007000,-0.587000,65.145000,173.466000,19.053000,26.51
2.291555,1.245000,-0.212000,-1.416000,48.031000,185.679000,-0.473000,26.37
2.298430,1.417000,-0.189000,-1.356000,33.466000,137.542000,9.176000,26.41
2.310659,0.705000,-0.228000,-0.937000,30.107000,126.198000,16.565000,26.51
2.317456,0.354000,-0.029000,-0.949000,17.176000,145.359000,-1.313000,26.46
2.329725,1.427000,0.364000,-1.475000,11.863000,188.779000,14.458000,26.51
2.341901,1.461000,-0.041000,-1.005000,21.588000,130.443000,18.641000,26.51
2.348730,0.933000,-0.064000,-1.120000,44.672000,58.626000,19.725000,26.41
2.361011,0.751000,-0.287000,-1.104000,36.015000,53.267000,18.931000,26.41
2.368021,0.607000,-0.283000,-0.984000,21.649000,46.489000,12.092000,26.46
2.380548,0.699000,-0.043000,-0.961000,9.115000,56.427000,8.351000,26.46
2.387731,0.536000,-0.102000,-0.912000,2.687000,52.901000,5.542000,26.51
2.400284,0.592000,-0.184000,-0.958000,6.382000,21.267000,4.947000,26.55
2.413559,0.543000,-0.050000,-0.907000,-4.031000,33.481000,1.023000,26.51
2.420053,0.407000,0.021000,-0.899000,-5.298000,39.450000,0.061000,26.51
2.433508,0.551000,-0.033000,-0.853000,0.031000,10.244000,1.176000,26.46
2.444762,0.521000,0.027000,-0.850000,-2.427000,11.679000,0.656000,26.46
2.451074,0.397000,0.059000,-0.951000,-6.809000,41.771000,1.527000,26.51
2.458630,0.529000,0.015000,-0.868000,-1.695000,25.191000,2.427000,26.46
2.470537,0.529000,0.007000,-0.851000,-1.053000,21.115000,1.847000,26.41
2.477550,0.514000,0.023000,-0.852000,-1.603000,19.969000,2.260000,26.51
2.490053,0.527000,0.028000,-0.841000,-1.649000,19.298000,2.779000,26.46
2.497019,0.470000,0.050000,-0.841000,-1.023000,15.160000,2.992000,26.37
2.509906,0.509000,0.039000,-0.845000,-2.275000,17.450000,4.916000,26.51
2.522036,0.514000,0.014000,-0.831000,-2.076000,19.863000,4.916000,26.46
2.529257,0.488000,0.001000,-0.848000,-2.931000,20.931000,4.214000,26.41
2.541716,0.505000,0.010000,-0.854000,-4.916000,25.863000,3.924000,26.41
2.548900,0.499000,-0.018000,-0.851000,-5.740000,24.137000,3.817000,26.37
2.560836,0.495000,0.005000,-0.823000,-8.870000,29.282000,3.359000,26.51
2.568234,0.493000,-0.009000,-0.877000,-11.511000,37.099000,3.954000,26.51
2.580307,0.526000,-0.017000,-0.833000,-8.672000,25.588000,2.824000,26.46
2.587504,0.617000,0.076000,-0.778000,-7.389000,22.718000,1.221000,26.51
2.599730,0.514000,0.065000,-0.851000,-11.939000,43.435000,1.557000,26.41
2.612159,0.523000,0.052000,-0.837000,-5.405000,39.282000,5.023000,26.46
2.619516,0.574000,-0.046000,-0.883000,-10.626000,63.053000,7.939000,26.41
2.631178,0.599000,-0.016000,-0.812000,-11.695000,55.740000,6.870000,26.51
2.638284,0.595000,0.012000,-0.814000,-14.458000,77.405000,6.748000,26.46
2.650771,0.536000,0.005000,-0.930000,-14.794000,67.389000,9.817000,26.60
2.657897,0.551000,0.089000,-0.843000,-5.618000,41.389000,14.763000,26.46
2.669997,0.535000,0.104000,-0.907000,5.832000,53.130000,18.656000,26.55
2.678268,0.511000,0.032000,-0.941000,6.656000,69.786000,22.229000,26.51
2.689630,0.510000,0.017000,-0.947000,6.763000,87.130000,22.870000,26.46
2.701760,0.552000,-0.054000,-0.911000,2.931000,107.405000,22.687000,26.46
2.709190,0.583000,-0.127000,-0.923000,3.481000,108.305000,18.214000,26.51
2.721190,0.592000,-0.092000,-1.004000,13.176000,122.840000,14.672000,26.46
2.728024,0.522000,-0.055000,-1.048000,19.389000,156.168000,15.664000,26.37
2.740217,0.531000,0.032000,-1.161000,26.473000,183.069000,16.656000,26.51
2.752327,0.371000,0.148000,-1.290000,34.214000,231.374000,19.115000,26.55
2.759766,0.456000,0.254000,-1.382000,57.542000,224.198000,14.107000,26.46
2.771545,0.758000,0.196000,-1.415000,92.046000,244.000000,25.176000,26.41
2.778776,0.726000,0.073000,-1.302000,118.641000,285.695000,36.718000,26.46
2.790533,0.840000,-0.006000,-1.443000,118.733000,333.252000,49.191000,26.46
2.797449,1.478000,-0.283000,-1.703000,71.878000,354.198000,52.153000,26.41
2.809428,1.191000,-0.199000,-1.241000,63.771000,318.672000,59.191000,26.55
2.821598,1.656000,-0.031000,-1.104000,64.046000,201.832000,62.672000,26.41
2.829042,1.464000,0.362000,-1.422000,52.580000,277.496000,64.580000,26.41
2.840907,1.194000,0.336000,-1.482000,78.061000,210.550000,70.122000,26.55
2.847648,0.586000,0.102000,-1.859000,55.634000,135.313000,73.908000,26.41
2.860007,-0.208000,-0.335000,-1.501000,18.137000,68.427000,94.260000,26.51
2.872167,0.077000,0.229000,-1.513000,-15.756000,25.740000,99.298000,26.46
2.878925,-0.245000,0.348000,-0.869000,-25.359000,-9.832000,99.160000,26.41
2.891259,-0.060000,0.408000,-0.938000,-35.740000,-33.817000,90.336000,26.37
2.897863,-0.043000,0.396000,-0.787000,-47.252000,-63.130000,75.389000,26.51
2.909951,-0.019000,0.397000,-0.676000,-53.985000,-95.573000,58.397000,26.51
2.921775,-0.048000,0.361000,-0.610000,-62.137000,-103.573000,40.641000,26.46
2.929025,-0.017000,0.328000,-0.569000,-69.328000,-108.473000,23.832000,26.55
2.940535,0.046000,0.319000,-0.566000,-73.725000,-119.649000,9.176000,26.51
2.947223,0.152000,0.274000,-0.636000,-72.824000,-135.664000,-4.489000,26.46
2.959090,0.266000,0.236000,-0.693000,-75.679000,-150.901000,-17.649000,26.41
2.971047,0.352000,0.185000,-0.749000,-77.221000,-162.947000,-30.473000,26.41
2.978043,0.433000,0.126000,-0.806000,-78.901000,-174.626000,-42.794000,26.37
2.990061,0.534000,0.053000,-0.856000,-81.115000,-194.275000,-54.229000,26.46
3.001839,0.627000,0.003000,-0.942000,-82.595000,-207.176000,-65.466000,26.51
3.008724,0.677000,-0.040000,-0.893000,-80.366000,-215.389000,-74.809000,26.46
3.020505,0.740000,-0.116000,-0.927000,-79.069000,-221.145000,-83.954000,26.41
3.027025,0.805000,-0.192000,-0.985000,-76.687000,-226.718000,-93.069000,26.51
3.039208,0.902000,-0.223000,-1.048000,-71.496000,-232.641000,-98.168000,26.46
3.050687,0.980000,-0.250000,-1.106000,-62.489000,-238.031000,-100.931000,26.46
3.057589,1.077000,-0.250000,-1.131000,-57.481000,-232.885000,-100.809000,26.51
3.069799,1.193000,-0.221000,-1.096000,-44.824000,-244.748000,-98.031000,26.37
3.081263,1.299000,-0.172000,-1.024000,-39.649000,-243.130000,-99.374000,26.41
3.088125,1.387000,-0.081000,-0.915000,-29.008000,-237.420000,-105.786000,26.41
3.099839,1.472000,-0.022000,-0.808000,-16.748000,-227.893000,-115.664000,26.37
3.111724,1.557000,-0.010000,-0.695000,-5.664000,-210.672000,-128.458000,26.51
3.118412,1.641000,-0.112000,-0.599000,4.565000,-201.008000,-142.550000,26.41
3.130211,1.709000,-0.210000,-0.486000,10.595000,-181.023000,-153.893000,26.46
3.145181,0.968000,0.616000,-1.236000,93.176000,-192.137000,-155.710000,26.41
3.148804,1.672000,-0.347000,0.679000,96.458000,-164.412000,-116.794000,26.51
3.160611,2.535000,-1.062000,0.351000,47.237000,-49.557000,-115.634000,26.46
3.167373,2.759000,-0.898000,0.119000,-6.504000,-15.069000,-105.160000,26.51
3.179315,2.768000,-0.786000,0.163000,-16.794000,-27.328000,-74.198000,26.51
3.192745,2.397000,-0.661000,0.378000,-4.947000,-27.802000,-35.679000,26.46
3.198879,2.065000,-0.760000,0.626000,0.504000,-4.870000,-0.366000,26.41
3.213010,1.765000,-0.884000,0.799000,-7.847000,31.985000,29.954000,26.37
3.218156,1.176000,-0.563000,0.527000,-10.626000,54.305000,50.412000,26.37
3.230413,0.924000,0.202000,-1.402000,5.924000,-21.008000,41.237000,26.41
3.237970,0.621000,0.615000,-1.626000,-7.313000,-7.405000,31.374000,26.37
3.250095,0.069000,0.821000,-0.566000,-1.374000,27.771000,21.664000,26.37
3.261839,0.046000,0.611000,-0.367000,36.962000,39.847000,10.153000,26.41
3.269793,0.579000,0.064000,-1.174000,29.817000,84.137000,3.802000,26.46
3.281578,0.695000,-0.477000,-0.975000,21.008000,69.756000,13.069000,26.46
3.288512,0.730000,-0.186000,-0.961000,20.046000,62.198000,26.580000,26.41
3.301207,1.127000,0.381000,-1.073000,14.565000,38.580000,18.000000,26.46
3.308127,0.779000,0.292000,-0.851000,36.794000,28.229000,11.939000,26.46
3.320851,0.484000,-0.134000,-0.947000,38.916000,21.298000,11.496000,26.60
3.332340,0.457000,-0.275000,-0.956000,24.992000,22.992000,10.427000,26.37
3.339481,0.539000,-0.087000,-0.900000,14.260000,23.023000,4.550000,26.41
3.351766,0.578000,-0.040000,-0.920000,9.847000,20.336000,1.313000,26.51
3.359126,0.511000,-0.040000,-0.889000,7.099000,17.420000,2.122000,26.46
3.371422,0.512000,0.012000,-0.878000,7.557000,15.832000,2.015000,26.41
3.378640,0.554000,-0.040000,-0.866000,6.733000,11.817000,1.466000,26.41
3.390829,0.523000,-0.048000,-0.862000,6.763000,6.534000,2.015000,26.46
3.398154,0.499000,-0.034000,-0.878000,3.939000,6.824000,1.313000,26.41
3.411083,0.495000,-0.060000,-0.877000,3.069000,4.794000,1.008000,26.41
3.417880,0.482000,-0.065000,-0.879000,0.641000,4.626000,-0.473000,26.46
3.429868,0.479000,-0.065000,-0.887000,-0.931000,4.137000,-1.481000,26.41
3.442563,0.471000,-0.046000,-0.870000,-2.382000,5.496000,-2.229000,26.41
3.449406,0.475000,-0.029000,-0.859000,-2.763000,4.748000,-2.580000,26.41
3.461724,0.474000,-0.017000,-0.844000,-3.023000,4.305000,-3.237000,26.51
3.468750,0.463000,-0.007000,-0.848000,-2.519000,4.748000,-2.916000,26.46
3.480847,0.485000,-0.016000,-0.846000,-2.550000,4.580000,-2.779000,26.46
3.487773,0.497000,-0.023000,-0.848000,-2.672000,4.122000,-2.412000,26.41
3.500325,0.477000,-0.016000,-0.866000,-2.427000,4.260000,-1.924000,26.46
3.507603,0.491000,-0.008000,-0.860000,-2.046000,3.878000,-1.328000,26.51
3.519847,0.497000,-0.019000,-0.851000,-1.634000,3.374000,-0.931000,26.51
3.532084,0.481000,-0.025000,-0.852000,-1.405000,3.160000,-0.641000,26.46
3.538846,0.470000,-0.016000,-0.853000,-1.893000,3.740000,-0.473000,26.46
3.551292,0.476000,-0.020000,-0.868000,-2.015000,4.229000,-0.275000,26.51
3.558445,0.470000,-0.037000,-0.875000,-2.122000,5.649000,-0.733000,26.37
3.570404,0.472000,-0.042000,-0.876000,-3.328000,6.992000,-1.466000,26.41
3.577580,0.483000,-0.026000,-0.870000,-4.015000,7.969000,-1.832000,26.51
3.590187,0.487000,-0.030000,-0.870000,-4.092000,8.427000,-2.168000,26.37
3.602440,0.500000,-0.019000,-0.854000,-4.076000,8.107000,-1.954000,26.51
3.611117,0.497000,-0.029000,-0.852000,-3.603000,7.389000,-1.786000,26.51
3.625567,0.501000,-0.029000,-0.853000,-3.130000,6.702000,-1.542000,26.55
3.646353,0.500000,-0.028000,-0.844000,-2.718000,5.664000,-1.344000,26.41
3.647959,0.493000,-0.028000,-0.853000,-2.244000,4.962000,-1.221000,26.51
3.648633,0.484000,-0.022000,-0.858000,-1.664000,4.321000,-0.962000,26.37
3.660150,0.484000,-0.026000,-0.857000,-1.786000,5.038000,-1.344000,26.51
3.667128,0.487000,-0.012000,-0.858000,-1.496000,4.962000,-1.145000,26.51
3.679333,0.475000,-0.010000,-0.860000,-1.359000,5.389000,-0.748000,26.37
3.691547,0.478000,-0.011000,-0.846000,-1.405000,5.252000,-0.580000,26.41
3.698654,0.499000,-0.015000,-0.847000,-0.992000,4.702000,-0.214000,26.51
3.711074,0.496000,-0.028000,-0.852000,-0.916000,3.038000,-0.198000,26.37
3.718131,0.499000,-0.030000,-0.846000,-1.053000,3.985000,-0.137000,26.41
3.730286,0.494000,-0.034000,-0.854000,-1.267000,3.893000,-0.473000,26.41
3.737355,0.491000,-0.031000,-0.854000,-1.832000,5.221000,-0.824000,26.55
3.749765,0.477000,-0.030000,-0.843000,-2.214000,4.901000,-1.176000,26.51
3.762130,0.486000,-0.017000,-0.850000,-2.840000,5.115000,-1.115000,26.51
3.769341,0.499000,-0.026000,-0.856000,-3.252000,6.214000,-1.176000,26.37
3.781322,0.470000,-0.042000,-0.842000,-3.756000,5.008000,-1.221000,26.41
3.788583,0.490000,-0.014000,-0.840000,-4.626000,4.412000,-1.252000,26.51
3.800608,0.483000,-0.010000,-0.854000,-5.527000,8.473000,-1.191000,26.46
3.807645,0.485000,-0.018000,-0.857000,-4.550000,5.802000,-0.702000,26.51
3.820244,0.506000,-0.022000,-0.850000,-4.443000,6.015000,-0.611000,26.51
3.827420,0.502000,-0.031000,-0.853000,-4.824000,7.725000,-0.901000,26.46
3.839675,0.507000,-0.038000,-0.849000,-4.061000,7.267000,-1.023000,26.41
3.851708,0.505000,-0.048000,-0.864000,-4.305000,9.542000,-1.527000,26.46
3.858798,0.499000,-0.045000,-0.861000,-4.427000,9.359000,-2.046000,26.37
3.871152,0.490000,-0.038000,-0.862000,-5.939000,10.290000,-2.901000,26.51
3.878316,0.478000,-0.009000,-0.855000,-7.084000,14.885000,-3.588000,26.46
3.890647,0.490000,-0.010000,-0.850000,-7.802000,16.534000,-3.420000,26.46
3.897583,0.506000,-0.014000,-0.840000,-7.695000,15.924000,-3.267000,26.51
3.909935,0.514000,-0.005000,-0.828000,-8.641000,16.687000,-3.496000,26.37
3.921845,0.549000,0.012000,-0.823000,-7.786000,14.229000,-2.962000,26.46
3.928958,0.543000,-0.001000,-0.831000,-5.603000,10.305000,-2.031000,26.41
3.941439,0.540000,-0.022000,-0.826000,-3.405000,7.099000,-1.924000,26.46
3.948232,0.535000,-0.012000,-0.834000,-2.672000,6.214000,-1.588000,26.46
3.960579,0.521000,-0.003000,-0.840000,-2.504000,5.511000,-1.679000,26.41
3.967432,0.512000,-0.020000,-0.844000,-2.290000,5.969000,-1.511000,26.37
3.979829,0.510000,-0.021000,-0.853000,-2.321000,4.183000,-1.389000,26.55
3.991924,0.500000,-0.018000,-0.857000,-2.809000,3.237000,-1.573000,26.51
3.999402,0.506000,-0.030000,-0.857000,-3.237000,4.702000,-2.061000,26.46
4.011423,0.503000,-0.041000,-0.856000,-4.061000,5.603000,-2.672000,26.51
4.018286,0.495000,-0.050000,-0.845000,-4.809000,6.321000,-3.756000,26.41
4.030744,0.475000,-0.042000,-0.842000,-6.901000,9.069000,-5.038000,26.37
4.037788,0.528000,0.018000,-0.817000,-9.069000,13.481000,-4.779000,26.41
4.050033,0.535000,0.052000,-0.806000,-7.450000,11.924000,-4.153000,26.41
4.055570,0.535000,0.048000,-0.820000,-4.580000,8.290000,-2.473000,26.37
4.069534,0.537000,0.032000,-0.818000,-2.107000,6.092000,-0.412000,26.41
4.082145,0.529000,0.012000,-0.827000,-0.641000,4.137000,0.611000,26.51
4.089411,0.526000,0.009000,-0.827000,-0.198000,2.885000,1.069000,26.46
4.101714,0.524000,-0.003000,-0.835000,0.092000,2.382000,0.901000,26.51
4.109399,0.520000,-0.009000,-0.841000,-0.321000,2.947000,1.450000,26.41
4.121229,0.507000,-0.009000,-0.862000,-0.275000,3.786000,1.374000,26.41
4.128543,0.506000,-0.011000,-0.844000,-0.824000,5.634000,1.481000,26.41
4.140847,0.487000,0.014000,-0.858000,-1.695000,9.405000,1.863000,26.46
4.147930,0.503000,-0.006000,-0.860000,-1.725000,12.977000,2.504000,26.46
4.161048,0.511000,-0.025000,-0.856000,-2.015000,15.542000,2.015000,26.41
4.167468,0.522000,-0.024000,-0.835000,0.351000,7.084000,1.756000,26.46
4.179663,0.537000,-0.006000,-0.821000,-1.130000,14.901000,1.282000,26.41
4.192091,0.543000,-0.018000,-0.827000,-0.366000,9.771000,1.389000,26.41
4.199107,0.535000,0.001000,-0.818000,-0.748000,12.947000,1.298000,26.46
4.211542,0.551000,0.013000,-0.800000,-0.366000,8.916000,1.405000,26.46
4.219299,0.581000,0.130000,-0.797000,-0.641000,5.557000,2.336000,26.41
4.231400,0.542000,0.012000,-0.812000,1.588000,4.489000,5.023000,26.46
4.238539,0.522000,-0.120000,-0.836000,0.977000,4.260000,4.519000,26.51
4.251149,0.524000,-0.109000,-0.843000,-0.672000,7.954000,1.786000,26.41
4.257914,0.521000,-0.056000,-0.837000,-2.718000,10.366000,-0.702000,26.46
4.270194,0.525000,-0.030000,-0.836000,-3.649000,9.924000,-2.122000,26.37
4.275726,0.533000,-0.009000,-0.832000,-3.908000,10.748000,-2.366000,26.51
4.289353,0.530000,0.004000,-0.824000,-4.519000,11.191000,-2.656000,26.46
4.301500,0.541000,0.006000,-0.819000,-4.336000,10.565000,-2.305000,26.60
4.308500,0.554000,0.016000,-0.815000,-4.534000,10.855000,-1.435000,26.41
4.321040,0.553000,0.001000,-0.810000,-3.176000,8.733000,-0.458000,26.55
4.328127,0.554000,-0.015000,-0.822000,-3.374000,9.038000,-0.137000,26.46
4.340393,0.558000,-0.021000,-0.807000,-2.504000,5.466000,-0.305000,26.41
4.347429,0.564000,-0.017000,-0.804000,-2.718000,4.931000,-0.397000,26.46
4.359653,0.571000,-0.013000,-0.802000,-2.809000,4.779000,-0.427000,26.51
4.372111,0.580000,-0.018000,-0.819000,-5.878000,8.031000,0.702000,26.51
4.379138,0.598000,-0.026000,-0.793000,-7.618000,8.122000,1.023000,26.55
4.391612,0.563000,-0.046000,-0.778000,-6.550000,7.115000,0.565000,26.46
4.398973,0.544000,-0.050000,-0.773000,-5.405000,5.847000,-0.458000,26.51
4.410903,0.515000,-0.080000,-0.757000,-5.282000,3.328000,-0.611000,26.46
4.418026,0.519000,-0.089000,-0.778000,-6.763000,4.626000,-1.420000,26.51
4.430297,0.641000,-0.096000,-0.783000,-6.458000,-0.489000,-2.809000,26.41
4.437305,0.621000,-0.015000,-0.749000,-8.641000,7.038000,-4.779000,26.46
4.449888,0.590000,0.086000,-0.801000,-2.809000,-8.443000,-4.321000,26.55
4.461813,0.522000,0.119000,-0.846000,-0.366000,-4.840000,-2.260000,26.41
4.469294,0.465000,0.089000,-0.855000,2.489000,0.595000,-0.489000,26.46
4.481579,0.533000,-0.063000,-0.873000,2.015000,-0.092000,1.542000,26.41
4.488824,0.546000,0.024000,-0.846000,4.092000,-2.916000,-0.214000,26.51
4.501037,0.449000,-0.002000,-0.898000,-4.656000,18.824000,0.916000,26.46
4.508150,0.523000,-0.034000,-0.857000,1.802000,-0.321000,-0.321000,26.46
4.520327,0.501000,-0.058000,-0.894000,-0.809000,3.954000,-1.145000,26.41
4.527460,0.555000,-0.094000,-0.842000,-5.389000,9.557000,-3.359000,26.46
4.540034,0.525000,-0.084000,-0.857000,-8.015000,9.939000,-3.832000,26.51
4.552011,0.541000,-0.055000,-0.845000,-7.389000,3.878000,-5.573000,26.41
4.558814,0.535000,-0.025000,-0.835000,-11.756000,10.977000,-6.076000,26.46
4.571067,0.568000,-0.036000,-0.805000,-13.221000,10.015000,-6.748000,26.41
4.578458,0.573000,-0.039000,-0.809000,-11.847000,8.595000,-7.466000,26.51
4.590398,0.466000,0.020000,-0.931000,-3.191000,-5.389000,-8.260000,26.46
4.597336,0.543000,0.028000,-0.831000,-11.313000,4.794000,-6.702000,26.51
4.609669,0.533000,0.054000,-0.848000,-11.695000,12.122000,-5.344000,26.60
4.622028,0.522000,0.085000,-0.864000,-6.809000,5.802000,-3.740000,26.55
4.629045,0.541000,0.058000,-0.836000,-4.015000,9.603000,-1.878000,26.51
4.641616,0.559000,0.022000,-0.819000,-5.099000,8.137000,-1.191000,26.41
4.648551,0.551000,0.007000,-0.817000,-5.023000,9.664000,-0.885000,26.46
4.661626,0.535000,0.003000,-0.801000,-2.840000,4.198000,-0.748000,26.51
4.668154,0.506000,0.017000,-0.812000,-4.534000,9.206000,-0.382000,26.51
4.680257,0.667000,0.049000,-0.548000,9.435000,-22.290000,-3.588000,26.46
4.687232,0.554000,-0.018000,-0.801000,-6.855000,11.603000,-1.588000,26.51
4.699751,0.467000,0.095000,-0.783000,-8.824000,10.397000,-1.405000,26.41
4.711865,0.522000,0.000000,-0.829000,-6.580000,15.908000,0.321000,26.46
4.719098,0.561000,-0.016000,-0.806000,-8.351000,19.115000,-2.168000,26.51
4.731281,0.523000,0.031000,-0.788000,-6.473000,15.344000,-3.573000,26.41
4.738449,0.552000,0.041000,-0.839000,-7.817000,26.321000,-3.069000,26.37
4.750599,0.555000,0.015000,-0.788000,-1.420000,19.252000,-4.214000,26.41
4.757719,0.544000,0.042000,-0.818000,-1.191000,16.168000,-4.504000,26.41
4.770185,0.531000,0.002000,-0.850000,-7.511000,24.565000,-4.336000,26.46
4.782309,0.480000,-0.001000,-0.870000,-7.496000,25.115000,-6.015000,26.51
4.789137,0.644000,-0.023000,-0.760000,-13.634000,49.588000,-8.870000,26.51
4.801243,0.610000,-0.050000,-0.911000,-0.229000,33.130000,-12.733000,26.46
4.808118,0.529000,0.007000,-0.925000,-11.924000,51.282000,-9.740000,26.51
4.820453,0.538000,0.007000,-0.878000,-3.603000,45.344000,-11.420000,26.51
4.827486,0.572000,0.003000,-0.888000,-6.977000,57.084000,-7.053000,26.55
4.839885,0.431000,0.282000,-0.953000,5.252000,80.504000,-0.198000,26.41
4.852231,0.535000,0.065000,-0.937000,1.557000,99.664000,4.137000,26.51
4.859677,0.580000,-0.055000,-0.987000,11.893000,110.901000,4.519000,26.46
4.871530,0.626000,-0.018000,-0.977000,8.076000,131.924000,5.084000,26.51
4.878624,0.507000,-0.025000,-1.047000,20.473000,157.130000,8.153000,26.41
4.890961,0.479000,-0.008000,-1.079000,29.374000,147.679000,8.901000,26.46
4.897807,0.575000,-0.039000,-1.034000,42.183000,167.847000,8.137000,26.32
4.910013,0.562000,0.037000,-1.198000,71.160000,145.527000,2.656000,26.37
4.922169,0.585000,-0.019000,-1.151000,77.527000,188.275000,10.748000,26.37
4.929189,1.026000,0.119000,-1.208000,141.252000,119.710000,10.382000,26.41
4.941336,0.529000,0.186000,-1.337000,89.634000,377.099000,15.359000,26.46
4.948105,0.368000,0.149000,-1.212000,126.931000,448.504000,34.092000,26.46
4.960297,0.957000,-0.386000,-2.091000,49.069000,500.260000,30.855000,26.51
4.972234,0.773000,-0.356000,-1.012000,71.893000,350.107000,20.916000,26.46
4.979286,1.335000,-0.352000,-1.673000,32.137000,375.053000,13.664000,26.46
4.991596,0.808000,0.467000,-1.117000,37.618000,416.870000,1.771000,26.60
4.998621,1.590000,0.277000,-1.383000,72.046000,351.237000,42.443000,26.55
5.010540,1.814000,0.362000,-1.557000,107.878000,263.420000,36.702000,26.41
5.017631,1.396000,0.188000,-1.382000,116.427000,210.198000,52.000000,26.41
5.029593,0.343000,0.167000,-1.252000,111.710000,124.885000,38.122000,26.46
5.042117,1.439000,-0.730000,-2.121000,20.794000,181.710000,71.374000,26.51
5.048536,0.649000,-0.108000,-2.456000,-93.069000,73.221000,72.122000,26.41
5.061112,0.043000,0.354000,-1.569000,-95.420000,0.137000,85.527000,26.46
5.068059,-0.135000,0.501000,-1.270000,-79.252000,-34.565000,90.809000,26.51
5.079864,-0.200000,0.464000,-1.030000,-57.771000,-63.344000,88.427000,26.55
5.091891,-0.220000,0.433000,-0.878000,-52.885000,-66.901000,77.649000,26.51
5.098564,-0.138000,0.364000,-0.839000,-57.863000,-80.534000,60.794000,26.51
5.111543,-0.004000,0.341000,-0.850000,-66.076000,-96.687000,41.237000,26.46
5.117677,0.094000,0.326000,-0.890000,-71.893000,-121.939000,21.405000,26.46
5.136152,0.185000,0.295000,-0.906000,-77.389000,-139.725000,4.931000,26.41
5.141629,0.298000,0.257000,-0.922000,-80.947000,-157.099000,-7.496000,26.46
5.148172,0.420000,0.165000,-0.934000,-80.580000,-163.985000,-15.985000,26.41
5.160015,0.535000,0.038000,-0.928000,-81.710000,-209.038000,-24.519000,26.41
5.172125,0.499000,0.037000,-0.994000,-96.137000,-223.221000,-32.656000,26.55
5.178681,0.550000,-0.029000,-0.954000,-103.618000,-254.321000,-38.137000,26.55
5.190879,0.520000,-0.079000,-0.979000,-116.321000,-249.145000,-40.641000,26.51
5.197227,0.583000,-0.099000,-0.978000,-117.756000,-268.809000,-40.397000,26.37
5.210750,0.643000,-0.182000,-1.019000,-126.076000,-276.382000,-38.595000,26.41
5.220984,0.756000,-0.244000,-1.069000,-133.511000,-282.046000,-35.115000,26.51
5.227968,0.856000,-0.270000,-1.098000,-143.649000,-285.863000,-29.878000,26.46
5.239089,0.932000,-0.282000,-1.120000,-151.527000,-291.664000,-25.069000,26.41
5.250954,0.983000,-0.278000,-1.164000,-156.107000,-299.221000,-23.466000,26.51
5.257382,1.055000,-0.281000,-1.210000,-156.473000,-297.466000,-25.985000,26.55
5.269147,1.169000,-0.264000,-1.256000,-156.779000,-295.237000,-32.489000,26.51
5.281051,1.324000,-0.202000,-1.342000,-151.359000,-294.977000,-40.840000,26.51
5.287537,1.427000,-0.148000,-1.421000,-140.443000,-298.473000,-51.832000,26.46
5.299409,1.550000,-0.080000,-1.476000,-127.328000,-302.702000,-65.237000,26.51
5.310980,1.659000,-0.051000,-1.451000,-111.053000,-305.573000,-81.756000,26.41
5.318281,1.766000,-0.062000,-1.374000,-94.229000,-300.931000,-97.527000,26.46
5.329679,1.938000,-0.104000,-1.311000,-79.069000,-297.008000,-112.107000,26.41
5.341503,2.239000,-0.220000,-1.177000,-66.504000,-299.557000,-124.718000,26.51
5.347840,2.337000,-0.247000,-0.869000,-52.489000,-297.130000,-134.443000,26.55
5.360195,2.327000,-0.258000,-0.446000,-32.992000,-282.351000,-139.634000,26.41
5.371740,2.234000,-0.342000,-0.022000,-10.443000,-252.046000,-139.786000,26.46
5.378527,2.160000,-0.510000,0.376000,1.710000,-206.321000,-136.992000,26.46
5.390385,2.096000,-0.710000,0.655000,1.252000,-148.611000,-126.382000,26.32
5.397140,2.168000,-1.037000,0.929000,-11.252000,-96.366000,-108.901000,26.55
5.409175,2.319000,-1.062000,1.050000,-22.901000,-46.076000,-75.237000,26.46
5.421280,2.187000,-0.966000,1.060000,-25.786000,-1.588000,-30.153000,26.51
5.428334,1.938000,-0.889000,0.906000,-28.748000,47.023000,9.450000,26.46
5.440681,1.719000,-0.635000,0.640000,-26.244000,91.679000,36.672000,26.46
5.447819,2.247000,-0.444000,0.535000,13.191000,195.450000,60.412000,26.51
5.459889,0.346000,0.213000,-0.257000,112.947000,146.763000,57.618000,26.46
5.472034,0.645000,0.823000,-2.000000,54.397000,182.183000,25.634000,26.46
5.478972,0.087000,0.774000,-1.094000,61.344000,171.847000,19.710000,26.51
5.491246,0.090000,0.032000,-0.434000,101.221000,212.321000,19.053000,26.46
5.498011,0.442000,-0.370000,-0.984000,91.985000,265.832000,18.198000,26.41
5.510503,1.727000,-0.831000,-1.845000,52.458000,208.122000,29.008000,26.41
5.522166,1.687000,-0.171000,-1.114000,49.053000,166.824000,35.954000,26.37
5.529497,1.079000,-0.091000,-1.094000,53.053000,165.496000,22.687000,26.41
5.541879,1.843000,0.554000,-1.281000,42.290000,192.977000,2.733000,26.51
5.548670,1.555000,-0.379000,-1.062000,57.832000,96.702000,20.427000,26.46
5.560986,0.805000,-0.335000,-1.116000,54.015000,88.748000,21.817000,26.32
5.567668,0.605000,-0.171000,-0.959000,30.153000,100.198000,16.168000,26.41
5.579863,0.969000,0.027000,-0.938000,36.992000,59.588000,17.496000,26.41
5.592141,0.779000,-0.036000,-0.962000,33.282000,41.038000,17.603000,26.41
5.599180,0.680000,-0.275000,-0.961000,32.366000,5.679000,14.641000,26.41
5.611586,0.637000,-0.166000,-0.914000,8.687000,17.832000,6.885000,26.37
5.618600,0.611000,-0.030000,-0.890000,3.130000,16.901000,3.115000,26.51
5.631095,0.605000,-0.065000,-0.868000,0.183000,15.023000,1.985000,26.37
5.638445,0.555000,0.002000,-0.881000,1.160000,9.939000,1.099000,26.51
5.650876,0.447000,0.033000,-0.852000,-2.412000,16.473000,1.618000,26.41
5.662116,0.474000,0.012000,-0.867000,-2.779000,14.626000,3.313000,26.46
5.670244,0.518000,0.022000,-0.873000,-4.718000,26.458000,3.267000,26.46
5.677127,0.556000,0.014000,-0.845000,-0.092000,16.321000,2.550000,26.41
5.689578,0.567000,0.015000,-0.828000,-0.427000,18.183000,2.137000,26.46
5.702099,0.586000,0.041000,-0.806000,0.122000,17.740000,2.794000,26.51
5.709197,0.592000,0.041000,-0.799000,0.076000,13.618000,3.466000,26.51
5.721690,0.560000,0.049000,-0.794000,-1.008000,15.893000,4.061000,26.37
5.728858,0.547000,0.016000,-0.799000,-1.679000,16.290000,3.664000,26.46
5.741346,0.526000,0.029000,-0.821000,-2.000000,15.908000,3.969000,26.41
5.748334,0.536000,0.001000,-0.815000,-3.847000,19.267000,4.550000,26.46
5.760973,0.500000,0.019000,-0.838000,-6.290000,21.389000,3.924000,26.51
5.767746,0.480000,0.016000,-0.842000,-8.443000,23.328000,4.046000,26.41
5.780314,0.548000,0.007000,-0.828000,-11.664000,26.122000,3.573000,26.46
5.787520,0.553000,-0.004000,-0.840000,-7.847000,20.824000,1.924000,26.46
5.799638,0.607000,0.044000,-0.794000,-13.924000,29.939000,0.382000,26.41
5.811893,0.552000,0.053000,-0.814000,-6.947000,20.595000,1.832000,26.55
5.819070,0.580000,0.081000,-0.744000,-5.481000,17.313000,2.550000,26.41
5.831482,0.535000,0.042000,-0.822000,-9.191000,35.863000,3.191000,26.41
5.838783,0.587000,0.083000,-0.800000,-2.611000,27.160000,3.740000,26.55
5.851053,0.574000,0.021000,-0.847000,-7.053000,40.794000,2.611000,26.51
5.858186,0.611000,-0.026000,-0.792000,-6.107000,38.855000,0.229000,26.51
5.870294,0.572000,-0.015000,-0.849000,-9.496000,51.802000,3.252000,26.46
5.877558,0.529000,0.054000,-0.861000,-9.084000,53.206000,7.954000,26.41
5.889840,0.499000,0.247000,-0.963000,1.603000,64.473000,15.634000,26.51
5.902102,0.514000,0.050000,-0.990000,2.992000,88.626000,21.069000,26.37
5.908995,0.521000,0.012000,-0.988000,12.427000,107.282000,24.580000,26.51
5.921015,0.605000,-0.084000,-0.969000,4.229000,122.489000,23.420000,26.51
5.928169,0.594000,-0.141000,-1.003000,11.466000,140.824000,16.947000,26.46
5.940447,0.546000,-0.115000,-1.093000,18.779000,168.153000,14.870000,26.41
5.947343,0.528000,-0.111000,-1.117000,24.550000,213.282000,9.176000,26.41
5.959699,0.502000,-0.034000,-1.195000,38.397000,241.771000,4.260000,26.46
5.971686,0.447000,0.011000,-1.380000,46.779000,300.595000,2.687000,26.41
5.978897,0.470000,0.172000,-1.559000,62.656000,353.878000,4.122000,26.51
5.991064,0.487000,0.195000,-1.458000,105.954000,412.702000,16.580000,26.46
5.997821,0.764000,0.072000,-1.531000,160.748000,378.580000,29.985000,26.51
6.010096,1.712000,-0.222000,-1.884000,61.893000,424.153000,33.740000,26.41
6.022249,1.552000,0.003000,-1.710000,44.855000,422.824000,52.427000,26.46
6.029023,1.205000,0.464000,-1.003000,103.389000,315.466000,66.214000,26.51
6.041317,1.604000,0.301000,-1.226000,60.885000,331.695000,81.878000,26.46
6.048189,1.628000,0.483000,-1.211000,74.336000,336.412000,85.511000,26.46
6.060381,1.351000,0.271000,-1.554000,78.214000,230.076000,86.977000,26.41
6.067638,0.293000,0.062000,-2.280000,20.366000,109.130000,71.786000,26.46
6.079436,0.962000,-0.064000,-2.161000,-44.794000,70.870000,78.489000,26.46
6.091786,-0.076000,0.591000,-1.947000,-84.092000,-32.168000,71.298000,26.51
6.098507,-0.423000,0.766000,-1.154000,-59.634000,-60.519000,69.328000,26.46
6.110513,-0.449000,0.712000,-0.895000,-38.382000,-107.557000,59.924000,26.46
6.116324,-0.427000,0.600000,-0.776000,-29.344000,-105.450000,45.863000,26.51
6.129072,-0.277000,0.483000,-0.752000,-35.038000,-119.298000,25.374000,26.55
6.141353,-0.075000,0.407000,-0.825000,-43.893000,-133.359000,4.763000,26.41
6.147965,0.162000,0.356000,-0.904000,-53.481000,-159.450000,-13.863000,26.41
6.160475,0.298000,0.322000,-0.955000,-56.107000,-190.336000,-28.534000,26.46
6.171649,0.385000,0.257000,-0.948000,-56.305000,-219.908000,-40.687000,26.41
6.178615,0.433000,0.159000,-0.927000,-56.916000,-244.855000,-50.122000,26.41
6.190474,0.426000,0.070000,-0.897000,-62.443000,-254.275000,-56.885000,26.46
6.196147,0.527000,-0.009000,-0.946000,-68.351000,-266.901000,-59.985000,26.41
6.209105,0.672000,-0.082000,-1.030000,-75.893000,-281.145000,-59.740000,26.51
6.220880,0.796000,-0.155000,-1.119000,-84.580000,-293.618000,-55.084000,26.46
6.227534,0.873000,-0.207000,-1.148000,-94.885000,-307.725000,-47.557000,26.41
6.239368,0.952000,-0.247000,-1.162000,-102.504000,-321.069000,-37.053000,26.37
6.251049,1.014000,-0.267000,-1.170000,-112.641000,-320.061000,-28.168000,26.41
6.257991,1.127000,-0.270000,-1.182000,-120.229000,-317.588000,-23.435000,26.41
6.269395,1.279000,-0.246000,-1.176000,-124.916000,-314.015000,-25.389000,26.46
6.281142,1.447000,-0.161000,-1.183000,-123.542000,-310.458000,-36.611000,26.46
6.287712,1.618000,-0.030000,-1.162000,-112.779000,-307.328000,-57.786000,26.51
6.299662,1.780000,0.106000,-1.130000,-89.939000,-305.924000,-88.336000,26.46
6.311628,1.947000,0.106000,-1.050000,-57.359000,-301.496000,-125.160000,26.51
6.318378,2.136000,-0.064000,-0.915000,-27.115000,-291.924000,-158.321000,26.41
6.330408,2.348000,-0.250000,-0.710000,-1.527000,-277.618000,-178.351000,26.37
6.342117,2.517000,-0.405000,-0.459000,21.420000,-259.771000,-183.542000,26.51
6.349144,2.627000,-0.561000,-0.165000,41.130000,-242.351000,-177.725000,26.60
6.360940,2.609000,-0.662000,0.236000,54.412000,-218.702000,-164.733000,26.46
6.367569,2.541000,-0.716000,0.599000,59.023000,-183.527000,-147.863000,26.41
6.379299,2.380000,-0.732000,0.902000,56.443000,-138.504000,-128.901000,26.51
6.391335,2.352000,-0.979000,0.922000,40.565000,-81.649000,-107.511000,26.46
6.398090,2.233000,-0.975000,1.343000,-9.328000,-5.374000,-90.183000,26.32
6.410319,2.278000,-1.032000,1.389000,-48.931000,56.168000,-61.221000,26.55
6.417154,2.386000,-0.805000,1.484000,-45.237000,114.107000,-30.092000,26.46
6.429404,-0.680000,0.030000,0.375000,45.282000,25.084000,10.626000,26.32
6.441915,0.504000,0.173000,-2.430000,43.405000,45.176000,63.649000,26.37
6.448773,-0.114000,0.722000,-1.350000,7.832000,118.031000,95.954000,26.46
6.460884,-0.287000,0.548000,-0.257000,29.313000,153.954000,93.053000,26.51
6.468022,0.839000,0.482000,-0.912000,15.099000,155.924000,28.489000,26.46
6.480232,2.059000,0.741000,-1.503000,28.198000,147.359000,2.672000,26.51
6.487340,1.249000,-0.259000,-1.055000,53.191000,89.420000,8.321000,26.41
6.499437,1.270000,0.137000,-1.600000,50.824000,159.359000,29.160000,26.46
6.511557,1.521000,-0.167000,-1.155000,27.511000,85.863000,16.092000,26.51
6.518787,0.670000,-0.264000,-1.110000,41.206000,70.290000,13.695000,26.51
6.531051,0.461000,-0.299000,-1.004000,17.267000,71.695000,7.160000,26.46
6.538130,0.608000,-0.141000,-0.895000,-0.015000,63.710000,0.656000,26.51
6.550572,0.777000,0.175000,-0.866000,8.733000,37.313000,1.908000,26.55
6.557746,0.587000,0.115000,-0.872000,14.473000,31.450000,7.221000,26.51
6.570027,0.616000,-0.092000,-0.975000,9.405000,28.656000,6.397000,26.51
6.575892,0.563000,-0.171000,-0.936000,8.473000,11.191000,6.687000,26.46
6.589538,0.528000,-0.017000,-0.857000,3.053000,14.412000,4.031000,26.55
6.602038,0.496000,0.014000,-0.882000,-3.282000,24.061000,2.397000,26.60
6.609094,0.472000,-0.024000,-0.901000,0.275000,17.313000,2.931000,26.46
6.621418,0.471000,-0.020000,-0.895000,-4.840000,27.908000,-0.076000,26.51
6.628780,0.504000,-0.002000,-0.859000,-5.099000,23.908000,-2.168000,26.51
6.640710,0.510000,0.015000,-0.856000,-4.855000,23.053000,-2.198000,26.46
6.647540,0.495000,0.005000,-0.856000,-3.542000,22.550000,-2.473000,26.41
6.659962,0.513000,0.027000,-0.868000,-3.282000,20.840000,-2.687000,26.41
6.672232,0.536000,0.019000,-0.860000,-2.275000,18.626000,-1.420000,26.46
6.679028,0.536000,-0.006000,-0.858000,-1.176000,14.198000,-0.641000,26.41
6.691350,0.562000,-0.030000,-0.836000,-2.260000,12.702000,-0.382000,26.46
6.698393,0.521000,-0.003000,-0.844000,-2.260000,10.702000,-0.458000,26.46
6.710795,0.525000,-0.009000,-0.843000,-2.763000,10.321000,-0.565000,26.41
6.717617,0.508000,-0.005000,-0.845000,-3.328000,12.641000,-0.809000,26.46
6.729844,0.528000,0.014000,-0.838000,-1.649000,10.214000,-0.504000,26.37
6.742381,0.521000,0.020000,-0.866000,-2.947000,8.061000,-0.031000,26.51
6.749337,0.517000,0.006000,-0.854000,-2.458000,11.008000,0.534000,26.46
6.761509,0.535000,-0.013000,-0.832000,-2.122000,10.183000,0.656000,26.41
6.768569,0.535000,-0.011000,-0.818000,-2.687000,9.359000,-0.107000,26.51
6.781223,0.512000,0.009000,-0.828000,-2.321000,8.611000,-0.031000,26.37
6.788117,0.495000,0.020000,-0.860000,-1.969000,11.206000,-0.229000,26.51
6.800417,0.510000,-0.005000,-0.854000,-2.168000,12.000000,-0.076000,26.51
6.807531,0.519000,-0.007000,-0.840000,-2.809000,12.870000,-0.504000,26.46
6.819596,0.523000,-0.008000,-0.832000,-2.641000,13.878000,-1.145000,26.51
6.831751,0.532000,-0.010000,-0.813000,-2.916000,13.145000,-1.588000,26.41
6.838926,0.540000,0.003000,-0.810000,-2.718000,12.748000,-2.168000,26.46
6.850932,0.528000,0.019000,-0.813000,-3.023000,13.099000,-2.092000,26.51
6.858165,0.541000,0.011000,-0.823000,-1.985000,5.130000,-1.924000,26.51
6.870495,0.532000,0.021000,-0.826000,-2.977000,9.847000,-2.153000,26.55
6.877740,0.534000,0.012000,-0.825000,-4.351000,11.939000,-2.305000,26.51
6.889924,0.517000,0.020000,-0.842000,-4.809000,13.817000,-2.550000,26.41
6.902117,0.528000,0.002000,-0.831000,-6.504000,15.985000,-2.794000,26.46
6.909152,0.542000,-0.004000,-0.835000,-6.443000,17.481000,-3.221000,26.41
6.921514,0.536000,0.004000,-0.815000,-6.901000,16.656000,-3.908000,26.55
6.928677,0.551000,0.002000,-0.813000,-6.840000,17.832000,-3.802000,26.51
6.940641,0.548000,-0.005000,-0.820000,-6.580000,16.214000,-4.061000,26.51
6.947910,0.553000,0.014000,-0.808000,-8.015000,16.962000,-3.466000,26.55
6.959901,0.552000,0.001000,-0.801000,-8.198000,16.763000,-4.229000,26.46
6.972149,0.550000,0.021000,-0.811000,-8.962000,17.084000,-3.924000,26.41
6.979105,0.562000,0.040000,-0.789000,-9.221000,16.947000,-3.053000,26.46
6.991555,0.542000,0.012000,-0.819000,-8.489000,20.031000,-2.427000,26.41
6.998794,0.552000,0.030000,-0.804000,-7.985000,15.282000,-2.321000,26.41
7.010863,0.548000,0.024000,-0.810000,-6.931000,16.885000,-1.695000,26.46
7.018011,0.582000,0.003000,-0.823000,-5.679000,16.137000,-1.740000,26.51
7.030072,0.580000,0.007000,-0.799000,-6.534000,16.702000,-1.786000,26.51
7.037132,0.585000,0.023000,-0.793000,-3.679000,11.160000,-1.695000,26.46
7.049586,0.614000,0.012000,-0.787000,-4.229000,7.832000,-1.237000,26.41
7.062809,0.584000,0.008000,-0.787000,-2.321000,3.405000,-0.534000,26.51
7.069002,0.576000,0.030000,-0.782000,-2.137000,2.122000,-0.443000,26.55
7.081242,0.552000,0.014000,-0.834000,-0.305000,-0.519000,-0.336000,26.41
7.088520,0.554000,0.016000,-0.844000,-0.779000,1.786000,-0.107000,26.51
7.100742,0.566000,-0.009000,-0.831000,-2.397000,4.763000,-0.977000,26.37
7.107827,0.577000,-0.015000,-0.822000,-2.092000,7.863000,-2.122000,26.41
7.120275,0.571000,0.007000,-0.810000,-3.878000,6.290000,-2.611000,26.55
7.127279,0.599000,0.022000,-0.800000,-7.969000,10.947000,-2.015000,26.46
7.139532,0.595000,0.030000,-0.756000,-6.076000,4.794000,-2.397000,26.41
7.152025,0.580000,0.020000,-0.759000,-4.595000,0.473000,-1.298000,26.46
7.159104,0.582000,0.016000,-0.750000,-3.313000,-1.573000,-0.061000,26.46
7.171529,0.608000,0.016000,-0.758000,-0.687000,-4.962000,0.412000,26.41
7.178634,0.620000,0.012000,-0.761000,0.626000,-8.672000,-0.656000,26.27
7.190827,0.590000,0.025000,-0.728000,0.031000,-12.763000,-0.763000,26.46
7.197847,0.546000,0.083000,-0.855000,-1.496000,-10.321000,0.641000,26.51
7.210322,0.526000,0.028000,-0.872000,-3.038000,-5.099000,3.191000,26.46
7.217580,0.548000,-0.009000,-0.814000,-5.191000,-3.267000,2.290000,26.46
7.229925,0.584000,0.006000,-0.813000,-3.344000,-3.298000,1.023000,26.51
7.242097,0.570000,0.010000,-0.800000,-3.313000,-3.740000,0.336000,26.46
7.249141,0.531000,0.047000,-0.799000,-2.626000,-4.244000,-0.275000,26.46
7.261510,0.499000,0.042000,-0.850000,-2.260000,-2.015000,0.015000,26.41
7.268705,0.534000,-0.003000,-0.853000,-1.206000,1.130000,-0.046000,26.46
7.281033,0.511000,0.005000,-0.867000,-0.931000,0.672000,-1.328000,26.37
7.288216,0.535000,0.020000,-0.839000,-1.664000,3.542000,-1.389000,26.51
7.300553,0.521000,0.035000,-0.842000,-0.733000,4.611000,-1.771000,26.37
7.307764,0.547000,0.033000,-0.822000,-0.183000,3.038000,-1.557000,26.41
7.320098,0.542000,0.045000,-0.822000,0.962000,2.290000,-0.779000,26.41
7.327418,0.569000,0.046000,-0.812000,0.977000,6.809000,0.107000,26.37
7.339896,0.563000,0.039000,-0.811000,1.069000,6.763000,0.824000,26.32
7.347221,0.567000,0.030000,-0.796000,2.183000,6.183000,1.252000,26.41
7.360115,0.571000,0.010000,-0.801000,2.626000,1.466000,1.282000,26.37
7.367398,0.556000,0.002000,-0.817000,2.519000,2.794000,1.282000,26.51
7.379760,0.552000,-0.003000,-0.834000,1.725000,0.519000,0.870000,26.51
7.392162,0.554000,0.001000,-0.813000,1.802000,-0.534000,0.992000,26.46
7.399604,0.559000,0.004000,-0.822000,1.328000,0.031000,1.023000,26.41
7.412070,0.559000,0.009000,-0.814000,1.496000,-0.366000,1.344000,26.46
7.419206,0.539000,0.020000,-0.833000,1.267000,-0.885000,1.939000,26.51
7.431575,0.534000,-0.011000,-0.843000,0.443000,-0.290000,2.412000,26.51
7.438608,0.519000,-0.003000,-0.854000,-0.641000,1.160000,1.588000,26.37
7.451128,0.518000,0.005000,-0.856000,-1.145000,4.305000,0.611000,26.37
7.458602,0.530000,0.010000,-0.866000,-1.618000,8.763000,-0.260000,26.51
7.470584,0.532000,0.043000,-0.844000,-2.977000,14.855000,-0.351000,26.46
7.477591,0.594000,0.058000,-0.814000,-4.763000,25.939000,1.389000,26.51
7.489889,0.510000,0.075000,-0.914000,-5.389000,32.748000,3.908000,26.41
7.502090,0.439000,0.106000,-1.001000,-12.672000,39.420000,8.168000,26.46
7.509322,0.451000,0.032000,-0.977000,-15.099000,50.580000,7.282000,26.41
7.521823,0.422000,0.020000,-1.052000,-27.466000,59.344000,9.344000,26.41
7.528530,0.379000,0.195000,-1.145000,-15.267000,71.710000,18.107000,26.37
7.540980,0.514000,-0.171000,-0.953000,-10.687000,70.229000,16.107000,26.51
7.547600,0.340000,-0.068000,-0.975000,-32.656000,78.168000,21.679000,26.51
7.559877,0.243000,-0.020000,-0.876000,-38.107000,58.183000,25.557000,26.46
7.572054,0.040000,0.191000,-0.909000,-44.992000,33.481000,29.313000,26.41
7.578825,-0.153000,0.201000,-1.052000,-23.847000,-5.740000,27.756000,26.41
7.591107,-0.119000,0.065000,-1.068000,-11.160000,-35.282000,21.313000,26.46
7.598163,0.146000,0.045000,-0.948000,-6.076000,-59.359000,13.496000,26.51
7.610341,0.480000,0.011000,-0.778000,-0.336000,-76.885000,6.977000,26.41
7.617434,1.011000,-0.014000,-0.507000,2.641000,-78.611000,4.916000,26.46
7.629621,1.554000,-0.108000,-0.128000,1.328000,-62.260000,4.641000,26.51
7.641769,2.540000,-0.206000,0.453000,-1.237000,-23.954000,-0.015000,26.46
7.648907,2.623000,-0.196000,0.687000,4.427000,-3.573000,-1.359000,26.46
7.660898,0.191000,-0.086000,-0.952000,28.076000,-24.916000,-20.733000,26.41
7.667666,0.003000,-0.084000,-1.116000,-1.191000,-2.718000,-4.061000,26.55
7.680236,0.575000,0.099000,-0.858000,2.870000,-4.351000,-2.901000,26.55
7.687220,0.561000,-0.100000,-0.887000,0.305000,-4.595000,-3.939000,26.51
7.699380,0.486000,-0.021000,-0.865000,-3.023000,2.397000,-4.427000,26.46
7.711803,0.570000,0.038000,-0.823000,-4.840000,4.489000,-3.969000,26.41
7.718897,0.590000,0.013000,-0.777000,-3.740000,3.756000,-4.046000,26.41
7.731320,0.605000,-0.028000,-0.766000,-5.038000,4.855000,-5.511000,26.46
7.738137,0.516000,0.001000,-0.846000,-0.489000,-13.618000,-8.565000,26.51
7.750630,0.494000,0.059000,-0.857000,-3.542000,-2.473000,-7.664000,26.51
7.757643,0.589000,0.107000,-0.782000,-3.863000,-7.649000,-5.817000,26.55
7.769715,0.571000,0.115000,-0.766000,-1.588000,-10.519000,-3.527000,26.60
7.785723,0.545000,0.087000,-0.796000,-0.718000,-14.443000,-2.687000,26.51
7.788964,0.554000,0.057000,-0.825000,1.069000,-8.458000,-1.282000,26.41
7.801533,0.513000,0.005000,-0.864000,1.740000,-6.351000,-1.695000,26.41
7.809051,0.547000,-0.044000,-0.847000,-5.328000,1.344000,-3.008000,26.46
7.821132,0.540000,-0.053000,-0.824000,-4.534000,3.511000,-4.885000,26.37
7.827975,0.521000,-0.034000,-0.865000,-7.023000,7.542000,-6.550000,26.51
7.842817,0.547000,0.010000,-0.844000,-5.145000,1.771000,-6.733000,26.46
7.847568,0.551000,0.014000,-0.834000,-5.649000,0.824000,-6.336000,26.41
7.859845,0.520000,0.050000,-0.822000,-8.031000,6.962000,-6.015000,26.60
7.872003,0.550000,0.059000,-0.856000,-6.412000,9.740000,-4.504000,26.55
7.879110,0.544000,0.031000,-0.863000,-6.977000,13.435000,-3.405000,26.51
7.891680,0.559000,0.030000,-0.822000,-4.840000,11.053000,-3.145000,26.51
7.898692,0.573000,0.021000,-0.809000,-6.443000,12.137000,-3.466000,26.46
7.910822,0.585000,0.031000,-0.804000,-5.084000,10.748000,-2.733000,26.41
7.917962,0.558000,0.022000,-0.813000,-4.733000,11.176000,-2.702000,26.41
7.930294,0.573000,0.028000,-0.804000,-5.511000,9.634000,-2.733000,26.46
7.937383,0.577000,0.033000,-0.799000,-4.855000,10.107000,-2.366000,26.51
7.949677,0.555000,0.011000,-0.807000,-2.321000,10.427000,-2.748000,26.41
7.961866,0.556000,0.042000,-0.785000,-2.656000,12.275000,-3.176000,26.46
7.968834,0.594000,0.054000,-0.789000,-1.038000,11.206000,-3.634000,26.41
7.981320,0.554000,-0.008000,-0.818000,-0.427000,7.099000,-3.466000,26.55
7.988446,0.611000,0.104000,-0.787000,0.137000,9.282000,-2.046000,26.46
8.000923,0.733000,0.084000,-0.725000,-2.748000,18.611000,-1.557000,26.41
8.007788,0.519000,-0.034000,-0.819000,-2.427000,14.947000,-0.672000,26.55
8.019903,0.564000,-0.045000,-0.815000,-0.656000,14.153000,-0.672000,26.46
8.029875,0.559000,0.027000,-0.816000,-2.122000,17.481000,-1.237000,26.60
8.039343,0.560000,0.030000,-0.817000,-3.634000,14.901000,-0.672000,26.46
8.051623,0.561000,0.039000,-0.792000,-2.092000,16.351000,-0.092000,26.46
8.058910,0.559000,0.050000,-0.798000,-5.771000,21.160000,0.443000,26.41
8.071286,0.575000,0.029000,-0.798000,-3.405000,12.718000,0.534000,26.46
8.078408,0.575000,0.001000,-0.824000,-4.137000,17.374000,-0.183000,26.46
8.090955,0.562000,0.030000,-0.832000,-6.244000,23.420000,0.000000,26.41
8.097808,0.562000,0.006000,-0.822000,-4.550000,10.763000,-1.008000,26.46
8.110114,0.509000,0.062000,-0.902000,-0.458000,20.611000,-0.947000,26.46
8.115751,0.591000,0.002000,-0.821000,12.656000,7.954000,-3.802000,26.41
8.129496,0.550000,0.009000,-0.846000,-0.748000,33.817000,-2.076000,26.46
8.141916,0.574000,-0.004000,-0.795000,0.779000,46.687000,-2.916000,26.46
8.148999,0.644000,0.002000,-0.791000,4.321000,45.924000,-3.969000,26.41
8.161329,0.599000,0.042000,-0.953000,5.725000,23.710000,-5.389000,26.55
8.168333,0.590000,0.050000,-0.832000,9.160000,16.214000,-2.824000,26.55
8.180906,0.536000,0.062000,-0.849000,13.221000,15.756000,2.336000,26.51
8.187611,0.520000,0.072000,-0.901000,19.893000,39.817000,8.305000,26.55
8.203117,0.571000,0.079000,-1.032000,29.740000,14.794000,11.710000,26.51
8.207079,0.470000,0.061000,-0.992000,26.611000,51.069000,17.573000,26.51
8.219420,0.439000,-0.004000,-1.029000,37.679000,42.672000,17.725000,26.46
8.231644,0.507000,-0.108000,-0.958000,41.832000,54.443000,13.511000,26.51
8.238495,0.449000,-0.138000,-0.986000,38.885000,100.489000,5.695000,26.51
8.250692,0.416000,-0.176000,-0.853000,29.130000,162.611000,-3.481000,26.46
8.257651,0.499000,-0.164000,-0.343000,44.855000,250.076000,-11.466000,26.51
8.269804,2.096000,0.258000,-0.779000,135.481000,-52.092000,-25.115000,26.60
8.281706,0.379000,-0.019000,-0.975000,78.779000,186.672000,-11.542000,26.51
8.288678,1.617000,0.118000,-1.367000,220.092000,233.313000,97.756000,26.51
8.300650,0.523000,0.023000,-0.948000,60.947000,420.504000,-17.939000,26.46
8.307516,0.908000,0.344000,-1.015000,81.679000,352.534000,-2.412000,26.46
8.319623,0.965000,-0.221000,-1.129000,72.641000,341.115000,-4.260000,26.51
8.332056,1.251000,-0.202000,-1.140000,65.481000,265.740000,9.832000,26.37
8.338891,1.325000,-0.054000,-1.180000,37.221000,283.695000,2.061000,26.51
8.351317,1.146000,0.033000,-1.134000,25.939000,289.359000,2.809000,26.51
8.358572,1.778000,-0.085000,-1.337000,8.885000,302.855000,10.168000,26.55
8.370440,1.781000,0.176000,-1.220000,30.992000,211.389000,8.519000,26.51
8.377676,1.824000,0.061000,-1.256000,2.458000,188.824000,16.336000,26.51
8.389952,1.217000,0.112000,-1.487000,-26.794000,147.374000,23.191000,26.46
8.402220,-0.095000,0.188000,-1.818000,-9.008000,90.244000,34.611000,26.41
8.408973,0.378000,-0.345000,-1.786000,-23.893000,80.046000,68.366000,26.46
8.426734,-0.012000,0.085000,-1.747000,-56.489000,2.885000,90.840000,26.46
8.428259,-0.241000,0.213000,-1.028000,-51.802000,-15.771000,108.977000,26.51
8.439805,-0.089000,0.204000,-0.969000,-57.099000,-25.221000,117.924000,26.46
8.451639,-0.052000,0.235000,-0.913000,-114.092000,-7.145000,113.710000,26.46
8.458442,0.218000,0.241000,-0.859000,-53.527000,-90.214000,115.924000,26.60
8.470485,0.219000,0.432000,-0.932000,-92.901000,-59.420000,101.282000,26.46
8.477576,0.205000,0.478000,-0.813000,-77.664000,-84.260000,85.710000,26.51
8.489688,0.270000,0.484000,-0.816000,-71.160000,-100.427000,63.740000,26.41
8.501551,0.351000,0.478000,-0.852000,-63.756000,-114.534000,39.252000,26.46
8.509622,0.457000,0.434000,-0.861000,-63.527000,-130.366000,13.527000,26.60
8.520041,0.517000,0.371000,-0.924000,-65.969000,-148.015000,-11.802000,26.41
8.532084,0.605000,0.303000,-0.986000,-71.435000,-164.992000,-35.145000,26.51
8.538806,0.687000,0.228000,-1.046000,-76.550000,-181.954000,-52.214000,26.60
8.550761,0.727000,0.179000,-1.056000,-78.901000,-199.908000,-63.344000,26.46
8.557398,0.758000,0.085000,-1.013000,-80.824000,-218.046000,-69.786000,26.55
8.569358,0.731000,-0.010000,-0.954000,-83.863000,-231.771000,-72.092000,26.51
8.581379,0.718000,-0.084000,-0.917000,-87.221000,-247.863000,-71.511000,26.46
8.587928,0.728000,-0.142000,-0.890000,-96.046000,-239.298000,-70.015000,26.41
8.600080,0.787000,-0.166000,-0.923000,-98.687000,-245.130000,-66.366000,26.41
8.611566,1.017000,-0.249000,-0.998000,-105.786000,-248.351000,-66.076000,26.46
8.618199,0.970000,-0.206000,-0.990000,-100.687000,-250.092000,-64.641000,26.46
8.630131,1.010000,-0.238000,-1.016000,-88.962000,-251.878000,-62.748000,26.51
8.641996,0.897000,-0.125000,-1.034000,-79.771000,-251.008000,-70.504000,26.46
8.648819,1.131000,-0.166000,-1.191000,-76.031000,-249.038000,-77.817000,26.41
8.660412,1.272000,-0.148000,-1.244000,-70.519000,-254.870000,-81.191000,26.41
8.667497,1.408000,-0.085000,-1.268000,-63.832000,-260.046000,-79.908000,26.46
8.679119,1.503000,-0.037000,-1.201000,-56.702000,-264.275000,-75.908000,26.41
8.691057,1.534000,0.000000,-1.079000,-49.908000,-266.947000,-73.191000,26.51
8.697943,1.522000,-0.034000,-0.947000,-48.412000,-261.313000,-75.374000,26.46
8.709610,1.538000,-0.078000,-0.834000,-52.794000,-249.252000,-82.595000,26.41
8.721466,1.579000,-0.141000,-0.755000,-58.672000,-235.786000,-93.099000,26.46
8.728062,1.638000,-0.184000,-0.690000,-59.588000,-221.420000,-101.847000,26.46
8.739927,1.701000,-0.219000,-0.598000,-50.443000,-208.290000,-108.427000,26.51
8.751804,1.800000,-0.271000,-0.463000,-33.298000,-196.260000,-110.901000,26.46
8.758576,1.915000,-0.348000,-0.296000,-15.176000,-182.107000,-107.908000,26.37
8.770283,1.958000,-0.432000,-0.079000,-4.427000,-169.160000,-99.756000,26.51
8.782429,1.883000,-0.529000,0.207000,-4.321000,-150.992000,-88.046000,26.46
8.789148,1.727000,-0.617000,0.432000,-21.053000,-115.099000,-72.931000,26.55
8.801030,1.608000,-0.721000,0.585000,-43.695000,-73.130000,-55.405000,26.51
8.808008,1.551000,-0.744000,0.651000,-62.977000,-36.153000,-39.573000,26.46
8.820043,1.841000,-0.736000,0.754000,-47.939000,36.382000,-13.924000,26.41
8.832303,1.289000,-0.526000,1.261000,62.427000,9.802000,32.718000,26.51
8.839440,2.209000,-1.166000,1.127000,34.015000,149.344000,72.687000,26.46
8.851482,0.989000,-0.388000,0.745000,93.298000,161.344000,96.137000,26.41
8.858510,0.813000,0.738000,-1.972000,110.260000,125.649000,74.122000,26.51
8.870552,0.453000,0.843000,-1.803000,77.267000,152.580000,51.160000,26.46
8.877698,0.776000,0.482000,-0.859000,82.565000,177.969000,27.389000,26.51
8.889780,1.585000,-0.143000,-1.140000,88.809000,182.565000,12.504000,26.41
8.902009,2.092000,-0.044000,-1.764000,64.687000,207.115000,8.260000,26.46
8.909270,1.917000,-0.217000,-1.215000,28.015000,160.733000,12.489000,26.51
8.921031,0.773000,-0.229000,-1.202000,31.130000,161.771000,12.046000,26.51
8.927949,0.718000,-0.334000,-1.219000,15.588000,144.473000,9.221000,26.46
8.940168,0.962000,-0.161000,-1.022000,27.954000,89.038000,14.107000,26.41
8.952294,0.967000,-0.122000,-1.003000,19.695000,58.611000,11.908000,26.46
8.959590,0.699000,-0.236000,-1.034000,7.496000,40.870000,9.099000,26.41
8.971775,0.625000,-0.088000,-0.963000,7.313000,16.992000,3.344000,26.51
8.978873,0.510000,-0.124000,-0.957000,-8.794000,40.000000,-0.473000,26.46
8.991124,0.515000,-0.040000,-0.881000,-7.588000,5.313000,-3.359000,26.46
8.998103,0.447000,0.022000,-0.932000,-9.221000,18.626000,-4.611000,26.41
9.010323,0.522000,0.028000,-0.888000,-11.206000,33.756000,-4.275000,26.46
9.017568,0.509000,0.034000,-0.877000,-10.901000,43.695000,-3.939000,26.41
9.029777,0.539000,0.034000,-0.850000,-9.038000,38.794000,-3.145000,26.41
9.041916,0.522000,0.047000,-0.845000,-7.527000,24.885000,-3.191000,26.46
9.049282,0.540000,0.044000,-0.828000,-6.366000,21.847000,-3.160000,26.46
9.061287,0.522000,0.046000,-0.854000,-6.916000,27.908000,-2.489000,26.41
9.068489,0.528000,0.047000,-0.835000,-6.504000,16.351000,-2.046000,26.46
9.080373,0.518000,0.062000,-0.828000,-5.527000,23.756000,-0.931000,26.32
9.087711,0.508000,0.071000,-0.870000,-3.313000,6.702000,0.076000,26.41
9.100107,0.511000,0.061000,-0.848000,-2.183000,10.244000,0.611000,26.46
9.107248,0.529000,0.030000,-0.833000,-3.221000,13.618000,0.931000,26.41
9.119596,0.536000,0.040000,-0.829000,-2.840000,16.611000,0.947000,26.51
9.132055,0.533000,0.036000,-0.815000,-2.687000,7.191000,0.809000,26.46
9.139128,0.525000,0.055000,-0.825000,-3.817000,15.710000,0.718000,26.51
9.151539,0.539000,0.031000,-0.816000,-4.656000,18.702000,0.947000,26.51
9.158830,0.521000,0.041000,-0.816000,-4.412000,20.214000,-0.168000,26.46
9.170963,0.542000,0.052000,-0.816000,-6.397000,22.794000,-0.763000,26.51
9.177969,0.517000,0.043000,-0.830000,-8.748000,30.092000,-1.481000,26.51
9.190267,0.562000,0.043000,-0.793000,-6.962000,25.924000,-1.115000,26.46
9.197307,0.519000,0.069000,-0.812000,-9.115000,30.290000,-1.084000,26.41
9.209908,0.522000,0.073000,-0.834000,-8.443000,39.221000,-2.137000,26.41
9.221931,0.547000,0.040000,-0.825000,-9.298000,48.458000,-2.687000,26.37
9.229119,0.546000,0.044000,-0.799000,-12.611000,47.267000,-3.267000,26.51
9.241380,0.585000,0.040000,-0.790000,-12.748000,39.985000,-2.718000,26.41
9.248350,0.578000,0.016000,-0.810000,-8.275000,56.916000,-5.282000,26.46
9.260600,0.601000,-0.004000,-0.832000,9.344000,62.351000,-10.947000,26.41
9.267766,0.576000,0.052000,-0.799000,1.573000,64.351000,-8.962000,26.51
9.279993,0.631000,0.066000,-0.771000,0.061000,63.267000,-11.527000,26.37
9.292153,0.550000,0.063000,-0.821000,-1.405000,68.718000,-10.672000,26.51
9.307497,0.608000,0.099000,-0.811000,-0.321000,77.298000,-11.557000,26.32
9.310907,0.606000,0.046000,-0.790000,0.611000,82.397000,-11.679000,26.37
9.318034,0.624000,-0.010000,-0.788000,7.160000,97.878000,-17.802000,26.41
9.330242,0.645000,0.015000,-0.831000,2.244000,97.740000,-13.313000,26.51
9.337234,0.640000,0.037000,-0.812000,-2.336000,88.153000,-6.931000,26.46
9.349595,0.621000,-0.053000,-0.790000,-30.687000,90.458000,-2.321000,26.41
9.362128,0.635000,0.133000,-0.857000,2.000000,93.725000,2.687000,26.32
9.369292,0.665000,0.086000,-0.863000,-2.748000,96.168000,7.893000,26.46
9.381535,0.679000,-0.000000,-0.841000,1.130000,91.282000,9.618000,26.32
9.388696,0.710000,-0.009000,-0.802000,2.626000,94.260000,9.542000,26.41
9.401183,0.698000,0.029000,-0.846000,1.542000,95.969000,11.573000,26.46
9.408316,0.702000,0.041000,-0.848000,10.840000,107.802000,12.244000,26.41
9.420404,0.651000,0.096000,-0.831000,24.031000,100.443000,16.641000,26.55
9.427566,0.683000,0.083000,-0.898000,22.137000,113.664000,20.443000,26.37
9.439472,0.710000,0.079000,-0.901000,38.076000,127.267000,19.832000,26.51
9.451943,0.683000,0.008000,-0.932000,49.924000,146.656000,19.450000,26.46
9.458942,0.594000,-0.008000,-0.997000,57.450000,164.290000,22.076000,26.46
9.470699,0.624000,-0.013000,-0.860000,62.855000,189.435000,21.985000,26.51
9.478141,0.740000,0.056000,-0.977000,48.656000,289.924000,15.252000,26.46
9.490099,0.939000,-0.069000,-1.183000,42.794000,323.069000,14.885000,26.46
9.501913,1.208000,-0.259000,-1.174000,32.519000,249.237000,12.076000,26.51
9.509285,1.002000,-0.116000,-1.040000,34.137000,297.038000,3.450000,26.46
9.521318,1.247000,-0.312000,-1.319000,19.389000,295.527000,5.450000,26.46
9.528296,0.903000,-0.033000,-0.627000,45.435000,274.916000,-7.435000,26.41
9.540390,1.134000,-0.065000,-1.046000,9.908000,311.832000,-10.947000,26.46
9.547409,1.351000,0.281000,-0.930000,31.542000,243.969000,0.687000,26.41
9.559619,1.683000,0.193000,-1.157000,76.473000,203.695000,19.557000,26.41
9.571930,1.203000,0.109000,-0.768000,86.412000,220.427000,27.939000,26.46
9.578784,0.793000,0.186000,-0.590000,99.069000,174.458000,22.733000,26.51
9.590782,0.104000,-0.259000,-1.385000,54.305000,105.786000,24.962000,26.51
9.597808,1.132000,-1.069000,-1.907000,-34.931000,101.160000,76.137000,26.46
9.609568,0.326000,-0.189000,-1.531000,-74.992000,-17.191000,103.832000,26.41
9.621672,-0.038000,-0.006000,-0.921000,-69.115000,-58.534000,129.176000,26.46
9.628338,-0.072000,0.077000,-0.725000,-64.565000,-62.672000,143.847000,26.51
9.640442,-0.019000,0.063000,-0.589000,-58.076000,-81.053000,150.198000,26.60
9.652265,0.037000,0.131000,-0.549000,-67.863000,-84.656000,145.969000,26.46
9.658925,0.174000,0.221000,-0.597000,-77.725000,-88.656000,134.489000,26.46
9.670839,0.294000,0.349000,-0.633000,-71.450000,-112.061000,115.267000,26.41
9.677642,0.335000,0.434000,-0.632000,-61.832000,-127.924000,89.832000,26.46
9.689614,0.389000,0.441000,-0.640000,-48.595000,-140.885000,62.107000,26.51
9.701788,0.476000,0.390000,-0.649000,-44.137000,-154.595000,32.733000,26.51
9.708747,0.569000,0.322000,-0.655000,-43.695000,-177.328000,4.504000,26.46
9.720611,0.592000,0.270000,-0.635000,-45.954000,-191.893000,-20.305000,26.51
9.727522,0.617000,0.206000,-0.609000,-47.389000,-198.153000,-37.664000,26.41
9.739392,0.622000,0.112000,-0.621000,-46.824000,-204.870000,-47.008000,26.46
9.751071,0.692000,-0.014000,-0.636000,-51.237000,-210.198000,-50.687000,26.41
9.757938,0.801000,-0.129000,-0.652000,-59.405000,-214.443000,-49.893000,26.51
9.769570,0.896000,-0.177000,-0.666000,-68.992000,-214.656000,-46.962000,26.46
9.781563,0.925000,-0.178000,-0.693000,-70.000000,-219.542000,-42.534000,26.51
9.788219,0.942000,-0.186000,-0.716000,-64.656000,-221.252000,-37.618000,26.41
9.800238,1.017000,-0.205000,-0.766000,-59.725000,-219.435000,-33.267000,26.37
9.812141,1.113000,-0.218000,-0.813000,-59.237000,-218.992000,-29.313000,26.51
9.818725,1.204000,-0.189000,-0.851000,-61.267000,-220.061000,-25.863000,26.46
9.830753,1.252000,-0.111000,-0.844000,-61.237000,-219.710000,-21.756000,26.37
9.837450,1.261000,-0.057000,-0.798000,-59.252000,-215.496000,-19.160000,26.51
9.849489,1.215000,0.017000,-0.765000,-58.489000,-208.397000,-19.008000,26.46
9.861221,1.253000,0.106000,-0.746000,-55.618000,-201.893000,-22.076000,26.55
9.868222,1.263000,0.206000,-0.757000,-50.885000,-193.542000,-30.718000,26.51
9.880255,1.250000,0.283000,-0.784000,-43.588000,-187.939000,-46.595000,26.55
9.892108,1.255000,0.341000,-0.820000,-34.275000,-182.870000,-68.122000,26.55
9.898736,1.275000,0.354000,-0.849000,-24.534000,-179.893000,-93.267000,26.51
9.910869,1.265000,0.340000,-0.867000,-15.313000,-178.702000,-117.557000,26.46
9.917863,1.241000,0.319000,-0.867000,-5.725000,-177.435000,-138.382000,26.51
9.929483,1.205000,0.278000,-0.842000,4.885000,-174.305000,-152.534000,26.41
9.941285,1.159000,0.205000,-0.837000,13.756000,-169.618000,-160.305000,26.46
9.948414,1.169000,0.154000,-0.846000,20.794000,-164.260000,-162.687000,26.41
9.960249,1.179000,0.126000,-0.874000,27.313000,-159.573000,-160.000000,26.51
9.972092,1.169000,0.095000,-0.869000,31.679000,-155.221000,-154.870000,26.37
9.978652,1.104000,0.113000,-0.837000,34.443000,-150.214000,-149.450000,26.41
9.990729,1.065000,0.127000,-0.682000,35.252000,-141.267000,-147.817000,26.51
9.997464,1.074000,0.063000,-0.665000,39.695000,-132.962000,-142.397000,26.46
10.009508,0.993000,-0.082000,-0.594000,35.359000,-121.069000,-136.229000,26.51
