# Gait Analysis Data - MPU6050 IMU
# Duration: 10 seconds
# Format: timestamp(s),ax(g),ay(g),az(g),gx(deg/s),gy(deg/s),gz(deg/s),temp(C)
# Note: Document sensor placement (ankle/wrist) separately
timestamp,ax,ay,az,gx,gy,gz,temp
0.000621,0.640000,-0.506000,-0.619000,-55.954000,-104.565000,-37.145000,27.68
0.001386,1.187000,-0.863000,-0.471000,-22.534000,-127.023000,-21.618000,27.68
0.001982,1.338000,-1.026000,-0.502000,-20.916000,-84.672000,-26.702000,27.64
0.002577,1.691000,-1.221000,-0.610000,-20.519000,-45.679000,-18.672000,27.68
0.003234,1.632000,-0.923000,-0.423000,-14.092000,-20.076000,-22.473000,27.64
0.003870,1.943000,-1.088000,-0.213000,24.824000,-2.916000,-13.725000,27.64
0.004501,2.068000,-1.106000,0.043000,41.191000,17.786000,-10.473000,27.64
0.005131,0.264000,0.050000,-1.367000,20.473000,-145.756000,-23.527000,27.59
0.005753,-0.532000,0.413000,-2.099000,-3.023000,-88.305000,-25.496000,27.59
0.006374,-0.331000,0.513000,-0.893000,77.221000,138.901000,-32.687000,27.64
0.007041,-0.242000,-0.196000,-0.583000,58.260000,-11.985000,-58.702000,27.68
0.007673,0.069000,-0.728000,-1.807000,56.275000,52.626000,-49.893000,27.68
0.008307,0.131000,-0.378000,-2.134000,52.382000,129.649000,-30.122000,27.73
0.008936,0.447000,-0.139000,-2.021000,55.756000,112.000000,-35.405000,27.64
0.009698,-0.049000,-0.119000,-1.195000,82.305000,97.985000,-46.382000,27.68
0.010496,-0.452000,-0.478000,-0.916000,81.740000,170.153000,-44.641000,27.73
0.011085,-0.156000,-0.366000,-1.174000,64.153000,236.076000,-30.046000,27.64
0.011741,-0.009000,-0.507000,-1.357000,39.145000,209.817000,-24.672000,27.68
0.012366,-0.183000,-0.393000,-1.095000,24.992000,186.336000,-13.527000,27.68
0.012924,-0.118000,-0.117000,-1.023000,9.573000,196.183000,-8.031000,27.64
0.013489,-0.113000,-0.186000,-1.038000,11.573000,163.435000,-9.618000,27.73
0.014042,-0.067000,-0.253000,-1.027000,7.603000,145.466000,-6.153000,27.59
0.014679,-0.031000,-0.146000,-1.034000,6.763000,131.084000,-3.038000,27.64
0.015351,0.025000,-0.111000,-1.014000,6.489000,115.939000,-3.176000,27.73
0.016028,0.062000,-0.148000,-1.016000,16.107000,101.405000,-1.435000,27.68
0.016685,0.061000,-0.126000,-0.994000,4.702000,88.412000,-0.519000,27.68
0.017389,0.085000,-0.117000,-0.969000,15.130000,84.458000,-2.000000,27.64
0.018007,0.088000,-0.121000,-1.031000,15.099000,62.489000,-0.687000,27.64
0.018748,0.096000,-0.134000,-0.981000,12.580000,54.763000,0.550000,27.59
0.019608,0.079000,-0.137000,-0.977000,15.435000,42.794000,0.504000,27.64
0.020427,0.085000,-0.132000,-0.978000,12.473000,36.473000,1.511000,27.64
0.021135,0.097000,-0.155000,-0.976000,9.649000,29.023000,-0.305000,27.68
0.021897,0.091000,-0.167000,-0.970000,10.198000,24.672000,0.275000,27.64
0.022542,0.098000,-0.175000,-0.967000,7.496000,22.595000,0.183000,27.73
0.023271,0.107000,-0.200000,-0.968000,5.023000,18.794000,0.229000,27.64
0.024057,0.112000,-0.196000,-0.958000,2.504000,17.099000,0.015000,27.59
0.024772,0.111000,-0.192000,-0.956000,-0.977000,14.137000,0.214000,27.73
0.025441,0.065000,-0.171000,-0.977000,-2.061000,16.260000,-2.214000,27.54
0.026011,0.081000,-0.183000,-0.979000,-7.191000,3.634000,4.214000,27.68
0.026673,0.092000,-0.146000,-0.906000,-0.061000,12.443000,-0.977000,27.68
0.027350,0.133000,-0.180000,-0.916000,1.481000,31.008000,0.198000,27.64
0.028081,0.122000,-0.095000,-0.919000,5.130000,43.969000,-0.702000,27.64
0.029507,0.100000,-0.177000,-0.957000,8.550000,38.336000,0.947000,27.68
0.030491,0.105000,-0.165000,-0.970000,48.336000,41.053000,-0.779000,27.64
0.031196,0.103000,-0.195000,-1.008000,-3.542000,41.023000,6.031000,27.64
0.031830,0.100000,-0.089000,-0.949000,32.687000,48.321000,-16.595000,27.68
0.032340,0.118000,-0.177000,-0.943000,15.557000,57.023000,-1.237000,27.68
0.032796,0.156000,-0.174000,-0.966000,31.206000,58.412000,-4.763000,27.73
0.033256,0.129000,-0.190000,-0.945000,35.740000,64.534000,-3.603000,27.59
0.033720,0.168000,-0.251000,-0.946000,29.847000,79.832000,-11.863000,27.64
0.034389,0.190000,-0.184000,-0.978000,39.466000,81.435000,-18.489000,27.64
0.035080,0.130000,-0.109000,-0.900000,5.191000,8.718000,-5.450000,27.64
0.035769,0.160000,-0.271000,-1.000000,26.534000,45.740000,-8.656000,27.68
0.036492,0.081000,-0.184000,-0.950000,32.321000,71.053000,-5.023000,27.73
0.037187,0.192000,-0.155000,-0.956000,42.443000,106.748000,-18.626000,27.64
0.037799,0.121000,-0.140000,-0.957000,35.359000,117.511000,0.046000,27.68
0.038410,0.178000,-0.206000,-0.926000,25.847000,82.183000,6.015000,27.59
0.039020,-0.072000,-0.114000,-1.061000,40.550000,147.450000,-0.580000,27.54
0.039643,0.179000,-0.439000,-1.143000,40.855000,115.557000,-9.908000,27.49
0.040312,0.071000,-0.297000,-1.022000,48.198000,144.366000,-16.351000,27.78
0.040901,0.072000,-0.232000,-1.234000,48.718000,133.160000,-28.626000,27.54
0.041469,-0.108000,-0.133000,-1.153000,57.725000,105.588000,-42.183000,27.73
0.042013,0.095000,-0.260000,-1.154000,49.573000,94.656000,-46.809000,27.68
0.042571,0.231000,-0.299000,-1.326000,34.611000,71.878000,-43.115000,27.59
0.043122,0.247000,-0.278000,-1.141000,29.863000,73.282000,-30.168000,27.64
0.043677,0.315000,-0.281000,-0.990000,41.206000,65.099000,-41.634000,27.59
0.044216,0.333000,-0.791000,-1.862000,20.244000,80.412000,-7.069000,27.64
0.044757,0.246000,-0.325000,-1.204000,47.679000,36.153000,-29.649000,27.64
0.045311,0.234000,-0.167000,-1.200000,10.718000,136.397000,-42.580000,27.73
0.045860,0.359000,-0.318000,-1.343000,36.473000,69.847000,-19.466000,27.68
0.046430,-0.064000,-0.096000,-1.542000,38.870000,-13.206000,-13.466000,27.64
0.046976,-0.782000,-0.190000,-1.481000,45.588000,16.840000,-0.046000,27.73
0.047522,-1.086000,-0.200000,-0.859000,48.687000,10.076000,53.802000,27.59
0.048066,-0.923000,-0.228000,-0.720000,51.664000,22.489000,87.435000,27.68
0.048618,-0.799000,-0.030000,-1.040000,41.954000,14.489000,113.450000,27.54
0.049160,-0.620000,0.193000,-0.784000,40.092000,-31.924000,116.992000,27.68
0.049713,-0.489000,0.319000,-0.816000,24.931000,-37.969000,107.008000,27.68
0.050358,-0.311000,0.337000,-0.798000,4.580000,-79.588000,85.542000,27.64
0.051031,-0.169000,0.301000,-0.817000,-17.267000,-92.611000,62.855000,27.54
0.051577,-0.095000,0.261000,-0.810000,-35.405000,-107.237000,38.412000,27.68
0.052126,-0.021000,0.172000,-0.874000,-47.634000,-121.282000,18.244000,27.64
0.052667,0.037000,0.027000,-0.927000,-61.115000,-131.053000,3.893000,27.64
0.053192,0.115000,-0.059000,-0.940000,-73.115000,-133.099000,-6.076000,27.59
0.053760,0.209000,-0.107000,-0.984000,-81.359000,-145.725000,-17.817000,27.64
0.054276,0.338000,-0.219000,-0.949000,-85.649000,-153.176000,-29.924000,27.73
0.054788,0.450000,-0.336000,-0.922000,-86.473000,-159.893000,-40.656000,27.59
0.055303,0.548000,-0.435000,-0.883000,-84.733000,-160.656000,-48.626000,27.78
0.055814,0.614000,-0.517000,-0.886000,-79.298000,-160.580000,-54.672000,27.64
0.056327,0.661000,-0.603000,-0.929000,-70.214000,-156.580000,-57.740000,27.64
0.056837,0.698000,-0.698000,-0.995000,-60.580000,-150.382000,-55.435000,27.68
0.057351,0.724000,-0.740000,-1.010000,-50.580000,-140.366000,-48.214000,27.59
0.057868,0.751000,-0.709000,-0.975000,-39.679000,-128.458000,-39.267000,27.54
0.058383,0.768000,-0.634000,-0.915000,-29.603000,-115.847000,-32.244000,27.59
0.058897,0.783000,-0.563000,-0.900000,-22.458000,-101.649000,-29.130000,27.59
0.059399,0.797000,-0.476000,-0.931000,-18.031000,-87.725000,-31.588000,27.64
0.059906,0.779000,-0.354000,-0.896000,-17.023000,-74.824000,-38.962000,27.64
0.060511,0.715000,-0.320000,-0.962000,-13.267000,-71.618000,-54.931000,27.68
0.061184,0.629000,-0.317000,-0.928000,-14.473000,-65.160000,-69.282000,27.64
0.061730,0.553000,-0.278000,-0.925000,-15.527000,-58.550000,-82.366000,27.54
0.062226,0.461000,-0.275000,-0.953000,-13.939000,-55.420000,-94.870000,27.68
0.062700,0.379000,-0.320000,-0.964000,-12.992000,-55.053000,-101.832000,27.64
0.063179,0.284000,-0.337000,-0.985000,-12.489000,-55.252000,-104.122000,27.64
0.063662,0.229000,-0.335000,-1.009000,-10.336000,-54.656000,-102.718000,27.64
0.064121,0.204000,-0.310000,-1.024000,-6.885000,-56.702000,-101.237000,27.59
0.064593,0.182000,-0.266000,-1.049000,-2.824000,-58.092000,-99.969000,27.64
0.065060,0.185000,-0.214000,-1.060000,-0.794000,-58.580000,-99.908000,27.54
0.065555,0.199000,-0.158000,-1.081000,-0.153000,-57.786000,-101.802000,27.59
0.066024,0.226000,-0.085000,-1.068000,0.870000,-56.305000,-107.252000,27.59
0.066701,0.219000,-0.043000,-1.040000,1.817000,-56.504000,-115.863000,27.64
0.067317,0.212000,-0.046000,-1.005000,-0.229000,-54.504000,-124.137000,27.59
0.067837,0.212000,-0.051000,-0.967000,-3.282000,-51.863000,-130.565000,27.59
0.068316,0.167000,-0.049000,-0.941000,-5.725000,-53.695000,-137.374000,27.54
0.068795,0.122000,-0.090000,-0.930000,-6.702000,-52.901000,-142.763000,27.64
0.069269,0.070000,-0.145000,-0.966000,-8.137000,-51.282000,-145.740000,27.59
0.069765,0.034000,-0.214000,-1.044000,-9.802000,-51.084000,-145.450000,27.59
0.070292,0.015000,-0.228000,-1.046000,-11.160000,-53.969000,-144.031000,27.64
0.070799,0.008000,-0.194000,-0.986000,-10.046000,-55.786000,-145.221000,27.59
0.071280,0.051000,-0.165000,-0.938000,-8.366000,-57.603000,-149.679000,27.64
0.071750,0.099000,-0.136000,-0.905000,-8.046000,-54.824000,-156.015000,27.54
0.072206,0.135000,-0.128000,-0.925000,-8.076000,-52.168000,-163.359000,27.54
0.072662,0.157000,-0.138000,-0.917000,-8.595000,-53.634000,-169.679000,27.59
0.073285,0.142000,-0.170000,-0.883000,-9.847000,-51.344000,-173.298000,27.64
0.073841,0.120000,-0.219000,-0.851000,-11.344000,-45.802000,-173.176000,27.64
0.074306,0.095000,-0.293000,-0.880000,-12.351000,-43.573000,-169.481000,27.68
0.074776,0.107000,-0.348000,-0.948000,-13.176000,-39.191000,-162.977000,27.59
0.075235,0.124000,-0.381000,-0.949000,-13.740000,-35.344000,-153.389000,27.64
0.075700,0.155000,-0.359000,-0.908000,-12.046000,-31.649000,-144.672000,27.64
0.076151,0.174000,-0.326000,-0.822000,-7.481000,-24.092000,-137.298000,27.49
0.076602,0.195000,-0.293000,-0.762000,-3.771000,-25.496000,-132.733000,27.64
0.077059,0.218000,-0.230000,-0.779000,-2.351000,-21.756000,-128.244000,27.64
0.077515,0.247000,-0.157000,-0.763000,-1.267000,-20.763000,-127.710000,27.59
0.078003,0.255000,-0.089000,-0.752000,-1.053000,-20.931000,-129.053000,27.59
0.078533,0.264000,-0.024000,-0.754000,-1.542000,-21.298000,-131.924000,27.64
0.078995,0.274000,0.041000,-0.753000,-3.924000,-23.802000,-136.260000,27.59
0.079452,0.258000,0.081000,-0.807000,-10.641000,-21.878000,-138.550000,27.59
0.079895,0.254000,0.131000,-0.772000,-15.924000,-24.931000,-140.183000,27.54
0.080339,0.231000,0.150000,-0.731000,-21.878000,-46.046000,-136.809000,27.54
0.080785,0.207000,0.167000,-0.644000,-28.305000,-61.725000,-132.489000,27.59
0.081238,0.390000,-1.524000,-3.322000,-23.969000,60.015000,-67.511000,27.59
0.081666,0.458000,0.886000,-0.498000,-25.359000,-2.718000,-7.252000,27.64
0.082095,0.345000,0.505000,-1.950000,21.863000,-9.939000,13.053000,27.68
0.082535,-0.456000,0.158000,-0.947000,60.611000,-86.290000,-10.229000,27.59
0.082981,-0.524000,-0.788000,-0.633000,73.908000,-59.008000,-11.985000,27.64
0.083460,-0.631000,-0.420000,-0.537000,23.435000,2.565000,-12.840000,27.54
0.083988,-0.338000,-0.201000,-1.114000,-16.275000,61.740000,16.824000,27.68
0.084436,-0.129000,-0.176000,-1.117000,0.061000,25.847000,-2.031000,27.64
0.084876,-0.059000,-0.297000,-0.944000,-3.466000,18.870000,0.931000,27.64
0.085324,0.023000,-0.352000,-0.952000,-12.489000,30.351000,2.534000,27.59
0.085761,0.022000,-0.307000,-0.964000,-16.290000,18.947000,1.985000,27.49
0.086195,0.013000,-0.284000,-0.954000,-16.000000,3.374000,0.015000,27.54
0.086668,-0.032000,-0.286000,-0.976000,-21.496000,-4.229000,1.206000,27.54
0.087132,-0.076000,-0.262000,-0.981000,-28.855000,-12.580000,4.458000,27.59
0.087596,-0.099000,-0.185000,-0.986000,-31.450000,-15.771000,5.313000,27.64
0.088066,-0.090000,-0.216000,-0.981000,-28.687000,-23.344000,5.740000,27.64
0.088512,-0.091000,-0.225000,-0.967000,-31.084000,-27.191000,7.542000,27.49
0.088953,-0.084000,-0.207000,-0.939000,-25.725000,-19.267000,7.496000,27.49
0.089379,-0.076000,-0.239000,-1.000000,-26.473000,-24.672000,4.855000,27.64
0.089807,-0.095000,-0.191000,-0.952000,-24.687000,-14.198000,4.443000,27.59
0.090250,-0.120000,-0.191000,-0.971000,-28.153000,-11.634000,4.779000,27.49
0.090692,-0.102000,-0.166000,-0.979000,-23.282000,-3.817000,3.115000,27.64
0.091135,-0.094000,-0.183000,-0.969000,-21.969000,-4.824000,2.565000,27.54
0.091562,-0.097000,-0.190000,-0.946000,-20.427000,-2.947000,1.389000,27.59
0.091997,-0.084000,-0.164000,-0.961000,-21.817000,-2.779000,1.237000,27.54
0.092444,-0.090000,-0.161000,-0.970000,-18.198000,-2.473000,0.229000,27.54
0.092876,-0.091000,-0.154000,-0.956000,-16.840000,-1.893000,0.580000,27.68
0.093377,-0.094000,-0.142000,-0.961000,-14.198000,-0.611000,-1.084000,27.68
0.093914,-0.105000,-0.171000,-0.962000,-12.427000,-1.832000,-0.580000,27.64
0.094374,-0.101000,-0.178000,-0.961000,-13.496000,-2.427000,-0.550000,27.59
0.094901,-0.100000,-0.169000,-0.961000,-13.252000,-1.084000,-0.962000,27.64
0.095349,-0.115000,-0.196000,-0.964000,-12.748000,-2.321000,-1.771000,27.64
0.095802,-0.104000,-0.199000,-0.963000,-14.504000,-3.038000,-1.359000,27.45
0.096235,-0.130000,-0.163000,-0.946000,-15.695000,-1.191000,-1.710000,27.68
0.096661,-0.115000,-0.171000,-0.962000,-14.931000,0.992000,-2.168000,27.54
0.097091,-0.112000,-0.180000,-0.966000,-14.809000,-0.382000,-2.305000,27.54
0.097520,-0.114000,-0.159000,-0.966000,-15.817000,-0.992000,-2.153000,27.68
0.098238,-0.408000,-0.174000,-0.887000,-3.099000,10.336000,1.130000,27.54
0.098660,-0.401000,-0.157000,-0.872000,-2.534000,7.832000,0.382000,27.45
0.099079,-0.409000,-0.145000,-0.881000,-2.275000,2.244000,-0.382000,27.49
0.099495,-0.426000,-0.152000,-0.855000,-0.870000,1.527000,-1.252000,27.49
0.099914,-0.431000,-0.157000,-0.880000,-0.992000,-1.511000,-1.374000,27.54
0.100331,-0.419000,-0.161000,-0.849000,-1.008000,-1.802000,-1.176000,27.59
0.100749,-0.418000,-0.164000,-0.867000,-0.763000,-2.229000,-1.038000,27.49
0.111581,-0.429000,-0.153000,-0.868000,1.695000,-1.466000,-2.458000,27.54
0.117226,-0.438000,-0.158000,-0.867000,1.924000,-1.389000,-2.275000,27.54
0.130768,-0.440000,-0.163000,-0.865000,1.313000,-3.847000,-2.168000,27.49
0.142957,-0.419000,-0.185000,-0.875000,1.496000,0.137000,-1.802000,27.64
0.150189,-0.410000,-0.195000,-0.870000,-3.359000,-9.954000,0.122000,27.54
0.162648,-0.424000,-0.190000,-0.856000,-3.481000,-1.511000,0.244000,27.40
0.169383,-0.432000,-0.176000,-0.855000,-1.985000,-10.107000,-0.962000,27.59
0.181645,-0.436000,-0.178000,-0.837000,-0.290000,-5.374000,-1.115000,27.54
0.188709,-0.437000,-0.182000,-0.863000,-1.084000,-1.053000,-0.443000,27.64
0.200953,-0.430000,-0.167000,-0.869000,-1.740000,1.344000,-0.214000,27.40
0.213204,-0.440000,-0.162000,-0.874000,-2.015000,0.809000,-0.351000,27.54
0.220245,-0.445000,-0.161000,-0.859000,-2.412000,-1.756000,-0.519000,27.54
0.232565,-0.442000,-0.165000,-0.867000,-2.397000,-2.947000,-0.412000,27.49
0.239421,-0.453000,-0.162000,-0.866000,-3.221000,-8.137000,-0.626000,27.49
0.252120,-0.442000,-0.170000,-0.844000,-2.626000,-3.038000,-0.214000,27.64
0.260420,-0.444000,-0.171000,-0.858000,-2.885000,-3.221000,-0.290000,27.49
0.270811,-0.431000,-0.153000,-0.849000,-3.664000,-5.176000,-0.824000,27.59
0.283193,-0.439000,-0.193000,-0.858000,-1.313000,1.939000,-0.046000,27.54
0.290170,-0.457000,-0.196000,-0.921000,-3.542000,-0.916000,1.420000,27.54
0.302452,-0.446000,-0.156000,-0.871000,-9.008000,-1.603000,3.649000,27.59
0.309454,-0.429000,-0.160000,-0.845000,-8.687000,-1.481000,3.924000,27.64
0.322068,-0.426000,-0.136000,-0.852000,-7.145000,0.504000,3.038000,27.54
0.329144,-0.459000,-0.108000,-0.861000,-7.405000,2.672000,0.992000,27.59
0.341685,-0.431000,-0.139000,-0.834000,-4.275000,1.450000,-1.008000,27.49
0.353590,-0.486000,-0.141000,-0.828000,-3.878000,3.298000,-1.679000,27.54
0.361028,-0.493000,-0.184000,-0.834000,-3.878000,9.374000,-0.580000,27.59
0.372980,-0.500000,-0.231000,-0.911000,-7.954000,16.763000,3.832000,27.54
0.380192,-0.442000,-0.235000,-0.933000,-9.756000,36.137000,10.733000,27.64
0.392543,-0.437000,-0.189000,-0.876000,-8.840000,36.061000,17.084000,27.54
0.399498,-0.454000,-0.243000,-0.830000,0.107000,34.656000,19.649000,27.49
0.411677,-0.476000,-0.260000,-0.729000,5.511000,34.840000,24.611000,27.54
0.424062,-0.455000,-0.271000,-0.681000,14.809000,55.573000,33.374000,27.54
0.430946,-0.466000,-0.165000,-0.797000,25.099000,51.985000,31.130000,27.59
0.443202,-0.440000,-0.057000,-0.841000,23.160000,51.008000,31.191000,27.49
0.450184,-0.424000,0.049000,-0.920000,14.061000,45.969000,31.832000,27.54
0.462325,-0.366000,0.097000,-0.983000,8.504000,61.985000,29.191000,27.49
0.469825,-0.430000,-0.066000,-0.947000,19.176000,51.679000,28.947000,27.59
0.481766,-0.499000,-0.033000,-0.917000,15.084000,43.756000,36.947000,27.64
0.493623,-0.507000,0.080000,-0.885000,12.901000,59.664000,39.374000,27.64
0.501020,-0.540000,0.243000,-0.874000,1.328000,53.695000,34.885000,27.40
0.513293,-0.551000,0.286000,-0.850000,-1.069000,54.458000,23.023000,27.54
0.520494,-0.602000,0.296000,-0.859000,-8.015000,31.802000,5.740000,27.45
0.532680,-0.627000,0.217000,-0.807000,-5.863000,27.481000,-11.389000,27.59
0.539929,-0.619000,-0.013000,-0.883000,0.824000,24.427000,-21.038000,27.54
0.552140,-0.761000,-0.188000,-0.913000,1.267000,12.901000,-16.137000,27.54
0.559126,-0.780000,-0.060000,-0.885000,-8.153000,21.145000,-7.115000,27.59
0.571094,-0.746000,0.116000,-1.009000,-9.435000,26.122000,-6.931000,27.59
0.583338,-0.783000,0.127000,-1.050000,-3.328000,24.198000,-13.496000,27.54
0.590560,-0.780000,0.114000,-0.969000,-3.802000,26.947000,-17.206000,27.45
0.602362,-0.787000,0.078000,-0.773000,-7.008000,30.443000,-16.046000,27.40
0.609086,-0.832000,0.107000,-0.698000,-16.305000,9.389000,-12.962000,27.59
0.621281,-0.866000,0.114000,-0.649000,-21.954000,3.328000,-12.504000,27.54
0.633608,-0.912000,0.079000,-0.631000,-24.733000,0.015000,-12.076000,27.49
0.640567,-0.956000,0.000000,-0.712000,-29.557000,-14.214000,-7.542000,27.59
0.652473,-0.974000,-0.040000,-0.719000,-31.191000,-26.901000,-4.183000,27.54
0.659282,-0.984000,-0.065000,-0.760000,-30.763000,-31.695000,-1.969000,27.54
0.671451,-0.960000,-0.081000,-0.699000,-28.137000,-34.534000,-0.275000,27.59
0.683546,-0.840000,-0.089000,-0.648000,-25.069000,-31.389000,0.870000,27.54
0.690572,-0.785000,-0.086000,-0.737000,-27.084000,-45.985000,3.557000,27.45
0.702563,-0.684000,-0.067000,-0.870000,-28.275000,-70.137000,4.931000,27.59
0.709356,-0.579000,-0.093000,-1.038000,-36.779000,-74.672000,9.710000,27.54
0.721652,-0.464000,-0.078000,-1.233000,-48.534000,-66.290000,11.084000,27.54
0.733702,-0.207000,-0.049000,-1.077000,-53.496000,-95.924000,6.656000,27.54
0.740761,-0.055000,-0.066000,-0.928000,-46.550000,-84.489000,1.924000,27.49
0.752666,0.153000,-0.181000,-0.800000,-54.565000,-81.481000,-1.038000,27.54
0.766809,1.090000,-0.372000,-0.979000,-44.000000,74.244000,-27.389000,27.45
0.771568,1.326000,-0.753000,-0.656000,18.870000,-79.939000,-28.260000,27.49
0.778653,1.646000,-1.150000,-0.763000,30.489000,-30.870000,-6.595000,27.49
0.790820,1.946000,-1.369000,-1.207000,48.275000,41.740000,-7.771000,27.45
0.803149,1.091000,-1.045000,-1.400000,78.565000,-28.733000,-13.863000,27.59
0.810251,-0.311000,-0.115000,-2.628000,25.237000,93.176000,7.145000,27.49
0.822521,-0.493000,0.525000,-1.453000,16.473000,148.137000,-30.168000,27.54
0.829277,-0.428000,0.116000,0.182000,52.870000,123.817000,-33.573000,27.54
0.841589,-0.810000,-0.490000,-1.134000,69.802000,126.748000,-45.099000,27.49
0.853557,-0.161000,-0.884000,-1.645000,51.740000,237.115000,-35.969000,27.49
0.860771,-0.266000,-0.255000,-1.244000,30.427000,128.260000,-12.580000,27.54
0.872570,-0.365000,-0.029000,-1.048000,9.237000,154.137000,-23.374000,27.59
0.879398,-0.361000,-0.164000,-1.072000,45.511000,165.679000,-34.397000,27.59
0.891585,-0.207000,-0.253000,-1.084000,21.435000,148.672000,-19.450000,27.45
0.903479,-0.195000,-0.198000,-1.034000,15.603000,120.672000,-14.153000,27.54
0.910727,-0.230000,-0.155000,-0.984000,9.695000,105.298000,-7.802000,27.59
0.922665,-0.205000,-0.215000,-1.029000,4.504000,78.641000,-6.504000,27.45
0.929537,-0.215000,-0.127000,-0.944000,7.145000,66.901000,-5.771000,27.54
0.942170,-0.210000,-0.130000,-0.948000,0.015000,55.756000,-4.351000,27.49
0.949449,-0.143000,-0.192000,-1.000000,0.458000,47.863000,-2.718000,27.49
0.961576,-0.190000,-0.197000,-1.010000,-2.947000,30.305000,-1.954000,27.54
0.973683,-0.161000,-0.170000,-1.015000,-5.237000,10.443000,-0.397000,27.54
0.980375,-0.130000,-0.186000,-1.023000,-4.443000,-9.832000,-0.412000,27.49
0.992576,-0.104000,-0.162000,-0.970000,-8.107000,-19.893000,1.588000,27.54
0.999774,-0.154000,-0.164000,-0.978000,-7.252000,-19.847000,2.748000,27.45
1.011774,-0.142000,-0.149000,-0.944000,-6.656000,-22.580000,2.855000,27.40
1.018757,-0.156000,-0.120000,-0.933000,-3.908000,-20.107000,2.305000,27.49
1.031174,-0.179000,-0.131000,-0.948000,-2.153000,-14.611000,1.344000,27.54
1.042974,-0.168000,-0.152000,-0.936000,0.748000,-9.740000,-1.008000,27.49
1.050017,-0.176000,-0.203000,-0.928000,-2.000000,0.000000,-0.733000,27.45
1.062322,-0.194000,-0.163000,-0.983000,0.137000,-0.137000,-2.763000,27.54
1.069590,-0.169000,-0.154000,-0.922000,0.153000,9.557000,-2.000000,27.54
1.081914,-0.152000,-0.140000,-0.918000,0.489000,19.969000,-2.534000,27.40
1.088863,-0.139000,-0.130000,-0.915000,-1.588000,23.695000,-2.565000,27.45
1.101120,-0.143000,-0.155000,-0.920000,9.969000,33.618000,-1.130000,27.54
1.113330,-0.177000,-0.132000,-0.998000,13.618000,45.160000,-8.366000,27.49
1.120336,-0.150000,-0.207000,-0.923000,6.977000,30.962000,-2.137000,27.49
1.132430,-0.011000,0.042000,-0.537000,15.466000,-144.198000,-16.336000,27.54
1.139534,-0.105000,-0.174000,-0.672000,0.443000,49.649000,3.511000,27.54
1.151769,-0.186000,-0.235000,-1.050000,12.550000,50.504000,-5.664000,27.59
1.158652,-0.126000,-0.141000,-0.936000,2.794000,-0.840000,-13.450000,27.45
1.170834,-0.189000,-0.125000,-0.901000,11.893000,35.313000,-14.153000,27.54
1.183187,-0.161000,-0.176000,-0.913000,17.496000,61.130000,-16.183000,27.49
1.189844,-0.220000,-0.188000,-1.074000,20.046000,85.466000,-21.176000,27.49
1.202292,-0.241000,-0.213000,-1.132000,10.672000,11.069000,-17.344000,27.45
1.208963,-0.178000,-0.164000,-0.947000,-10.321000,34.198000,-11.893000,27.40
1.220809,-0.170000,-0.188000,-1.031000,12.137000,61.878000,-19.588000,27.54
1.233134,-0.252000,-0.149000,-1.111000,1.496000,-7.038000,-16.336000,27.45
1.239900,-0.238000,-0.286000,-1.074000,-16.336000,-17.084000,-7.893000,27.54
1.252289,-0.439000,-0.267000,-1.111000,15.893000,49.466000,-14.977000,27.49
1.258896,-0.254000,-0.108000,-0.999000,31.756000,31.053000,-26.092000,27.45
1.271202,-0.244000,-0.205000,-0.998000,22.504000,97.405000,-16.519000,27.64
1.283401,-0.266000,-0.327000,-1.037000,33.206000,77.191000,-21.985000,27.49
1.290443,-0.307000,-0.183000,-1.058000,31.710000,70.473000,-26.382000,27.49
1.302472,-0.454000,-0.208000,-1.174000,33.008000,65.969000,-25.618000,27.45
1.309480,-0.445000,-0.207000,-1.100000,34.626000,51.130000,-33.695000,27.49
1.321428,-0.496000,-0.127000,-1.145000,28.519000,28.718000,-30.718000,27.40
1.333358,-0.559000,-0.131000,-1.107000,25.038000,10.611000,-34.931000,27.45
1.340488,-0.654000,-0.023000,-1.257000,21.435000,106.977000,-50.809000,27.64
1.352546,-0.664000,0.063000,-1.330000,60.855000,95.176000,-75.664000,27.49
1.359421,-0.581000,-0.153000,-1.281000,68.656000,97.298000,-118.275000,27.40
1.371285,-0.727000,-0.589000,-1.731000,132.901000,230.687000,-139.832000,27.45
1.383107,-0.698000,-0.627000,-1.545000,63.328000,134.092000,-88.779000,27.40
1.389868,-0.542000,-0.380000,-1.615000,41.756000,204.687000,-67.496000,27.54
1.402146,-0.449000,0.144000,-1.688000,76.275000,130.824000,-85.053000,27.54
1.409405,-0.523000,0.080000,-1.970000,109.115000,172.244000,-126.855000,27.54
1.420847,-0.652000,-0.054000,-2.147000,114.489000,136.244000,-146.977000,27.49
1.432561,-1.495000,-0.280000,-1.557000,103.664000,59.542000,-105.618000,27.45
1.439373,-1.192000,-0.815000,-0.769000,91.832000,131.756000,-15.863000,27.45
1.451645,-1.605000,-0.318000,-1.201000,51.084000,251.328000,96.229000,27.49
1.458956,-1.133000,0.404000,-0.657000,61.771000,177.802000,78.519000,27.49
1.471063,-0.898000,0.497000,-0.491000,75.573000,97.542000,71.481000,27.54
1.483115,-0.828000,0.366000,-0.455000,102.916000,35.084000,70.687000,27.49
1.490174,-0.641000,0.446000,-0.402000,74.397000,42.397000,72.031000,27.59
1.502360,-0.629000,0.551000,-0.552000,63.176000,18.947000,62.718000,27.45
1.509634,-0.521000,0.574000,-0.505000,17.969000,-11.939000,62.794000,27.49
1.521681,-0.446000,0.604000,-0.533000,-1.252000,-13.695000,44.031000,27.59
1.527485,-0.420000,0.582000,-0.902000,-23.908000,-57.817000,27.038000,27.45
1.540887,-0.339000,0.513000,-0.756000,-45.802000,-80.092000,12.366000,27.54
1.552944,-0.369000,0.413000,-0.873000,-60.947000,-83.053000,1.542000,27.40
1.560234,-0.274000,0.314000,-0.933000,-77.786000,-116.580000,-2.641000,27.45
1.571869,-0.248000,0.213000,-0.993000,-87.206000,-129.878000,-10.168000,27.64
1.583660,-0.218000,0.055000,-0.980000,-109.344000,-148.763000,2.336000,27.49
1.590716,-0.205000,-0.066000,-1.011000,-113.298000,-156.534000,3.328000,27.59
1.602416,-0.172000,-0.097000,-1.216000,-114.763000,-177.191000,10.702000,27.54
1.609421,-0.145000,-0.224000,-1.195000,-116.473000,-266.076000,31.160000,27.35
1.621135,-0.063000,-0.279000,-1.052000,-109.466000,-236.305000,37.450000,27.49
1.633414,-0.053000,-0.346000,-1.113000,-115.237000,-200.458000,51.282000,27.35
1.639739,-0.070000,-0.404000,-1.207000,-116.931000,-202.656000,65.969000,27.54
1.651390,-0.054000,-0.417000,-1.281000,-112.412000,-212.382000,77.481000,27.49
1.663160,-0.052000,-0.387000,-1.380000,-111.084000,-206.977000,86.427000,27.40
1.669956,-0.036000,-0.335000,-1.495000,-113.435000,-204.351000,91.450000,27.45
1.682160,0.011000,-0.266000,-1.578000,-115.618000,-211.863000,92.672000,27.49
1.693819,0.061000,-0.195000,-1.579000,-118.229000,-216.916000,90.092000,27.49
1.700766,0.083000,-0.154000,-1.547000,-121.649000,-214.718000,85.252000,27.45
1.712579,0.091000,-0.133000,-1.555000,-128.595000,-211.115000,78.870000,27.35
1.719656,0.079000,-0.130000,-1.602000,-138.702000,-208.794000,71.496000,27.40
1.731516,0.112000,-0.165000,-1.657000,-149.878000,-203.267000,60.824000,27.45
1.743383,0.140000,-0.230000,-1.648000,-157.008000,-194.427000,43.786000,27.54
1.750006,0.169000,-0.333000,-1.608000,-158.718000,-187.282000,22.183000,27.49
1.762093,0.236000,-0.453000,-1.593000,-152.977000,-177.145000,0.702000,27.49
1.769110,1.349000,-1.153000,-1.858000,-77.237000,-74.229000,-86.687000,27.45
1.781865,0.906000,-0.750000,-1.073000,-55.008000,-241.893000,-91.099000,27.49
1.792687,0.963000,-1.526000,-1.328000,-44.321000,-119.237000,-59.893000,27.45
1.799655,1.180000,-1.240000,-1.524000,-78.672000,-19.481000,-17.573000,27.45
1.811918,1.094000,-0.974000,-1.538000,-80.916000,-60.305000,3.573000,27.54
1.817351,1.246000,-0.962000,-1.347000,-55.771000,-68.443000,0.137000,27.49
1.830907,1.317000,-1.036000,-1.099000,-26.153000,-49.985000,-5.374000,27.45
1.843064,1.427000,-1.021000,-0.980000,-6.321000,-33.618000,-17.939000,27.45
1.849947,1.630000,-1.063000,-0.727000,10.427000,11.191000,-32.061000,27.40
1.863026,1.767000,-1.066000,-0.689000,32.550000,48.550000,-54.458000,27.45
1.869045,1.906000,-1.123000,-0.704000,45.939000,55.924000,-74.855000,27.45
1.880873,-0.199000,-0.066000,-0.990000,21.664000,-69.389000,-71.863000,27.40
1.893091,-1.253000,-0.422000,-2.120000,46.641000,171.649000,-38.183000,27.40
1.900056,-0.411000,-0.154000,-1.021000,71.435000,186.290000,-64.122000,27.35
1.911876,-0.338000,-0.581000,-1.045000,54.565000,44.519000,-58.840000,27.49
1.919103,-0.422000,-0.444000,-2.277000,40.015000,276.244000,-5.695000,27.40
1.931057,0.089000,-0.749000,-2.082000,39.023000,111.450000,-52.427000,27.45
1.943105,-0.372000,-0.153000,-0.905000,58.031000,73.771000,-45.023000,27.35
1.950079,-0.581000,-0.241000,-1.024000,61.832000,196.824000,-59.099000,27.31
1.961897,-0.440000,-0.414000,-1.179000,60.977000,180.702000,-54.992000,27.45
1.968688,-0.360000,-0.352000,-1.075000,41.053000,197.725000,-41.237000,27.45
1.980829,-0.378000,-0.152000,-1.005000,18.763000,179.145000,-21.740000,27.40
1.992797,-0.257000,-0.161000,-1.061000,20.733000,167.863000,-24.947000,27.49
1.999769,-0.264000,-0.168000,-1.079000,8.229000,117.481000,-13.328000,27.45
2.012166,-0.277000,-0.151000,-0.997000,6.107000,30.107000,-5.679000,27.45
2.018852,-0.247000,-0.101000,-0.860000,13.130000,95.634000,-10.153000,27.40
2.030855,-0.247000,-0.112000,-0.961000,17.557000,105.542000,-13.405000,27.35
2.043107,-0.214000,-0.072000,-0.932000,21.863000,104.947000,-13.160000,27.35
2.049883,-0.187000,-0.109000,-1.002000,22.901000,101.939000,-13.695000,27.49
2.062086,-0.145000,-0.160000,-0.971000,29.252000,98.336000,-5.160000,27.45
2.069281,-0.161000,-0.128000,-0.979000,39.313000,88.809000,5.618000,27.45
2.081360,-0.177000,-0.093000,-0.968000,34.824000,82.901000,6.794000,27.40
2.093630,-0.174000,-0.136000,-0.957000,34.366000,68.641000,2.061000,27.49
2.100769,-0.155000,-0.133000,-0.892000,21.130000,61.557000,3.817000,27.35
2.112874,-0.145000,-0.170000,-0.941000,23.344000,69.496000,-4.382000,27.40
2.119946,-0.079000,-0.186000,-0.965000,19.924000,65.053000,-2.168000,27.31
2.132273,-0.107000,-0.140000,-0.965000,20.107000,63.206000,-5.344000,27.45
2.139367,-0.086000,-0.147000,-0.956000,17.405000,57.740000,-4.824000,27.45
2.151369,-0.081000,-0.151000,-0.963000,20.626000,58.214000,-9.511000,27.49
2.163608,-0.054000,-0.214000,-0.930000,21.176000,48.550000,-1.664000,27.54
2.170391,-0.049000,-0.277000,-1.046000,14.870000,39.679000,-3.725000,27.35
2.182686,-0.028000,-0.219000,-0.967000,16.977000,48.702000,-13.405000,27.40
2.190010,0.003000,-0.294000,-1.118000,5.450000,25.206000,0.397000,27.35
2.202098,-0.013000,-0.225000,-0.856000,9.985000,35.863000,-0.031000,27.45
2.208858,-0.059000,-0.006000,-0.867000,37.130000,47.038000,-10.687000,27.40
2.221085,-0.012000,-0.244000,-0.904000,35.023000,67.527000,-26.366000,27.31
2.233119,-0.019000,-0.163000,-0.884000,32.443000,103.924000,-27.405000,27.35
2.240489,0.044000,-0.260000,-0.913000,30.015000,86.702000,-5.435000,27.45
2.252506,0.026000,-0.267000,-0.989000,27.435000,81.496000,-15.527000,27.49
2.261611,-0.063000,-0.255000,-0.935000,38.489000,116.870000,-22.656000,27.45
2.271407,-0.157000,-0.145000,-1.085000,41.969000,84.550000,-26.000000,27.45
2.284953,-0.039000,-0.148000,-1.023000,40.336000,72.947000,-15.420000,27.49
2.290311,-0.267000,0.147000,-1.016000,46.198000,82.397000,-46.015000,27.40
2.310676,-0.012000,-0.316000,-1.039000,54.198000,110.336000,-25.710000,27.45
2.311442,-0.053000,-0.279000,-1.102000,58.580000,114.519000,-29.130000,27.49
2.321628,-0.173000,-0.252000,-1.166000,59.878000,122.305000,-35.924000,27.40
2.334243,-0.171000,-0.224000,-1.099000,71.237000,123.359000,-43.038000,27.45
2.340187,-0.191000,-0.291000,-1.156000,64.336000,123.282000,-47.817000,27.54
2.352505,-0.203000,-0.247000,-1.262000,73.924000,106.931000,-63.099000,27.40
2.359089,-0.339000,-0.322000,-1.325000,-0.702000,112.214000,8.305000,27.35
2.371602,-0.808000,-0.232000,-2.052000,28.382000,97.969000,2.794000,27.45
2.383589,-0.482000,-0.302000,-1.567000,47.511000,47.634000,-103.069000,27.40
2.390394,-0.351000,-0.353000,-1.682000,94.916000,151.588000,-127.374000,27.49
2.402287,-0.062000,-1.042000,-2.677000,77.420000,136.718000,-67.145000,27.45
2.409147,-0.233000,-0.526000,-1.861000,29.206000,129.725000,-19.282000,27.45
2.421404,0.020000,-0.059000,-1.698000,81.435000,366.656000,-24.458000,27.40
2.433944,-0.206000,0.094000,-3.185000,89.023000,152.733000,-14.779000,27.45
2.441945,-0.579000,0.178000,-2.396000,86.046000,86.504000,-28.702000,27.45
2.452814,-2.434000,0.651000,-1.235000,79.863000,7.008000,-1.618000,27.40
2.459746,-1.414000,0.382000,-0.973000,98.809000,132.305000,-12.107000,27.40
2.472139,-1.387000,0.874000,-0.487000,21.328000,95.954000,7.786000,27.35
2.478843,-1.117000,0.715000,-0.742000,35.954000,-14.885000,-2.275000,27.40
2.491440,-1.100000,0.476000,-0.795000,6.626000,-81.084000,16.672000,27.40
2.503381,-0.930000,0.521000,-0.593000,-24.275000,-75.847000,24.473000,27.35
2.510498,-0.851000,0.408000,-0.543000,-43.435000,-97.908000,29.542000,27.45
2.522301,-0.731000,0.312000,-0.451000,-46.672000,-128.855000,30.641000,27.49
2.529230,-0.629000,0.182000,-0.408000,-61.771000,-149.389000,39.450000,27.45
2.541251,-0.531000,0.072000,-0.390000,-72.656000,-150.107000,47.252000,27.45
2.553308,-0.483000,0.001000,-0.493000,-79.847000,-172.122000,55.221000,27.40
2.559931,-0.419000,-0.084000,-0.566000,-86.550000,-191.634000,65.481000,27.40
2.571939,-0.377000,-0.168000,-0.690000,-92.061000,-201.389000,77.481000,27.35
2.578912,-0.316000,-0.233000,-0.783000,-97.710000,-213.344000,91.099000,27.31
2.590662,-0.234000,-0.209000,-0.930000,-107.069000,-224.046000,102.275000,27.35
2.602431,-0.206000,-0.142000,-1.143000,-121.359000,-227.206000,103.695000,27.45
2.609220,-0.180000,-0.073000,-1.373000,-138.305000,-241.969000,95.756000,27.35
2.621122,-0.118000,-0.015000,-1.537000,-153.664000,-265.634000,77.069000,27.31
2.632620,-0.026000,-0.051000,-1.678000,-165.496000,-268.397000,48.321000,27.35
2.639755,0.096000,-0.596000,-2.384000,-173.008000,-259.756000,64.290000,27.35
2.651767,0.275000,-0.169000,-1.532000,-164.947000,-314.916000,37.176000,27.40
2.663433,0.371000,-0.268000,-1.474000,-164.229000,-265.221000,12.168000,27.40
2.670480,0.463000,-0.497000,-1.667000,-168.534000,-261.664000,2.519000,27.45
2.682536,0.714000,-0.766000,-2.173000,-162.702000,-238.916000,-14.733000,27.49
2.689005,0.859000,-1.125000,-1.720000,-125.145000,-281.542000,-5.420000,27.31
2.701097,1.792000,-0.972000,-1.865000,-101.450000,-217.221000,-109.160000,27.45
2.712783,2.896000,-1.012000,0.454000,-45.573000,-370.321000,-59.344000,27.45
2.719546,4.000000,-2.407000,-0.276000,106.779000,-415.023000,-207.389000,27.31
2.731783,4.000000,-4.000000,-1.824000,67.298000,500.260000,-89.389000,27.45
2.743372,4.000000,-3.534000,-4.000000,30.290000,-113.969000,-13.664000,27.45
2.750379,0.497000,-0.308000,-2.626000,140.992000,-463.740000,253.802000,27.49
2.762382,-2.133000,-0.148000,1.503000,0.672000,-153.908000,89.863000,27.35
2.769534,-0.542000,-0.066000,-0.111000,-91.023000,365.389000,16.885000,27.45
2.781242,-0.669000,-0.332000,-1.688000,38.962000,421.298000,-62.702000,27.40
2.793292,-0.350000,0.464000,-1.240000,26.977000,238.122000,-47.420000,27.40
2.800231,-0.090000,-0.043000,-1.119000,23.511000,182.198000,-37.969000,27.35
2.812516,-0.153000,-0.280000,-1.061000,1.420000,60.885000,-9.618000,27.45
2.819941,-0.237000,0.092000,-1.024000,3.282000,34.641000,-8.794000,27.40
2.832012,-0.284000,-0.262000,-0.980000,-0.031000,14.473000,-5.221000,27.45
2.838971,-0.144000,-0.045000,-0.722000,1.496000,79.847000,-12.076000,27.45
2.851115,-0.163000,-0.246000,-0.978000,23.969000,165.405000,-22.733000,27.40
2.862973,-0.125000,-0.080000,-1.078000,22.000000,121.985000,-21.695000,27.45
2.869960,-0.171000,-0.098000,-1.100000,12.916000,42.824000,-13.069000,27.45
2.882052,-0.105000,-0.115000,-0.915000,29.069000,93.282000,-7.618000,27.31
2.889198,-0.169000,-0.202000,-1.112000,25.924000,34.824000,-4.427000,27.40
2.901457,-0.106000,-0.164000,-0.919000,26.153000,72.046000,-4.122000,27.35
2.913622,-0.104000,-0.138000,-0.990000,16.733000,60.153000,-7.924000,27.40
2.920763,0.035000,-0.157000,-0.852000,25.893000,87.069000,-4.916000,27.31
2.933098,0.037000,-0.148000,-0.975000,25.420000,75.527000,-4.626000,27.35
2.940228,0.018000,-0.144000,-0.972000,22.519000,68.137000,-3.756000,27.45
2.953473,0.045000,-0.116000,-0.914000,29.878000,37.496000,-3.084000,27.31
2.959343,-0.020000,-0.191000,-0.971000,29.588000,69.740000,-2.458000,27.35
2.971595,-0.014000,-0.183000,-0.965000,32.962000,59.389000,-5.481000,27.45
2.983956,0.031000,-0.140000,-0.964000,30.626000,31.832000,-5.908000,27.40
2.991090,-0.018000,-0.229000,-0.866000,30.855000,37.985000,1.756000,27.35
3.003059,-0.032000,-0.230000,-1.009000,22.794000,39.496000,-2.092000,27.35
3.010230,-0.240000,-0.160000,-0.876000,33.511000,24.779000,3.084000,27.45
3.022551,-0.030000,-0.262000,-0.972000,27.115000,28.672000,-1.267000,27.40
3.029404,-0.114000,-0.285000,-0.992000,3.802000,17.725000,10.061000,27.45
3.043203,-0.033000,-0.265000,-1.013000,25.374000,70.687000,0.595000,27.45
3.047196,0.251000,-0.056000,-1.055000,14.137000,25.389000,3.298000,27.40
3.060919,0.041000,-0.169000,-0.969000,29.130000,83.206000,-5.847000,27.40
3.073204,0.055000,-0.216000,-1.102000,23.496000,37.634000,0.962000,27.35
3.080352,0.032000,-0.250000,-0.958000,21.191000,30.366000,3.725000,27.31
3.092632,-0.026000,-0.198000,-0.969000,20.351000,60.275000,5.450000,27.40
3.099984,0.216000,-0.620000,-0.854000,-39.603000,50.275000,96.809000,27.35
3.111830,-0.144000,-0.115000,-1.078000,85.145000,62.473000,-42.809000,27.45
3.118854,-0.298000,-0.188000,-1.148000,24.489000,69.405000,-2.840000,27.49
3.130958,-0.128000,-0.201000,-1.083000,32.290000,53.053000,-18.076000,27.45
3.142851,-0.070000,-0.260000,-1.226000,31.282000,43.221000,-11.115000,27.35
3.150207,-0.084000,-0.247000,-1.054000,24.397000,54.214000,-10.977000,27.40
3.162261,-0.190000,-0.145000,-1.274000,28.489000,54.550000,-4.305000,27.35
3.169588,-0.090000,-0.079000,-1.047000,33.786000,41.695000,1.405000,27.45
3.181378,-0.552000,0.366000,-1.195000,18.672000,19.786000,17.389000,27.40
3.193631,-1.134000,0.507000,-1.090000,11.405000,-3.344000,16.107000,27.40
3.201018,-1.570000,0.672000,-1.215000,-9.725000,-4.962000,11.008000,27.35
3.212956,-1.838000,0.904000,-1.180000,-34.183000,-28.443000,10.885000,27.31
3.220005,-1.998000,0.896000,-1.017000,-59.389000,-41.511000,16.168000,27.45
3.232168,-1.966000,0.705000,-0.982000,-77.817000,-49.802000,29.908000,27.35
3.238768,-1.359000,0.413000,-0.936000,-80.962000,-50.458000,42.061000,27.35
3.251199,-1.523000,0.063000,-1.194000,-91.710000,-101.634000,80.733000,27.49
3.263019,-1.021000,-0.202000,-1.543000,-67.802000,-134.947000,99.069000,27.45
3.269908,0.021000,-1.383000,-1.137000,-38.107000,-168.336000,162.931000,27.35
3.282081,2.659000,-1.550000,-0.984000,28.794000,-79.359000,116.046000,27.40
3.289195,4.000000,-3.230000,-1.097000,92.290000,-13.160000,15.786000,27.40
3.301093,1.370000,-1.294000,-2.053000,-59.985000,-160.901000,149.710000,27.35
3.312905,-0.462000,0.786000,-0.245000,-43.374000,-93.420000,34.305000,27.40
3.320041,0.414000,-0.111000,-0.744000,4.153000,-9.008000,-40.870000,27.31
3.332269,1.326000,-1.167000,-0.920000,5.023000,-15.924000,-60.794000,27.26
3.339294,1.713000,-1.487000,-0.937000,-2.183000,-45.878000,-59.099000,27.35
3.351783,1.732000,-1.357000,-0.787000,1.298000,-43.618000,-34.748000,27.40
3.363729,1.595000,-0.986000,-0.989000,5.863000,-25.771000,-15.313000,27.35
3.370719,0.400000,-0.095000,-1.179000,-33.282000,8.458000,24.824000,27.35
3.382693,-0.101000,0.115000,-0.881000,4.061000,-16.931000,-2.580000,27.40
3.390168,0.021000,-0.068000,-1.029000,21.282000,-20.382000,1.603000,27.45
3.402216,-0.244000,-0.332000,-1.000000,21.267000,-41.450000,-1.099000,27.35
3.409263,-0.342000,-0.325000,-0.915000,8.275000,-33.450000,5.588000,27.49
3.421437,-0.335000,-0.173000,-0.928000,-2.015000,-11.969000,7.496000,27.40
3.433612,-0.311000,-0.155000,-0.967000,-1.359000,1.679000,2.153000,27.35
3.441056,-0.213000,-0.236000,-0.957000,-0.061000,6.489000,1.725000,27.35
3.453099,-0.148000,-0.228000,-0.924000,-4.092000,11.527000,2.137000,27.40
3.460206,-0.120000,-0.273000,-0.941000,-4.351000,12.092000,0.855000,27.35
3.472399,-0.080000,-0.280000,-0.912000,-5.359000,18.137000,-0.214000,27.35
3.479381,-0.043000,-0.259000,-0.941000,-6.290000,18.473000,-0.763000,27.40
3.491923,-0.033000,-0.259000,-0.945000,-6.550000,16.290000,-1.481000,27.31
3.503627,-0.042000,-0.219000,-0.950000,-6.748000,13.191000,-0.275000,27.35
3.510603,-0.040000,-0.194000,-0.971000,-5.863000,12.534000,1.008000,27.31
3.522801,-0.038000,-0.198000,-0.955000,-3.267000,9.908000,1.099000,27.40
3.530084,-0.070000,-0.216000,-0.957000,-1.527000,6.076000,1.130000,27.35
3.542420,-0.101000,-0.194000,-0.986000,2.290000,-17.802000,-0.443000,27.35
3.549331,-0.108000,-0.213000,-0.935000,2.885000,-18.901000,-1.313000,27.40
3.561646,-0.111000,-0.226000,-0.925000,-1.130000,-0.260000,0.656000,27.45
3.568712,-0.127000,-0.209000,-0.945000,-1.649000,3.557000,0.458000,27.45
3.581133,-0.118000,-0.212000,-0.945000,0.611000,5.771000,-0.962000,27.40
3.593260,-0.089000,-0.225000,-0.959000,-0.260000,8.672000,-1.115000,27.40
3.600484,-0.104000,-0.225000,-0.963000,0.519000,1.756000,-1.420000,27.35
3.612828,-0.119000,-0.227000,-0.938000,1.160000,-0.916000,-1.466000,27.40
3.619912,-0.093000,-0.235000,-0.948000,0.198000,1.893000,-0.992000,27.35
3.632316,-0.093000,-0.234000,-0.953000,-0.489000,1.008000,-0.763000,27.45
3.639257,-0.109000,-0.236000,-0.952000,-1.069000,1.435000,-0.550000,27.35
3.652093,-0.120000,-0.238000,-0.957000,-2.229000,0.947000,-0.092000,27.31
3.659022,-0.088000,-0.237000,-0.949000,-2.366000,0.046000,-0.031000,27.35
3.671106,-0.095000,-0.235000,-0.939000,-4.107000,-12.656000,0.260000,27.35
3.683420,-0.107000,-0.223000,-0.939000,-4.275000,-13.084000,0.366000,27.31
3.690121,-0.092000,-0.224000,-0.940000,-5.389000,-13.710000,-0.107000,27.49
3.702489,-0.084000,-0.243000,-0.944000,-5.221000,-18.977000,0.580000,27.35
3.709473,-0.109000,-0.228000,-0.955000,-8.702000,-23.099000,1.053000,27.40
3.721453,-0.130000,-0.225000,-0.965000,-10.916000,-28.824000,3.359000,27.31
3.733639,-0.143000,-0.230000,-0.968000,-11.038000,-36.977000,4.321000,27.35
3.740954,-0.154000,-0.227000,-0.957000,-9.954000,-40.458000,4.519000,27.45
3.752843,-0.153000,-0.197000,-0.950000,-8.412000,-41.374000,5.969000,27.31
3.759746,-0.121000,-0.207000,-0.936000,-6.947000,-27.618000,4.641000,27.35
3.771912,-0.150000,-0.224000,-0.929000,-7.725000,-32.092000,6.244000,27.35
3.778943,-0.169000,-0.223000,-0.970000,-7.740000,-43.664000,5.359000,27.40
3.791188,-0.179000,-0.226000,-0.942000,-8.885000,-46.260000,7.023000,27.35
3.807362,-0.204000,-0.216000,-0.934000,-7.649000,-44.290000,8.153000,27.35
3.810180,-0.208000,-0.181000,-0.976000,-9.191000,-39.908000,6.351000,27.31
3.822371,-0.164000,-0.222000,-0.940000,-7.802000,-34.901000,6.733000,27.31
3.829175,-0.207000,-0.186000,-0.931000,-9.130000,-33.786000,5.817000,27.35
3.841525,-0.222000,-0.233000,-0.942000,-8.137000,-27.985000,7.038000,27.45
3.853496,-0.195000,-0.195000,-0.934000,-7.221000,-24.809000,4.992000,27.31
3.860730,-0.220000,-0.185000,-0.938000,-7.573000,-35.145000,6.122000,27.35
3.872910,-0.223000,-0.182000,-0.924000,-7.756000,-27.878000,5.603000,27.45
3.880089,-0.240000,-0.213000,-0.916000,-4.122000,-14.672000,4.855000,27.40
3.892194,-0.255000,-0.223000,-0.936000,-6.366000,-24.000000,6.641000,27.40
3.899127,-0.237000,-0.190000,-0.914000,-4.809000,-12.397000,4.534000,27.54
3.911332,-0.250000,-0.182000,-0.930000,-4.015000,-12.153000,3.832000,27.31
3.923457,-0.271000,-0.124000,-0.935000,-5.344000,-11.649000,5.832000,27.40
3.931037,-0.279000,-0.171000,-0.894000,2.473000,7.115000,4.626000,27.45
3.943163,-0.313000,-0.165000,-0.875000,0.809000,16.718000,1.206000,27.35
3.950405,-0.285000,-0.144000,-0.933000,2.641000,24.595000,-2.885000,27.40
3.962485,-0.243000,-0.212000,-0.950000,3.893000,28.321000,-2.992000,27.26
3.969563,-0.250000,-0.198000,-0.925000,7.023000,33.344000,-4.214000,27.35
3.981683,-0.254000,-0.223000,-0.940000,6.107000,38.061000,-2.702000,27.31
3.988488,-0.264000,-0.155000,-0.942000,6.977000,46.290000,-2.412000,27.45
4.000862,-0.278000,-0.146000,-0.962000,11.802000,53.328000,-3.389000,27.35
4.013127,-0.362000,0.006000,-1.029000,17.511000,54.122000,-14.611000,27.40
4.020002,-0.273000,-0.146000,-0.968000,23.191000,73.954000,-3.099000,27.35
4.032605,-0.323000,-0.091000,-0.994000,27.008000,64.092000,-7.740000,27.45
4.039340,-0.286000,-0.320000,-0.877000,32.992000,71.603000,-5.252000,27.40
4.053960,-0.212000,-0.260000,-0.959000,20.779000,73.450000,1.664000,27.31
4.058564,-0.221000,-0.282000,-0.981000,16.031000,70.733000,-0.824000,27.35
4.070789,-0.122000,-0.323000,-0.923000,15.863000,62.534000,-8.718000,27.35
4.084763,-0.111000,-0.318000,-1.024000,10.153000,50.779000,-9.908000,27.31
4.089766,-0.292000,-0.121000,-1.086000,10.779000,46.122000,-12.382000,27.40
4.102745,-0.379000,-0.014000,-1.009000,19.237000,47.206000,-10.046000,27.45
4.110727,-0.473000,-0.019000,-0.911000,13.038000,52.901000,5.328000,27.40
4.121445,-0.747000,0.156000,-0.893000,4.687000,39.313000,24.244000,27.40
4.129019,-0.984000,0.314000,-0.812000,0.015000,15.466000,33.847000,27.35
4.141166,-1.000000,0.285000,-0.733000,-2.718000,-29.481000,39.420000,27.31
4.152935,-0.703000,0.033000,-0.755000,-10.366000,-40.092000,37.191000,27.40
4.160049,-0.140000,-0.293000,-0.789000,-20.748000,-24.397000,39.649000,27.45
4.172011,0.544000,-0.599000,-0.933000,-21.115000,-32.443000,33.710000,27.35
4.179079,1.271000,-0.912000,-0.965000,-15.008000,-22.214000,24.000000,27.40
4.191589,1.974000,-1.291000,-1.022000,-5.481000,6.229000,14.611000,27.35
4.203373,1.386000,-1.003000,-1.017000,1.069000,-26.443000,18.061000,27.35
4.210662,-0.681000,-0.344000,-0.659000,28.977000,-70.855000,-2.626000,27.40
4.222729,-0.032000,-0.227000,-0.889000,-9.542000,40.137000,-8.122000,27.40
4.230895,-0.116000,-0.205000,-0.970000,-11.359000,32.504000,-0.824000,27.35
4.242093,-0.223000,-0.061000,-0.980000,2.443000,47.481000,-0.901000,27.31
4.249177,-0.124000,-0.072000,-0.974000,11.099000,38.321000,4.718000,27.35
4.261328,-0.188000,-0.184000,-1.034000,19.191000,22.931000,11.817000,27.26
4.273484,-0.260000,-0.175000,-1.036000,18.107000,15.893000,17.908000,27.35
4.280663,-0.290000,-0.147000,-1.018000,12.489000,3.191000,2.092000,27.40
4.292952,-0.263000,-0.228000,-0.996000,14.519000,15.863000,1.191000,27.35
4.301421,-0.293000,-0.212000,-0.978000,12.687000,31.359000,-3.969000,27.35
4.312118,-0.231000,-0.289000,-0.965000,9.282000,30.977000,-7.115000,27.40
4.319313,-0.171000,-0.334000,-0.958000,6.565000,26.519000,-11.969000,27.31
4.331438,-0.150000,-0.339000,-0.980000,4.901000,22.870000,-14.718000,27.35
4.343438,-0.174000,-0.284000,-0.972000,3.603000,19.908000,-18.198000,27.40
4.350378,-0.197000,-0.214000,-0.963000,4.443000,30.626000,-19.985000,27.31
4.362567,-0.144000,-0.226000,-0.952000,6.427000,36.015000,-19.954000,27.35
4.369488,-0.104000,-0.217000,-0.982000,8.336000,34.443000,-20.519000,27.31
4.382092,-0.020000,-0.245000,-0.953000,10.061000,26.458000,-21.328000,27.31
4.387787,0.017000,-0.277000,-0.888000,10.336000,15.084000,-23.420000,27.35
4.401025,-0.090000,-0.284000,-0.938000,9.710000,11.725000,-25.863000,27.35
4.413152,-0.134000,-0.224000,-1.015000,8.672000,11.908000,-28.137000,27.40
4.420322,-0.273000,-0.121000,-1.058000,15.328000,8.015000,-33.939000,27.35
4.432596,-0.461000,-0.039000,-1.139000,20.702000,15.099000,-33.511000,27.45
4.439165,-0.528000,0.089000,-1.232000,24.534000,21.053000,-33.176000,27.40
4.451328,-0.655000,0.055000,-1.155000,40.046000,22.229000,-41.069000,27.40
4.463509,-0.899000,0.059000,-1.084000,29.802000,-16.626000,-33.847000,27.35
4.470716,-1.719000,0.461000,-0.785000,-0.214000,-34.840000,-7.527000,27.35
4.482641,-2.090000,0.720000,-0.668000,-21.023000,-33.374000,-9.985000,27.31
4.489468,-2.027000,0.697000,-0.614000,-42.611000,-24.061000,-17.160000,27.35
4.501813,-1.517000,0.294000,-0.727000,-66.275000,-77.557000,-11.725000,27.35
4.513498,-1.073000,-0.016000,-0.866000,-77.435000,-107.221000,-0.244000,27.31
4.520241,-0.472000,-0.427000,-0.943000,-81.023000,-122.061000,15.893000,27.40
4.535372,0.094000,-0.344000,-0.926000,-75.847000,-163.298000,28.198000,27.45
4.538926,0.561000,-0.436000,-0.952000,-61.435000,-86.107000,17.206000,27.40
4.550976,0.887000,-0.596000,-1.179000,-52.550000,-134.290000,17.634000,27.40
4.563145,1.191000,-0.663000,-1.176000,-46.046000,-130.107000,18.748000,27.35
4.570192,1.502000,-0.727000,-1.141000,-23.267000,-39.786000,7.679000,27.35
4.582509,1.782000,-0.911000,-1.275000,-9.985000,-54.351000,3.145000,27.40
4.589568,1.995000,-1.224000,-1.310000,2.122000,-26.244000,15.740000,27.35
4.601760,2.035000,-1.321000,-1.366000,13.252000,-2.626000,21.939000,27.35
4.608951,0.469000,-0.636000,-1.239000,14.305000,-53.298000,62.916000,27.40
4.620759,-0.861000,-0.399000,-0.591000,37.008000,-59.252000,-8.046000,27.31
4.633001,-0.507000,-0.185000,-0.797000,16.168000,95.527000,-19.939000,27.35
4.639786,-0.324000,-0.249000,-1.084000,-10.504000,56.855000,-9.450000,27.31
4.651942,-0.478000,-0.143000,-0.989000,-3.527000,72.489000,-18.382000,27.35
4.659258,-0.418000,-0.141000,-1.037000,5.267000,47.771000,-23.786000,27.35
4.671462,-0.463000,-0.161000,-1.138000,6.962000,38.519000,-22.733000,27.35
4.683509,-0.502000,-0.168000,-1.183000,5.328000,52.122000,-25.038000,27.40
4.690496,-0.522000,-0.138000,-1.101000,3.328000,66.015000,-26.580000,27.26
4.702608,-0.631000,-0.097000,-1.182000,5.817000,74.962000,-27.298000,27.35
4.709805,-0.882000,-0.072000,-1.371000,13.649000,69.282000,-24.092000,27.40
4.721957,-1.301000,0.501000,-1.011000,-9.588000,13.878000,-20.458000,27.40
4.727848,-1.758000,0.629000,-0.791000,-31.695000,2.336000,-36.489000,27.45
4.740934,-1.729000,0.260000,-1.390000,-38.870000,56.702000,-36.290000,27.40
4.752697,-2.097000,0.229000,-1.265000,-52.870000,-15.450000,-11.954000,27.40
4.759972,-2.145000,0.020000,-0.820000,-35.786000,-83.710000,1.847000,27.35
4.771994,-1.903000,-0.384000,-0.381000,-39.191000,-100.901000,39.634000,27.35
4.783716,-1.564000,-0.355000,-0.553000,-35.344000,-28.443000,61.023000,27.31
4.790668,-1.173000,-0.290000,-0.804000,-33.802000,-50.015000,81.496000,27.26
4.802991,-0.716000,-0.316000,-0.949000,-21.847000,-92.885000,83.053000,27.45
4.809786,-0.274000,-0.455000,-0.905000,-8.992000,-114.534000,79.221000,27.31
4.821670,0.224000,-0.462000,-0.703000,-22.244000,-116.336000,78.076000,27.35
4.833701,0.618000,-0.478000,-0.629000,-18.977000,-74.321000,68.061000,27.35
4.840770,0.908000,-0.554000,-0.594000,-25.405000,-76.748000,67.069000,27.31
4.852945,1.139000,-0.584000,-0.555000,-26.412000,-81.878000,63.511000,27.31
4.859773,1.298000,-0.517000,-0.455000,-22.550000,-70.458000,54.305000,27.45
4.871928,1.379000,-0.528000,-0.451000,-20.702000,-53.191000,38.214000,27.26
4.884726,1.372000,-0.524000,-0.433000,-19.359000,-48.443000,22.412000,27.40
4.891053,1.212000,-0.496000,-0.360000,-21.527000,-31.908000,8.702000,27.35
4.903079,0.943000,-0.547000,-0.515000,-24.947000,-11.282000,1.924000,27.35
4.910308,0.774000,-0.693000,-0.815000,-39.664000,13.481000,6.153000,27.40
4.922362,0.594000,-0.466000,-0.927000,-44.977000,22.977000,8.611000,27.45
4.929633,0.379000,0.438000,0.465000,-60.000000,50.824000,402.092000,27.26
4.942360,-0.071000,1.777000,-2.791000,24.244000,-86.672000,140.153000,27.31
4.953805,1.115000,0.971000,-3.461000,88.290000,112.748000,-57.832000,27.31
4.960564,-0.088000,-1.422000,-1.933000,100.382000,-36.351000,-184.443000,27.35
4.984184,-1.306000,-2.397000,-0.519000,184.702000,-129.084000,-108.962000,27.31
4.984912,-0.293000,-0.080000,-0.278000,-12.244000,125.084000,110.153000,27.31
4.991976,0.282000,2.069000,-1.333000,36.550000,261.435000,-107.908000,27.35
5.004144,-0.333000,-0.665000,-1.095000,46.611000,163.191000,-92.992000,27.35
5.011112,-0.073000,-0.692000,-1.275000,65.481000,189.115000,-25.618000,27.31
5.022056,-0.192000,-0.446000,-1.048000,54.687000,105.420000,-25.053000,27.35
5.028690,-0.286000,-0.192000,-0.989000,62.901000,117.328000,-36.153000,27.26
5.040636,-0.296000,-0.434000,-0.975000,23.389000,104.290000,-19.985000,27.31
5.052881,-0.290000,-0.352000,-0.966000,5.389000,87.282000,-2.962000,27.35
5.059843,-0.159000,-0.208000,-0.983000,1.191000,76.015000,-6.061000,27.35
5.072100,-0.185000,-0.222000,-1.024000,-1.771000,50.611000,-5.725000,27.40
5.079214,-0.151000,-0.218000,-0.922000,-1.237000,40.519000,-0.382000,27.31
5.091431,-0.206000,-0.185000,-0.917000,-0.870000,39.435000,-1.389000,27.35
5.103748,-0.177000,-0.225000,-0.949000,-3.252000,37.573000,1.099000,27.26
5.110608,-0.142000,-0.198000,-0.966000,-3.817000,35.542000,-1.435000,27.31
5.122806,-0.121000,-0.208000,-0.979000,-5.939000,33.573000,-0.870000,27.35
5.129756,-0.110000,-0.199000,-0.974000,-6.244000,33.053000,-0.458000,27.35
5.142062,-0.088000,-0.205000,-0.970000,-4.641000,27.985000,-0.519000,27.31
5.148904,-0.091000,-0.215000,-0.957000,-2.885000,23.649000,-1.542000,27.40
5.161045,-0.098000,-0.220000,-0.958000,-2.748000,21.847000,-0.534000,27.26
5.173631,-0.101000,-0.165000,-0.931000,-2.458000,24.366000,0.321000,27.31
5.180602,-0.102000,-0.141000,-0.941000,1.725000,28.885000,-2.137000,27.40
5.192840,-0.114000,-0.143000,-0.942000,7.618000,22.336000,-1.435000,27.26
5.200031,-0.089000,-0.180000,-0.941000,11.420000,33.130000,-3.130000,27.35
5.212098,-0.087000,-0.198000,-0.943000,12.931000,43.267000,-2.504000,27.31
5.219032,-0.092000,-0.205000,-0.944000,17.649000,47.496000,-3.557000,27.35
5.231147,0.012000,-0.265000,-0.934000,25.084000,57.145000,-12.687000,27.26
5.243271,-0.044000,-0.231000,-0.932000,23.679000,57.176000,-15.863000,27.31
5.250329,-0.027000,-0.267000,-0.979000,23.374000,52.565000,-13.634000,27.35
5.262390,-0.025000,-0.268000,-0.903000,22.901000,61.359000,-12.763000,27.35
5.269450,-0.048000,-0.265000,-1.018000,20.260000,40.061000,-17.817000,27.21
5.281746,-0.046000,-0.301000,-0.868000,18.550000,41.023000,-8.366000,27.35
5.293929,-0.051000,-0.221000,-0.880000,26.366000,66.687000,-24.351000,27.35
5.300829,0.044000,-0.305000,-0.967000,15.924000,69.466000,-5.267000,27.31
5.312953,-0.111000,-0.064000,-0.992000,23.618000,73.710000,-18.733000,27.40
5.320231,0.152000,-0.269000,-0.898000,19.267000,40.153000,-9.924000,27.35
5.332150,-0.005000,-0.319000,-0.927000,20.336000,24.183000,-10.198000,27.35
5.339125,-0.042000,-0.282000,-1.040000,14.870000,21.802000,-7.405000,27.31
5.351506,0.019000,-0.230000,-0.958000,23.802000,52.702000,-20.397000,27.35
5.363635,0.044000,-0.386000,-1.076000,15.145000,28.336000,-10.809000,27.35
5.370622,0.058000,-0.359000,-1.038000,16.611000,23.618000,-15.099000,27.40
5.384964,-0.097000,-0.229000,-0.946000,38.000000,38.809000,-22.550000,27.31
5.389525,-0.012000,-0.195000,-1.012000,33.084000,54.794000,-15.893000,27.35
5.401732,-0.016000,-0.290000,-1.042000,43.130000,52.779000,-17.023000,27.40
5.413543,-0.046000,-0.312000,-1.036000,47.237000,45.405000,-20.611000,27.31
5.420421,-0.021000,-0.287000,-1.038000,45.298000,44.489000,-20.550000,27.35
5.432753,-0.140000,-0.265000,-1.098000,46.992000,39.344000,-26.687000,27.35
5.439292,-0.210000,-0.312000,-1.009000,45.252000,27.420000,-32.824000,27.40
5.451618,-0.157000,-0.301000,-0.976000,21.450000,21.695000,-34.458000,27.35
5.457520,-0.210000,-0.238000,-1.250000,16.443000,15.099000,-24.275000,27.35
5.470778,-0.200000,-0.209000,-1.061000,16.672000,50.244000,-48.153000,27.40
5.482993,-0.179000,-0.247000,-1.347000,9.099000,56.748000,14.885000,27.31
5.489953,-0.369000,-0.447000,-1.489000,22.489000,67.786000,69.374000,27.35
5.502071,-0.105000,-0.253000,-1.149000,62.046000,55.618000,-58.809000,27.40
5.508913,-0.120000,-0.424000,-1.283000,62.870000,83.817000,-55.053000,27.35
5.521370,-0.122000,-0.567000,-1.564000,70.031000,87.099000,-79.206000,27.35
5.533450,0.099000,-0.509000,-1.324000,42.779000,68.031000,-38.580000,27.31
5.540183,-0.187000,-0.212000,-1.225000,37.252000,143.160000,-49.695000,27.31
5.552041,-0.135000,-0.302000,-1.434000,52.107000,75.053000,-50.718000,27.26
5.559313,-0.214000,-0.130000,-1.400000,62.626000,90.794000,-65.466000,27.35
5.571097,-0.448000,-0.078000,-1.438000,73.481000,73.389000,-56.031000,27.40
5.583385,-0.886000,-0.018000,-1.471000,61.664000,64.275000,-44.122000,27.26
5.590313,-1.271000,0.074000,-0.963000,49.649000,40.519000,-27.282000,27.35
5.602554,-1.004000,-0.085000,-1.155000,51.328000,136.153000,5.405000,27.31
5.609636,-0.975000,0.095000,-1.015000,19.038000,65.863000,51.435000,27.31
5.621825,-0.857000,0.184000,-0.820000,19.573000,30.824000,65.832000,27.35
5.628854,-0.717000,0.178000,-0.761000,29.374000,2.000000,72.290000,27.31
5.641139,-0.638000,0.191000,-0.740000,21.099000,-13.084000,86.229000,27.21
5.653553,-0.559000,0.195000,-0.794000,8.458000,-23.893000,94.290000,27.35
5.660211,-0.493000,0.252000,-0.830000,-0.153000,-34.870000,92.748000,27.35
5.672559,-0.439000,0.290000,-0.842000,-9.878000,-42.504000,85.191000,27.40
5.679532,-0.407000,0.260000,-0.858000,-18.305000,-56.595000,75.389000,27.26
5.691748,-0.360000,0.243000,-0.918000,-34.962000,-65.160000,67.145000,27.35
5.698648,-0.328000,0.218000,-0.951000,-50.656000,-68.809000,55.725000,27.21
5.710652,-0.319000,0.151000,-0.996000,-61.786000,-77.115000,48.443000,27.35
5.723153,-0.230000,0.122000,-1.018000,-73.496000,-123.374000,41.008000,27.26
5.734375,-0.198000,0.040000,-1.003000,-80.046000,-120.565000,37.527000,27.31
5.741836,-0.187000,-0.045000,-1.041000,-86.489000,-111.634000,32.977000,27.35
5.753825,-0.185000,-0.102000,-1.113000,-93.008000,-117.069000,31.664000,27.26
5.760290,-0.189000,-0.135000,-1.111000,-94.977000,-128.122000,31.893000,27.40
5.772089,-0.192000,-0.180000,-1.126000,-95.435000,-134.336000,30.458000,27.40
5.778813,-0.167000,-0.209000,-1.088000,-98.214000,-125.679000,29.282000,27.35
5.790888,-0.165000,-0.248000,-1.122000,-99.237000,-129.252000,30.473000,27.26
5.802823,-0.145000,-0.288000,-1.163000,-98.061000,-139.863000,32.244000,27.31
5.809423,-0.127000,-0.297000,-1.222000,-102.916000,-153.969000,37.130000,27.26
5.821614,-0.074000,-0.282000,-1.174000,-97.176000,-148.198000,37.267000,27.35
5.833636,-0.060000,-0.250000,-1.250000,-97.191000,-144.153000,35.649000,27.31
5.840380,-0.009000,-0.191000,-1.271000,-99.145000,-146.321000,32.046000,27.31
5.852188,0.006000,-0.154000,-1.306000,-99.130000,-148.702000,26.137000,27.35
5.858967,0.020000,-0.119000,-1.323000,-102.977000,-149.756000,18.733000,27.21
5.870941,0.033000,-0.084000,-1.334000,-110.336000,-148.718000,10.473000,27.40
5.883106,0.034000,-0.071000,-1.344000,-116.824000,-147.069000,0.931000,27.35
5.891306,0.038000,-0.093000,-1.343000,-123.328000,-145.786000,-7.450000,27.35
5.901608,0.039000,-0.137000,-1.328000,-127.282000,-145.389000,-14.519000,27.31
5.913290,0.012000,-0.189000,-1.290000,-128.779000,-142.122000,-19.802000,27.26
5.919989,-0.026000,-0.258000,-1.249000,-126.275000,-144.458000,-23.496000,27.26
5.932287,-0.041000,-0.314000,-1.251000,-123.176000,-142.733000,-23.939000,27.21
5.943640,-0.048000,-0.362000,-1.242000,-119.328000,-141.863000,-22.534000,27.26
5.950245,-0.023000,-0.413000,-1.216000,-114.336000,-139.740000,-17.420000,27.35
5.961825,-0.005000,-0.419000,-1.181000,-108.656000,-137.038000,-12.061000,27.40
5.968593,0.019000,-0.438000,-1.120000,-105.878000,-130.321000,-5.985000,27.26
5.980754,0.038000,-0.462000,-1.081000,-98.763000,-126.534000,-0.473000,27.26
5.992930,0.070000,-0.475000,-0.996000,-97.038000,-119.786000,4.046000,27.21
5.999717,0.178000,-0.531000,-0.965000,-83.802000,-107.160000,7.802000,27.21
6.011862,0.263000,-0.669000,-0.833000,-69.817000,-130.916000,0.122000,27.35
6.018648,0.236000,-0.787000,-1.074000,-69.908000,-84.076000,19.130000,27.26
6.030835,0.337000,-0.784000,-1.225000,-72.947000,-50.275000,28.824000,27.31
6.043069,0.514000,-0.657000,-1.270000,-59.832000,-58.992000,36.107000,27.26
6.049938,0.617000,-0.625000,-0.944000,-29.527000,-63.863000,24.260000,27.17
6.062210,0.753000,-0.671000,-0.716000,-9.634000,-57.496000,6.000000,27.21
6.069060,0.908000,-0.708000,-0.673000,5.405000,-35.939000,-10.687000,27.21
6.081358,0.933000,-0.719000,-0.774000,16.748000,-12.183000,-19.115000,27.35
6.093504,1.164000,-0.796000,-0.957000,25.160000,16.595000,-30.427000,27.40
6.100495,1.555000,-0.788000,-0.795000,38.183000,20.153000,-55.038000,27.31
6.112738,1.938000,-0.716000,-0.677000,48.198000,26.305000,-94.901000,27.26
6.119453,-0.058000,0.017000,-1.165000,21.328000,-109.359000,-95.450000,27.31
6.131802,-1.406000,-0.207000,-2.271000,56.840000,192.504000,-73.038000,27.21
6.143571,-0.782000,-0.590000,-0.528000,87.679000,84.015000,-147.298000,27.26
6.150749,-0.316000,-0.963000,-0.593000,70.687000,84.443000,-105.206000,27.26
6.162455,-0.458000,-1.062000,-0.976000,62.641000,94.870000,-103.481000,27.21
6.169317,0.112000,-0.165000,-3.137000,-9.023000,401.420000,20.244000,27.26
6.181913,0.148000,-0.882000,-2.863000,38.534000,117.267000,-68.992000,27.26
6.193474,-0.760000,-0.883000,-0.776000,55.542000,12.916000,-30.519000,27.31
6.200378,-0.440000,-0.302000,-0.424000,64.214000,256.031000,-45.023000,27.35
6.216536,-0.219000,-0.287000,-1.354000,34.794000,228.733000,-43.420000,27.26
6.225133,-0.275000,-0.140000,-1.010000,8.550000,100.733000,-12.702000,27.31
6.235940,-0.305000,-0.119000,-0.844000,16.000000,177.756000,-19.695000,27.31
6.246719,-0.302000,-0.180000,-1.001000,8.992000,144.885000,-18.443000,27.17
6.250682,-0.323000,-0.102000,-0.945000,1.710000,92.748000,-11.649000,27.21
6.266201,-0.258000,-0.056000,-0.969000,13.939000,127.649000,-13.802000,27.17
6.271703,-0.184000,-0.055000,-1.012000,17.053000,119.618000,-13.740000,27.26
6.282322,-0.250000,-0.069000,-1.060000,7.802000,95.344000,-9.466000,27.31
6.288778,-0.170000,-0.003000,-0.931000,12.351000,19.023000,-8.763000,27.31
6.307554,-0.178000,-0.036000,-0.901000,39.359000,99.008000,-2.534000,27.17
6.315686,-0.174000,-0.116000,-1.018000,37.511000,87.160000,-9.588000,27.35
6.321221,-0.168000,-0.126000,-0.981000,34.397000,85.878000,-8.290000,27.21
6.333756,-0.122000,-0.151000,-1.022000,38.626000,71.511000,-7.557000,27.26
6.340437,-0.139000,-0.135000,-0.943000,38.076000,55.496000,-8.183000,27.26
6.353843,-0.117000,-0.162000,-0.930000,37.328000,50.122000,1.053000,27.31
6.357700,-0.117000,-0.217000,-0.986000,35.389000,55.206000,-4.656000,27.26
6.373671,-0.118000,-0.141000,-0.935000,12.458000,34.870000,-0.794000,27.26
6.382984,-0.141000,-0.123000,-0.929000,19.603000,50.962000,-6.244000,27.31
6.393211,-0.093000,-0.140000,-0.943000,15.511000,34.702000,-1.588000,27.21
6.402386,-0.094000,-0.152000,-0.959000,21.863000,43.160000,-6.382000,27.26
6.413155,-0.066000,-0.222000,-0.907000,16.260000,43.908000,-6.595000,27.40
6.421971,-0.085000,-0.172000,-0.962000,16.214000,49.557000,-10.031000,27.31
6.435033,-0.048000,-0.242000,-0.960000,18.351000,51.847000,-6.214000,27.26
6.441962,-0.015000,-0.223000,-0.955000,18.641000,43.084000,-9.863000,27.31
6.453075,-0.134000,-0.137000,-1.134000,16.244000,43.695000,-32.000000,27.21
6.460014,0.001000,-0.214000,-0.868000,27.160000,49.618000,-11.221000,27.26
6.471876,-0.010000,-0.227000,-0.929000,35.481000,105.542000,-30.122000,27.35
6.483685,-0.051000,-0.168000,-1.051000,27.954000,65.542000,-18.458000,27.31
6.490397,-0.036000,-0.097000,-0.922000,38.840000,106.611000,-24.702000,27.26
6.502591,0.040000,-0.230000,-0.956000,43.679000,104.229000,-35.099000,27.35
6.509425,-0.069000,-0.159000,-1.068000,49.893000,62.534000,-23.725000,27.21
6.522351,-0.025000,-0.224000,-0.963000,70.855000,137.466000,-35.634000,27.26
6.533653,-0.057000,-0.231000,-1.166000,60.565000,135.023000,-20.687000,27.17
6.540466,-0.229000,-0.142000,-0.978000,68.611000,102.397000,-32.290000,27.21
6.552291,-0.071000,-0.387000,-1.010000,91.649000,156.992000,-49.573000,27.35
6.559097,-0.217000,-0.380000,-0.906000,80.427000,189.466000,-43.405000,27.26
6.571216,-0.074000,-0.309000,-1.068000,102.611000,203.405000,-113.756000,27.31
6.583407,0.156000,-0.640000,-1.046000,74.366000,199.206000,-74.580000,27.31
6.590170,0.083000,-0.472000,-1.142000,53.893000,135.038000,-65.756000,27.26
6.602274,0.115000,-0.316000,-1.274000,25.893000,115.206000,-57.374000,27.21
6.609139,0.265000,-0.288000,-1.375000,45.664000,72.962000,-64.779000,27.17
6.621302,0.119000,-0.106000,-1.253000,42.321000,52.504000,-62.718000,27.35
6.633591,0.043000,-0.182000,-1.214000,40.550000,37.282000,-50.061000,27.26
6.640706,-0.028000,-0.328000,-1.468000,41.420000,24.153000,-67.145000,27.31
6.652757,-0.261000,-0.299000,-1.195000,17.802000,7.969000,-59.664000,27.26
6.659729,-1.096000,0.184000,-1.570000,-16.489000,-10.901000,-57.725000,27.26
6.671948,-1.446000,0.364000,-1.426000,-36.809000,-23.221000,-45.069000,27.21
6.683671,-1.688000,0.321000,-1.272000,-43.832000,-54.748000,-35.710000,27.17
6.690396,-1.660000,0.194000,-1.161000,-33.939000,-68.870000,-20.565000,27.35
6.702680,-1.573000,0.092000,-1.139000,-65.267000,-70.992000,27.496000,27.31
6.709457,-1.398000,-0.116000,-1.173000,-48.824000,-97.084000,64.458000,27.26
6.721611,-1.203000,-0.257000,-1.177000,-43.206000,-114.641000,86.824000,27.26
6.733563,-0.969000,-0.348000,-1.190000,-57.725000,-109.725000,118.183000,27.21
6.741735,-0.776000,-0.306000,-1.287000,-46.885000,-105.420000,127.832000,27.31
6.752581,-0.687000,-0.292000,-1.195000,-30.702000,-120.763000,132.443000,27.26
6.766012,-0.503000,-0.292000,-1.134000,-21.817000,-114.321000,128.092000,27.21
6.771576,-0.384000,-0.209000,-1.199000,-27.954000,-103.679000,131.237000,27.21
6.784703,-0.287000,-0.135000,-1.176000,-28.046000,-114.107000,126.855000,27.26
6.794067,-0.220000,-0.024000,-1.076000,-33.481000,-127.038000,112.962000,27.26
6.802209,-0.113000,-0.013000,-1.025000,-44.321000,-138.977000,99.420000,27.21
6.814098,-0.059000,-0.122000,-0.993000,-63.802000,-154.336000,121.115000,27.26
6.820552,-0.196000,0.089000,-0.976000,-83.573000,-161.069000,152.107000,27.26
6.831965,-0.011000,-0.073000,-0.854000,-57.206000,-159.695000,27.939000,27.21
6.843932,-0.039000,-0.059000,-1.014000,-71.496000,-170.748000,7.344000,27.26
6.850820,-0.038000,-0.192000,-1.032000,-84.687000,-172.733000,-8.794000,27.35
6.862580,0.091000,-0.351000,-1.310000,-91.359000,-129.023000,-1.221000,27.21
6.870298,0.052000,-0.361000,-1.462000,-111.725000,-134.763000,1.038000,27.21
6.881598,0.037000,-0.187000,-1.415000,-111.588000,-130.672000,-16.107000,27.17
6.893374,0.138000,-0.320000,-1.172000,-92.229000,-136.947000,-29.145000,27.21
6.900383,0.106000,-0.329000,-0.980000,-84.366000,-154.305000,-34.382000,27.17
6.913980,0.028000,-0.374000,-0.860000,-91.725000,-151.405000,-37.878000,27.26
6.923462,-0.018000,-0.435000,-0.870000,-94.321000,-157.725000,-31.786000,27.31
6.930864,-0.084000,-0.414000,-0.906000,-90.748000,-150.931000,-20.443000,27.21
6.942055,-0.025000,-0.511000,-0.809000,-83.649000,-101.832000,-9.527000,27.26
6.949758,-0.055000,-0.363000,-0.742000,-77.176000,-148.550000,-4.885000,27.26
6.962160,-0.018000,-0.343000,-0.905000,-58.550000,-128.382000,3.817000,27.31
6.973702,-0.192000,-0.401000,-0.974000,-40.046000,-118.412000,3.267000,27.26
6.981848,-0.252000,-0.437000,-1.060000,-40.550000,-171.969000,16.305000,27.26
6.991756,0.243000,-0.543000,-1.031000,-27.603000,-156.122000,-22.656000,27.21
7.004633,0.189000,-0.528000,-1.404000,-0.214000,-152.092000,-3.420000,27.17
7.011319,0.675000,-1.198000,-1.966000,-7.145000,-99.863000,66.580000,27.26
7.022791,0.840000,-0.856000,-1.767000,-17.420000,-83.786000,109.832000,27.21
7.030196,1.167000,-0.840000,-1.262000,9.740000,-142.687000,116.458000,27.21
7.119027,1.483000,-0.851000,-0.802000,48.153000,-146.275000,84.458000,27.26
7.120543,1.934000,-1.060000,-0.778000,56.366000,-94.229000,60.168000,27.31
7.121209,2.350000,-1.240000,-1.120000,47.099000,-37.359000,41.023000,27.31
7.124601,3.160000,-1.533000,-0.832000,81.206000,110.626000,5.985000,27.26
7.131133,0.762000,0.414000,-1.975000,40.244000,-112.916000,76.153000,27.26
7.137059,-0.653000,1.522000,-3.065000,-92.702000,186.107000,244.916000,27.31
7.138712,-0.829000,1.511000,-1.289000,-4.260000,117.649000,-66.779000,27.26
7.141138,-0.378000,-0.444000,-0.527000,106.550000,-63.008000,-151.328000,27.26
7.146321,-0.312000,-1.073000,-1.395000,88.580000,247.710000,-20.046000,27.31
7.147356,-0.436000,-0.227000,-1.436000,22.779000,5.038000,20.916000,27.17
7.148290,-0.418000,0.252000,-0.767000,27.832000,42.489000,-5.725000,27.26
7.149973,-0.415000,-0.223000,-0.978000,24.641000,101.298000,-21.206000,27.21
7.163391,-0.393000,-0.344000,-1.156000,43.893000,125.618000,2.244000,27.21
7.173821,-0.372000,-0.378000,-1.083000,50.305000,109.069000,-29.832000,27.26
7.180015,-0.583000,-0.362000,-0.970000,44.870000,121.252000,-40.611000,27.31
7.192307,-0.478000,-0.263000,-0.876000,23.420000,120.198000,-20.824000,27.26
7.199144,-0.409000,-0.221000,-0.952000,16.565000,102.550000,-16.000000,27.26
7.211266,-0.479000,-0.109000,-0.943000,3.847000,80.122000,-6.214000,27.17
7.223527,-0.403000,-0.146000,-0.929000,5.893000,79.053000,-10.519000,27.21
7.230509,-0.373000,-0.114000,-1.190000,-26.244000,-6.031000,4.214000,27.26
7.242732,-0.370000,-0.014000,-0.882000,-3.985000,46.794000,-3.374000,27.26
7.249888,-0.355000,-0.040000,-0.999000,3.756000,67.511000,-6.443000,27.21
7.262030,-0.308000,-0.099000,-0.990000,4.748000,46.519000,-5.679000,27.26
7.269002,-0.281000,-0.095000,-0.973000,6.046000,43.191000,-3.496000,27.26
7.281247,-0.287000,-0.099000,-0.986000,8.275000,33.313000,-7.008000,27.21
7.287048,-0.309000,-0.143000,-0.971000,9.130000,33.573000,-6.229000,27.21
7.300848,-0.306000,-0.137000,-0.950000,0.947000,22.305000,-1.985000,27.17
7.313044,-0.271000,-0.124000,-0.926000,5.420000,40.382000,-6.031000,27.21
7.320107,-0.292000,-0.118000,-0.972000,2.748000,25.466000,-3.893000,27.31
7.332283,-0.292000,-0.079000,-0.969000,10.198000,31.557000,-8.748000,27.17
7.339299,-0.261000,-0.143000,-0.949000,-4.260000,24.336000,2.885000,27.21
7.351509,-0.251000,-0.126000,-0.925000,3.771000,30.244000,-3.740000,27.21
7.358590,-0.235000,-0.150000,-0.962000,2.427000,22.687000,-0.427000,27.26
7.370841,-0.229000,-0.091000,-0.949000,10.458000,22.107000,-5.405000,27.17
7.383082,-0.250000,-0.104000,-0.911000,13.817000,33.832000,-10.122000,27.21
7.390257,-0.306000,-0.124000,-0.963000,12.061000,37.130000,-8.702000,27.17
7.402285,-0.291000,-0.084000,-0.863000,9.710000,35.908000,-8.122000,27.26
7.409512,-0.271000,-0.126000,-0.902000,12.198000,64.092000,-8.076000,27.21
7.421588,-0.205000,-0.135000,-0.965000,11.450000,46.443000,-9.847000,27.17
7.433542,-0.180000,-0.190000,-0.898000,15.557000,49.527000,-11.573000,27.26
7.440659,-0.178000,-0.175000,-0.936000,21.069000,67.710000,-15.344000,27.21
7.452568,-0.156000,-0.144000,-0.961000,20.840000,53.725000,-13.359000,27.21
7.459813,-0.139000,-0.087000,-0.904000,14.580000,43.176000,-6.412000,27.17
7.471812,-0.246000,-0.112000,-0.971000,24.504000,52.183000,-12.275000,27.21
7.478804,-0.271000,-0.178000,-0.947000,20.305000,44.473000,-9.725000,27.26
7.490947,-0.255000,-0.181000,-0.965000,18.031000,54.000000,-9.344000,27.17
7.503084,-0.216000,-0.154000,-0.973000,13.664000,37.389000,-3.832000,27.17
7.510231,-0.195000,-0.159000,-0.967000,8.305000,29.450000,-1.176000,27.21
7.522700,-0.150000,-0.174000,-0.954000,5.802000,18.901000,-1.115000,27.26
7.529666,-0.131000,-0.167000,-0.949000,4.626000,12.885000,-1.450000,27.17
7.542168,-0.099000,-0.215000,-0.967000,7.344000,2.870000,3.985000,27.21
7.549250,-0.126000,-0.174000,-0.962000,3.084000,-0.870000,0.076000,27.26
7.561614,-0.124000,-0.197000,-0.950000,4.611000,-6.840000,0.321000,27.26
7.568890,-0.126000,-0.189000,-0.935000,3.588000,-10.595000,2.656000,27.21
7.580962,-0.156000,-0.139000,-0.929000,0.031000,-9.924000,0.992000,27.21
7.593262,-0.173000,-0.163000,-0.935000,1.374000,-6.198000,0.672000,27.26
7.600391,-0.202000,-0.145000,-0.925000,3.450000,-2.031000,0.366000,27.31
7.613414,-0.171000,-0.204000,-0.929000,6.336000,0.885000,-1.573000,27.21
7.621982,-0.155000,-0.199000,-0.951000,4.031000,3.191000,-1.389000,27.17
7.632381,-0.172000,-0.184000,-0.942000,5.328000,3.832000,-0.977000,27.21
7.639444,-0.157000,-0.177000,-0.944000,2.779000,8.687000,-0.427000,27.21
7.652110,-0.147000,-0.151000,-0.960000,3.313000,4.718000,-2.656000,27.26
7.659115,-0.145000,-0.175000,-0.948000,5.771000,10.519000,-0.977000,27.17
7.671305,-0.166000,-0.168000,-0.957000,11.008000,11.634000,-1.405000,27.31
7.686347,-0.175000,-0.166000,-0.956000,12.015000,11.756000,-0.443000,27.26
7.690683,-0.154000,-0.179000,-0.949000,13.405000,16.580000,-3.954000,27.17
7.702679,-0.185000,-0.146000,-0.918000,13.023000,18.382000,-5.893000,27.21
7.709542,-0.177000,-0.205000,-0.941000,16.702000,20.763000,-4.061000,27.26
7.723423,-0.199000,-0.190000,-0.925000,12.015000,24.397000,-5.740000,27.26
7.728908,-0.210000,-0.189000,-0.939000,14.489000,34.107000,-3.023000,27.31
7.740928,-0.170000,-0.248000,-1.015000,26.305000,46.305000,-0.107000,27.21
7.753100,-0.194000,-0.206000,-0.979000,21.496000,58.641000,-4.763000,27.17
7.760099,-0.185000,-0.130000,-0.980000,20.366000,62.855000,-4.656000,27.21
7.771981,-0.207000,-0.133000,-1.017000,29.603000,65.221000,-12.153000,27.26
7.779096,-0.199000,-0.236000,-1.002000,29.496000,63.603000,-9.267000,27.26
7.791348,-0.205000,-0.293000,-0.960000,34.229000,92.641000,-10.122000,27.17
7.812433,-0.345000,-0.009000,-1.027000,18.412000,110.565000,-10.092000,27.21
7.817080,-0.518000,-0.154000,-1.077000,45.252000,131.313000,-17.847000,27.17
7.825029,-0.397000,-0.092000,-1.054000,35.237000,151.237000,-16.931000,27.17
7.831656,-0.257000,-0.161000,-1.176000,30.412000,151.863000,-11.130000,27.21
7.843230,-0.336000,-0.010000,-1.052000,25.847000,151.985000,-2.550000,27.26
7.854223,-0.224000,-0.208000,-0.961000,34.443000,103.924000,15.328000,27.26
7.864368,-0.811000,0.624000,-1.068000,10.366000,20.534000,33.389000,27.21
7.872754,-1.483000,0.525000,-0.710000,15.267000,-30.779000,-2.931000,27.21
7.881762,-1.141000,0.241000,-0.656000,-14.092000,-52.992000,-9.221000,27.26
7.895483,-0.067000,-0.294000,-0.689000,-14.122000,-55.145000,-17.710000,27.31
7.903527,1.359000,-0.900000,-0.741000,-12.290000,-30.153000,-23.252000,27.31
7.910425,2.563000,-1.337000,-0.705000,-4.901000,-5.237000,-23.313000,27.26
7.922587,3.276000,-1.710000,-0.725000,28.076000,-16.122000,-40.962000,27.21
7.929118,-0.004000,-0.178000,-1.241000,-25.939000,-117.740000,71.786000,27.21
7.941368,-0.203000,-0.449000,-0.337000,14.061000,-107.298000,-22.290000,27.26
7.953291,0.179000,-0.243000,-1.115000,-36.122000,-2.901000,24.000000,27.17
7.960353,-0.128000,-0.176000,-1.005000,-11.160000,-17.847000,1.053000,27.21
7.972297,-0.096000,-0.193000,-0.991000,-21.282000,-23.191000,19.710000,27.17
7.979196,-0.188000,-0.178000,-1.001000,-10.290000,-38.779000,11.099000,27.26
7.991316,-0.170000,-0.321000,-0.980000,-13.985000,-43.130000,9.298000,27.12
8.003243,-0.215000,-0.262000,-0.972000,-16.382000,-36.504000,5.786000,27.26
8.011433,-0.188000,-0.276000,-0.958000,-20.366000,-20.382000,3.649000,27.26
8.022942,-0.136000,-0.178000,-0.970000,-14.840000,-5.328000,0.901000,27.21
8.029679,-0.078000,-0.142000,-0.959000,-8.794000,5.511000,-2.000000,27.21
8.041964,-0.040000,-0.174000,-0.950000,-7.679000,10.031000,0.947000,27.26
8.049154,0.000000,-0.210000,-0.957000,-0.626000,0.092000,-1.802000,27.17
8.060992,-0.022000,-0.235000,-0.943000,-0.015000,-3.511000,-0.885000,27.31
8.073669,-0.041000,-0.219000,-0.965000,3.221000,-4.031000,-2.015000,27.26
8.080983,-0.047000,-0.236000,-0.953000,4.275000,-1.847000,-1.496000,27.17
8.092775,-0.073000,-0.239000,-0.951000,5.298000,1.954000,-1.405000,27.21
8.100219,-0.057000,-0.260000,-0.957000,4.168000,2.626000,-0.336000,27.26
8.112319,-0.084000,-0.257000,-0.954000,5.389000,0.901000,-1.206000,27.17
8.119662,-0.089000,-0.246000,-0.952000,5.008000,1.786000,-1.099000,27.21
8.131868,-0.112000,-0.233000,-0.947000,5.664000,3.985000,-1.359000,27.31
8.138836,-0.110000,-0.228000,-0.940000,5.985000,10.748000,-2.015000,27.17
8.151293,-0.100000,-0.239000,-0.933000,8.122000,19.008000,-2.107000,27.21
8.163530,-0.073000,-0.229000,-0.943000,9.023000,24.000000,-2.061000,27.21
8.170584,-0.072000,-0.266000,-0.943000,8.901000,23.985000,-1.908000,27.17
8.182879,-0.069000,-0.219000,-0.964000,7.496000,22.565000,-2.779000,27.26
8.189909,-0.047000,-0.239000,-0.958000,7.908000,19.710000,-4.183000,27.21
8.203061,-0.058000,-0.229000,-0.960000,8.718000,15.374000,-3.221000,27.26
8.209079,-0.067000,-0.250000,-0.980000,10.290000,12.977000,-1.573000,27.17
8.221524,-0.102000,-0.227000,-1.010000,15.496000,6.977000,-5.924000,27.21
8.227196,-0.081000,-0.294000,-0.966000,14.992000,13.084000,-1.282000,27.17
8.240658,-0.108000,-0.285000,-0.971000,15.023000,14.534000,-3.481000,27.26
8.252769,-0.111000,-0.270000,-0.972000,16.672000,19.130000,-7.069000,27.31
8.259812,-0.143000,-0.252000,-0.991000,13.969000,23.710000,-8.000000,27.12
8.272075,-0.156000,-0.263000,-1.008000,15.985000,27.038000,-10.718000,27.17
8.278829,-0.198000,-0.239000,-0.962000,14.748000,25.023000,-8.260000,27.21
8.291276,-0.101000,-0.261000,-0.971000,16.321000,31.374000,-11.069000,27.26
8.303284,-0.070000,-0.260000,-0.992000,17.573000,35.405000,-9.985000,27.26
8.310353,-0.041000,-0.233000,-0.999000,18.092000,45.084000,-9.832000,27.17
8.322334,-0.026000,-0.317000,-0.964000,19.405000,49.069000,-10.595000,27.21
8.329275,-0.013000,-0.295000,-1.003000,17.679000,45.603000,-9.954000,27.17
8.341671,-0.093000,-0.206000,-1.041000,20.229000,45.603000,-10.595000,27.17
8.353617,-0.059000,-0.135000,-0.999000,21.817000,45.649000,-10.458000,27.12
8.360813,0.080000,-0.213000,-1.047000,19.557000,50.595000,1.725000,27.17
8.373109,-0.026000,-0.037000,-1.100000,17.435000,35.206000,8.443000,27.17
8.380106,-0.217000,-0.002000,-0.998000,21.023000,22.046000,8.672000,27.21
8.392526,-0.425000,0.068000,-0.832000,13.939000,18.763000,14.809000,27.31
8.399670,-0.475000,0.142000,-0.821000,2.321000,16.382000,16.031000,27.26
8.411761,-0.461000,0.052000,-0.797000,-8.962000,9.374000,19.374000,27.31
8.418813,-0.395000,-0.058000,-0.885000,-21.084000,5.893000,26.031000,27.31
8.431164,-0.367000,-0.013000,-1.051000,-26.489000,2.031000,28.824000,27.26
8.443316,-0.372000,0.019000,-1.043000,-23.771000,-9.053000,21.679000,27.21
8.450125,-0.375000,-0.010000,-1.051000,-25.527000,-14.229000,14.260000,27.31
8.462638,-0.355000,-0.026000,-1.004000,-31.939000,-16.641000,7.634000,27.26
8.469182,-0.339000,-0.031000,-0.963000,-35.863000,-19.954000,2.107000,27.17
8.481522,-0.299000,-0.113000,-1.000000,-37.847000,-23.985000,-4.000000,27.21
8.493355,-0.199000,-0.169000,-0.967000,-36.977000,-52.244000,-6.275000,27.26
8.499952,-0.154000,-0.268000,-0.897000,-34.092000,-48.962000,-11.206000,27.26
8.512126,-0.098000,-0.451000,-0.926000,-36.580000,-23.466000,-8.519000,27.21
8.518875,-0.049000,-0.510000,-0.978000,-36.397000,-26.015000,-4.870000,27.26
8.530767,-0.005000,-0.435000,-0.967000,-29.252000,-43.588000,-8.275000,27.17
8.544746,0.036000,-0.399000,-0.976000,-25.481000,-40.183000,-13.405000,27.21
8.549783,0.032000,-0.353000,-0.989000,-28.031000,-40.885000,-17.115000,27.21
8.563386,-0.035000,-0.237000,-0.975000,-28.412000,-49.450000,-24.321000,27.17
8.573536,-0.142000,-0.163000,-0.893000,-31.603000,-46.229000,-29.176000,27.31
8.581101,-0.200000,-0.196000,-0.881000,-34.015000,-51.664000,-29.527000,27.26
8.593221,-0.201000,-0.286000,-0.920000,-36.565000,-56.427000,-22.794000,27.17
8.599156,-0.092000,-0.434000,-0.805000,-32.656000,-65.191000,-16.718000,27.12
8.611383,0.179000,-0.644000,-0.804000,-26.092000,-57.786000,1.328000,27.21
8.623568,0.732000,-0.748000,-0.744000,-24.168000,-28.702000,9.847000,27.26
8.630896,1.701000,-1.014000,-1.014000,-12.580000,0.947000,-8.748000,27.17
8.643435,2.460000,-1.097000,-1.099000,5.038000,-8.366000,-24.550000,27.21
8.650198,2.426000,-1.177000,-0.899000,2.916000,-8.137000,-26.473000,27.17
8.661929,-0.289000,-0.147000,-0.893000,-12.595000,-63.802000,-18.183000,27.26
8.670305,-0.233000,-0.282000,-0.694000,-10.763000,32.718000,-8.901000,27.21
8.681192,0.321000,-0.089000,-1.031000,-32.687000,43.786000,6.931000,27.26
8.693387,-0.245000,-0.069000,-0.987000,-11.023000,8.534000,4.977000,27.17
8.700881,-0.194000,-0.126000,-0.962000,-5.130000,2.290000,7.374000,27.21
8.712816,-0.194000,-0.149000,-1.009000,5.511000,-22.870000,0.931000,27.21
8.719647,-0.117000,-0.177000,-0.985000,5.664000,-21.817000,-2.794000,27.17
8.731945,-0.216000,-0.256000,-0.942000,-4.992000,-11.802000,-1.008000,27.21
8.738885,-0.197000,-0.253000,-0.949000,0.351000,4.046000,-3.099000,27.21
8.751510,-0.160000,-0.288000,-0.929000,-4.519000,27.786000,-2.840000,27.17
8.763364,-0.125000,-0.206000,-0.940000,-5.603000,46.672000,-3.298000,27.21
8.770474,-0.116000,-0.179000,-1.026000,-2.107000,40.092000,-3.496000,27.21
8.782774,-0.056000,-0.246000,-0.965000,8.168000,42.656000,-0.229000,27.26
8.789731,-0.067000,-0.185000,-0.954000,4.763000,59.542000,-3.481000,27.21
8.802014,-0.068000,-0.168000,-0.944000,12.336000,58.244000,-1.847000,27.21
8.809266,-0.050000,-0.168000,-0.983000,17.802000,58.244000,-3.160000,27.26
8.821352,-0.028000,-0.199000,-0.938000,11.466000,60.962000,-0.336000,27.21
8.833398,-0.049000,-0.198000,-0.970000,19.267000,50.305000,-10.336000,27.21
8.840597,-0.058000,-0.224000,-0.961000,8.412000,48.779000,-3.023000,27.26
8.852585,-0.068000,-0.261000,-1.006000,12.824000,37.802000,-8.031000,27.26
8.859587,-0.032000,-0.241000,-0.954000,5.145000,36.382000,-4.809000,27.21
8.871833,-0.004000,-0.211000,-0.935000,2.183000,39.069000,-3.664000,27.26
8.878771,-0.064000,-0.183000,-0.968000,8.947000,29.573000,-8.870000,27.17
8.891766,0.114000,-0.220000,-1.000000,3.542000,24.824000,-2.824000,27.21
8.903532,-0.076000,-0.219000,-0.940000,6.183000,37.847000,-4.824000,27.17
8.910678,0.015000,-0.207000,-0.899000,5.359000,40.794000,-4.687000,27.17
8.923116,0.002000,-0.224000,-0.957000,9.802000,32.947000,-7.511000,27.12
8.930373,-0.007000,-0.244000,-0.950000,9.756000,37.679000,-7.786000,27.26
8.943437,-0.032000,-0.254000,-0.970000,9.099000,38.290000,-0.870000,27.17
8.949608,0.017000,-0.383000,-0.972000,26.931000,24.168000,-19.374000,27.21
8.961742,0.022000,-0.228000,-0.993000,10.977000,37.588000,-15.313000,27.21
8.969080,0.009000,-0.279000,-0.958000,16.916000,38.061000,-18.366000,27.26
8.981166,0.048000,-0.273000,-0.964000,15.435000,41.206000,-16.534000,27.26
8.993125,0.014000,-0.188000,-0.987000,19.252000,43.527000,-11.008000,27.21
8.999987,-0.010000,-0.189000,-0.983000,28.046000,51.237000,-19.328000,27.26
9.012078,0.018000,-0.210000,-1.000000,29.924000,54.779000,-9.893000,27.26
9.019497,0.011000,-0.179000,-0.995000,36.672000,57.267000,-10.565000,27.21
9.031526,-0.043000,-0.224000,-0.987000,44.962000,56.611000,-14.107000,27.26
9.043545,0.018000,-0.279000,-0.990000,43.725000,56.641000,-12.580000,27.17
9.055807,-0.061000,-0.284000,-1.017000,44.962000,54.641000,-25.130000,27.21
9.062803,-0.162000,-0.321000,-0.971000,35.924000,51.710000,-12.809000,27.21
9.069731,-0.112000,-0.352000,-1.077000,26.015000,45.588000,-19.298000,27.17
9.082062,-0.099000,-0.343000,-1.115000,19.420000,62.061000,-26.718000,27.12
9.093519,-0.256000,-0.215000,-1.315000,34.809000,55.603000,-55.176000,27.21
9.100975,-0.109000,-0.288000,-1.145000,29.542000,42.397000,-59.756000,27.17
9.113131,0.084000,-0.266000,-1.134000,23.328000,35.939000,-53.740000,27.21
9.119945,0.138000,-0.318000,-1.011000,11.771000,23.466000,-61.328000,27.21
9.132469,0.118000,-0.354000,-1.261000,4.244000,20.412000,-71.298000,27.17
9.139770,0.209000,-0.484000,-1.349000,12.931000,33.954000,-13.038000,27.17
9.151550,0.080000,-0.228000,-1.032000,9.053000,47.221000,-10.687000,27.21
9.163748,0.007000,-0.256000,-1.200000,10.061000,36.885000,-10.046000,27.17
9.170701,-0.152000,-0.159000,-1.239000,11.924000,26.718000,-21.985000,27.17
9.183080,-0.734000,0.108000,-1.441000,26.351000,20.229000,-23.573000,27.21
9.189835,-1.592000,0.407000,-1.220000,6.092000,36.733000,-9.603000,27.21
9.204917,-1.885000,0.529000,-0.732000,9.542000,23.878000,-6.336000,27.17
9.209524,-1.849000,0.239000,-0.567000,24.458000,10.702000,21.176000,27.12
9.221826,-1.703000,0.218000,-0.772000,18.641000,-14.122000,53.023000,27.17
9.233787,-1.417000,0.129000,-0.733000,3.435000,-34.840000,90.733000,27.26
9.240998,-1.121000,0.089000,-0.866000,-9.160000,-51.954000,113.145000,27.26
9.252933,-0.715000,0.080000,-1.092000,-7.237000,-78.916000,115.084000,27.21
9.259725,-0.351000,0.135000,-1.203000,-28.168000,-85.145000,111.817000,27.07
9.271812,-0.074000,0.046000,-1.163000,-31.313000,-91.038000,92.061000,27.26
9.277921,0.177000,-0.112000,-1.110000,-36.748000,-85.282000,77.634000,27.31
9.290701,0.338000,-0.292000,-1.059000,-39.298000,-76.626000,65.038000,27.26
9.302820,0.504000,-0.420000,-1.066000,-42.977000,-61.298000,59.466000,27.17
9.310220,0.536000,-0.553000,-1.046000,-31.038000,-62.611000,50.336000,27.21
9.322455,0.507000,-0.630000,-1.031000,-26.321000,-54.031000,49.863000,27.21
9.329157,0.470000,-0.667000,-0.959000,-19.527000,-45.679000,45.557000,27.17
9.341169,0.360000,-0.693000,-0.924000,-15.237000,-39.389000,46.779000,27.21
9.353045,0.267000,-0.662000,-0.937000,-12.626000,-34.076000,47.588000,27.12
9.360455,0.201000,-0.564000,-0.903000,-10.473000,-31.771000,46.183000,27.17
9.372350,0.126000,-0.483000,-0.861000,-8.779000,-28.702000,42.626000,27.12
9.379332,0.084000,-0.376000,-0.858000,-8.794000,-31.374000,36.824000,27.21
9.391632,0.023000,-0.277000,-0.885000,-12.290000,-31.466000,29.969000,27.17
9.403414,0.002000,-0.193000,-0.922000,-15.450000,-36.779000,15.420000,27.26
9.410477,-0.033000,-0.179000,-0.989000,-18.947000,-46.168000,-0.824000,27.21
9.427039,-0.054000,-0.156000,-1.008000,-30.458000,-45.786000,-13.023000,27.26
9.429533,-0.094000,-0.135000,-1.018000,-30.076000,-54.901000,-30.168000,27.17
9.440844,-0.136000,-0.135000,-0.966000,-36.870000,-58.763000,-38.382000,27.21
9.452540,-0.171000,-0.146000,-0.960000,-41.420000,-60.809000,-45.374000,27.26
9.459380,-0.180000,-0.163000,-0.960000,-43.969000,-66.611000,-50.183000,27.26
9.471404,-0.193000,-0.105000,-0.980000,-47.893000,-68.748000,-52.076000,27.21
9.483262,-0.210000,-0.153000,-1.125000,-50.382000,-79.023000,-51.145000,27.17
9.490182,-0.194000,-0.111000,-1.104000,-45.649000,-83.405000,-51.802000,27.26
9.502066,-0.188000,-0.055000,-1.069000,-44.870000,-76.305000,-51.450000,27.21
9.508745,-0.214000,-0.036000,-1.029000,-44.107000,-79.115000,-49.038000,27.26
9.521111,-0.241000,0.008000,-0.948000,-44.611000,-85.145000,-44.183000,27.17
9.533185,-0.307000,0.080000,-0.867000,-48.626000,-84.748000,-36.565000,27.31
9.539764,-0.393000,0.097000,-0.772000,-54.489000,-93.771000,-29.924000,27.21
9.551592,-0.426000,0.104000,-0.784000,-60.580000,-106.214000,-23.191000,27.26
9.563607,-0.429000,0.062000,-0.659000,-48.351000,-106.489000,-24.626000,27.12
9.570324,-0.467000,0.041000,-0.956000,-50.962000,-130.519000,-26.565000,27.21
9.582329,-0.505000,-0.456000,-1.698000,-21.618000,-106.198000,-5.481000,27.26
9.588851,-0.319000,-0.237000,-0.944000,-22.748000,-204.840000,11.206000,27.26
9.601188,-0.292000,-0.264000,-0.970000,-36.427000,-110.901000,2.382000,27.02
9.613020,-0.083000,-0.156000,-0.974000,-37.939000,-25.710000,16.412000,27.17
9.621328,-0.379000,-0.243000,-1.208000,-32.809000,-88.748000,38.992000,27.26
9.631865,-0.338000,0.036000,-1.030000,-50.656000,-137.130000,40.565000,27.21
9.639041,0.164000,-0.026000,-0.676000,-37.466000,-30.534000,28.183000,27.21
9.650914,-0.094000,-0.386000,-1.339000,-34.168000,-99.160000,13.298000,27.26
9.662935,-0.121000,-0.493000,-1.097000,-48.947000,-71.328000,26.870000,27.21
9.672194,-0.343000,-0.352000,-1.175000,-57.374000,-32.763000,37.115000,27.12
9.682045,-0.456000,-0.312000,-1.240000,-57.756000,-57.679000,49.557000,27.17
9.690507,-0.448000,-0.320000,-1.433000,-57.084000,-37.725000,52.931000,27.17
9.700554,-0.524000,-0.218000,-1.549000,-57.206000,-75.496000,45.954000,27.02
9.712995,-0.487000,-0.202000,-1.228000,-51.252000,-114.992000,36.092000,27.17
9.719299,-0.401000,-0.274000,-0.927000,-37.481000,-124.000000,24.656000,27.17
9.734226,-0.253000,-0.358000,-0.672000,-39.160000,-105.695000,21.008000,27.12
9.743252,-0.167000,-0.375000,-0.574000,-34.366000,-58.702000,18.733000,27.17
9.750366,-0.096000,-0.278000,-0.687000,-44.122000,-51.191000,14.366000,27.17
9.763241,0.004000,-0.305000,-0.850000,-42.489000,-48.229000,1.099000,27.12
9.769799,0.075000,-0.356000,-0.944000,-43.115000,-56.550000,-9.542000,27.21
9.781295,0.207000,-0.391000,-0.898000,-41.786000,-54.275000,-14.733000,27.26
9.793201,0.359000,-0.395000,-0.643000,-42.611000,-48.794000,-23.573000,27.17
9.800084,0.334000,-0.382000,-0.718000,-42.260000,-38.763000,-36.031000,27.21
9.812462,1.008000,-0.717000,-0.229000,-41.389000,3.405000,-11.374000,27.17
9.828562,1.271000,-0.969000,-0.360000,-9.252000,-15.893000,-53.023000,27.07
9.831355,1.583000,-0.881000,-0.560000,-12.840000,68.534000,-18.626000,27.21
9.837242,2.123000,-1.121000,-0.772000,18.092000,59.191000,8.855000,27.26
9.851190,2.638000,-1.016000,-0.730000,79.542000,59.389000,11.267000,27.17
9.865037,0.158000,0.176000,-1.729000,105.985000,-27.420000,88.122000,27.12
9.870680,-0.133000,1.237000,-3.193000,-29.359000,159.588000,48.473000,27.21
9.882141,-0.372000,0.588000,-1.654000,55.344000,59.924000,-15.405000,27.17
9.888685,-0.403000,-0.990000,-1.004000,124.611000,109.924000,-188.824000,27.21
9.900553,-0.355000,-1.659000,-2.432000,91.618000,280.473000,-174.870000,27.21
9.912861,0.035000,-0.476000,-1.013000,40.305000,99.954000,150.275000,27.17
9.919486,-0.388000,-0.688000,-0.955000,41.649000,164.290000,-50.840000,27.17
9.932057,-0.340000,-0.780000,-1.173000,62.473000,176.031000,-34.840000,27.21
9.938788,-0.218000,-0.171000,-1.338000,10.015000,102.137000,-26.244000,27.17
9.950943,-0.360000,-0.267000,-0.776000,8.870000,68.595000,-12.733000,27.17
9.962776,-0.213000,-0.125000,-0.926000,23.389000,199.740000,-29.649000,27.21
9.969682,-0.256000,-0.253000,-1.063000,6.122000,133.267000,-10.275000,27.17
9.981944,-0.289000,-0.168000,-0.973000,18.992000,116.656000,-0.198000,27.17
9.988923,-0.189000,-0.100000,-1.009000,7.725000,98.321000,-3.405000,27.21
10.000992,-0.178000,-0.113000,-0.972000,-1.359000,71.206000,-0.382000,27.12
