# Gait Analysis Data - MPU6050 IMU
# Duration: 10 seconds
# Format: timestamp(s),ax(g),ay(g),az(g),gx(deg/s),gy(deg/s),gz(deg/s),temp(C)
# Note: Document sensor placement (ankle/wrist) separately
timestamp,ax,ay,az,gx,gy,gz,temp
0.001280,0.398000,0.409000,-1.078000,-90.031000,-139.878000,69.634000,26.46
0.002510,0.494000,0.433000,-1.038000,-89.176000,-136.504000,57.588000,26.41
0.003624,0.584000,0.425000,-0.995000,-90.168000,-130.748000,42.412000,26.41
0.004697,0.653000,0.391000,-0.984000,-92.977000,-126.031000,25.481000,26.37
0.005412,0.737000,0.387000,-1.006000,-90.809000,-121.038000,6.840000,26.51
0.006116,0.904000,0.351000,-1.074000,-91.481000,-119.496000,-12.794000,26.51
0.007049,1.100000,0.319000,-1.133000,-90.244000,-132.809000,-34.504000,26.46
0.008034,1.125000,0.323000,-1.097000,-85.160000,-147.863000,-54.290000,26.51
0.009108,1.020000,0.275000,-0.977000,-71.618000,-161.008000,-71.649000,26.51
0.010096,1.072000,0.205000,-0.694000,-55.267000,-188.687000,-88.504000,26.37
0.011027,0.882000,0.139000,-0.836000,-59.954000,-154.351000,-95.511000,26.41
0.011749,0.811000,0.094000,-0.934000,-27.527000,-158.931000,-106.733000,26.51
0.012411,0.898000,0.041000,-0.939000,-28.672000,-137.939000,-108.611000,26.46
0.013054,0.946000,-0.038000,-0.898000,-27.740000,-151.389000,-109.893000,26.41
0.013687,0.958000,-0.058000,-0.846000,-27.038000,-142.336000,-105.756000,26.60
0.014340,0.888000,-0.077000,-0.890000,-24.015000,-129.817000,-99.221000,26.55
0.015138,0.860000,-0.091000,-0.925000,-23.023000,-130.565000,-91.069000,26.51
0.015873,0.946000,-0.092000,-0.829000,-26.336000,-128.046000,-82.916000,26.41
0.016576,0.926000,-0.115000,-0.987000,-27.359000,-125.573000,-76.153000,26.46
0.017264,1.011000,-0.105000,-0.638000,-7.740000,-119.756000,-55.466000,26.41
0.017959,1.239000,-0.372000,-0.518000,-9.435000,-110.046000,-49.924000,26.60
0.018826,1.165000,-0.347000,-0.630000,-29.267000,-102.214000,-49.817000,26.55
0.019762,1.176000,-0.270000,-0.658000,-53.603000,-99.618000,-47.573000,26.51
0.020738,1.056000,-0.187000,-0.646000,-67.557000,-99.115000,-44.565000,26.41
0.021475,0.948000,-0.092000,-0.576000,-65.450000,-98.763000,-39.496000,26.46
0.022207,0.800000,-0.116000,-0.481000,-52.489000,-101.954000,-35.847000,26.51
0.023132,0.825000,-0.134000,-0.440000,-47.008000,-78.962000,-32.733000,26.51
0.023944,0.897000,-0.106000,-0.396000,-45.313000,-75.405000,-36.092000,26.55
0.024700,0.971000,-0.043000,-0.402000,-39.084000,-61.832000,-41.069000,26.51
0.025518,1.013000,0.028000,-0.327000,-31.542000,-54.550000,-47.466000,26.41
0.026261,1.031000,0.054000,-0.275000,-14.672000,-44.687000,-54.718000,26.46
0.026982,1.086000,0.038000,-0.211000,-6.336000,-36.427000,-63.588000,26.51
0.027667,1.156000,-0.038000,-0.104000,9.237000,-36.718000,-75.252000,26.41
0.029140,1.284000,-0.023000,-0.056000,22.504000,-15.511000,-79.511000,26.55
0.029749,1.183000,-0.146000,0.341000,45.008000,4.885000,-74.198000,26.51
0.030367,1.494000,-0.385000,0.459000,52.366000,39.557000,-70.153000,26.51
0.031011,1.530000,-0.344000,0.748000,56.855000,67.664000,-61.191000,26.46
0.031669,1.946000,-0.484000,1.115000,65.924000,112.061000,-43.557000,26.41
0.032301,2.150000,-0.645000,1.953000,102.870000,172.870000,-18.580000,26.41
0.032932,1.037000,-0.128000,-0.664000,72.107000,298.000000,-10.443000,26.46
0.033547,1.340000,-0.437000,-2.549000,78.305000,195.053000,29.908000,26.51
0.034167,0.475000,-1.174000,-1.189000,55.542000,166.443000,78.275000,26.51
0.034786,1.220000,-0.815000,-1.121000,32.718000,231.740000,64.443000,26.46
0.035395,2.352000,-0.094000,-1.333000,7.832000,224.412000,43.176000,26.41
0.036012,1.161000,-0.031000,-0.854000,22.427000,122.595000,30.443000,26.51
0.036625,1.319000,0.591000,-1.274000,28.794000,113.023000,37.863000,26.46
0.037238,1.662000,0.384000,-0.587000,18.015000,67.725000,30.565000,26.51
0.037859,0.839000,-0.188000,-0.857000,34.641000,60.580000,23.679000,26.51
0.038420,0.874000,0.118000,-0.954000,47.084000,24.702000,30.901000,26.55
0.038970,0.784000,0.260000,-0.747000,39.817000,43.084000,26.214000,26.41
0.039529,0.970000,-0.075000,-0.932000,53.328000,18.015000,22.595000,26.41
0.040296,0.716000,-0.113000,-0.928000,39.237000,7.924000,18.733000,26.46
0.041012,0.615000,0.152000,-0.796000,31.725000,15.466000,14.565000,26.51
0.041635,0.774000,0.130000,-0.793000,28.580000,15.710000,15.481000,26.51
0.042280,0.720000,0.037000,-0.717000,29.695000,11.985000,10.962000,26.37
0.042857,0.664000,0.067000,-0.766000,18.275000,13.527000,10.183000,26.51
0.043402,0.757000,-0.090000,-0.873000,5.603000,13.664000,5.634000,26.41
0.043940,0.641000,0.020000,-0.791000,5.649000,17.008000,1.878000,26.55
0.044496,0.653000,-0.002000,-0.762000,10.229000,7.863000,-1.145000,26.46
0.045038,0.688000,0.021000,-0.771000,6.076000,13.374000,1.832000,26.51
0.045580,0.671000,0.002000,-0.741000,3.466000,13.313000,1.282000,26.46
0.046116,0.643000,0.045000,-0.771000,1.298000,13.237000,1.985000,26.41
0.046657,0.638000,0.030000,-0.744000,-0.672000,13.863000,2.931000,26.51
0.047202,0.604000,0.046000,-0.773000,-1.588000,17.618000,2.840000,26.46
0.047729,0.586000,0.043000,-0.812000,-2.824000,19.282000,2.137000,26.51
0.048220,0.664000,0.029000,-0.769000,-2.824000,24.962000,0.122000,26.41
0.048716,0.648000,0.007000,-0.767000,-3.176000,24.840000,0.458000,26.46
0.049214,0.654000,0.012000,-0.744000,-3.099000,28.107000,0.641000,26.51
0.049710,0.685000,0.033000,-0.729000,-2.641000,27.939000,1.191000,26.41
0.050317,0.676000,0.037000,-0.723000,-4.031000,27.405000,2.214000,26.46
0.051003,0.697000,0.055000,-0.687000,-3.466000,23.237000,2.763000,26.32
0.051604,0.696000,0.053000,-0.678000,-4.595000,21.756000,4.321000,26.41
0.052135,0.680000,0.054000,-0.691000,-3.985000,18.580000,5.511000,26.55
0.052637,0.671000,0.036000,-0.704000,-3.420000,18.855000,6.748000,26.41
0.053139,0.686000,0.056000,-0.735000,-3.740000,16.702000,8.397000,26.41
0.053644,0.676000,0.052000,-0.780000,-4.763000,19.985000,10.443000,26.46
0.054144,0.642000,0.102000,-0.808000,2.183000,28.198000,11.588000,26.51
0.054638,0.637000,0.130000,-0.805000,2.260000,33.389000,16.336000,26.51
0.055145,0.653000,-0.032000,-0.781000,1.863000,45.374000,16.290000,26.55
0.055644,0.633000,-0.034000,-0.792000,2.901000,48.137000,14.260000,26.41
0.056152,0.652000,-0.081000,-0.787000,1.450000,52.122000,11.237000,26.51
0.056648,0.680000,-0.097000,-0.737000,-1.252000,64.275000,5.542000,26.46
0.057143,0.687000,-0.081000,-0.765000,1.664000,63.542000,-0.824000,26.41
0.057628,0.671000,0.033000,-0.774000,3.756000,32.427000,-2.779000,26.51
0.058080,0.649000,0.126000,-0.866000,8.901000,76.855000,1.069000,26.46
0.058546,0.526000,0.226000,-0.988000,-7.756000,109.588000,10.550000,26.41
0.059012,0.663000,0.262000,-0.861000,13.389000,138.962000,18.977000,26.41
0.059475,0.696000,0.280000,-0.910000,16.092000,132.885000,35.328000,26.46
0.059960,0.797000,0.205000,-0.900000,32.840000,151.267000,44.656000,26.41
0.060643,0.749000,0.023000,-0.939000,38.244000,175.176000,52.489000,26.51
0.061145,0.852000,0.021000,-1.011000,46.092000,193.145000,54.931000,26.37
0.061846,0.795000,-0.028000,-0.995000,46.137000,209.725000,53.924000,26.41
0.062355,0.971000,-0.144000,-1.064000,35.115000,214.031000,54.885000,26.41
0.062824,1.066000,-0.062000,-0.946000,16.107000,206.290000,52.916000,26.46
0.063301,1.008000,0.201000,-0.840000,30.031000,199.908000,53.710000,26.41
0.063778,0.880000,0.245000,-1.096000,45.603000,196.260000,55.878000,26.51
0.064254,0.760000,0.352000,-1.573000,40.534000,145.344000,43.756000,26.46
0.064713,0.321000,0.401000,-1.668000,23.740000,105.542000,43.130000,26.41
0.065178,-0.123000,0.168000,-1.620000,0.031000,62.458000,61.176000,26.51
0.065652,0.176000,0.059000,-1.525000,-46.489000,19.969000,79.069000,26.46
0.066127,0.046000,0.222000,-1.358000,-69.191000,-21.649000,91.374000,26.51
0.066600,0.027000,0.270000,-1.192000,-76.870000,-36.916000,100.519000,26.51
0.067070,0.098000,0.264000,-1.052000,-87.557000,-50.473000,99.420000,26.46
0.067523,0.196000,0.265000,-0.982000,-96.458000,-59.786000,90.061000,26.41
0.067975,0.248000,0.317000,-0.902000,-95.176000,-69.038000,75.954000,26.51
0.068426,0.263000,0.324000,-0.866000,-92.122000,-77.130000,58.336000,26.55
0.068878,0.304000,0.320000,-0.851000,-86.779000,-82.718000,37.908000,26.37
0.069609,0.347000,0.306000,-0.856000,-78.748000,-85.527000,15.847000,26.41
0.070086,0.395000,0.265000,-0.901000,-72.443000,-91.557000,-4.290000,26.55
0.070568,0.437000,0.221000,-1.096000,-61.725000,-108.427000,-23.481000,26.51
0.071032,0.573000,0.145000,-0.989000,-62.885000,-110.229000,-37.267000,26.51
0.071601,0.641000,0.098000,-1.045000,-56.107000,-124.977000,-50.244000,26.46
0.072262,0.676000,0.055000,-1.006000,-49.160000,-129.511000,-60.718000,26.51
0.072861,0.700000,-0.011000,-1.012000,-41.282000,-138.595000,-69.588000,26.51
0.073421,0.735000,-0.087000,-0.974000,-38.702000,-151.878000,-74.489000,26.46
0.073907,0.794000,-0.141000,-0.929000,-35.771000,-150.672000,-76.824000,26.51
0.074376,0.832000,-0.144000,-0.909000,-34.611000,-156.687000,-73.893000,26.51
0.074839,0.771000,-0.158000,-0.916000,-23.832000,-151.191000,-73.527000,26.46
0.075294,0.891000,-0.101000,-0.896000,-30.198000,-164.504000,-69.603000,26.46
0.075753,0.888000,-0.051000,-0.905000,-29.634000,-162.779000,-69.298000,26.51
0.076223,0.929000,-0.016000,-0.873000,-32.672000,-157.298000,-69.710000,26.46
0.076813,0.988000,0.030000,-0.870000,-31.115000,-155.221000,-70.214000,26.51
0.077308,0.986000,0.060000,-0.862000,-26.092000,-153.344000,-72.000000,26.51
0.077771,1.002000,0.068000,-0.785000,-25.924000,-149.053000,-76.427000,26.55
0.078233,0.993000,0.126000,-0.752000,-23.573000,-142.931000,-81.878000,26.46
0.078698,0.961000,0.159000,-0.682000,-20.748000,-127.405000,-88.305000,26.51
0.079165,1.023000,0.218000,-0.668000,-13.237000,-123.466000,-97.389000,26.46
0.079769,1.089000,0.213000,-0.679000,-9.130000,-105.405000,-107.389000,26.51
0.080229,1.377000,0.259000,-0.802000,1.603000,-108.992000,-119.160000,26.51
0.080695,1.313000,0.377000,-0.893000,17.725000,-124.992000,-131.435000,26.55
0.081150,1.306000,0.266000,-0.517000,26.962000,-123.573000,-145.206000,26.37
0.081608,1.375000,0.013000,-0.404000,43.939000,-114.351000,-160.412000,26.51
0.082062,1.452000,0.027000,-0.364000,57.863000,-99.191000,-166.962000,26.46
0.082522,1.443000,-0.030000,-0.310000,70.641000,-86.366000,-166.580000,26.41
0.082979,1.463000,-0.103000,-0.125000,82.122000,-82.947000,-159.649000,26.41
0.083419,1.341000,-0.212000,-0.038000,79.115000,-63.359000,-150.290000,26.46
0.083858,1.259000,-0.269000,0.081000,79.817000,-60.763000,-141.008000,26.46
0.084293,1.183000,-0.323000,0.161000,68.519000,-42.061000,-128.885000,26.41
0.084736,1.198000,-0.338000,0.159000,50.550000,-12.412000,-114.840000,26.46
0.085437,1.281000,-0.342000,0.188000,40.794000,9.298000,-100.916000,26.51
0.086066,1.324000,-0.305000,0.207000,22.748000,20.550000,-88.153000,26.51
0.086745,1.301000,-0.314000,0.199000,12.168000,48.626000,-74.412000,26.55
0.087293,1.129000,-0.142000,0.144000,-6.824000,81.160000,-62.382000,26.51
0.087737,1.223000,-0.116000,0.246000,1.771000,95.924000,-56.412000,26.41
0.088194,1.298000,-0.109000,0.182000,11.359000,118.931000,-49.405000,26.55
0.088618,0.687000,0.055000,-0.597000,4.046000,129.115000,-46.687000,26.51
0.089049,1.020000,-0.150000,-1.490000,-15.435000,82.718000,-19.038000,26.51
0.089473,0.310000,-0.085000,-1.137000,-9.710000,71.420000,13.023000,26.46
0.089908,-0.044000,-0.183000,-0.710000,4.153000,71.160000,43.679000,26.46
0.090347,0.019000,-0.142000,-0.779000,23.160000,99.954000,43.618000,26.51
0.090763,0.658000,0.069000,-1.050000,5.435000,106.748000,30.183000,26.37
0.091208,0.984000,0.090000,-1.012000,-12.031000,114.916000,20.947000,26.41
0.091671,1.203000,0.193000,-0.787000,-10.977000,106.916000,17.206000,26.51
0.092201,1.136000,0.208000,-0.819000,-3.679000,75.023000,21.939000,26.46
0.092636,0.853000,0.084000,-0.825000,3.328000,66.992000,12.275000,26.51
0.093086,0.601000,-0.127000,-0.823000,-1.069000,77.328000,0.718000,26.41
0.093543,1.169000,0.240000,-1.139000,-6.580000,79.160000,23.573000,26.46
0.093985,1.448000,0.410000,-0.714000,0.519000,31.588000,11.405000,26.51
0.094481,0.838000,0.278000,-0.798000,18.489000,26.061000,10.336000,26.51
0.094959,0.593000,0.189000,-0.858000,25.527000,22.718000,12.321000,26.46
0.095422,0.632000,0.083000,-0.756000,31.359000,17.847000,14.901000,26.51
0.095868,0.753000,0.116000,-0.781000,28.260000,7.664000,17.405000,26.41
0.096446,0.661000,0.109000,-0.775000,41.771000,-3.496000,19.557000,26.46
0.097220,0.577000,0.115000,-0.786000,33.160000,4.305000,18.565000,26.51
0.097688,0.685000,0.016000,-0.815000,29.374000,7.069000,17.252000,26.41
0.098115,0.710000,-0.079000,-0.840000,24.092000,4.992000,13.969000,26.46
0.098549,0.664000,-0.046000,-0.839000,15.053000,9.618000,9.221000,26.41
0.098969,0.672000,-0.033000,-0.851000,9.542000,5.527000,4.504000,26.41
0.099382,0.635000,0.022000,-0.796000,5.420000,7.435000,2.183000,26.55
0.099791,0.640000,0.054000,-0.781000,4.321000,7.664000,1.481000,26.41
0.100202,0.673000,0.015000,-0.792000,2.504000,5.802000,1.420000,26.51
0.100636,0.635000,0.022000,-0.795000,2.519000,3.435000,0.061000,26.46
0.101146,0.618000,0.034000,-0.765000,0.641000,4.412000,0.076000,26.51
0.101674,0.624000,0.026000,-0.778000,-0.321000,4.718000,-0.092000,26.51
0.102246,0.623000,0.034000,-0.789000,-1.802000,5.298000,0.198000,26.46
0.102733,0.623000,0.033000,-0.778000,-0.733000,4.015000,0.061000,26.51
0.103197,0.690000,-0.001000,-0.805000,-0.321000,0.733000,-1.328000,26.51
0.103661,0.563000,-0.003000,-0.813000,-1.466000,-2.580000,-1.588000,26.46
0.104110,0.572000,-0.015000,-0.833000,-1.053000,-2.443000,-0.885000,26.51
0.104585,0.569000,-0.012000,-0.829000,-2.992000,-6.397000,-0.595000,26.60
0.105079,0.558000,-0.020000,-0.812000,-2.137000,-10.366000,-0.214000,26.55
0.105555,0.560000,-0.013000,-0.800000,-4.260000,-2.260000,0.000000,26.51
0.105995,0.558000,0.003000,-0.800000,-2.275000,2.260000,0.427000,26.51
0.116851,0.559000,-0.018000,-0.805000,-2.015000,2.611000,-0.183000,26.55
0.123847,0.543000,-0.002000,-0.815000,-1.618000,2.519000,-0.244000,26.60
0.136205,0.553000,-0.011000,-0.815000,-1.420000,3.115000,-0.427000,26.51
0.143166,0.551000,-0.009000,-0.808000,-0.824000,1.908000,-0.611000,26.55
0.155676,0.559000,-0.004000,-0.814000,-0.504000,0.870000,-0.473000,26.51
0.162721,0.561000,-0.013000,-0.804000,-0.427000,0.672000,-0.794000,26.46
0.174928,0.549000,-0.011000,-0.817000,-0.260000,0.290000,-0.519000,26.55
0.182272,0.559000,-0.029000,-0.821000,-0.351000,0.153000,-0.962000,26.60
0.194174,0.545000,-0.022000,-0.828000,-0.366000,0.595000,-1.344000,26.55
0.206745,0.552000,-0.016000,-0.838000,-0.122000,0.473000,-1.511000,26.46
0.213863,0.553000,-0.017000,-0.829000,-0.015000,0.351000,-1.618000,26.60
0.226219,0.554000,-0.015000,-0.824000,0.183000,0.229000,-1.710000,26.46
0.233220,0.552000,-0.001000,-0.834000,0.183000,0.412000,-1.450000,26.46
0.245439,0.545000,-0.001000,-0.829000,0.031000,1.435000,-1.450000,26.51
0.256817,0.537000,-0.003000,-0.834000,-0.427000,3.481000,-1.008000,26.55
0.264870,0.539000,-0.001000,-0.834000,-0.748000,6.336000,-0.794000,26.46
0.271966,0.541000,0.000000,-0.839000,-1.008000,9.008000,-0.153000,26.60
0.284501,0.527000,0.008000,-0.854000,-1.405000,13.634000,0.092000,26.55
0.296860,0.512000,0.021000,-0.863000,-3.115000,20.565000,0.870000,26.55
0.304277,0.495000,0.027000,-0.881000,-4.748000,29.115000,1.832000,26.41
0.316239,0.554000,0.026000,-0.865000,-11.237000,31.252000,1.237000,26.55
0.323369,0.428000,0.045000,-0.957000,-16.931000,49.832000,2.031000,26.46
0.335550,0.445000,-0.016000,-0.930000,-20.840000,68.229000,-2.855000,26.41
0.342652,0.438000,0.028000,-0.955000,-22.427000,79.802000,-6.336000,26.46
0.354729,0.467000,0.013000,-0.982000,-27.038000,99.053000,-3.420000,26.65
0.366696,0.390000,-0.022000,-1.017000,-44.779000,103.603000,20.977000,26.51
0.373704,0.460000,0.171000,-1.173000,-39.802000,108.885000,53.008000,26.55
0.385914,0.525000,0.208000,-1.113000,-46.565000,116.855000,66.550000,26.60
0.392558,0.657000,0.197000,-1.106000,-46.214000,121.511000,76.351000,26.51
0.404949,0.571000,0.369000,-1.102000,-26.443000,117.969000,79.588000,26.55
0.416912,0.314000,0.359000,-1.312000,-6.672000,103.557000,80.336000,26.51
0.424166,0.054000,0.346000,-1.382000,1.939000,89.557000,79.939000,26.41
0.436259,-0.069000,0.295000,-1.482000,-13.863000,70.977000,80.824000,26.46
0.443405,-0.120000,0.381000,-1.482000,-30.473000,50.992000,70.550000,26.51
0.455411,0.005000,0.413000,-1.601000,-52.061000,29.908000,56.702000,26.51
0.462076,-0.123000,0.479000,-1.455000,-51.832000,-6.000000,42.641000,26.55
0.474586,-0.208000,0.415000,-1.350000,-50.748000,-29.542000,31.115000,26.60
0.486253,-0.193000,0.341000,-1.287000,-51.985000,-40.595000,21.435000,26.51
0.493040,-0.120000,0.308000,-1.257000,-54.290000,-53.450000,11.725000,26.51
0.505362,-0.050000,0.323000,-1.240000,-52.046000,-64.015000,2.656000,26.41
0.512256,0.005000,0.312000,-1.204000,-45.969000,-74.611000,-8.076000,26.60
0.524039,0.057000,0.291000,-1.168000,-38.336000,-84.626000,-20.244000,26.55
0.536264,0.141000,0.276000,-1.149000,-30.000000,-88.122000,-32.809000,26.51
0.543104,0.210000,0.256000,-1.115000,-20.626000,-91.374000,-45.405000,26.46
0.555356,0.306000,0.256000,-1.092000,-14.702000,-105.435000,-57.924000,26.51
0.566972,0.374000,0.239000,-1.105000,-8.794000,-106.947000,-66.809000,26.60
0.573960,0.455000,0.205000,-1.094000,-0.885000,-113.038000,-73.191000,26.46
0.585823,0.468000,0.159000,-1.073000,-0.122000,-110.519000,-77.298000,26.46
0.592819,0.546000,0.155000,-1.072000,-3.511000,-117.969000,-79.160000,26.51
0.605122,0.566000,0.112000,-1.100000,-3.557000,-117.130000,-78.092000,26.46
0.619494,0.589000,0.098000,-1.064000,-7.969000,-111.649000,-74.962000,26.60
0.623449,0.694000,0.041000,-1.045000,-13.557000,-108.763000,-69.847000,26.51
0.635378,0.776000,-0.035000,-1.019000,-25.573000,-103.710000,-66.626000,26.46
0.642043,0.890000,-0.022000,-0.990000,-30.733000,-118.702000,-61.557000,26.55
0.653672,0.900000,-0.025000,-0.921000,-34.580000,-118.931000,-55.817000,26.51
0.665626,0.868000,-0.021000,-0.848000,-30.977000,-123.420000,-47.939000,26.46
0.672365,0.849000,-0.053000,-0.762000,-30.198000,-118.824000,-40.519000,26.51
0.684183,0.849000,-0.080000,-0.683000,-32.260000,-111.878000,-33.282000,26.51
0.696251,0.855000,-0.078000,-0.609000,-36.855000,-104.412000,-26.916000,26.55
0.702684,0.849000,-0.061000,-0.532000,-39.771000,-96.748000,-21.954000,26.51
0.714865,0.865000,-0.042000,-0.430000,-39.863000,-85.328000,-18.779000,26.51
0.726981,0.915000,0.001000,-0.337000,-36.321000,-72.550000,-15.954000,26.55
0.733847,0.985000,0.008000,-0.272000,-34.092000,-58.397000,-14.718000,26.60
0.745934,1.049000,0.005000,-0.186000,-34.107000,-49.435000,-16.519000,26.46
0.752465,1.064000,0.000000,-0.094000,-34.458000,-40.641000,-19.435000,26.46
0.764605,1.038000,0.044000,-0.007000,-30.046000,-28.473000,-23.740000,26.51
0.776731,1.049000,0.078000,-0.020000,-24.901000,-9.847000,-29.130000,26.46
0.783753,1.122000,0.051000,-0.079000,-28.824000,8.870000,-38.565000,26.55
0.795949,1.188000,0.017000,-0.124000,-36.641000,14.916000,-50.443000,26.51
0.802815,0.937000,0.468000,-0.571000,-20.092000,18.611000,-59.481000,26.46
0.815277,0.765000,0.172000,0.504000,82.595000,27.405000,-48.916000,26.55
0.820760,1.334000,-0.697000,0.678000,79.908000,116.947000,-43.756000,26.60
0.833950,0.316000,-0.228000,-0.279000,101.725000,111.069000,-48.992000,26.46
0.846048,0.256000,-0.250000,-1.694000,81.908000,99.802000,-41.282000,26.55
0.853165,-0.436000,-0.564000,-1.100000,79.130000,88.733000,14.504000,26.51
0.865200,-0.310000,-0.922000,-0.894000,69.115000,158.687000,54.840000,26.37
0.876997,1.322000,-0.623000,-1.401000,10.870000,211.710000,43.527000,26.55
0.884158,2.163000,0.464000,-1.169000,13.450000,155.328000,22.275000,26.51
0.896472,1.374000,0.390000,-1.103000,42.748000,118.397000,10.000000,26.46
0.903513,1.548000,0.342000,-1.428000,46.061000,129.573000,10.214000,26.60
0.915799,1.245000,-0.090000,-0.935000,43.664000,94.840000,13.603000,26.51
0.922873,0.622000,-0.068000,-0.916000,27.420000,87.008000,8.397000,26.55
0.934971,0.738000,0.159000,-0.863000,29.191000,61.908000,16.397000,26.51
0.947123,0.918000,0.211000,-0.774000,36.824000,62.137000,23.038000,26.51
0.954301,0.910000,0.038000,-0.907000,43.771000,42.427000,25.939000,26.46
0.966421,0.713000,-0.061000,-0.885000,41.588000,34.916000,27.573000,26.41
0.973485,0.664000,-0.081000,-0.919000,30.153000,32.275000,21.802000,26.51
0.985752,0.698000,-0.141000,-0.925000,28.794000,13.740000,17.618000,26.37
0.992809,0.605000,-0.066000,-0.869000,21.542000,9.496000,13.008000,26.51
1.005080,0.553000,-0.066000,-0.893000,14.260000,15.725000,8.779000,26.60
1.012603,0.562000,-0.101000,-0.860000,5.939000,22.000000,4.992000,26.46
1.024229,0.624000,-0.082000,-0.854000,2.763000,16.779000,1.344000,26.51
1.036655,0.574000,0.004000,-0.821000,1.206000,8.962000,-1.481000,26.55
1.043628,0.583000,0.046000,-0.811000,-1.328000,14.351000,-1.420000,26.41
1.056368,0.602000,0.058000,-0.791000,-1.237000,13.954000,-0.397000,26.51
1.063288,0.592000,0.052000,-0.795000,-1.221000,14.183000,0.809000,26.55
1.075585,0.586000,0.045000,-0.791000,0.916000,9.069000,2.122000,26.55
1.082910,0.561000,0.078000,-0.792000,4.550000,3.542000,4.305000,26.60
1.095402,0.546000,0.086000,-0.776000,4.565000,11.740000,6.107000,26.55
1.102671,0.517000,0.067000,-0.839000,5.588000,14.748000,6.550000,26.51
1.115068,0.564000,-0.038000,-0.794000,-1.221000,18.626000,6.244000,26.51
1.122267,0.564000,0.013000,-0.805000,-2.885000,17.618000,3.878000,26.55
1.134425,0.608000,-0.019000,-0.816000,-2.366000,12.382000,2.061000,26.55
1.146685,0.604000,-0.008000,-0.795000,-2.702000,15.130000,1.008000,26.51
1.153973,0.619000,0.026000,-0.804000,-4.519000,19.588000,0.763000,26.46
1.166166,0.584000,0.047000,-0.763000,-4.061000,11.725000,1.145000,26.51
1.173463,0.517000,0.085000,-0.800000,-4.168000,11.969000,2.397000,26.51
1.185735,0.544000,0.049000,-0.818000,-5.573000,24.366000,2.580000,26.55
1.193010,0.551000,0.007000,-0.823000,-9.618000,30.733000,0.687000,26.46
1.205058,0.576000,-0.007000,-0.847000,-10.855000,38.092000,-1.221000,26.60
1.211958,0.643000,0.007000,-0.784000,-9.328000,41.588000,-4.794000,26.55
1.224184,0.615000,0.014000,-0.788000,-11.328000,45.221000,-6.641000,26.41
1.236634,0.607000,0.060000,-0.793000,-7.573000,44.824000,-6.580000,26.51
1.243660,0.623000,0.020000,-0.795000,-9.359000,55.908000,-4.229000,26.55
1.255920,0.616000,0.074000,-0.827000,-8.336000,66.580000,-4.382000,26.55
1.263049,0.603000,0.059000,-0.810000,-5.496000,72.443000,-1.786000,26.51
1.275180,0.613000,0.049000,-0.825000,-8.046000,70.580000,-0.321000,26.46
1.282557,0.538000,0.010000,-0.927000,-7.786000,74.687000,8.107000,26.51
1.294696,0.670000,-0.062000,-0.884000,5.603000,87.664000,12.931000,26.41
1.300389,0.635000,0.005000,-0.854000,4.977000,98.183000,12.947000,26.55
1.314084,0.672000,-0.090000,-0.851000,7.130000,108.595000,10.504000,26.51
1.326227,0.630000,-0.058000,-0.882000,11.282000,118.351000,5.939000,26.41
1.333220,0.663000,-0.041000,-0.965000,16.947000,138.855000,6.229000,26.46
1.345643,0.620000,0.012000,-0.979000,26.443000,150.947000,5.939000,26.51
1.352508,0.547000,0.140000,-1.046000,40.153000,164.137000,8.458000,26.60
1.364794,0.688000,0.184000,-1.110000,53.435000,168.321000,13.710000,26.55
1.376982,0.663000,0.083000,-1.074000,77.649000,196.427000,15.313000,26.60
1.384072,1.037000,0.192000,-0.935000,95.756000,244.611000,19.359000,26.51
1.396280,0.648000,0.125000,-1.088000,93.786000,273.099000,27.847000,26.46
1.403319,0.771000,0.015000,-1.233000,95.588000,359.191000,29.969000,26.60
1.415582,1.498000,-0.344000,-1.763000,53.115000,355.191000,23.573000,26.60
1.422472,1.048000,-0.360000,-1.186000,41.618000,336.290000,18.809000,26.55
1.434467,1.420000,-0.151000,-1.534000,17.740000,327.313000,17.298000,26.51
1.446589,1.059000,0.255000,-1.188000,29.985000,363.282000,23.496000,26.60
1.453867,1.606000,0.340000,-1.266000,76.885000,308.656000,35.710000,26.55
1.465763,1.564000,0.229000,-1.579000,100.244000,213.008000,36.382000,26.51
1.472745,0.579000,0.010000,-2.102000,53.405000,174.458000,30.901000,26.51
1.484862,-0.302000,-0.395000,-2.030000,-7.466000,115.405000,44.931000,26.55
1.496998,0.138000,0.014000,-2.167000,-43.603000,79.420000,64.565000,26.41
1.503833,-0.073000,0.242000,-1.548000,-49.282000,2.916000,85.252000,26.55
1.516233,-0.028000,0.344000,-1.427000,-51.649000,-33.634000,97.313000,26.55
1.523060,-0.071000,0.325000,-1.172000,-55.053000,-60.397000,98.168000,26.51
1.534897,-0.039000,0.335000,-0.949000,-61.237000,-93.282000,91.160000,26.55
1.546879,-0.037000,0.413000,-0.912000,-76.183000,-78.641000,78.748000,26.55
1.553866,0.099000,0.467000,-0.845000,-74.061000,-101.160000,65.679000,26.60
1.565936,0.225000,0.476000,-0.848000,-70.336000,-112.427000,49.939000,26.55
1.572784,0.317000,0.435000,-0.827000,-68.412000,-132.809000,32.076000,26.46
1.584922,0.416000,0.372000,-0.842000,-74.168000,-146.855000,14.748000,26.51
1.596781,0.494000,0.299000,-0.854000,-83.160000,-162.824000,-0.977000,26.55
1.603550,0.578000,0.228000,-0.875000,-92.244000,-180.244000,-13.740000,26.46
1.615453,0.660000,0.158000,-0.904000,-102.824000,-194.855000,-23.282000,26.51
1.627071,0.756000,0.076000,-0.922000,-115.206000,-212.809000,-31.145000,26.46
1.633465,0.852000,-0.025000,-0.921000,-127.420000,-225.267000,-34.137000,26.37
1.645564,0.903000,-0.101000,-0.900000,-137.405000,-244.092000,-33.557000,26.51
1.652039,0.958000,-0.160000,-0.855000,-147.374000,-247.282000,-28.840000,26.55
1.663864,0.989000,-0.217000,-0.858000,-153.115000,-248.427000,-22.443000,26.41
1.675468,1.018000,-0.267000,-0.862000,-156.275000,-243.618000,-16.137000,26.41
1.682170,1.073000,-0.310000,-0.898000,-157.450000,-239.359000,-10.641000,26.55
1.694056,1.156000,-0.291000,-0.929000,-158.611000,-234.550000,-8.305000,26.51
1.705785,1.247000,-0.220000,-0.956000,-157.145000,-229.252000,-10.366000,26.51
1.712358,1.310000,-0.110000,-0.970000,-151.939000,-225.527000,-19.435000,26.46
1.724657,1.389000,0.030000,-0.987000,-142.427000,-219.695000,-35.450000,26.51
1.736409,1.461000,0.162000,-0.960000,-126.595000,-219.359000,-58.489000,26.41
1.742988,1.507000,0.239000,-0.896000,-105.496000,-213.802000,-87.206000,26.55
1.755006,1.526000,0.198000,-0.810000,-81.618000,-208.000000,-119.710000,26.51
1.769850,1.515000,0.044000,-0.731000,-61.466000,-199.160000,-152.580000,26.51
1.773150,1.547000,-0.154000,-0.680000,-45.573000,-185.344000,-179.115000,26.55
1.785062,1.644000,-0.322000,-0.635000,-25.511000,-178.336000,-194.748000,26.51
1.796720,1.833000,-0.438000,-0.609000,-3.023000,-177.863000,-197.099000,26.60
1.803617,1.977000,-0.522000,-0.535000,15.618000,-174.504000,-188.046000,26.55
1.815250,1.999000,-0.628000,-0.302000,31.603000,-189.802000,-170.153000,26.60
1.822303,1.849000,-0.731000,-0.038000,31.252000,-183.527000,-147.374000,26.51
1.834333,1.668000,-0.843000,0.270000,17.817000,-157.359000,-120.031000,26.51
1.846365,1.542000,-1.006000,0.554000,-4.137000,-113.267000,-87.908000,26.51
1.853096,1.598000,-1.078000,0.767000,-28.092000,-62.458000,-51.206000,26.51
1.865043,1.694000,-1.061000,0.909000,-39.130000,-14.641000,-13.145000,26.55
1.877052,1.739000,-0.833000,0.955000,-25.099000,27.649000,21.435000,26.41
1.884481,1.789000,-0.670000,0.977000,0.031000,76.916000,49.023000,26.46
1.896752,1.972000,-0.612000,1.092000,27.038000,134.168000,78.443000,26.60
1.903479,0.296000,-0.108000,0.251000,67.282000,156.519000,77.695000,26.60
1.915704,1.097000,0.659000,-1.922000,44.748000,158.137000,50.229000,26.55
1.923006,0.383000,0.867000,-1.284000,66.794000,139.740000,42.336000,26.55
1.934994,0.157000,0.187000,-0.547000,87.344000,179.527000,38.672000,26.51
1.947119,1.616000,-0.205000,-1.254000,55.527000,217.298000,13.969000,26.55
1.954115,1.797000,-0.426000,-1.154000,59.130000,155.603000,20.947000,26.51
1.966228,2.127000,-0.132000,-1.488000,39.573000,164.107000,36.321000,26.41
1.973166,1.820000,0.510000,-0.926000,62.382000,107.053000,24.885000,26.55
1.985036,0.970000,-0.139000,-0.930000,75.267000,37.756000,21.771000,26.55
1.992241,0.703000,-0.474000,-1.063000,50.107000,60.244000,26.290000,26.60
2.004552,0.878000,0.003000,-0.884000,34.718000,62.809000,22.840000,26.55
2.016657,1.032000,0.042000,-0.935000,41.954000,23.908000,21.466000,26.51
2.023600,0.624000,-0.132000,-0.943000,26.550000,30.458000,18.046000,26.51
2.035937,0.629000,-0.184000,-0.917000,22.794000,5.710000,12.031000,26.55
2.043426,0.670000,-0.086000,-0.893000,12.260000,6.061000,7.282000,26.55
2.055554,0.637000,-0.012000,-0.863000,3.527000,14.733000,3.069000,26.51
2.062603,0.579000,0.016000,-0.853000,-0.702000,19.863000,1.863000,26.55
2.074555,0.626000,-0.020000,-0.836000,-0.595000,13.221000,1.588000,26.51
2.086813,0.613000,-0.020000,-0.816000,-3.908000,15.695000,-0.122000,26.51
2.093989,0.565000,0.053000,-0.827000,-4.443000,15.374000,-0.427000,26.46
2.106483,0.531000,0.091000,-0.819000,-4.046000,22.000000,1.313000,26.51
2.113606,0.555000,0.068000,-0.814000,-1.115000,19.069000,3.084000,26.51
2.125989,0.603000,0.042000,-0.806000,-0.870000,19.511000,4.031000,26.55
2.133093,0.593000,0.056000,-0.781000,-1.176000,19.603000,4.153000,26.51
2.145446,0.585000,0.036000,-0.781000,-0.809000,18.962000,3.664000,26.51
2.152597,0.605000,0.016000,-0.786000,-1.481000,18.840000,3.924000,26.46
2.165077,0.617000,0.014000,-0.766000,-1.511000,16.840000,3.298000,26.51
2.172072,0.597000,0.025000,-0.758000,-3.130000,17.008000,2.794000,26.51
2.184470,0.562000,0.068000,-0.771000,-1.954000,17.817000,3.084000,26.46
2.197126,0.558000,0.069000,-0.798000,-1.863000,19.053000,4.855000,26.60
2.204573,0.549000,0.056000,-0.781000,-1.511000,19.389000,5.206000,26.51
2.216496,0.556000,0.021000,-0.790000,-2.580000,23.802000,4.092000,26.46
2.223777,0.555000,0.007000,-0.815000,-5.084000,28.351000,3.405000,26.51
2.236205,0.728000,0.012000,-0.732000,-5.160000,31.282000,0.031000,26.55
2.242891,0.619000,-0.029000,-0.784000,-7.893000,31.252000,-2.565000,26.46
2.255442,0.634000,0.061000,-0.742000,-5.954000,31.893000,-3.221000,26.51
2.262548,0.646000,0.027000,-0.755000,-7.023000,37.252000,-2.855000,26.60
2.275415,0.647000,0.003000,-0.750000,-8.427000,27.191000,-2.015000,26.46
2.289031,0.658000,0.010000,-0.725000,-6.015000,38.534000,-3.969000,26.51
2.294671,0.627000,0.032000,-0.742000,-7.053000,19.802000,-1.206000,26.60
2.306260,0.604000,0.064000,-0.780000,-5.298000,49.084000,-1.954000,26.46
2.313824,0.597000,0.086000,-0.806000,-8.473000,54.046000,-0.626000,26.51
2.325496,0.675000,0.083000,-0.765000,-5.664000,64.412000,0.275000,26.55
2.332435,0.684000,0.029000,-0.794000,-15.084000,65.191000,4.031000,26.46
2.344905,0.668000,0.045000,-0.748000,-11.847000,60.687000,6.702000,26.51
2.350653,0.581000,0.000000,-0.880000,-13.008000,78.351000,10.137000,26.55
2.364514,0.680000,-0.146000,-0.892000,8.473000,97.893000,5.221000,26.55
2.376497,0.636000,-0.024000,-0.833000,-5.847000,107.023000,5.634000,26.41
2.383531,0.613000,-0.058000,-0.763000,0.977000,117.939000,-2.733000,26.55
2.395720,0.652000,0.012000,-0.817000,-4.015000,122.137000,-6.000000,26.46
2.402735,0.691000,0.077000,-0.792000,8.000000,120.443000,-3.939000,26.51
2.415021,0.584000,0.144000,-0.926000,12.992000,132.779000,3.557000,26.46
2.422090,0.716000,0.159000,-0.873000,17.771000,144.229000,10.885000,26.55
2.434188,0.705000,0.130000,-0.947000,24.580000,156.672000,19.130000,26.51
2.446610,0.882000,0.166000,-1.003000,32.687000,164.397000,21.863000,26.55
2.453182,0.903000,0.046000,-0.761000,51.069000,162.214000,25.466000,26.55
2.465412,0.930000,-0.026000,-0.699000,55.328000,155.084000,27.145000,26.51
2.472450,1.090000,-0.039000,-0.705000,57.145000,157.023000,26.885000,26.46
2.484461,1.073000,-0.091000,-0.610000,50.382000,131.588000,17.924000,26.55
2.496771,0.793000,-0.009000,-0.553000,50.305000,124.122000,19.084000,26.51
2.503666,0.870000,0.067000,-0.555000,61.206000,111.176000,17.298000,26.55
2.515919,0.901000,0.044000,-0.639000,61.832000,95.420000,15.115000,26.55
2.523092,0.719000,0.201000,-1.080000,39.939000,73.695000,5.008000,26.51
2.535351,0.299000,0.318000,-1.175000,25.939000,29.969000,-0.809000,26.46
2.542965,0.008000,0.181000,-1.185000,11.115000,1.206000,1.908000,26.55
2.554892,-0.053000,0.007000,-1.206000,-17.115000,-27.130000,13.053000,26.51
2.566544,-0.056000,-0.068000,-1.122000,-48.580000,-51.130000,33.023000,26.55
2.573709,-0.088000,0.028000,-1.069000,-65.756000,-77.969000,52.061000,26.55
2.585653,-0.109000,0.012000,-0.920000,-77.908000,-94.092000,65.252000,26.41
2.592523,0.083000,0.036000,-0.913000,-92.260000,-107.802000,70.595000,26.37
2.604484,0.365000,0.133000,-0.890000,-102.153000,-123.053000,70.031000,26.46
2.616199,0.587000,0.167000,-0.761000,-103.786000,-134.840000,62.687000,26.51
2.622775,0.780000,0.031000,-0.571000,-105.130000,-139.099000,50.336000,26.46
2.634739,1.060000,0.010000,-0.387000,-104.794000,-136.947000,32.473000,26.60
2.646975,1.162000,-0.155000,-0.141000,-98.198000,-124.214000,16.901000,26.51
2.653539,1.368000,-0.327000,-0.038000,-85.206000,-107.969000,7.023000,26.46
2.665733,1.611000,-0.497000,0.040000,-70.412000,-91.084000,7.252000,26.60
2.672814,1.755000,-0.527000,0.191000,-51.802000,-70.153000,14.748000,26.60
2.684822,1.976000,-0.601000,0.292000,-39.695000,-50.916000,21.389000,26.37
2.696871,1.920000,-0.527000,0.526000,-22.382000,-26.458000,22.092000,26.51
2.704457,1.969000,-0.546000,0.602000,-5.985000,-0.321000,19.695000,26.51
2.716304,1.954000,-0.558000,0.580000,10.198000,22.229000,17.221000,26.55
2.723561,1.803000,-0.597000,0.484000,24.412000,38.290000,15.008000,26.51
2.741868,1.082000,-0.313000,-0.314000,22.855000,25.985000,3.573000,26.51
2.742658,0.293000,-0.127000,-0.616000,20.031000,10.321000,-8.611000,26.55
2.754581,0.632000,-0.198000,-0.375000,15.695000,12.779000,-9.786000,26.51
2.760419,1.026000,-0.124000,-0.431000,9.939000,6.305000,-19.786000,26.51
2.773876,0.875000,-0.122000,-0.490000,8.214000,-4.031000,-23.099000,26.46
2.786288,0.789000,-0.034000,-0.575000,3.084000,-8.504000,-22.366000,26.51
2.793321,0.839000,0.046000,-0.579000,-2.718000,-11.252000,-17.664000,26.51
2.805318,0.846000,0.090000,-0.579000,-6.718000,-14.336000,-10.779000,26.55
2.812080,0.782000,0.062000,-0.658000,-10.000000,-14.137000,-2.977000,26.51
2.824526,0.735000,0.058000,-0.698000,-12.595000,-13.802000,5.176000,26.51
2.836767,0.761000,0.067000,-0.656000,-14.076000,-9.863000,12.733000,26.37
2.843414,0.763000,0.050000,-0.693000,-14.534000,-5.679000,18.382000,26.60
2.855732,0.768000,-0.021000,-0.667000,-13.954000,-3.389000,20.885000,26.51
2.862416,0.765000,-0.063000,-0.658000,-12.260000,-1.634000,19.206000,26.46
2.874718,0.758000,-0.106000,-0.672000,-9.053000,-0.412000,15.802000,26.51
2.880487,0.750000,-0.135000,-0.655000,-6.290000,1.023000,10.122000,26.51
2.894089,0.746000,-0.144000,-0.653000,-3.282000,1.832000,3.603000,26.46
2.906779,0.748000,-0.131000,-0.630000,-1.496000,3.099000,-2.290000,26.60
2.913550,0.755000,-0.107000,-0.628000,-0.611000,2.214000,-6.702000,26.55
2.926256,0.763000,-0.085000,-0.617000,0.641000,4.366000,-9.649000,26.60
2.936138,0.769000,-0.071000,-0.596000,0.779000,2.702000,-10.519000,26.60
2.945504,0.779000,-0.044000,-0.608000,0.046000,2.031000,-9.969000,26.55
2.952864,0.799000,-0.027000,-0.605000,-1.206000,1.252000,-8.443000,26.55
2.964784,0.782000,-0.007000,-0.627000,-2.168000,0.779000,-6.168000,26.51
2.976943,0.773000,-0.004000,-0.618000,-3.359000,-0.412000,-3.985000,26.55
2.983989,0.765000,-0.010000,-0.612000,-5.023000,-0.397000,-2.504000,26.60
2.996307,0.765000,-0.028000,-0.612000,-5.924000,2.473000,-1.176000,26.51
3.004140,0.775000,-0.051000,-0.618000,-5.359000,2.840000,-1.145000,26.55
3.015532,0.770000,-0.063000,-0.622000,-4.366000,2.855000,-2.092000,26.55
3.022626,0.763000,-0.053000,-0.615000,-3.313000,2.824000,-3.389000,26.60
3.035227,0.760000,-0.053000,-0.627000,-2.076000,2.931000,-4.290000,26.55
3.041910,0.770000,-0.040000,-0.630000,-1.802000,4.076000,-4.824000,26.60
3.054287,0.761000,-0.031000,-0.625000,-1.191000,5.176000,-4.534000,26.51
3.066317,0.770000,-0.018000,-0.630000,-0.855000,6.061000,-4.015000,26.46
3.075961,0.773000,-0.024000,-0.616000,-0.443000,5.496000,-3.206000,26.55
3.085914,0.777000,-0.031000,-0.606000,-0.947000,4.672000,-1.939000,26.60
3.094044,0.779000,-0.020000,-0.606000,-1.420000,4.000000,-0.824000,26.55
3.105208,0.780000,-0.046000,-0.605000,-2.061000,3.374000,-0.015000,26.60
3.112119,0.774000,-0.033000,-0.607000,-1.893000,1.786000,0.641000,26.51
3.124588,0.774000,-0.041000,-0.613000,-2.565000,2.489000,1.130000,26.55
3.132441,0.761000,-0.032000,-0.628000,-2.565000,2.519000,1.511000,26.51
3.144367,0.760000,-0.043000,-0.614000,-2.641000,3.023000,1.527000,26.51
3.161908,0.771000,-0.053000,-0.624000,-1.832000,3.481000,0.733000,26.65
3.165233,0.762000,-0.059000,-0.614000,-1.832000,4.321000,-0.458000,26.41
3.176834,0.762000,-0.065000,-0.619000,-1.588000,4.275000,-1.328000,26.51
3.182931,0.771000,-0.054000,-0.607000,-1.573000,4.031000,-1.969000,26.55
3.195404,0.764000,-0.048000,-0.629000,-1.328000,4.595000,-2.321000,26.51
3.202196,0.762000,-0.042000,-0.625000,-0.901000,4.412000,-2.519000,26.51
3.214639,0.772000,-0.052000,-0.601000,-0.748000,3.893000,-2.565000,26.55
3.226912,0.774000,-0.048000,-0.598000,-0.595000,3.115000,-2.534000,26.60
3.240227,0.779000,-0.036000,-0.591000,-1.359000,2.947000,-2.137000,26.51
3.246275,0.784000,-0.039000,-0.587000,-1.954000,2.611000,-1.969000,26.46
3.253224,0.766000,-0.047000,-0.593000,-2.229000,1.847000,-2.290000,26.51
3.266451,0.776000,-0.053000,-0.587000,-2.137000,1.634000,-2.504000,26.51
3.273805,0.762000,-0.026000,-0.610000,-0.794000,2.031000,-3.221000,26.55
3.285202,0.774000,-0.029000,-0.594000,-0.702000,1.924000,-3.053000,26.60
3.292168,0.778000,-0.027000,-0.599000,-0.809000,0.885000,-2.290000,26.41
3.304117,0.775000,-0.046000,-0.577000,-1.420000,-0.718000,-1.939000,26.55
3.316405,0.765000,-0.053000,-0.586000,-1.634000,-3.282000,-1.328000,26.51
3.323376,0.766000,-0.029000,-0.581000,-1.954000,-4.824000,-1.374000,26.51
3.335949,0.763000,-0.058000,-0.578000,-3.878000,-5.221000,-1.740000,26.55
3.342478,0.757000,-0.087000,-0.559000,-3.176000,-7.176000,-4.336000,26.51
3.357160,0.747000,-0.044000,-0.626000,-6.260000,-7.664000,-8.412000,26.55
3.367245,0.772000,-0.059000,-0.590000,-10.046000,-6.137000,-10.290000,26.55
3.373634,0.754000,-0.083000,-0.618000,-8.687000,-8.870000,-11.771000,26.60
3.386515,0.749000,-0.049000,-0.638000,-9.053000,-5.313000,-14.061000,26.55
3.393159,0.745000,0.016000,-0.654000,-14.321000,-2.153000,-13.817000,26.55
3.405148,0.728000,0.047000,-0.666000,-11.130000,1.511000,-11.160000,26.51
3.412542,0.735000,0.061000,-0.708000,-9.908000,1.511000,-5.740000,26.55
3.424855,0.764000,0.038000,-0.693000,-5.664000,9.099000,-0.031000,26.46
3.436922,0.746000,0.004000,-0.725000,-1.985000,6.748000,2.107000,26.51
3.443849,0.769000,-0.022000,-0.684000,-2.763000,9.191000,4.779000,26.55
3.456814,0.745000,-0.022000,-0.732000,-0.336000,9.847000,5.802000,26.46
3.465766,0.756000,-0.049000,-0.747000,1.496000,11.328000,6.275000,26.51
3.476013,0.730000,-0.023000,-0.777000,4.885000,14.412000,6.840000,26.55
3.483407,0.700000,-0.014000,-0.779000,7.573000,14.015000,8.779000,26.65
3.495110,0.735000,-0.022000,-0.754000,10.382000,18.076000,11.313000,26.51
3.502740,0.724000,-0.022000,-0.786000,9.603000,21.908000,13.282000,26.51
3.515220,0.710000,-0.001000,-0.803000,12.626000,27.191000,15.038000,26.46
3.526618,0.766000,-0.033000,-0.763000,16.214000,32.427000,18.137000,26.51
3.535379,0.783000,-0.022000,-0.774000,15.160000,45.069000,19.160000,26.41
3.545905,0.809000,-0.058000,-0.686000,18.595000,38.168000,18.305000,26.65
3.553413,0.797000,-0.067000,-0.667000,14.824000,58.931000,18.809000,26.51
3.565405,0.789000,-0.085000,-0.638000,17.756000,51.969000,18.779000,26.60
3.572011,0.840000,-0.081000,-0.611000,14.931000,37.985000,15.695000,26.55
3.584097,0.818000,-0.074000,-0.585000,13.466000,56.244000,13.252000,26.60
3.596810,0.867000,-0.082000,-0.614000,12.718000,50.031000,11.649000,26.51
3.603410,0.851000,-0.050000,-0.611000,13.573000,58.641000,12.137000,26.46
3.615608,0.915000,-0.067000,-0.669000,11.817000,53.466000,11.771000,26.51
3.622798,0.893000,-0.085000,-0.613000,8.046000,50.458000,12.031000,26.51
3.635960,0.860000,-0.028000,-0.609000,9.008000,55.802000,11.191000,26.55
3.644026,0.795000,-0.025000,-0.611000,15.832000,49.420000,12.305000,26.60
3.656922,0.667000,0.057000,-0.623000,20.824000,46.733000,10.992000,26.55
3.667542,0.561000,0.075000,-0.708000,27.878000,34.931000,8.718000,26.55
3.677641,0.445000,0.164000,-0.903000,24.809000,17.939000,2.137000,26.60
3.686153,0.296000,0.217000,-0.971000,19.710000,1.176000,-4.031000,26.55
3.693454,0.222000,0.250000,-0.978000,12.290000,-15.542000,-9.420000,26.55
3.705512,0.205000,0.252000,-0.953000,4.992000,-28.183000,-14.366000,26.51
3.712647,0.280000,0.191000,-0.950000,-4.611000,-38.992000,-19.084000,26.46
3.724191,0.326000,0.171000,-0.924000,-11.679000,-48.473000,-23.084000,26.55
3.736497,0.371000,0.146000,-0.891000,-14.214000,-56.168000,-25.756000,26.41
3.744297,0.396000,0.100000,-0.829000,-14.458000,-61.435000,-27.649000,26.46
3.755208,0.473000,0.007000,-0.787000,-17.756000,-63.725000,-30.916000,26.55
3.761935,0.600000,-0.010000,-0.765000,-17.603000,-66.183000,-33.664000,26.60
3.779381,0.721000,-0.052000,-0.699000,-13.389000,-68.046000,-33.191000,26.46
3.785864,0.808000,-0.110000,-0.601000,-7.924000,-68.641000,-29.847000,26.46
3.792631,0.885000,-0.158000,-0.549000,-5.237000,-64.687000,-23.786000,26.60
3.811326,0.977000,-0.207000,-0.512000,-6.901000,-61.405000,-18.595000,26.55
3.816960,1.023000,-0.211000,-0.483000,-13.878000,-57.313000,-15.481000,26.55
3.823542,1.106000,-0.191000,-0.397000,-15.817000,-52.015000,-14.366000,26.51
3.835925,1.101000,-0.210000,-0.346000,-11.084000,-45.985000,-15.420000,26.55
3.844110,1.118000,-0.292000,-0.298000,-7.191000,-40.290000,-15.908000,26.55
3.854208,1.170000,-0.368000,-0.236000,-5.221000,-30.794000,-14.382000,26.60
3.866454,1.291000,-0.404000,-0.236000,-3.740000,-23.038000,-11.924000,26.55
3.873389,1.306000,-0.288000,-0.235000,1.954000,-11.557000,-10.336000,26.46
3.887125,1.247000,-0.081000,-0.294000,13.740000,4.977000,-8.870000,26.60
3.892544,1.116000,0.054000,-0.459000,22.947000,19.908000,-7.313000,26.46
3.904991,0.817000,0.219000,-0.668000,29.847000,28.947000,-4.336000,26.46
3.912368,0.530000,0.273000,-0.884000,33.008000,29.740000,-2.855000,26.51
3.924169,0.303000,0.291000,-1.043000,25.053000,27.069000,-5.176000,26.55
3.936432,0.214000,0.319000,-1.144000,14.427000,21.679000,-11.160000,26.55
3.944642,0.243000,0.307000,-1.193000,9.328000,11.878000,-17.847000,26.60
3.955985,0.241000,0.286000,-1.259000,7.374000,2.870000,-23.481000,26.46
3.963032,0.281000,0.336000,-1.298000,8.534000,0.260000,-26.611000,26.55
3.975846,0.302000,0.370000,-1.344000,10.534000,-5.115000,-27.649000,26.51
3.982117,0.179000,0.379000,-1.354000,2.061000,-9.542000,-29.466000,26.46
3.994139,0.098000,0.375000,-1.383000,-11.740000,-11.740000,-27.756000,26.51
4.006429,0.052000,0.352000,-1.398000,-23.664000,-17.756000,-21.802000,26.60
4.012906,-0.003000,0.283000,-1.412000,-33.588000,-27.542000,-12.580000,26.46
4.025152,-0.007000,0.191000,-1.395000,-45.893000,-38.198000,-4.641000,26.60
4.033706,0.006000,0.096000,-1.385000,-53.847000,-49.725000,-0.015000,26.51
4.044151,0.092000,0.022000,-1.344000,-57.878000,-61.664000,1.878000,26.46
4.056543,0.141000,-0.017000,-1.327000,-55.191000,-69.878000,4.015000,26.60
4.063196,0.293000,-0.080000,-1.294000,-53.725000,-84.000000,5.634000,26.51
4.075539,0.456000,-0.089000,-1.259000,-50.290000,-94.412000,6.763000,26.46
4.082628,0.512000,0.002000,-1.154000,-37.710000,-104.397000,3.221000,26.51
4.094176,0.532000,0.032000,-1.045000,-23.313000,-106.641000,-6.458000,26.51
4.106371,0.568000,0.061000,-0.970000,-8.870000,-103.969000,-21.847000,26.55
4.113684,0.627000,0.145000,-0.908000,4.427000,-99.924000,-38.092000,26.51
4.125535,0.707000,0.206000,-0.892000,21.359000,-91.664000,-56.137000,26.51
4.133354,0.752000,0.251000,-0.856000,32.000000,-89.008000,-74.611000,26.46
4.144875,0.812000,0.300000,-0.839000,43.695000,-75.603000,-92.046000,26.51
4.157572,0.808000,0.304000,-0.831000,51.695000,-72.931000,-105.817000,26.51
4.163498,0.771000,0.252000,-0.818000,58.534000,-63.588000,-113.725000,26.46
4.175598,0.809000,0.146000,-0.890000,45.985000,-57.924000,-117.969000,26.60
4.182769,0.947000,0.088000,-0.958000,24.855000,-56.092000,-114.046000,26.51
4.194401,0.904000,0.106000,-0.963000,18.061000,-79.527000,-100.076000,26.51
4.206606,0.729000,0.050000,-0.905000,14.153000,-90.046000,-80.275000,26.51
4.213311,0.581000,-0.066000,-0.831000,2.702000,-90.183000,-58.855000,26.46
4.225411,0.524000,-0.137000,-0.801000,-15.450000,-85.344000,-37.115000,26.46
4.232636,0.535000,-0.125000,-0.823000,-35.924000,-79.511000,-15.389000,26.41
4.244170,0.544000,-0.117000,-0.823000,-51.405000,-78.260000,5.206000,26.55
4.256774,0.547000,-0.127000,-0.814000,-64.656000,-77.466000,22.382000,26.51
4.263563,0.523000,-0.109000,-0.770000,-73.511000,-74.718000,35.542000,26.60
4.275334,0.479000,-0.063000,-0.705000,-80.275000,-63.160000,43.618000,26.55
4.281087,0.490000,0.013000,-0.651000,-75.130000,-66.458000,48.122000,26.46
4.294214,0.417000,0.076000,-0.662000,-71.344000,-60.885000,45.771000,26.51
4.306443,0.406000,0.125000,-0.651000,-64.351000,-54.366000,38.168000,26.55
4.313453,0.484000,0.149000,-0.752000,-62.504000,-49.939000,25.435000,26.51
4.325496,0.748000,0.187000,-0.816000,-62.290000,-59.176000,8.626000,26.60
4.332334,0.897000,0.248000,-0.797000,-58.260000,-80.198000,-10.397000,26.55
4.344251,0.854000,0.305000,-0.667000,-43.084000,-98.076000,-28.870000,26.55
4.356467,0.776000,0.244000,-0.472000,-25.695000,-99.634000,-45.099000,26.51
4.363645,0.796000,0.097000,-0.349000,-16.351000,-89.374000,-58.427000,26.55
4.375530,0.907000,0.005000,-0.252000,-12.153000,-75.679000,-64.840000,26.60
4.387338,1.037000,-0.074000,-0.198000,-7.954000,-61.939000,-64.550000,26.51
4.394129,1.146000,-0.102000,-0.115000,-3.893000,-49.313000,-58.336000,26.55
4.406132,1.206000,-0.157000,0.010000,-0.351000,-38.336000,-48.015000,26.51
4.413469,1.211000,-0.250000,0.090000,-4.565000,-24.718000,-37.038000,26.51
4.425272,1.222000,-0.334000,0.119000,-17.954000,-11.069000,-27.282000,26.55
4.437366,1.271000,-0.329000,0.036000,-31.863000,-5.756000,-15.206000,26.60
4.444454,0.891000,0.046000,0.697000,64.031000,10.901000,25.237000,26.41
4.456598,1.281000,-0.812000,1.122000,79.176000,91.847000,51.282000,26.46
4.463924,0.841000,0.015000,-1.063000,76.992000,116.809000,41.725000,26.51
4.475946,0.248000,0.260000,-1.695000,71.160000,82.198000,49.618000,26.51
4.482726,-0.562000,0.173000,-0.925000,66.229000,220.992000,57.160000,26.55
4.494980,1.055000,-0.355000,-1.174000,57.435000,222.748000,25.527000,26.51
4.507104,2.572000,-0.053000,-1.523000,44.092000,165.802000,17.679000,26.51
4.514144,1.855000,-0.170000,-1.387000,39.878000,122.931000,19.817000,26.55
4.526137,0.901000,-0.130000,-1.234000,28.031000,101.863000,9.664000,26.51
4.533087,0.427000,-0.214000,-0.968000,11.405000,106.397000,1.542000,26.60
4.546431,0.871000,0.194000,-1.098000,4.336000,136.565000,4.290000,26.46
4.552504,1.085000,0.407000,-0.701000,16.718000,93.557000,3.847000,26.60
4.564697,0.914000,0.240000,-0.830000,30.336000,67.878000,13.023000,26.60
4.576890,0.940000,0.015000,-0.922000,39.908000,47.389000,20.550000,26.55
4.584043,0.813000,-0.086000,-0.966000,31.496000,42.656000,16.092000,26.51
4.596330,0.750000,-0.176000,-0.992000,26.794000,30.504000,16.168000,26.60
4.603386,0.618000,-0.109000,-0.938000,13.374000,35.557000,11.084000,26.55
4.615760,0.580000,-0.040000,-0.913000,5.679000,34.076000,6.931000,26.51
4.623047,0.590000,-0.043000,-0.873000,4.412000,24.458000,5.252000,26.60
4.635242,0.618000,0.003000,-0.862000,-0.336000,24.626000,3.221000,26.46
4.642683,0.570000,0.048000,-0.844000,-1.328000,22.702000,1.176000,26.51
4.654881,0.546000,0.058000,-0.825000,-2.061000,23.374000,0.443000,26.46
4.666976,0.567000,0.065000,-0.805000,-0.656000,23.237000,0.672000,26.55
4.674681,0.578000,0.090000,-0.783000,1.679000,20.641000,2.427000,26.60
4.686996,0.573000,0.106000,-0.781000,5.695000,19.847000,3.893000,26.55
4.693999,0.544000,0.133000,-0.776000,9.252000,19.298000,5.252000,26.55
4.706455,0.532000,0.109000,-0.789000,12.870000,19.618000,8.809000,26.51
4.713553,0.567000,0.068000,-0.794000,13.695000,19.908000,8.916000,26.55
4.725903,0.584000,0.077000,-0.783000,12.489000,20.473000,9.527000,26.46
4.733409,0.559000,0.081000,-0.779000,13.084000,22.519000,10.000000,26.60
4.745526,0.496000,0.097000,-0.754000,12.962000,24.473000,9.985000,26.46
4.752411,0.506000,0.059000,-0.818000,11.771000,30.305000,9.145000,26.55
4.765044,0.619000,-0.163000,-0.816000,3.756000,29.221000,3.893000,26.51
4.776971,0.636000,-0.101000,-0.808000,-4.733000,29.481000,-1.267000,26.55
4.784105,0.590000,0.005000,-0.786000,-8.107000,28.794000,-2.443000,26.46
4.796446,0.573000,0.058000,-0.806000,-9.267000,24.061000,-3.206000,26.51
4.803429,0.607000,0.117000,-0.755000,-6.473000,26.763000,-1.053000,26.55
4.815910,0.503000,0.098000,-0.813000,-9.038000,34.733000,0.214000,26.60
4.822969,0.588000,0.063000,-0.747000,-13.939000,42.611000,1.756000,26.41
4.835157,0.545000,0.038000,-0.813000,-9.069000,38.015000,-0.763000,26.55
4.842368,0.536000,0.025000,-0.841000,-10.794000,51.756000,-2.763000,26.60
4.854451,0.713000,0.009000,-0.810000,-17.008000,49.435000,-8.824000,26.51
4.866076,0.642000,-0.040000,-0.799000,-13.466000,50.305000,-11.649000,26.46
4.873215,0.632000,0.079000,-0.804000,-9.557000,56.198000,-12.565000,26.60
4.885237,0.689000,0.036000,-0.828000,-12.626000,68.779000,-12.397000,26.51
4.892325,0.651000,0.073000,-0.819000,-8.977000,65.374000,-9.588000,26.55
4.904719,0.657000,0.058000,-0.824000,-2.351000,64.824000,-8.351000,26.51
4.916912,0.427000,0.076000,-1.108000,-19.145000,95.618000,10.992000,26.41
4.923970,0.626000,-0.154000,-0.941000,3.832000,102.244000,9.252000,26.46
4.936205,0.616000,0.113000,-0.923000,14.366000,129.802000,12.550000,26.51
4.943018,0.608000,-0.023000,-1.056000,-5.832000,138.183000,15.588000,26.51
4.955298,0.703000,-0.009000,-0.981000,17.649000,153.267000,13.359000,26.55
4.962023,0.518000,-0.042000,-0.972000,30.443000,173.176000,9.817000,26.51
4.974545,0.686000,0.013000,-0.962000,42.656000,186.779000,2.305000,26.60
4.986678,0.738000,0.048000,-0.765000,61.649000,221.985000,3.298000,26.55
4.993784,0.569000,0.192000,-1.246000,81.542000,302.489000,10.443000,26.60
5.005987,0.556000,0.188000,-1.309000,93.221000,223.313000,24.534000,26.51
5.013534,0.711000,0.141000,-1.379000,83.786000,407.802000,19.359000,26.55
5.025041,1.327000,-0.061000,-1.777000,60.840000,424.076000,30.198000,26.51
5.030918,1.179000,-0.498000,-1.333000,43.023000,360.779000,34.397000,26.46
5.044230,1.532000,0.043000,-1.572000,33.969000,272.901000,34.748000,26.51
5.056668,0.883000,0.329000,-1.382000,46.183000,282.519000,26.397000,26.51
5.063371,1.519000,0.157000,-1.303000,40.763000,284.153000,38.473000,26.46
5.075538,1.628000,0.297000,-2.074000,17.618000,237.679000,35.344000,26.55
5.082812,-0.119000,0.242000,-2.314000,5.298000,135.435000,33.405000,26.60
5.094695,-0.119000,-0.197000,-2.155000,-3.496000,92.366000,62.122000,26.55
5.106825,-0.169000,0.213000,-2.354000,-30.992000,12.809000,85.557000,26.51
5.114126,-0.414000,0.280000,-1.659000,-37.130000,-20.122000,106.198000,26.51
5.125630,-0.330000,0.323000,-1.437000,-46.183000,-65.588000,114.473000,26.55
5.132367,-0.339000,0.357000,-1.242000,-56.519000,-89.985000,116.458000,26.55
5.144242,-0.179000,0.399000,-1.057000,-71.847000,-95.969000,111.466000,26.60
5.156182,0.073000,0.443000,-0.948000,-58.412000,-176.321000,103.191000,26.55
5.163439,0.007000,0.542000,-1.034000,-90.992000,-79.420000,88.519000,26.51
5.174980,0.301000,0.558000,-0.992000,-81.053000,-145.359000,68.366000,26.51
5.186942,0.396000,0.552000,-0.995000,-77.130000,-169.420000,43.756000,26.55
5.193788,0.498000,0.501000,-1.011000,-76.931000,-191.481000,16.473000,26.55
5.205709,0.603000,0.457000,-1.012000,-79.344000,-200.550000,-12.748000,26.51
5.212663,0.678000,0.387000,-1.026000,-81.634000,-205.221000,-38.489000,26.55
5.224549,0.768000,0.306000,-1.036000,-78.672000,-219.221000,-58.931000,26.60
5.236581,0.933000,0.182000,-1.062000,-78.366000,-228.947000,-73.542000,26.51
5.243995,1.035000,0.049000,-1.045000,-81.588000,-240.733000,-81.756000,26.55
5.257514,1.103000,-0.058000,-1.030000,-87.664000,-253.863000,-84.947000,26.51
5.267034,1.124000,-0.104000,-0.993000,-89.710000,-259.359000,-81.878000,26.60
5.274116,1.181000,-0.167000,-0.986000,-89.481000,-259.847000,-73.191000,26.55
5.285477,1.223000,-0.224000,-0.977000,-91.649000,-258.183000,-62.107000,26.51
5.292055,1.249000,-0.219000,-0.979000,-96.901000,-252.427000,-52.794000,26.51
5.304053,1.292000,-0.156000,-1.008000,-101.557000,-246.565000,-48.275000,26.55
5.315661,1.343000,-0.048000,-1.030000,-103.145000,-241.695000,-48.840000,26.51
5.322241,1.417000,0.053000,-1.058000,-100.443000,-237.176000,-54.870000,26.60
5.334134,1.473000,0.111000,-1.056000,-95.573000,-235.954000,-65.740000,26.46
5.346253,1.522000,0.183000,-1.035000,-88.015000,-233.053000,-80.809000,26.51
5.352872,1.532000,0.181000,-0.944000,-75.573000,-228.214000,-99.908000,26.60
5.364946,1.493000,0.006000,-0.822000,-62.351000,-221.725000,-121.115000,26.55
5.376672,1.463000,-0.090000,-0.742000,-50.519000,-208.992000,-136.595000,26.41
5.383141,1.484000,-0.178000,-0.691000,-36.702000,-190.656000,-143.832000,26.51
5.394848,1.716000,-0.131000,-0.669000,-20.947000,-169.924000,-145.924000,26.46
5.407017,1.711000,-0.233000,-0.498000,-13.420000,-165.847000,-137.695000,26.41
5.413592,1.918000,-0.332000,-0.392000,-10.687000,-166.947000,-132.931000,26.51
5.425182,1.913000,-0.313000,-0.091000,-7.481000,-159.786000,-118.550000,26.46
5.432029,1.764000,-0.540000,0.194000,-8.595000,-147.893000,-98.809000,26.51
5.444263,1.714000,-0.727000,0.469000,-26.870000,-117.740000,-79.557000,26.60
5.456189,1.680000,-0.776000,0.696000,-45.893000,-79.557000,-57.221000,26.46
5.463074,1.653000,-0.705000,0.789000,-58.122000,-41.710000,-29.863000,26.60
5.475315,1.650000,-0.580000,0.759000,-65.664000,-3.573000,-2.443000,26.41
5.482322,1.490000,-0.228000,0.320000,-62.305000,23.618000,15.374000,26.46
5.494699,1.524000,0.026000,0.801000,11.023000,69.267000,42.107000,26.51
5.506617,1.658000,-0.174000,0.902000,52.000000,131.298000,31.542000,26.51
5.513794,1.867000,-0.087000,0.776000,92.870000,174.244000,35.176000,26.46
5.525964,0.562000,0.199000,0.077000,126.427000,196.137000,11.221000,26.51
5.532777,1.036000,0.465000,-1.955000,102.687000,193.099000,-17.771000,26.51
5.544720,0.516000,-0.289000,-1.404000,114.534000,185.328000,-1.817000,26.55
5.556892,0.397000,-0.998000,-1.049000,85.954000,197.954000,15.527000,26.51
5.563980,1.898000,-0.891000,-1.293000,38.595000,221.298000,17.756000,26.55
5.575907,1.715000,-0.480000,-1.271000,27.634000,170.061000,17.267000,26.55
5.582962,2.070000,0.578000,-1.096000,32.504000,130.977000,-1.359000,26.51
5.595151,1.432000,-0.074000,-0.984000,60.046000,82.275000,18.260000,26.55
5.602250,0.772000,-0.179000,-1.002000,52.473000,54.885000,21.527000,26.55
5.614457,0.756000,-0.067000,-0.916000,34.992000,70.137000,23.573000,26.41
5.626499,1.093000,0.103000,-0.896000,36.656000,60.229000,27.313000,26.55
5.633870,0.810000,0.089000,-0.905000,50.916000,12.626000,33.802000,26.51
5.645945,0.736000,-0.192000,-0.961000,45.969000,-3.496000,29.466000,26.51
5.652947,0.703000,-0.317000,-0.981000,21.817000,-0.763000,20.550000,26.46
5.665419,0.528000,-0.108000,-0.910000,3.160000,15.191000,11.969000,26.51
5.672315,0.559000,-0.015000,-0.903000,-4.351000,24.382000,10.366000,26.51
5.684484,0.564000,-0.031000,-0.829000,-4.534000,17.786000,9.954000,26.55
5.697209,0.532000,0.022000,-0.831000,-4.214000,15.282000,8.641000,26.51
5.703922,0.580000,0.030000,-0.824000,-5.084000,19.069000,7.542000,26.60
5.716696,0.602000,0.051000,-0.810000,-3.496000,18.382000,6.412000,26.46
5.723464,0.580000,0.091000,-0.796000,-0.443000,15.786000,5.679000,26.51
5.735898,0.589000,0.100000,-0.786000,2.015000,16.916000,5.557000,26.51
5.743271,0.555000,0.096000,-0.776000,3.649000,16.000000,4.885000,26.46
5.755652,0.520000,0.089000,-0.814000,5.939000,15.939000,5.160000,26.51
5.763079,0.604000,0.011000,-0.820000,2.214000,16.061000,5.221000,26.60
5.775439,0.538000,0.032000,-0.784000,0.931000,14.412000,5.420000,26.55
5.782464,0.560000,0.012000,-0.809000,-0.397000,15.771000,6.076000,26.51
5.795090,0.587000,0.015000,-0.781000,2.809000,3.145000,4.870000,26.51
5.802230,0.513000,0.045000,-0.827000,-0.595000,24.977000,4.321000,26.46
5.814413,0.553000,0.029000,-0.826000,-1.634000,28.580000,4.382000,26.51
5.827003,0.552000,0.022000,-0.798000,-4.275000,33.282000,2.962000,26.60
5.833906,0.557000,0.025000,-0.794000,-8.122000,38.168000,2.366000,26.46
5.846462,0.586000,0.025000,-0.794000,-10.107000,39.252000,1.328000,26.60
5.853124,0.687000,0.033000,-0.750000,-10.443000,44.794000,-0.046000,26.60
5.865717,0.559000,0.042000,-0.799000,-15.985000,49.588000,1.298000,26.55
5.872840,0.599000,0.056000,-0.778000,-8.855000,48.183000,-0.382000,26.60
5.884859,0.571000,0.032000,-0.827000,-10.382000,51.557000,0.748000,26.51
5.897282,0.709000,-0.017000,-0.773000,-10.962000,54.687000,1.328000,26.55
5.904041,0.596000,-0.006000,-0.796000,-12.305000,61.374000,-1.466000,26.51
5.916184,0.684000,-0.003000,-0.754000,-11.481000,61.588000,-4.519000,26.51
5.923513,0.678000,0.025000,-0.757000,-19.939000,62.092000,-2.565000,26.55
5.935441,0.638000,0.037000,-0.784000,-30.321000,59.038000,3.145000,26.51
5.942712,0.554000,0.114000,-0.927000,3.282000,91.069000,3.542000,26.51
5.954902,0.688000,0.208000,-0.636000,-13.710000,77.099000,12.763000,26.51
5.967059,0.576000,0.009000,-0.890000,-1.084000,105.832000,13.847000,26.60
5.973919,0.649000,-0.043000,-0.874000,-0.977000,118.977000,14.275000,26.46
5.986219,0.653000,-0.021000,-0.832000,4.168000,129.466000,12.702000,26.46
5.993125,0.672000,-0.050000,-0.912000,9.481000,136.305000,10.870000,26.51
6.005104,0.573000,-0.014000,-0.920000,18.427000,145.130000,12.427000,26.55
6.012033,0.620000,0.034000,-0.929000,15.389000,152.473000,9.847000,26.51
6.024492,0.624000,0.071000,-0.962000,19.618000,157.954000,7.389000,26.60
6.036644,0.810000,0.040000,-0.944000,25.527000,154.336000,8.687000,26.51
6.043649,0.782000,0.163000,-1.112000,40.748000,194.611000,14.061000,26.55
6.056084,0.756000,0.094000,-1.014000,60.015000,207.969000,22.382000,26.51
6.062767,0.819000,-0.012000,-1.097000,66.122000,242.122000,20.840000,26.55
6.074941,1.056000,0.055000,-1.044000,66.824000,255.802000,22.412000,26.51
6.080680,1.581000,-0.185000,-1.318000,23.573000,183.053000,18.504000,26.60
6.093890,1.205000,-0.082000,-1.133000,-11.710000,308.748000,22.977000,26.55
6.107101,1.057000,-0.139000,-0.828000,10.000000,282.656000,44.382000,26.65
6.113159,1.313000,0.190000,-1.002000,12.702000,274.031000,45.695000,26.60
6.125261,1.084000,0.387000,-0.661000,33.313000,255.649000,52.870000,26.65
6.132442,1.079000,0.149000,-1.313000,36.214000,194.656000,62.153000,26.60
6.144223,-0.154000,-0.387000,-1.573000,17.893000,106.947000,95.924000,26.51
6.156528,-0.356000,-0.685000,-1.381000,-31.099000,50.809000,157.618000,26.55
6.163084,0.014000,0.100000,-1.460000,-55.817000,13.252000,194.137000,26.46
6.175252,0.084000,0.411000,-1.224000,-63.893000,-31.756000,200.565000,26.51
6.182049,0.279000,0.697000,-1.087000,-68.702000,-83.527000,178.092000,26.46
6.193985,0.241000,0.894000,-0.727000,-67.160000,-121.939000,134.947000,26.60
6.206013,0.063000,0.992000,-0.433000,-53.374000,-150.595000,78.260000,26.51
6.212849,0.187000,0.868000,-0.372000,-24.702000,-173.511000,14.244000,26.37
6.224777,0.143000,0.767000,-0.364000,-47.405000,-137.389000,-47.069000,26.60
6.236694,0.270000,0.684000,-0.341000,-48.885000,-142.580000,-92.458000,26.51
6.243338,0.435000,0.565000,-0.390000,-38.519000,-153.435000,-123.328000,26.55
6.255258,0.528000,0.303000,-0.463000,-34.427000,-162.702000,-143.023000,26.51
6.260904,0.601000,0.046000,-0.505000,-37.695000,-169.053000,-152.718000,26.51
6.274087,0.695000,-0.134000,-0.610000,-41.145000,-176.092000,-153.359000,26.55
6.285622,0.923000,-0.314000,-0.762000,-48.153000,-189.237000,-149.649000,26.60
6.292142,1.143000,-0.368000,-0.833000,-47.756000,-208.397000,-141.359000,26.51
6.303787,1.197000,-0.463000,-0.803000,-35.878000,-226.061000,-127.664000,26.55
6.315720,1.178000,-0.613000,-0.694000,-26.489000,-233.038000,-106.687000,26.60
6.322609,1.223000,-0.717000,-0.545000,-29.893000,-230.718000,-76.992000,26.60
6.334600,1.332000,-0.634000,-0.479000,-36.107000,-220.580000,-38.473000,26.46
6.346468,1.515000,-0.546000,-0.492000,-39.664000,-211.191000,4.977000,26.60
6.353328,1.501000,-0.411000,-0.319000,-53.191000,-191.359000,37.710000,26.51
6.365082,1.857000,-0.231000,-0.296000,-63.084000,-172.214000,59.267000,26.55
6.377053,1.626000,-0.087000,-0.097000,-59.435000,-153.740000,65.450000,26.51
6.383661,1.774000,-0.033000,-0.055000,-53.664000,-128.931000,59.099000,26.55
6.395951,1.956000,-0.137000,0.033000,-46.992000,-104.321000,44.290000,26.55
6.402648,1.793000,-0.289000,0.216000,-24.702000,-84.076000,30.977000,26.60
6.414882,2.027000,-0.549000,0.489000,-11.679000,-36.107000,14.305000,26.55
6.420582,2.173000,-0.647000,0.842000,25.099000,5.481000,4.260000,26.55
6.434451,2.379000,-0.914000,0.702000,50.107000,46.534000,9.710000,26.60
6.446899,2.448000,-1.312000,0.156000,24.885000,46.840000,16.992000,26.55
6.453739,1.584000,-1.009000,-0.066000,-4.992000,33.618000,19.832000,26.55
6.465829,0.835000,0.039000,-0.639000,-11.466000,9.588000,-0.855000,26.51
6.473322,0.339000,0.163000,-0.789000,7.969000,1.053000,-16.351000,26.46
6.485182,0.537000,-0.171000,-0.648000,10.901000,-0.443000,-12.870000,26.55
6.492317,0.906000,-0.233000,-0.637000,-6.855000,-6.229000,-9.878000,26.60
6.504749,0.772000,0.148000,-0.645000,-9.969000,-16.916000,-12.519000,26.46
6.516228,0.653000,0.024000,-0.715000,-2.733000,-26.107000,-10.519000,26.55
6.523857,0.555000,0.065000,-0.869000,3.511000,-28.947000,-3.145000,26.51
6.535807,0.526000,0.125000,-0.876000,3.710000,-23.450000,6.244000,26.46
6.542963,0.585000,0.031000,-0.836000,4.733000,-26.244000,10.275000,26.55
6.555269,0.543000,-0.049000,-0.876000,3.145000,-15.481000,9.466000,26.60
6.562611,0.517000,-0.025000,-0.882000,0.519000,-7.038000,6.443000,26.46
6.575149,0.518000,0.009000,-0.861000,-1.466000,0.992000,3.786000,26.60
6.580807,0.572000,0.001000,-0.827000,-1.832000,6.168000,2.824000,26.51
6.594433,0.592000,-0.043000,-0.801000,-1.237000,7.115000,1.099000,26.46
6.606565,0.595000,-0.050000,-0.781000,-2.824000,8.397000,-0.947000,26.60
6.613806,0.603000,-0.056000,-0.768000,-3.756000,8.901000,-2.519000,26.60
6.626169,0.626000,-0.044000,-0.748000,-5.038000,7.603000,-3.496000,26.55
6.633542,0.638000,-0.017000,-0.752000,-5.573000,4.885000,-3.420000,26.51
6.645413,0.646000,-0.011000,-0.744000,-4.977000,0.916000,-2.885000,26.60
6.652419,0.640000,-0.001000,-0.758000,-4.107000,-2.046000,-2.473000,26.55
6.664636,0.623000,0.018000,-0.754000,-2.870000,-5.206000,-1.038000,26.51
6.676975,0.594000,0.017000,-0.778000,0.122000,-8.656000,0.962000,26.51
6.684163,0.562000,0.037000,-0.777000,-0.015000,-7.740000,1.573000,26.55
6.696674,0.581000,0.027000,-0.785000,1.481000,-7.511000,4.061000,26.51
6.704108,0.586000,0.027000,-0.792000,1.008000,-5.282000,4.550000,26.51
6.716450,0.570000,0.011000,-0.818000,1.282000,-3.557000,5.221000,26.55
6.723495,0.575000,-0.025000,-0.808000,-0.183000,-0.183000,4.779000,26.51
6.735901,0.589000,-0.036000,-0.800000,1.023000,2.595000,3.511000,26.55
6.743035,0.582000,-0.024000,-0.809000,-0.198000,3.328000,2.198000,26.60
6.755464,0.585000,0.002000,-0.801000,-0.061000,1.191000,1.710000,26.51
6.762862,0.579000,0.006000,-0.795000,-1.649000,7.069000,2.580000,26.55
6.775164,0.602000,-0.008000,-0.778000,-1.084000,7.191000,3.496000,26.55
6.782447,0.605000,0.005000,-0.770000,-0.962000,7.802000,4.427000,26.51
6.794806,0.602000,0.011000,-0.783000,-0.366000,7.618000,5.695000,26.55
6.800575,0.600000,0.006000,-0.790000,0.656000,7.969000,7.038000,26.51
6.814478,0.585000,-0.007000,-0.798000,1.160000,8.153000,7.695000,26.51
6.826716,0.579000,-0.027000,-0.804000,0.962000,8.519000,8.870000,26.55
6.834159,0.589000,-0.068000,-0.781000,0.412000,8.992000,8.611000,26.55
6.846865,0.609000,-0.089000,-0.777000,-1.435000,9.588000,6.595000,26.51
6.853783,0.611000,-0.090000,-0.767000,-2.763000,8.885000,4.046000,26.55
6.866086,0.623000,-0.076000,-0.751000,-3.420000,8.076000,1.664000,26.51
6.873352,0.608000,-0.057000,-0.711000,-3.817000,6.550000,-0.290000,26.51
6.885464,0.600000,-0.022000,-0.768000,-3.588000,6.183000,-1.542000,26.46
6.892578,0.625000,-0.026000,-0.763000,-3.313000,3.710000,-1.618000,26.51
6.904830,0.635000,-0.007000,-0.773000,-2.305000,3.603000,-1.221000,26.51
6.917000,0.611000,-0.010000,-0.782000,-1.099000,2.168000,-0.595000,26.46
6.924633,0.612000,-0.007000,-0.784000,-1.191000,3.160000,0.351000,26.60
6.936733,0.597000,-0.012000,-0.790000,0.214000,1.557000,1.023000,26.55
6.943992,0.604000,-0.049000,-0.787000,0.290000,1.389000,1.527000,26.46
6.956155,0.608000,-0.026000,-0.773000,-0.656000,3.130000,1.344000,26.51
6.963556,0.603000,-0.037000,-0.777000,-0.611000,1.908000,0.702000,26.46
6.975633,0.613000,-0.040000,-0.790000,-1.344000,2.336000,0.229000,26.46
6.982546,0.600000,-0.025000,-0.780000,-1.756000,3.496000,-0.809000,26.60
6.994760,0.598000,-0.028000,-0.777000,-1.740000,4.443000,-1.053000,26.55
7.001899,0.582000,-0.010000,-0.781000,-1.863000,5.496000,-0.824000,26.46
7.014182,0.589000,-0.019000,-0.782000,-1.908000,6.336000,-0.092000,26.51
7.026663,0.604000,-0.018000,-0.774000,-2.321000,6.748000,0.763000,26.55
7.033755,0.615000,-0.021000,-0.765000,-2.489000,6.733000,1.252000,26.55
7.046268,0.609000,-0.022000,-0.776000,-2.382000,6.779000,1.481000,26.51
7.053364,0.610000,-0.035000,-0.771000,-1.786000,6.824000,1.130000,26.65
7.065971,0.618000,-0.022000,-0.760000,-1.878000,6.870000,0.977000,26.55
7.072948,0.625000,-0.029000,-0.762000,-1.573000,6.198000,0.687000,26.51
7.085445,0.603000,-0.036000,-0.773000,0.107000,2.214000,0.458000,26.46
7.092547,0.607000,-0.035000,-0.773000,-0.779000,4.305000,0.046000,26.46
7.105074,0.605000,-0.031000,-0.774000,-0.947000,5.237000,-0.321000,26.60
7.116876,0.602000,-0.008000,-0.771000,-1.435000,5.542000,-0.092000,26.55
7.124179,0.609000,-0.017000,-0.778000,-0.718000,5.008000,0.748000,26.51
7.136700,0.612000,-0.022000,-0.772000,-0.092000,5.069000,1.267000,26.51
7.143705,0.608000,-0.021000,-0.781000,-0.702000,6.107000,1.405000,26.55
7.156358,0.592000,-0.027000,-0.786000,-1.069000,7.145000,2.092000,26.51
7.163169,0.607000,-0.010000,-0.774000,-1.496000,6.550000,3.099000,26.51
7.175632,0.625000,-0.023000,-0.768000,-0.809000,0.458000,3.527000,26.55
7.183070,0.611000,-0.030000,-0.772000,-0.794000,3.634000,3.450000,26.51
7.195206,0.618000,-0.038000,-0.758000,-1.389000,8.794000,3.481000,26.51
7.202428,0.611000,-0.040000,-0.765000,-1.389000,9.344000,2.809000,26.55
7.214670,0.601000,-0.031000,-0.783000,-0.198000,8.901000,2.290000,26.60
7.227053,0.599000,-0.031000,-0.773000,-0.183000,8.244000,2.351000,26.51
7.234157,0.621000,-0.045000,-0.769000,-0.901000,8.656000,2.641000,26.55
7.246697,0.619000,-0.030000,-0.765000,-1.481000,6.672000,2.840000,26.51
7.253623,0.614000,-0.023000,-0.759000,-1.832000,8.336000,3.649000,26.51
7.266520,0.618000,-0.029000,-0.762000,-2.641000,9.191000,4.870000,26.46
7.273235,0.601000,-0.025000,-0.778000,-3.557000,9.405000,6.061000,26.51
7.285382,0.601000,-0.029000,-0.779000,-5.603000,10.397000,7.450000,26.51
7.292818,0.601000,-0.039000,-0.779000,-6.168000,9.282000,9.130000,26.55
7.304992,0.612000,-0.053000,-0.762000,-8.046000,8.748000,10.519000,26.60
7.317040,0.638000,-0.043000,-0.740000,-9.710000,7.221000,10.992000,26.51
7.324492,0.644000,-0.029000,-0.749000,-8.779000,6.321000,10.931000,26.55
7.336912,0.644000,-0.042000,-0.749000,-7.786000,5.557000,10.626000,26.60
7.343676,0.614000,-0.016000,-0.778000,-8.351000,5.740000,10.977000,26.51
7.355961,0.622000,0.001000,-0.779000,-10.580000,7.542000,13.374000,26.55
7.363192,0.592000,-0.009000,-0.784000,-14.656000,8.718000,16.000000,26.51
7.375132,0.598000,-0.014000,-0.769000,-19.084000,9.939000,19.603000,26.51
7.387052,0.604000,-0.024000,-0.765000,-20.580000,10.305000,22.305000,26.46
7.394133,0.627000,-0.027000,-0.767000,-20.504000,10.489000,23.313000,26.51
7.406424,0.619000,-0.034000,-0.774000,-19.130000,9.023000,23.130000,26.41
7.413267,0.598000,-0.037000,-0.773000,-19.527000,6.275000,22.061000,26.46
7.425373,0.610000,-0.003000,-0.809000,-20.580000,14.534000,22.122000,26.60
7.432479,0.594000,0.074000,-0.826000,-20.794000,14.870000,21.908000,26.51
7.444651,0.550000,0.112000,-0.849000,-19.481000,17.496000,24.061000,26.46
7.456854,0.458000,0.105000,-0.892000,-22.641000,20.061000,27.313000,26.60
7.463745,0.370000,0.145000,-0.953000,-29.481000,19.435000,28.397000,26.60
7.475955,0.295000,0.202000,-1.001000,-30.901000,17.053000,26.336000,26.55
7.483189,0.237000,0.203000,-1.024000,-29.664000,9.008000,21.252000,26.60
7.495351,0.272000,0.111000,-1.019000,-30.168000,1.481000,16.198000,26.60
7.502446,0.345000,0.081000,-0.974000,-30.458000,-3.313000,14.550000,26.46
7.514534,0.423000,0.089000,-0.980000,-28.947000,-5.939000,15.710000,26.51
7.526439,0.543000,0.144000,-0.946000,-26.076000,-3.160000,11.176000,26.51
7.533833,0.607000,0.161000,-0.883000,-19.481000,-0.183000,0.214000,26.55
7.546059,0.425000,0.154000,-0.928000,-19.053000,-0.031000,-10.809000,26.51
7.552701,0.295000,0.192000,-0.967000,-19.802000,-0.794000,-17.191000,26.60
7.564996,0.276000,0.161000,-1.011000,-14.443000,-4.489000,-18.519000,26.46
7.577025,0.372000,-0.087000,-0.904000,-9.420000,-10.244000,-19.893000,26.51
7.583679,0.646000,-0.316000,-0.679000,-3.511000,-11.817000,-18.504000,26.51
7.595918,0.992000,-0.582000,-0.447000,0.962000,-8.046000,-12.931000,26.55
7.602940,1.250000,-0.583000,-0.292000,1.084000,-2.992000,-10.061000,26.51
7.615266,1.295000,-0.371000,-0.269000,4.809000,2.061000,-11.756000,26.51
7.622567,1.163000,-0.168000,-0.357000,10.290000,4.214000,-17.527000,26.65
7.634483,0.984000,-0.097000,-0.450000,16.336000,5.069000,-20.382000,26.51
7.646583,0.859000,-0.112000,-0.528000,17.863000,6.458000,-20.092000,26.55
7.653751,0.741000,-0.120000,-0.611000,17.359000,8.779000,-16.336000,26.51
7.665804,0.738000,-0.184000,-0.650000,13.099000,9.832000,-11.634000,26.51
7.673239,0.785000,-0.150000,-0.631000,8.702000,10.870000,-8.000000,26.55
7.685187,0.785000,-0.073000,-0.707000,4.519000,12.702000,-4.870000,26.46
7.692347,0.668000,0.080000,-0.802000,3.252000,12.595000,-4.672000,26.51
7.704769,0.535000,0.126000,-0.874000,5.664000,12.672000,-5.450000,26.46
7.716976,0.428000,0.123000,-0.936000,7.496000,12.733000,-8.015000,26.51
7.724973,0.336000,0.157000,-0.992000,7.863000,12.794000,-11.710000,26.51
7.736519,0.282000,0.196000,-1.032000,8.153000,12.595000,-14.916000,26.55
7.743352,0.294000,0.171000,-1.014000,8.031000,13.450000,-16.794000,26.46
7.755484,0.335000,0.125000,-1.024000,5.847000,12.794000,-18.107000,26.51
7.762806,0.340000,0.099000,-1.012000,4.015000,13.160000,-19.145000,26.46
7.775154,0.352000,0.088000,-1.008000,3.863000,13.420000,-19.496000,26.51
7.782187,0.375000,0.068000,-1.015000,3.695000,12.748000,-19.145000,26.60
7.794515,0.400000,0.062000,-1.019000,3.084000,11.328000,-19.206000,26.55
7.807071,0.387000,0.104000,-0.996000,3.420000,9.863000,-20.443000,26.55
7.813982,0.396000,0.131000,-0.977000,4.962000,8.809000,-20.962000,26.60
7.826346,0.415000,0.132000,-0.985000,5.817000,8.534000,-21.725000,26.55
7.833591,0.381000,0.198000,-0.973000,7.252000,8.458000,-23.053000,26.60
7.845895,0.370000,0.205000,-1.019000,7.420000,5.435000,-25.252000,26.60
7.852944,0.335000,0.284000,-1.103000,3.832000,0.458000,-28.702000,26.46
7.865072,0.221000,0.349000,-1.159000,0.947000,-9.786000,-36.351000,26.51
7.872451,0.107000,0.409000,-1.184000,-1.756000,-22.076000,-47.954000,26.60
7.884216,0.147000,0.441000,-1.189000,-4.824000,-30.855000,-59.771000,26.55
7.896420,0.219000,0.385000,-1.253000,-4.626000,-44.519000,-67.130000,26.51
7.903204,0.187000,0.251000,-1.225000,-5.603000,-54.565000,-72.794000,26.51
7.915702,0.213000,0.220000,-1.166000,-3.252000,-58.565000,-76.733000,26.55
7.922601,0.277000,0.204000,-1.140000,3.053000,-57.450000,-78.809000,26.51
7.936232,0.354000,0.145000,-1.124000,9.252000,-60.473000,-79.557000,26.60
7.948791,0.366000,0.063000,-1.123000,13.863000,-59.710000,-75.893000,26.46
7.953930,0.383000,-0.049000,-1.138000,13.099000,-61.069000,-67.267000,26.51
7.965409,0.434000,-0.137000,-1.279000,5.298000,-62.855000,-54.870000,26.55
7.972266,0.468000,-0.064000,-1.322000,2.641000,-66.031000,-42.351000,26.46
7.984428,0.378000,0.010000,-1.247000,11.603000,-72.458000,-31.924000,26.60
7.996448,0.217000,-0.032000,-1.179000,10.870000,-74.214000,-26.962000,26.55
8.003412,0.152000,-0.011000,-1.138000,0.397000,-70.031000,-25.298000,26.55
8.015399,0.189000,0.040000,-1.125000,-5.557000,-64.702000,-23.939000,26.60
8.022243,0.204000,-0.010000,-1.087000,-10.031000,-68.504000,-22.290000,26.55
8.034148,0.213000,-0.103000,-0.988000,-16.992000,-65.389000,-19.740000,26.65
8.046206,0.239000,-0.161000,-0.874000,-19.038000,-65.023000,-14.214000,26.51
8.052954,0.326000,-0.194000,-0.853000,-19.695000,-61.710000,-8.046000,26.55
8.064946,0.480000,-0.223000,-0.881000,-22.824000,-60.229000,-3.603000,26.51
8.070853,0.619000,-0.175000,-0.875000,-24.458000,-66.702000,-1.130000,26.51
8.084007,0.681000,-0.102000,-0.810000,-18.672000,-74.763000,1.481000,26.46
8.096361,0.699000,-0.097000,-0.753000,-16.565000,-74.183000,2.687000,26.60
8.102910,0.703000,-0.042000,-0.650000,-16.290000,-76.672000,2.519000,26.60
8.115380,0.721000,0.028000,-0.528000,-14.595000,-70.550000,1.084000,26.46
8.122021,0.757000,0.065000,-0.427000,-12.122000,-64.489000,-2.336000,26.51
8.134175,0.774000,0.045000,-0.360000,-11.634000,-54.336000,-7.298000,26.51
8.146522,0.833000,0.012000,-0.327000,-11.679000,-45.588000,-9.893000,26.55
8.153303,0.885000,-0.024000,-0.303000,-10.122000,-40.137000,-8.992000,26.51
8.165402,0.897000,-0.071000,-0.271000,-8.244000,-32.641000,-6.290000,26.51
8.172414,0.930000,-0.121000,-0.235000,-7.786000,-24.168000,-3.802000,26.65
8.184304,0.959000,-0.076000,-0.194000,-4.794000,-16.382000,-0.855000,26.51
8.196844,0.996000,-0.041000,-0.174000,-0.321000,-9.099000,1.435000,26.55
8.203749,0.954000,-0.027000,-0.116000,3.130000,-1.527000,2.168000,26.60
8.216173,0.859000,-0.006000,-0.088000,6.885000,6.168000,2.733000,26.51
8.223460,1.128000,-0.516000,0.653000,-40.656000,57.130000,11.038000,26.55
8.235572,0.808000,0.032000,1.168000,-21.084000,110.397000,43.084000,26.55
8.242087,0.650000,0.349000,-0.012000,17.908000,147.832000,66.000000,26.60
8.254755,1.326000,0.685000,-1.457000,23.893000,87.267000,39.771000,26.46
8.266935,0.583000,0.800000,-0.944000,36.458000,82.473000,42.366000,26.60
8.274095,0.953000,0.514000,-0.961000,69.344000,93.893000,17.847000,26.51
8.286385,1.779000,0.053000,-1.486000,75.160000,91.603000,0.931000,26.55
8.293220,1.288000,-0.702000,-1.170000,39.908000,116.244000,13.130000,26.55
8.306477,1.714000,0.119000,-1.139000,32.916000,118.901000,30.733000,26.51
8.312363,1.113000,0.549000,-0.875000,41.008000,95.511000,14.046000,26.55
8.324646,0.608000,-0.146000,-0.902000,48.092000,87.420000,13.496000,26.60
8.336918,0.889000,-0.260000,-0.941000,30.534000,78.382000,18.168000,26.60
8.343913,0.924000,0.115000,-0.849000,33.817000,45.481000,11.176000,26.55
8.356233,0.750000,-0.122000,-0.944000,39.496000,22.687000,11.069000,26.51
8.363214,0.667000,-0.189000,-0.975000,22.336000,25.359000,7.786000,26.60
8.375631,0.654000,-0.112000,-0.915000,11.084000,20.947000,1.435000,26.46
8.382638,0.626000,-0.099000,-0.908000,4.305000,12.840000,-0.519000,26.51
8.394988,0.558000,0.006000,-0.865000,3.313000,12.260000,-1.725000,26.60
8.402280,0.594000,-0.009000,-0.851000,-0.198000,11.710000,-1.389000,26.55
8.414407,0.535000,0.029000,-0.841000,-0.656000,11.527000,-1.206000,26.51
8.426379,0.564000,-0.002000,-0.838000,-0.855000,11.466000,-1.420000,26.51
8.433667,0.566000,-0.028000,-0.837000,-2.366000,9.893000,-2.718000,26.65
8.445785,0.565000,-0.003000,-0.825000,-3.038000,8.870000,-2.916000,26.51
8.453074,0.566000,0.004000,-0.829000,-3.084000,9.878000,-3.481000,26.60
8.465478,0.541000,0.016000,-0.811000,-3.710000,10.672000,-3.099000,26.55
8.472443,0.526000,0.041000,-0.813000,-2.611000,10.336000,-1.817000,26.51
8.484553,0.547000,0.024000,-0.796000,-3.038000,13.542000,-0.641000,26.51
8.496966,0.566000,0.011000,-0.779000,-2.595000,11.618000,-0.290000,26.55
8.504096,0.555000,0.037000,-0.780000,-4.809000,16.107000,-0.336000,26.60
8.516239,0.541000,0.052000,-0.775000,-5.649000,18.702000,-0.198000,26.51
8.523502,0.546000,0.020000,-0.820000,-7.053000,25.740000,-0.504000,26.65
8.535592,0.549000,0.013000,-0.799000,-10.427000,25.756000,-0.580000,26.51
8.542738,0.593000,0.009000,-0.821000,-9.527000,32.931000,-1.435000,26.51
8.554953,0.606000,0.019000,-0.781000,-15.191000,27.603000,-2.397000,26.55
8.566966,0.543000,0.079000,-0.817000,-14.611000,36.137000,-0.076000,26.51
8.574411,0.667000,0.004000,-0.790000,-10.244000,41.710000,3.099000,26.55
8.586704,0.563000,0.023000,-0.759000,-13.237000,38.092000,-1.115000,26.55
8.593432,0.580000,0.017000,-0.793000,-12.931000,35.634000,-1.435000,26.51
8.605826,0.537000,0.063000,-0.782000,-11.832000,46.031000,-3.023000,26.55
8.612601,0.597000,0.016000,-0.826000,-10.779000,47.481000,-5.282000,26.46
8.624715,0.604000,0.010000,-0.795000,-13.176000,55.206000,-8.076000,26.41
8.636972,0.583000,0.000000,-0.851000,-11.649000,62.000000,-10.015000,26.51
8.643757,0.685000,-0.035000,-0.836000,-14.718000,68.168000,-14.366000,26.55
8.655971,0.617000,-0.001000,-0.831000,-9.130000,69.802000,-13.863000,26.60
8.662870,0.591000,-0.004000,-0.849000,-14.565000,66.641000,-13.099000,26.51
8.674723,0.561000,-0.066000,-0.904000,-13.924000,76.137000,-3.588000,26.46
8.687342,0.543000,0.256000,-0.919000,11.313000,91.191000,-1.542000,26.51
8.694183,0.650000,0.112000,-0.865000,4.229000,98.244000,4.290000,26.41
8.706533,0.583000,0.021000,-1.010000,3.466000,103.725000,7.588000,26.55
8.713803,0.650000,-0.011000,-0.906000,10.947000,113.786000,8.260000,26.60
8.725861,0.595000,-0.001000,-0.969000,14.412000,124.595000,8.122000,26.46
8.732913,0.577000,-0.060000,-0.969000,21.847000,138.427000,8.870000,26.55
8.745145,0.657000,-0.085000,-0.873000,34.137000,148.305000,0.183000,26.41
8.757078,0.667000,-0.115000,-0.897000,41.252000,167.191000,-7.679000,26.51
8.763890,0.716000,0.011000,-0.927000,52.779000,164.977000,-11.053000,26.46
8.776083,0.499000,-0.003000,-1.112000,54.672000,196.992000,-13.191000,26.51
8.783005,0.641000,0.164000,-0.935000,79.069000,206.168000,-10.183000,26.46
8.795192,1.050000,0.003000,-1.235000,82.382000,215.740000,-6.275000,26.55
8.807033,1.490000,-0.163000,-1.707000,36.168000,262.351000,-17.450000,26.51
8.814091,0.860000,-0.060000,-0.882000,19.969000,330.840000,-16.107000,26.46
8.826209,1.402000,-0.327000,-1.257000,68.321000,239.649000,-3.634000,26.55
8.833112,1.039000,0.041000,-1.174000,43.969000,240.504000,-10.107000,26.51
8.845219,0.995000,0.201000,-1.304000,65.618000,223.435000,-14.214000,26.46
8.852174,1.362000,0.168000,-1.053000,68.656000,306.626000,-2.412000,26.46
8.864510,1.625000,0.095000,-1.181000,120.489000,223.847000,7.053000,26.60
8.876489,0.773000,0.211000,-1.626000,103.069000,222.733000,-0.489000,26.55
8.883379,-0.573000,-0.374000,-2.106000,57.206000,101.802000,10.397000,26.60
8.895387,0.153000,-0.339000,-2.048000,12.595000,74.427000,52.046000,26.51
8.902649,-0.205000,-0.037000,-1.583000,-15.588000,5.817000,88.992000,26.55
8.914456,-0.115000,0.132000,-1.446000,-28.290000,-18.092000,121.405000,26.51
8.926378,-0.058000,0.164000,-1.219000,-38.290000,-38.992000,143.832000,26.51
8.933011,-0.015000,0.257000,-1.062000,-53.466000,-49.557000,154.992000,26.51
8.945122,0.153000,0.374000,-1.048000,-53.634000,-106.489000,155.374000,26.60
8.957360,0.228000,0.512000,-1.062000,-54.244000,-99.618000,143.786000,26.55
8.963933,0.276000,0.629000,-0.946000,-81.420000,-92.504000,120.794000,26.46
8.975935,0.375000,0.625000,-0.936000,-55.908000,-142.519000,101.115000,26.60
8.982830,0.436000,0.579000,-0.913000,-71.969000,-136.733000,69.420000,26.55
8.994780,0.477000,0.552000,-0.877000,-76.565000,-152.046000,39.420000,26.60
9.006573,0.477000,0.515000,-0.837000,-80.305000,-164.443000,12.260000,26.41
9.013560,0.500000,0.455000,-0.809000,-78.733000,-175.985000,-10.275000,26.55
9.025598,0.554000,0.366000,-0.804000,-77.115000,-185.145000,-28.534000,26.55
9.032955,0.644000,0.274000,-0.838000,-78.489000,-192.229000,-42.382000,26.51
9.044168,0.769000,0.190000,-0.893000,-80.290000,-200.122000,-52.901000,26.46
9.056088,0.868000,0.125000,-0.897000,-80.901000,-207.420000,-60.351000,26.51
9.062833,0.930000,0.081000,-0.890000,-78.702000,-211.954000,-64.214000,26.51
9.074641,0.970000,0.052000,-0.899000,-73.893000,-214.183000,-65.511000,26.55
9.086606,1.017000,0.005000,-0.927000,-68.840000,-214.336000,-64.855000,26.46
9.093612,1.078000,-0.045000,-0.951000,-67.084000,-214.397000,-63.282000,26.60
9.107356,1.150000,-0.075000,-0.963000,-70.519000,-213.725000,-59.817000,26.46
9.116960,1.250000,-0.046000,-0.957000,-75.588000,-213.008000,-54.748000,26.60
9.123727,1.326000,0.031000,-0.938000,-79.435000,-211.542000,-49.969000,26.51
9.135713,1.341000,0.101000,-0.901000,-79.618000,-209.099000,-49.099000,26.65
9.142268,1.310000,0.165000,-0.836000,-77.878000,-205.634000,-53.099000,26.60
9.154204,1.291000,0.221000,-0.793000,-75.374000,-198.321000,-63.099000,26.60
9.166101,1.330000,0.281000,-0.787000,-69.924000,-191.176000,-77.863000,26.55
9.173107,1.331000,0.309000,-0.779000,-60.137000,-185.267000,-95.863000,26.51
9.185002,1.314000,0.246000,-0.784000,-48.550000,-176.641000,-116.550000,26.51
9.196717,1.296000,0.080000,-0.780000,-36.107000,-175.573000,-135.420000,26.46
9.203304,1.253000,-0.067000,-0.755000,-25.954000,-173.252000,-146.412000,26.51
9.215307,1.236000,-0.210000,-0.725000,-15.603000,-168.947000,-145.863000,26.60
9.226921,1.236000,-0.340000,-0.695000,-5.847000,-168.779000,-137.023000,26.55
9.233916,1.207000,-0.388000,-0.652000,-0.412000,-163.573000,-122.214000,26.51
9.245744,1.267000,-0.381000,-0.597000,1.145000,-156.672000,-104.947000,26.51
9.252267,1.379000,-0.396000,-0.540000,-7.069000,-151.679000,-89.053000,26.46
9.264452,1.465000,-0.349000,-0.392000,-18.763000,-146.214000,-74.779000,26.51
9.276344,1.466000,-0.313000,-0.191000,-27.176000,-135.115000,-63.008000,26.51
9.282886,1.463000,-0.326000,0.019000,-31.496000,-115.450000,-54.198000,26.55
9.295119,1.470000,-0.375000,0.213000,-31.618000,-90.137000,-44.534000,26.51
9.307009,1.435000,-0.435000,0.328000,-30.809000,-62.748000,-32.366000,26.51
9.314100,1.415000,-0.462000,0.124000,-31.374000,-28.947000,-17.710000,26.55
9.326402,1.258000,-0.388000,0.668000,-0.061000,6.336000,14.656000,26.51
9.333508,1.584000,-0.674000,0.653000,18.855000,40.214000,39.954000,26.51
9.345718,1.787000,-0.609000,0.737000,26.412000,81.832000,65.511000,26.46
9.356035,2.161000,-0.655000,1.077000,38.489000,133.863000,89.420000,26.51
9.364855,0.521000,-0.389000,0.091000,85.252000,124.443000,84.107000,26.51
9.377075,1.145000,0.444000,-2.168000,58.870000,141.115000,43.313000,26.55
9.383802,0.249000,0.775000,-1.282000,61.466000,149.298000,45.221000,26.51
9.399627,0.651000,-0.028000,-0.773000,78.244000,172.122000,17.466000,26.51
9.403103,1.734000,-0.336000,-1.372000,0.748000,321.542000,0.718000,26.55
9.415339,1.456000,-0.598000,-1.220000,24.412000,180.687000,14.824000,26.51
9.422200,1.848000,0.482000,-1.043000,17.389000,171.496000,19.527000,26.46
9.434560,1.061000,0.161000,-0.866000,43.802000,127.405000,17.008000,26.55
9.446598,0.837000,-0.343000,-1.031000,53.649000,89.924000,31.374000,26.60
9.453669,0.951000,-0.209000,-1.012000,42.244000,83.313000,31.374000,26.55
9.465820,1.076000,-0.147000,-0.959000,48.473000,34.550000,27.893000,26.46
9.472872,0.681000,-0.197000,-0.964000,32.641000,8.443000,19.710000,26.51
9.485020,0.702000,-0.306000,-1.016000,19.863000,3.466000,11.420000,26.46
9.492433,0.627000,-0.197000,-0.925000,0.351000,3.725000,1.084000,26.55
9.504532,0.605000,0.002000,-0.884000,-4.641000,10.947000,-2.137000,26.51
9.516871,0.572000,-0.030000,-0.863000,-5.298000,2.336000,-2.198000,26.65
9.524113,0.542000,-0.009000,-0.848000,-7.053000,3.603000,-2.947000,26.46
9.536206,0.550000,0.023000,-0.840000,-9.038000,7.359000,-2.748000,26.51
9.543699,0.548000,0.045000,-0.828000,-9.221000,6.748000,-2.748000,26.55
9.555975,0.534000,0.089000,-0.825000,-10.137000,16.519000,-2.855000,26.55
9.562934,0.565000,0.093000,-0.796000,-5.725000,14.321000,-1.405000,26.51
9.575011,0.577000,0.101000,-0.793000,-1.328000,11.344000,0.076000,26.46
9.582407,0.549000,0.122000,-0.782000,1.954000,11.649000,2.107000,26.46
9.595023,0.509000,0.115000,-0.810000,5.466000,14.290000,3.725000,26.51
9.602349,0.533000,0.088000,-0.797000,6.321000,15.969000,4.580000,26.60
9.614656,0.509000,0.072000,-0.818000,6.656000,18.427000,4.427000,26.46
9.626833,0.526000,-0.016000,-0.827000,5.328000,16.092000,4.137000,26.60
9.634277,0.576000,-0.044000,-0.816000,1.557000,18.550000,1.511000,26.55
9.647025,0.598000,-0.048000,-0.814000,-2.550000,15.695000,-0.916000,26.55
9.653582,0.564000,0.003000,-0.804000,-4.412000,14.366000,-2.992000,26.51
9.666517,0.568000,0.020000,-0.793000,-5.191000,12.992000,-4.031000,26.55
9.672727,0.564000,0.048000,-0.776000,-7.145000,17.511000,-4.641000,26.46
9.684799,0.565000,0.056000,-0.783000,-6.641000,16.168000,-3.649000,26.60
9.690737,0.501000,0.126000,-0.783000,-6.626000,19.802000,-2.962000,26.55
9.704709,0.541000,0.051000,-0.799000,-8.275000,26.153000,-2.931000,26.55
9.716606,0.537000,0.008000,-0.800000,-10.763000,27.130000,-4.122000,26.51
9.723678,0.588000,-0.037000,-0.819000,-11.573000,30.794000,-7.008000,26.55
9.735630,0.596000,0.006000,-0.820000,-20.565000,46.824000,-8.382000,26.55
9.742650,0.589000,0.046000,-0.793000,-17.649000,44.779000,-7.863000,26.51
9.754830,0.564000,0.039000,-0.822000,-15.939000,47.847000,-7.954000,26.65
9.766926,0.610000,0.056000,-0.798000,-19.374000,47.756000,-8.763000,26.55
9.773941,0.532000,0.060000,-0.793000,-18.534000,48.580000,-6.840000,26.41
9.786260,0.549000,0.035000,-0.821000,-21.893000,51.954000,-7.939000,26.55
9.793073,0.674000,0.043000,-0.827000,-19.084000,61.450000,-7.740000,26.55
9.805478,0.601000,0.057000,-0.825000,-12.290000,65.191000,-7.924000,26.51
9.812297,0.634000,0.052000,-0.813000,-8.244000,63.191000,-7.450000,26.46
9.824725,0.612000,-0.030000,-0.820000,-6.198000,71.832000,-6.351000,26.55
9.837035,0.629000,0.205000,-0.853000,-9.695000,74.351000,2.763000,26.51
9.844241,0.691000,-0.088000,-0.835000,4.000000,75.527000,2.198000,26.55
9.856898,0.667000,0.116000,-0.831000,5.740000,85.557000,2.870000,26.55
9.864276,0.675000,0.095000,-0.821000,9.817000,90.397000,5.756000,26.60
9.876172,0.683000,0.072000,-0.863000,13.160000,99.817000,10.229000,26.46
9.883311,0.693000,0.161000,-0.859000,16.031000,105.832000,15.939000,26.46
9.895690,0.615000,0.165000,-0.949000,28.412000,122.916000,26.794000,26.60
9.902292,0.679000,0.057000,-0.946000,37.893000,128.916000,32.550000,26.46
9.914724,0.665000,-0.029000,-1.010000,41.282000,125.130000,30.870000,26.55
9.926641,0.650000,-0.053000,-0.986000,49.221000,155.435000,24.183000,26.51
9.933469,0.543000,-0.008000,-1.032000,63.939000,178.687000,19.038000,26.46
9.945752,0.633000,0.085000,-1.163000,65.420000,177.267000,16.870000,26.51
9.952665,0.689000,0.126000,-0.962000,65.328000,222.046000,19.389000,26.60
9.964753,1.248000,-0.175000,-1.486000,43.115000,281.450000,15.267000,26.55
9.976995,0.748000,-0.192000,-0.926000,25.496000,260.366000,14.626000,26.51
9.983846,1.022000,-0.067000,-1.014000,13.664000,257.221000,11.725000,26.51
9.996052,1.202000,-0.137000,-1.159000,14.885000,220.031000,15.130000,26.55
10.002960,0.708000,0.039000,-0.711000,7.832000,240.198000,6.473000,26.51
