# Gait Analysis Data - MPU6050 IMU
# Duration: 10 seconds
# Format: timestamp(s),ax(g),ay(g),az(g),gx(deg/s),gy(deg/s),gz(deg/s),temp(C)
# Note: Document sensor placement (ankle/wrist) separately
timestamp,ax,ay,az,gx,gy,gz,temp
0.001015,1.291000,0.188000,-0.732000,-37.115000,-157.130000,-165.634000,26.22
0.001733,1.228000,-0.082000,-0.685000,-18.489000,-155.237000,-185.969000,26.27
0.002485,1.212000,-0.248000,-0.671000,-7.954000,-148.229000,-194.382000,26.13
0.003239,1.276000,-0.365000,-0.628000,8.580000,-141.267000,-188.290000,26.32
0.004508,1.265000,-0.439000,-0.575000,24.672000,-132.229000,-172.061000,26.18
0.005564,1.249000,-0.474000,-0.266000,53.328000,-113.221000,-141.191000,26.22
0.006496,1.432000,-0.668000,-0.287000,48.275000,-101.908000,-122.641000,26.13
0.007400,1.494000,-0.669000,-0.302000,23.405000,-89.359000,-101.435000,26.18
0.008297,1.518000,-0.656000,-0.112000,0.885000,-81.237000,-81.786000,26.22
0.009195,1.365000,-0.578000,0.196000,-1.374000,-68.107000,-58.000000,26.18
0.010227,1.296000,-0.585000,0.360000,7.298000,-42.626000,-36.427000,26.18
0.011407,1.332000,-0.645000,0.512000,16.977000,-11.450000,-20.382000,26.22
0.012267,1.497000,-0.672000,0.604000,23.908000,34.763000,-9.832000,26.27
0.013166,1.583000,-0.648000,0.854000,34.931000,95.893000,-0.916000,26.22
0.014089,1.609000,-0.650000,1.221000,70.840000,142.260000,15.099000,26.13
0.014859,0.553000,-0.253000,-0.707000,96.183000,117.053000,10.977000,26.18
0.015528,1.047000,0.008000,-2.199000,74.626000,79.145000,19.313000,26.13
0.016362,0.367000,-0.041000,-0.995000,48.702000,112.321000,38.824000,26.13
0.017353,0.685000,-0.209000,-0.786000,37.908000,154.595000,18.076000,26.18
0.018030,1.532000,-0.046000,-1.297000,18.305000,165.359000,4.366000,26.13
0.018707,1.190000,-0.348000,-1.137000,8.427000,134.076000,7.160000,26.08
0.019311,1.621000,0.142000,-1.111000,5.679000,117.069000,12.794000,26.13
0.019886,1.018000,0.114000,-0.934000,39.817000,62.992000,16.962000,26.22
0.020444,0.528000,0.012000,-0.927000,45.328000,41.511000,17.557000,26.08
0.020997,0.636000,-0.078000,-0.869000,27.893000,69.298000,20.092000,26.18
0.021559,0.767000,-0.053000,-0.892000,19.282000,65.924000,13.954000,26.13
0.022136,0.797000,-0.117000,-0.995000,28.580000,22.672000,18.473000,26.18
0.022691,0.560000,0.008000,-0.866000,17.038000,36.916000,15.053000,26.22
0.023267,0.651000,-0.229000,-0.973000,8.733000,30.153000,10.565000,26.22
0.023824,0.587000,-0.107000,-1.003000,-3.893000,41.832000,4.840000,26.18
0.024366,0.549000,0.028000,-0.879000,-4.824000,28.702000,2.595000,26.13
0.024903,0.519000,0.010000,-0.846000,-2.183000,22.092000,0.153000,26.37
0.025468,0.463000,-0.020000,-0.869000,-6.901000,34.901000,-2.641000,26.18
0.026040,0.480000,0.039000,-0.874000,-8.198000,34.137000,-3.420000,26.32
0.026591,0.582000,0.030000,-0.841000,-8.962000,33.664000,-3.160000,26.27
0.027102,0.629000,0.010000,-0.835000,-7.496000,33.328000,-1.008000,26.18
0.027616,0.626000,0.015000,-0.815000,-6.718000,29.817000,-1.588000,26.13
0.028124,0.589000,-0.009000,-0.834000,-6.351000,29.878000,-0.763000,26.18
0.028636,0.570000,-0.008000,-0.838000,-7.145000,36.244000,-1.649000,26.22
0.029139,0.589000,-0.010000,-0.812000,-9.008000,33.802000,-3.618000,26.22
0.029645,0.588000,-0.021000,-0.806000,-10.687000,36.595000,-4.962000,26.18
0.030153,0.614000,0.002000,-0.772000,-9.939000,30.076000,-6.092000,26.32
0.030675,0.588000,0.001000,-0.772000,-11.191000,36.366000,-6.427000,26.13
0.031279,0.577000,0.077000,-0.766000,-10.443000,30.366000,-6.244000,26.08
0.031883,0.572000,0.041000,-0.799000,-8.565000,28.122000,-4.718000,26.22
0.032494,0.596000,0.039000,-0.805000,-9.374000,34.290000,-4.260000,26.18
0.033104,0.618000,-0.001000,-0.786000,-8.153000,27.847000,-4.321000,26.22
0.033710,0.616000,0.034000,-0.775000,-9.344000,30.427000,-4.183000,26.22
0.034320,0.641000,0.034000,-0.743000,-8.443000,24.351000,-3.664000,26.18
0.034893,0.642000,0.032000,-0.745000,-9.618000,30.275000,-2.489000,26.27
0.035444,0.639000,0.028000,-0.743000,-8.947000,27.756000,-1.832000,26.32
0.035986,0.662000,0.017000,-0.728000,-7.130000,7.847000,1.145000,26.08
0.036528,0.635000,0.064000,-0.743000,-7.863000,16.290000,3.725000,26.22
0.037105,0.639000,0.092000,-0.748000,-1.847000,18.763000,2.718000,26.22
0.037644,0.644000,0.027000,-0.744000,-2.397000,15.664000,3.618000,26.18
0.038195,0.630000,0.037000,-0.749000,-1.496000,15.969000,3.847000,26.13
0.038861,0.651000,0.046000,-0.762000,-0.534000,11.573000,5.145000,26.22
0.039474,0.614000,0.048000,-0.786000,-0.824000,19.038000,5.817000,26.18
0.040105,0.646000,0.044000,-0.813000,-0.275000,20.809000,7.374000,26.22
0.040674,0.633000,0.008000,-0.785000,1.450000,21.053000,7.359000,26.22
0.041221,0.676000,0.012000,-0.714000,3.618000,18.840000,7.008000,26.18
0.041778,0.707000,0.024000,-0.700000,2.672000,24.412000,7.023000,26.13
0.042346,0.676000,0.066000,-0.607000,1.603000,6.931000,7.145000,26.13
0.042909,0.646000,0.059000,-0.704000,-0.336000,17.618000,8.305000,26.18
0.043573,0.675000,0.018000,-0.662000,1.924000,4.489000,8.397000,26.13
0.044236,0.596000,0.091000,-0.727000,2.229000,8.534000,9.237000,26.27
0.044765,0.579000,0.041000,-0.843000,6.489000,6.061000,12.809000,26.27
0.045277,0.570000,0.064000,-0.901000,7.695000,24.840000,16.000000,26.22
0.045785,0.630000,-0.021000,-0.865000,10.992000,24.504000,16.244000,26.27
0.046300,0.640000,-0.055000,-0.846000,11.313000,29.069000,13.725000,26.27
0.046802,0.638000,-0.013000,-0.831000,9.954000,33.191000,11.038000,26.32
0.047305,0.610000,-0.032000,-0.829000,11.099000,37.282000,9.756000,26.18
0.047803,0.638000,-0.031000,-0.818000,9.634000,68.397000,10.229000,26.18
0.048298,0.657000,-0.031000,-0.788000,9.664000,61.939000,7.618000,26.22
0.048798,0.638000,-0.029000,-0.790000,12.397000,66.550000,6.366000,26.27
0.049295,0.671000,-0.030000,-0.749000,12.489000,67.115000,4.916000,26.32
0.049791,0.690000,-0.037000,-0.739000,15.450000,68.000000,3.573000,26.22
0.050293,0.684000,-0.053000,-0.700000,15.008000,68.870000,1.939000,26.27
0.050920,0.757000,-0.036000,-0.680000,14.763000,62.687000,0.733000,26.22
0.051608,0.720000,-0.039000,-0.646000,14.962000,63.084000,0.183000,26.22
0.052159,0.741000,-0.047000,-0.618000,13.664000,59.771000,-1.908000,26.18
0.052713,0.743000,-0.055000,-0.610000,10.275000,58.840000,-3.282000,26.13
0.053244,0.756000,-0.025000,-0.615000,8.122000,55.969000,-4.321000,26.13
0.053745,0.751000,-0.020000,-0.597000,7.649000,52.779000,-4.840000,26.22
0.054260,0.738000,-0.008000,-0.634000,5.924000,48.351000,-5.588000,26.13
0.054770,0.750000,-0.015000,-0.612000,3.847000,45.542000,-4.702000,26.27
0.055357,0.753000,-0.013000,-0.651000,2.992000,43.344000,-4.076000,26.18
0.055888,0.834000,-0.061000,-0.683000,-0.626000,34.702000,-6.947000,26.13
0.056394,0.803000,-0.096000,-0.654000,-5.359000,33.221000,-10.565000,26.27
0.056872,0.748000,-0.021000,-0.626000,-5.664000,38.107000,-13.313000,26.32
0.057357,0.812000,-0.011000,-0.634000,4.183000,38.275000,-12.519000,26.13
0.057844,0.746000,-0.006000,-0.627000,10.031000,40.962000,-14.397000,26.27
0.059273,0.742000,-0.019000,-0.680000,17.252000,41.939000,-16.595000,26.13
0.059902,0.719000,-0.063000,-0.716000,23.847000,40.733000,-16.611000,26.22
0.060394,0.674000,-0.079000,-0.706000,27.511000,39.542000,-18.061000,26.27
0.060869,0.622000,-0.107000,-0.812000,28.214000,35.969000,-18.794000,26.22
0.061341,0.511000,-0.126000,-0.867000,32.519000,30.198000,-17.588000,26.22
0.061811,0.438000,-0.145000,-0.896000,38.595000,22.351000,-15.878000,26.27
0.062274,0.403000,-0.147000,-0.929000,43.695000,14.137000,-15.664000,26.22
0.062741,0.420000,-0.155000,-0.983000,47.191000,5.405000,-16.137000,26.22
0.063206,0.412000,-0.152000,-1.019000,50.504000,-6.382000,-16.611000,26.18
0.063680,0.343000,-0.147000,-1.005000,53.420000,-17.939000,-15.573000,26.22
0.064148,0.307000,-0.147000,-0.989000,55.344000,-26.229000,-15.084000,26.27
0.064625,0.346000,-0.113000,-0.967000,56.397000,-32.931000,-16.366000,26.18
0.065098,0.365000,-0.064000,-0.976000,58.626000,-40.550000,-21.115000,26.22
0.065641,0.396000,-0.047000,-0.985000,62.198000,-47.389000,-28.076000,26.18
0.066137,0.429000,-0.035000,-0.979000,64.763000,-54.916000,-35.924000,26.18
0.066621,0.457000,-0.016000,-0.962000,67.420000,-63.176000,-42.275000,26.22
0.067133,0.468000,-0.013000,-0.935000,70.137000,-69.344000,-48.489000,26.27
0.067631,0.479000,0.008000,-0.911000,73.038000,-73.435000,-55.496000,26.22
0.068115,0.505000,0.041000,-0.898000,78.214000,-76.107000,-63.176000,26.13
0.068565,0.535000,0.065000,-0.873000,84.412000,-78.443000,-71.573000,26.27
0.069022,0.584000,0.091000,-0.895000,90.046000,-80.687000,-80.763000,26.32
0.069481,0.639000,0.105000,-0.901000,94.000000,-83.374000,-91.405000,26.22
0.070037,0.686000,0.138000,-0.913000,97.695000,-87.802000,-99.145000,26.22
0.070514,0.719000,0.156000,-0.869000,102.107000,-93.176000,-107.359000,26.13
0.070976,0.686000,0.162000,-0.800000,103.939000,-94.824000,-115.191000,26.18
0.071439,0.667000,0.157000,-0.759000,103.603000,-93.221000,-123.420000,26.18
0.071898,0.714000,0.161000,-0.759000,107.313000,-89.160000,-133.084000,26.22
0.072363,0.762000,0.189000,-0.757000,113.374000,-86.229000,-143.710000,26.27
0.072822,0.772000,0.147000,-0.741000,124.550000,-84.931000,-153.573000,26.22
0.073271,0.777000,0.075000,-0.726000,129.985000,-80.229000,-159.878000,26.22
0.073731,0.799000,0.043000,-0.726000,135.359000,-75.206000,-161.603000,26.27
0.074204,0.834000,0.040000,-0.708000,139.008000,-71.313000,-161.389000,26.27
0.074703,0.818000,0.081000,-0.681000,143.588000,-69.649000,-161.069000,26.22
0.075199,0.757000,0.097000,-0.625000,145.634000,-67.206000,-160.122000,26.27
0.075750,0.711000,0.127000,-0.583000,142.916000,-62.321000,-159.496000,26.22
0.076257,0.708000,0.194000,-0.577000,139.099000,-58.565000,-159.344000,26.22
0.076855,0.714000,0.261000,-0.562000,136.565000,-56.656000,-158.076000,26.18
0.077323,0.731000,0.349000,-0.550000,131.328000,-54.977000,-157.313000,26.13
0.077777,0.781000,0.409000,-0.563000,114.275000,-52.092000,-161.832000,26.32
0.078230,0.806000,0.535000,-0.508000,98.031000,-50.931000,-165.450000,26.18
0.078690,0.777000,0.598000,-0.433000,87.603000,-48.626000,-163.954000,26.22
0.079147,0.763000,0.545000,-0.406000,72.748000,-43.099000,-157.908000,26.27
0.079580,0.766000,0.492000,-0.389000,55.893000,-36.550000,-150.061000,26.18
0.080028,0.787000,0.481000,-0.328000,42.534000,-22.458000,-140.031000,26.32
0.080484,1.121000,0.054000,-0.240000,-39.481000,18.061000,-146.565000,26.18
0.080921,1.216000,0.782000,0.570000,-78.366000,65.573000,-150.672000,26.18
0.081336,2.781000,1.114000,-0.603000,34.443000,39.206000,-28.168000,26.22
0.081780,1.870000,0.360000,-0.964000,-26.168000,-6.046000,7.802000,26.27
0.082235,-0.136000,0.851000,-0.559000,35.099000,-20.962000,13.420000,26.18
0.082658,-0.282000,0.108000,-1.029000,53.511000,-10.809000,3.313000,26.22
0.083080,0.335000,-0.875000,-0.952000,31.634000,-9.695000,24.275000,26.18
0.083488,0.689000,-0.307000,-0.902000,5.527000,4.260000,20.519000,26.13
0.083920,0.623000,0.215000,-0.814000,-2.901000,6.855000,5.069000,26.22
0.084341,0.599000,-0.031000,-0.852000,5.710000,-4.137000,11.557000,26.18
0.084755,0.706000,0.053000,-0.805000,7.023000,-9.221000,9.817000,26.22
0.085201,0.693000,-0.059000,-0.795000,10.168000,-14.275000,2.656000,26.32
0.085622,0.573000,-0.221000,-0.785000,4.885000,-17.328000,-4.366000,26.27
0.086086,0.540000,-0.159000,-0.847000,-3.374000,-13.542000,-13.710000,26.13
0.086545,0.541000,-0.082000,-0.849000,-7.389000,-9.527000,-14.794000,26.22
0.087099,0.551000,-0.099000,-0.855000,-10.504000,-13.496000,-15.053000,26.27
0.087551,0.509000,-0.036000,-0.868000,-11.832000,-15.282000,-14.321000,26.32
0.087993,0.559000,0.009000,-0.833000,-16.656000,-8.794000,-13.664000,26.22
0.088448,0.569000,0.032000,-0.823000,-15.344000,-9.130000,-11.817000,26.27
0.088893,0.550000,0.056000,-0.807000,-14.595000,-8.641000,-10.885000,26.32
0.089362,0.551000,0.062000,-0.807000,-12.870000,-6.382000,-9.710000,26.18
0.089807,0.538000,0.067000,-0.808000,-10.458000,-6.351000,-7.985000,26.32
0.090264,0.550000,0.031000,-0.825000,-9.450000,-6.260000,-7.282000,26.22
0.090720,0.529000,0.070000,-0.830000,-8.885000,-4.809000,-6.458000,26.27
0.091164,0.587000,0.039000,-0.779000,-6.611000,2.702000,-5.603000,26.18
0.091652,0.576000,-0.024000,-0.840000,-10.076000,1.435000,-8.595000,26.32
0.092144,0.555000,-0.003000,-0.813000,-14.534000,2.672000,-10.473000,26.27
0.092631,0.532000,0.008000,-0.808000,-11.725000,4.870000,-11.206000,26.22
0.093079,0.519000,0.012000,-0.820000,-10.198000,2.779000,-11.557000,26.22
0.093527,0.519000,0.002000,-0.815000,-8.763000,2.198000,-11.710000,26.27
0.093976,0.523000,-0.010000,-0.823000,-9.603000,4.397000,-12.046000,26.18
0.094416,0.549000,0.008000,-0.824000,-9.038000,2.779000,-10.000000,26.22
0.094884,0.569000,0.044000,-0.819000,-7.557000,0.412000,-9.115000,26.27
0.095368,0.552000,0.014000,-0.823000,-6.824000,-0.824000,-8.061000,26.13
0.095819,0.528000,-0.007000,-0.830000,-8.611000,0.031000,-8.290000,26.22
0.096265,0.533000,0.041000,-0.840000,-0.305000,38.366000,-7.481000,26.18
0.096699,0.515000,0.022000,-0.851000,-7.557000,5.466000,-6.336000,26.22
0.097333,0.565000,-0.022000,-0.830000,-7.863000,6.458000,-6.977000,26.32
0.098008,0.566000,0.006000,-0.822000,-11.023000,-2.458000,-6.458000,26.37
0.098478,0.543000,0.023000,-0.804000,-10.275000,-4.626000,-6.061000,26.22
0.099016,0.540000,0.040000,-0.817000,-9.450000,-4.687000,-4.855000,26.10
0.099452,0.558000,-0.023000,-0.799000,-1.282000,3.344000,-1.252000,26.32
0.099897,0.558000,-0.034000,-0.803000,-0.931000,3.313000,-1.008000,26.27
0.100324,0.551000,-0.017000,-0.787000,-1.344000,2.809000,-1.359000,26.27
0.100750,0.523000,0.017000,-0.825000,-0.901000,4.366000,-0.580000,26.32
0.101190,0.548000,-0.019000,-0.827000,-0.901000,6.672000,-0.321000,26.27
0.101645,0.571000,-0.030000,-0.815000,-0.870000,7.130000,-0.962000,26.27
0.108753,0.548000,-0.014000,-0.816000,-1.420000,8.031000,-1.008000,26.22
0.115815,0.563000,-0.008000,-0.802000,-0.992000,8.412000,-0.702000,26.27
0.127994,0.555000,-0.008000,-0.810000,-0.977000,9.252000,-0.427000,26.32
0.140545,0.574000,-0.019000,-0.801000,-0.779000,9.282000,-0.214000,26.32
0.147433,0.569000,-0.038000,-0.825000,11.466000,-32.519000,-1.115000,26.27
0.159765,0.593000,-0.023000,-0.800000,0.702000,1.725000,-0.840000,26.32
0.166784,0.573000,-0.022000,-0.807000,-2.168000,6.290000,-0.458000,26.22
0.179066,0.566000,-0.023000,-0.810000,-0.489000,5.832000,-0.580000,26.27
0.186086,0.519000,-0.020000,-0.855000,0.718000,5.298000,-0.489000,26.32
0.198608,0.554000,-0.015000,-0.826000,-0.290000,4.244000,-0.183000,26.32
0.210682,0.559000,-0.016000,-0.804000,0.198000,0.748000,-0.733000,26.27
0.217776,0.549000,-0.018000,-0.818000,-0.015000,2.229000,-0.504000,26.41
0.230287,0.562000,-0.019000,-0.809000,0.504000,-1.084000,-0.412000,26.32
0.237495,0.550000,-0.022000,-0.814000,0.718000,1.542000,-0.427000,26.37
0.249526,0.557000,-0.025000,-0.807000,0.275000,-0.244000,-0.412000,26.32
0.257156,0.562000,-0.018000,-0.820000,0.137000,0.733000,-0.061000,26.32
0.269120,0.557000,-0.015000,-0.810000,0.962000,-0.931000,0.168000,26.37
0.276429,0.558000,-0.019000,-0.804000,1.466000,0.290000,0.641000,26.32
0.289192,0.514000,0.000000,-0.810000,0.794000,1.374000,1.252000,26.27
0.296126,0.527000,-0.018000,-0.830000,1.969000,3.145000,2.534000,26.32
0.308610,0.516000,-0.030000,-0.827000,1.038000,7.710000,2.504000,26.22
0.315904,0.536000,-0.012000,-0.844000,0.290000,9.924000,2.779000,26.27
0.328447,0.527000,0.009000,-0.843000,0.779000,12.473000,3.511000,26.27
0.340818,0.500000,0.023000,-0.875000,0.229000,20.427000,5.771000,26.32
0.347991,0.481000,0.034000,-0.903000,-2.458000,30.840000,8.229000,26.27
0.360040,0.500000,-0.013000,-0.918000,-6.580000,48.718000,8.000000,26.32
0.367465,0.433000,0.056000,-0.981000,-5.679000,52.183000,7.832000,26.22
0.379597,0.468000,0.020000,-0.956000,-8.275000,72.656000,9.557000,26.27
0.386696,0.433000,0.137000,-1.112000,-2.611000,84.427000,13.756000,26.32
0.399292,0.549000,-0.053000,-1.102000,1.893000,92.137000,26.916000,26.32
0.406177,0.529000,0.100000,-1.056000,5.359000,123.954000,34.412000,26.27
0.418463,0.703000,0.067000,-1.019000,9.786000,133.420000,39.298000,26.32
0.430811,0.687000,0.083000,-1.048000,11.405000,133.664000,44.718000,26.32
0.439271,0.690000,0.156000,-1.036000,7.878000,134.412000,53.542000,26.37
0.449808,0.600000,0.249000,-0.900000,8.962000,135.298000,58.580000,26.32
0.456977,0.698000,0.201000,-0.929000,3.282000,123.557000,67.863000,26.32
0.469333,0.459000,0.509000,-1.282000,-0.977000,99.313000,65.191000,26.27
0.476460,0.187000,0.647000,-1.334000,8.809000,61.160000,53.344000,26.32
0.488731,-0.021000,0.658000,-1.389000,9.237000,44.092000,36.229000,26.32
0.494798,0.161000,0.552000,-1.393000,-17.832000,11.313000,9.542000,26.27
0.507675,-0.035000,0.642000,-1.208000,-24.153000,-18.992000,-15.099000,26.22
0.519662,-0.127000,0.554000,-1.101000,-18.443000,-33.069000,-32.672000,26.27
0.526730,-0.104000,0.407000,-1.053000,-16.672000,-41.664000,-47.634000,26.18
0.538781,-0.046000,0.308000,-1.050000,-18.031000,-52.168000,-58.901000,26.22
0.550347,-0.006000,0.231000,-1.055000,-17.878000,-62.321000,-65.099000,26.27
0.557497,0.058000,0.187000,-1.114000,-16.092000,-70.015000,-68.061000,26.37
0.569164,0.183000,0.130000,-1.147000,-14.748000,-77.908000,-69.618000,26.22
0.576060,0.264000,0.086000,-1.160000,-13.634000,-87.832000,-69.802000,26.27
0.588353,0.314000,0.030000,-1.146000,-15.282000,-95.740000,-70.183000,26.32
0.600206,0.339000,0.011000,-1.178000,-16.382000,-100.137000,-70.733000,26.32
0.607220,0.387000,0.014000,-1.180000,-14.855000,-102.656000,-72.534000,26.27
0.619051,0.426000,0.004000,-1.151000,-9.481000,-106.168000,-74.443000,26.32
0.631340,0.496000,-0.043000,-1.118000,-6.076000,-111.313000,-75.863000,26.32
0.637427,0.496000,-0.081000,-1.059000,-5.618000,-116.000000,-76.092000,26.27
0.649362,0.481000,-0.084000,-1.009000,-6.183000,-118.519000,-75.237000,26.32
0.656166,0.512000,-0.097000,-0.982000,-7.450000,-120.260000,-72.687000,26.37
0.668060,0.543000,-0.090000,-1.004000,-9.466000,-120.718000,-68.397000,26.32
0.680159,0.588000,-0.063000,-1.005000,-12.473000,-119.267000,-63.099000,26.22
0.686813,0.608000,-0.047000,-0.957000,-14.183000,-116.000000,-58.122000,26.37
0.698518,0.653000,-0.021000,-0.901000,-15.084000,-118.061000,-52.000000,26.27
0.710241,0.692000,-0.001000,-0.822000,-17.298000,-113.664000,-47.450000,26.32
0.717048,0.748000,0.001000,-0.752000,-16.962000,-105.664000,-43.878000,26.27
0.729031,0.842000,-0.003000,-0.721000,-20.595000,-100.366000,-40.168000,26.32
0.734688,0.917000,-0.036000,-0.671000,-22.595000,-97.099000,-34.977000,26.32
0.747594,0.932000,-0.081000,-0.640000,-28.214000,-92.504000,-28.656000,26.27
0.759546,0.914000,-0.143000,-0.577000,-35.664000,-86.977000,-21.282000,26.32
0.766442,0.879000,-0.181000,-0.482000,-42.992000,-79.740000,-11.969000,26.32
0.778327,0.772000,-0.236000,-0.341000,-49.527000,-53.588000,-1.573000,26.27
0.790627,0.817000,-0.254000,-0.301000,-50.641000,-60.824000,7.450000,26.22
0.797417,0.851000,-0.247000,-0.222000,-49.267000,-48.656000,13.206000,26.22
0.809411,0.883000,-0.200000,-0.192000,-44.748000,-37.832000,15.206000,26.27
0.816408,1.089000,0.136000,-0.524000,-25.298000,-9.344000,13.679000,26.32
0.828678,0.822000,-0.035000,0.353000,20.763000,-11.237000,30.504000,26.27
0.840779,1.330000,-0.612000,0.509000,23.298000,71.618000,36.550000,26.27
0.847912,1.703000,-0.549000,0.961000,30.000000,100.321000,33.771000,26.32
0.860157,0.485000,-0.192000,0.344000,61.435000,109.405000,31.802000,26.27
0.867217,1.179000,0.416000,-1.969000,60.565000,69.679000,7.069000,26.27
0.879751,0.670000,0.537000,-1.602000,52.382000,86.992000,23.221000,26.32
0.886399,0.199000,-0.223000,-0.706000,62.046000,118.321000,38.519000,26.27
0.898552,0.978000,-0.266000,-1.127000,38.427000,145.908000,16.870000,26.27
0.910490,1.477000,-0.119000,-1.363000,23.664000,113.542000,14.198000,26.22
0.917667,0.762000,-0.110000,-0.873000,19.115000,95.221000,15.496000,26.27
0.935329,0.420000,-0.000000,-0.891000,17.115000,100.443000,11.954000,26.32
0.936558,1.215000,0.503000,-1.020000,15.466000,109.924000,10.718000,26.22
0.949139,1.144000,-0.006000,-0.809000,25.435000,85.130000,9.893000,26.37
0.955946,0.799000,-0.201000,-0.990000,30.031000,58.183000,15.298000,26.22
0.968171,0.621000,-0.062000,-0.945000,21.313000,58.031000,14.244000,26.32
0.980746,0.739000,-0.053000,-0.975000,19.374000,38.718000,6.901000,26.32
0.987673,0.694000,-0.232000,-0.933000,22.733000,8.504000,7.389000,26.41
1.000401,0.619000,-0.051000,-0.919000,13.420000,9.786000,3.359000,26.27
1.007369,0.556000,-0.031000,-0.886000,7.298000,10.672000,0.107000,26.27
1.020097,0.581000,0.003000,-0.854000,5.099000,8.901000,0.504000,26.32
1.032785,0.576000,-0.007000,-0.860000,5.206000,6.504000,-0.611000,26.18
1.039088,0.554000,-0.015000,-0.867000,2.244000,10.275000,-1.069000,26.32
1.046141,0.541000,0.036000,-0.839000,1.145000,10.794000,-1.221000,26.32
1.058668,0.551000,0.029000,-0.821000,1.130000,8.473000,-0.672000,26.27
1.066095,0.538000,0.016000,-0.824000,1.573000,7.924000,-0.397000,26.37
1.078607,0.534000,0.008000,-0.825000,0.977000,8.229000,-0.031000,26.32
1.091128,0.537000,0.010000,-0.839000,1.176000,6.092000,0.519000,26.27
1.098362,0.524000,0.017000,-0.838000,1.145000,5.786000,0.870000,26.32
1.111029,0.535000,0.025000,-0.816000,1.145000,5.756000,1.221000,26.32
1.118298,0.514000,0.032000,-0.813000,1.771000,6.397000,1.450000,26.27
1.130821,0.526000,-0.014000,-0.807000,1.160000,9.450000,1.847000,26.32
1.137793,0.534000,-0.004000,-0.833000,-0.458000,10.748000,1.084000,26.22
1.150386,0.549000,0.011000,-0.821000,-0.107000,9.710000,0.870000,26.27
1.157643,0.551000,0.012000,-0.817000,0.427000,9.221000,1.084000,26.32
1.169911,0.553000,0.034000,-0.807000,1.542000,7.802000,1.466000,26.37
1.177318,0.552000,0.028000,-0.816000,2.046000,9.847000,1.802000,26.27
1.189615,0.573000,-0.016000,-0.820000,-0.168000,6.168000,1.786000,26.32
1.196625,0.554000,-0.010000,-0.807000,-0.366000,5.023000,1.191000,26.27
1.208980,0.535000,-0.015000,-0.823000,-0.336000,3.863000,0.779000,26.27
1.216145,0.547000,-0.000000,-0.805000,-0.015000,-1.878000,0.534000,26.41
1.228467,0.481000,0.025000,-0.854000,-2.748000,2.168000,0.962000,26.18
1.234122,0.537000,0.004000,-0.813000,-0.977000,7.695000,1.740000,26.27
1.247942,0.474000,0.045000,-0.820000,-4.977000,4.122000,0.992000,26.32
1.260522,0.530000,0.022000,-0.850000,-1.969000,7.679000,1.038000,26.27
1.267769,0.526000,0.048000,-0.842000,-3.374000,16.183000,1.298000,26.27
1.280074,0.526000,0.009000,-0.842000,-5.527000,23.878000,0.656000,26.32
1.287172,0.538000,0.023000,-0.824000,-1.588000,19.817000,-0.107000,26.27
1.299515,0.517000,0.041000,-0.824000,-4.504000,27.313000,-0.137000,26.22
1.306766,0.469000,0.057000,-0.872000,-6.076000,36.885000,2.290000,26.32
1.319035,0.514000,0.023000,-0.858000,-4.565000,28.489000,3.237000,26.27
1.326585,0.630000,0.054000,-0.793000,-4.336000,32.198000,1.450000,26.41
1.338378,0.519000,-0.012000,-0.946000,-10.015000,51.847000,2.885000,26.32
1.350943,0.566000,0.013000,-0.950000,2.656000,39.924000,3.191000,26.37
1.357862,0.564000,-0.028000,-0.898000,5.160000,59.542000,0.977000,26.32
1.370253,0.607000,-0.054000,-0.885000,7.954000,64.427000,0.061000,26.32
1.377332,0.543000,0.022000,-0.900000,10.076000,68.916000,2.031000,26.18
1.398671,0.372000,0.254000,-1.052000,18.504000,103.542000,9.695000,26.22
1.399671,0.609000,-0.012000,-0.941000,22.000000,106.183000,14.611000,26.32
1.408861,0.553000,-0.070000,-0.943000,26.260000,128.000000,16.260000,26.32
1.420768,0.558000,-0.018000,-0.996000,24.733000,144.031000,16.916000,26.22
1.427858,0.530000,-0.052000,-1.105000,30.137000,158.641000,19.191000,26.27
1.440022,0.567000,0.020000,-1.023000,36.382000,184.931000,19.389000,26.27
1.446893,0.553000,0.033000,-1.061000,47.130000,199.542000,22.779000,26.32
1.459305,0.753000,0.089000,-1.099000,86.015000,150.519000,29.802000,26.27
1.466189,0.655000,0.228000,-1.052000,82.092000,278.763000,33.237000,26.32
1.478450,0.533000,0.238000,-1.314000,108.412000,322.137000,42.962000,26.41
1.490328,0.736000,0.172000,-1.208000,168.626000,293.191000,56.748000,26.27
1.497377,0.754000,0.038000,-1.395000,149.878000,345.023000,61.038000,26.27
1.509283,1.095000,-0.115000,-1.567000,121.130000,443.389000,69.847000,26.41
1.516224,1.506000,-0.129000,-1.324000,86.595000,328.427000,72.183000,26.37
1.528329,1.707000,-0.048000,-1.664000,55.450000,370.947000,72.626000,26.32
1.540872,1.712000,0.361000,-1.353000,90.916000,262.855000,80.489000,26.32
1.547913,1.776000,0.274000,-1.507000,86.534000,244.901000,84.168000,26.27
1.559952,1.524000,0.267000,-1.191000,95.435000,198.702000,75.634000,26.32
1.566742,0.585000,0.205000,-1.466000,66.992000,155.557000,68.198000,26.27
1.579012,0.911000,-0.129000,-1.663000,16.107000,173.191000,66.611000,26.27
1.586050,0.521000,0.302000,-2.054000,-47.359000,68.855000,55.863000,26.22
1.598419,0.227000,0.606000,-1.313000,-42.763000,39.038000,54.275000,26.37
1.610347,0.169000,0.592000,-1.151000,-26.275000,-14.229000,54.779000,26.27
1.617054,-0.027000,0.456000,-0.895000,-20.672000,-38.336000,48.916000,26.32
1.629285,-0.077000,0.366000,-0.734000,-17.740000,-71.053000,42.260000,26.37
1.636279,-0.100000,0.313000,-0.631000,-31.328000,-78.870000,31.664000,26.32
1.648235,-0.098000,0.304000,-0.582000,-47.145000,-70.443000,22.519000,26.32
1.660226,0.014000,0.285000,-0.568000,-53.069000,-85.328000,14.382000,26.18
1.667092,0.118000,0.290000,-0.562000,-64.183000,-77.832000,4.809000,26.22
1.679311,0.236000,0.268000,-0.632000,-62.244000,-99.802000,-3.618000,26.41
1.686192,0.341000,0.237000,-0.705000,-66.595000,-115.817000,-13.038000,26.37
1.698206,0.441000,0.192000,-0.764000,-72.855000,-139.542000,-24.153000,26.32
1.709914,0.541000,0.122000,-0.815000,-79.023000,-164.855000,-34.519000,26.32
1.716415,0.620000,0.043000,-0.825000,-93.573000,-170.931000,-43.939000,26.37
1.728336,0.724000,-0.010000,-0.867000,-101.328000,-201.496000,-49.832000,26.32
1.740032,0.778000,-0.018000,-0.834000,-105.435000,-234.061000,-53.710000,26.22
1.746672,0.799000,-0.047000,-0.804000,-115.466000,-233.908000,-57.969000,26.27
1.758395,0.806000,-0.075000,-0.814000,-136.351000,-195.847000,-65.435000,26.32
1.770360,0.897000,-0.107000,-0.814000,-119.405000,-236.550000,-64.321000,26.27
1.776861,0.984000,-0.146000,-0.817000,-121.603000,-249.847000,-66.489000,26.32
1.788577,1.069000,-0.169000,-0.811000,-125.863000,-242.809000,-66.992000,26.32
1.800566,1.102000,-0.170000,-0.850000,-125.557000,-244.198000,-67.374000,26.27
1.807012,1.188000,-0.168000,-0.869000,-127.679000,-238.733000,-69.954000,26.27
1.818862,1.275000,-0.116000,-0.891000,-127.542000,-234.031000,-75.908000,26.32
1.830605,1.310000,-0.043000,-0.898000,-122.916000,-230.046000,-86.015000,26.37
1.837093,1.339000,0.027000,-0.933000,-114.336000,-226.519000,-98.947000,26.22
1.849274,1.344000,0.071000,-0.989000,-103.710000,-223.725000,-114.229000,26.22
1.860732,1.344000,0.051000,-1.050000,-94.885000,-222.061000,-129.298000,26.27
1.867510,1.371000,0.020000,-1.114000,-87.298000,-220.092000,-143.603000,26.32
1.879273,1.371000,-0.022000,-1.129000,-78.473000,-219.817000,-155.969000,26.22
1.885745,1.317000,-0.160000,-1.147000,-68.427000,-218.824000,-166.977000,26.27
1.897556,1.291000,-0.307000,-1.144000,-56.595000,-218.290000,-174.092000,26.32
1.909444,1.418000,-0.390000,-1.128000,-42.107000,-205.802000,-173.298000,26.32
1.916226,1.546000,-0.449000,-1.197000,-26.015000,-209.115000,-164.031000,26.27
1.927757,1.633000,-0.514000,-0.744000,29.160000,-212.901000,-130.687000,26.32
1.939785,1.778000,-0.721000,-0.691000,19.695000,-211.359000,-122.901000,26.32
1.946605,1.767000,-0.687000,-0.535000,2.885000,-207.832000,-113.588000,26.27
1.958435,1.651000,-0.613000,-0.200000,-29.206000,-194.244000,-103.511000,26.32
1.970252,1.596000,-0.697000,0.177000,-44.000000,-163.023000,-80.870000,26.27
1.977081,1.526000,-0.932000,0.573000,-53.924000,-122.809000,-52.702000,26.27
1.989021,1.595000,-1.167000,0.767000,-64.809000,-78.244000,-26.992000,26.22
1.995893,1.717000,-1.066000,0.929000,-42.122000,-25.435000,10.412000,26.27
2.008352,1.634000,-0.938000,1.089000,12.702000,34.626000,60.198000,26.27
2.020546,1.664000,-1.005000,1.014000,40.840000,80.061000,102.229000,26.22
2.027355,1.667000,-0.824000,0.971000,57.115000,129.099000,144.015000,26.27
2.039393,0.617000,-0.075000,-0.804000,83.618000,124.779000,147.756000,26.27
2.046323,0.468000,0.610000,-1.967000,52.611000,135.237000,115.542000,26.32
2.058347,-0.018000,1.025000,-0.800000,50.656000,157.435000,69.023000,26.37
2.070499,0.068000,0.592000,-0.441000,72.443000,245.221000,35.618000,26.22
2.077599,1.574000,-0.053000,-1.587000,72.855000,217.740000,12.794000,26.32
2.089563,1.946000,-0.276000,-1.339000,60.992000,165.710000,22.733000,26.37
2.096616,1.062000,-0.453000,-1.118000,51.466000,156.382000,34.611000,26.41
2.110442,1.353000,0.375000,-1.890000,38.092000,177.099000,25.664000,26.32
2.115821,1.540000,0.269000,-0.749000,14.855000,156.702000,0.565000,26.27
2.128120,1.117000,-0.170000,-1.016000,53.252000,81.908000,13.634000,26.32
2.140464,1.037000,-0.255000,-0.996000,42.824000,57.344000,22.870000,26.32
2.147107,0.759000,-0.018000,-0.922000,32.550000,56.672000,16.168000,26.37
2.159329,0.798000,-0.231000,-1.021000,30.031000,42.000000,16.153000,26.22
2.166509,0.668000,-0.050000,-0.888000,30.580000,31.771000,14.489000,26.32
2.178674,0.649000,-0.091000,-0.929000,21.328000,17.649000,8.214000,26.27
2.185906,0.564000,-0.135000,-0.928000,10.931000,5.847000,3.649000,26.22
2.198554,0.560000,-0.005000,-0.883000,6.641000,8.046000,1.389000,26.37
2.210497,0.532000,-0.003000,-0.863000,4.000000,14.366000,1.786000,26.32
2.218026,0.580000,-0.007000,-0.857000,1.802000,12.137000,0.046000,26.32
2.230229,0.542000,0.034000,-0.831000,-0.718000,15.481000,-0.916000,26.27
2.237334,0.569000,0.055000,-0.831000,-1.511000,12.733000,-0.198000,26.27
2.249729,0.552000,0.038000,-0.842000,0.351000,9.939000,0.855000,26.32
2.257217,0.549000,0.035000,-0.833000,0.656000,10.611000,0.962000,26.27
2.269525,0.551000,0.031000,-0.833000,0.244000,7.679000,1.466000,26.32
2.276924,0.545000,0.035000,-0.821000,0.015000,9.176000,1.969000,26.41
2.289294,0.477000,0.087000,-0.829000,-1.893000,12.473000,2.534000,26.27
2.296423,0.478000,0.047000,-0.859000,-0.550000,16.519000,5.191000,26.37
2.308763,0.530000,0.003000,-0.850000,-0.977000,16.580000,5.878000,26.32
2.314342,0.529000,0.042000,-0.811000,-2.198000,19.588000,5.206000,26.27
2.328121,0.523000,0.054000,-0.820000,-2.397000,22.443000,5.298000,26.32
2.340652,0.515000,0.019000,-0.849000,-1.298000,12.672000,5.679000,26.32
2.347616,0.538000,0.021000,-0.816000,-2.122000,19.023000,5.878000,26.27
2.360050,0.575000,0.006000,-0.802000,-4.275000,16.611000,6.031000,26.32
2.367233,0.589000,0.000000,-0.775000,-4.672000,18.565000,5.863000,26.32
2.387187,0.593000,0.020000,-0.771000,-4.611000,15.191000,5.496000,26.27
2.389074,0.541000,0.051000,-0.784000,-3.023000,21.344000,5.969000,26.32
2.402189,0.505000,0.107000,-0.819000,-4.534000,23.206000,6.458000,26.32
2.406674,0.544000,0.075000,-0.825000,-5.053000,31.206000,7.710000,26.27
2.419593,0.518000,0.055000,-0.860000,-2.382000,30.580000,7.771000,26.32
2.432151,0.537000,0.014000,-0.866000,-4.901000,40.366000,7.817000,26.41
2.437840,0.609000,-0.007000,-0.927000,-1.618000,47.115000,4.779000,26.37
2.450241,0.473000,-0.003000,-0.785000,-4.061000,54.504000,3.725000,26.32
2.459379,0.625000,0.050000,-0.824000,-10.870000,57.328000,5.130000,26.22
2.469485,0.547000,0.005000,-0.856000,-1.221000,46.672000,7.023000,26.27
2.476485,0.593000,-0.006000,-0.830000,-11.115000,56.947000,12.550000,26.41
2.488729,0.603000,0.131000,-0.783000,3.969000,40.275000,12.290000,26.22
2.495821,0.613000,-0.044000,-0.802000,9.527000,53.954000,11.084000,26.37
2.508260,0.616000,-0.088000,-0.880000,1.298000,54.977000,9.405000,26.32
2.520837,0.602000,-0.096000,-0.796000,4.275000,70.641000,1.115000,26.32
2.527773,0.687000,-0.082000,-0.718000,2.321000,58.947000,-0.229000,26.37
2.539843,0.673000,-0.026000,-0.678000,-10.275000,86.473000,-3.817000,26.32
2.547063,0.717000,0.027000,-0.673000,4.473000,72.443000,-6.489000,26.32
2.559326,0.643000,0.065000,-0.801000,3.481000,84.198000,-3.542000,26.27
2.566608,0.624000,0.123000,-0.906000,6.733000,88.916000,2.534000,26.32
2.579008,0.627000,0.144000,-0.859000,9.756000,92.885000,8.870000,26.32
2.586118,0.648000,0.035000,-0.821000,3.725000,83.191000,11.664000,26.37
2.598617,0.743000,0.069000,-0.891000,24.107000,76.198000,5.191000,26.32
2.604183,0.885000,0.030000,-0.801000,28.794000,90.076000,8.122000,26.32
2.617794,0.751000,-0.003000,-0.806000,26.870000,100.061000,12.611000,26.27
2.630021,0.780000,0.014000,-0.828000,23.130000,103.527000,14.061000,26.32
2.637181,0.694000,0.008000,-0.775000,31.710000,108.504000,17.130000,26.22
2.654793,0.921000,-0.055000,-0.750000,33.084000,111.420000,15.389000,26.37
2.655956,0.679000,-0.010000,-0.635000,29.924000,92.931000,10.656000,26.22
2.668264,0.608000,-0.005000,-0.610000,24.397000,85.573000,7.573000,26.32
2.680934,0.434000,0.042000,-0.863000,12.962000,64.656000,0.534000,26.27
2.687841,0.364000,0.044000,-1.094000,-8.855000,34.641000,-4.855000,26.32
2.700050,-0.057000,0.220000,-1.141000,-13.038000,-0.962000,-3.008000,26.22
2.707111,-0.201000,0.143000,-1.159000,-22.244000,-31.176000,3.847000,26.27
2.718904,-0.173000,0.138000,-1.172000,-37.832000,-58.153000,12.534000,26.32
2.724918,-0.023000,0.135000,-1.091000,-47.344000,-81.725000,20.107000,26.32
2.737959,0.219000,0.114000,-0.996000,-50.519000,-100.412000,23.267000,26.27
2.750216,0.406000,0.105000,-0.840000,-49.618000,-110.473000,21.511000,26.22
2.756828,0.620000,0.011000,-0.691000,-47.496000,-116.473000,17.359000,26.32
2.768702,0.912000,-0.198000,-0.649000,-50.122000,-118.198000,13.237000,26.27
2.780763,1.281000,-0.183000,-0.275000,-43.878000,-113.160000,10.595000,26.22
2.787891,1.589000,-0.319000,0.022000,-29.908000,-86.168000,9.939000,26.41
2.799884,2.124000,-0.446000,0.252000,-12.412000,-59.389000,11.328000,26.27
2.807208,2.268000,-0.461000,0.466000,0.336000,-22.321000,7.588000,26.32
2.819181,2.203000,-0.449000,0.608000,18.107000,38.687000,2.321000,26.32
2.826365,1.610000,-0.332000,0.205000,27.313000,32.641000,-6.168000,26.37
2.838694,0.213000,-0.066000,-0.858000,22.137000,33.893000,-13.496000,26.32
2.850957,0.548000,-0.092000,-0.606000,10.489000,12.229000,-8.397000,26.32
2.858002,0.963000,-0.010000,-0.393000,6.641000,-0.718000,-11.328000,26.27
2.869745,0.797000,-0.019000,-0.555000,2.153000,-10.458000,-10.626000,26.32
2.877849,0.706000,0.066000,-0.544000,-4.076000,-15.725000,-6.931000,26.22
2.889343,0.759000,0.086000,-0.618000,-8.443000,-15.298000,-2.458000,26.37
2.896167,0.747000,0.097000,-0.615000,-11.252000,-20.580000,1.679000,26.22
2.908305,0.707000,0.071000,-0.713000,-10.046000,-19.939000,4.947000,26.32
2.922472,0.686000,0.024000,-0.751000,-9.832000,-17.527000,6.458000,26.27
2.927335,0.672000,0.001000,-0.772000,-8.962000,-15.176000,7.679000,26.32
2.939515,0.677000,-0.024000,-0.769000,-8.000000,-12.748000,7.679000,26.22
2.946736,0.671000,-0.041000,-0.757000,-5.328000,-11.481000,6.153000,26.37
2.959066,0.675000,-0.054000,-0.728000,-2.962000,-7.832000,3.511000,26.32
2.966471,0.663000,-0.039000,-0.708000,-2.061000,-4.656000,0.458000,26.32
2.978464,0.676000,-0.062000,-0.734000,-0.962000,-2.183000,-1.435000,26.27
2.990474,0.676000,-0.045000,-0.717000,-0.550000,-2.626000,-3.145000,26.32
2.997635,0.685000,-0.024000,-0.733000,0.504000,-2.168000,-3.160000,26.22
3.009782,0.695000,-0.008000,-0.724000,0.809000,-1.466000,-2.565000,26.37
3.016933,0.697000,-0.012000,-0.721000,0.809000,-4.290000,-1.466000,26.32
3.029121,0.699000,-0.009000,-0.707000,1.603000,-2.687000,0.275000,26.32
3.036301,0.697000,-0.020000,-0.703000,0.214000,-4.382000,1.466000,26.37
3.049042,0.680000,-0.021000,-0.708000,-0.565000,-3.038000,1.786000,26.32
3.060982,0.702000,-0.034000,-0.703000,-1.695000,-3.069000,1.221000,26.37
3.067931,0.659000,-0.038000,-0.722000,-3.252000,5.664000,0.458000,26.37
3.080222,0.679000,-0.045000,-0.713000,-2.779000,-1.725000,-0.519000,26.32
3.087230,0.697000,-0.031000,-0.694000,-3.221000,-0.977000,-0.855000,26.27
3.099414,0.684000,-0.030000,-0.700000,-3.191000,-1.893000,-1.664000,26.37
3.106638,0.682000,-0.025000,-0.697000,-2.748000,-5.008000,-1.832000,26.41
3.119472,0.682000,-0.003000,-0.698000,-3.099000,-5.863000,-1.420000,26.37
3.130863,0.682000,0.003000,-0.715000,-3.038000,-5.573000,-0.504000,26.37
3.137798,0.680000,0.012000,-0.697000,-3.786000,-3.939000,-0.046000,26.32
3.150022,0.686000,-0.005000,-0.717000,-3.771000,-2.275000,0.687000,26.37
3.157257,0.679000,-0.016000,-0.726000,-2.718000,-4.550000,0.977000,26.27
3.169582,0.682000,-0.031000,-0.719000,-2.473000,-2.992000,0.885000,26.41
3.176777,0.672000,-0.032000,-0.717000,-1.817000,-2.046000,0.397000,26.37
3.188822,0.670000,-0.045000,-0.715000,-1.618000,-2.336000,-0.977000,26.32
3.194592,0.668000,-0.029000,-0.707000,-1.298000,-2.519000,-2.168000,26.32
3.208408,0.667000,-0.019000,-0.709000,-1.603000,-2.641000,-2.870000,26.37
3.220129,0.667000,-0.018000,-0.712000,-1.985000,-1.298000,-2.702000,26.41
3.227295,0.668000,-0.022000,-0.741000,-1.664000,-0.519000,-2.198000,26.32
3.239516,0.668000,-0.018000,-0.735000,-2.183000,-0.443000,-1.664000,26.18
3.246377,0.671000,-0.037000,-0.737000,-1.740000,0.290000,-1.008000,26.32
3.258568,0.668000,-0.009000,-0.746000,-1.802000,1.008000,-1.160000,26.32
3.264464,0.669000,-0.013000,-0.739000,-1.573000,1.557000,-0.198000,26.37
3.278387,0.658000,-0.008000,-0.740000,-1.313000,2.473000,-0.015000,26.41
3.290222,0.665000,-0.020000,-0.724000,-1.023000,4.214000,0.626000,26.32
3.297638,0.670000,-0.023000,-0.720000,-0.687000,4.748000,0.305000,26.32
3.309739,0.669000,-0.031000,-0.704000,-0.198000,4.611000,-0.427000,26.32
3.317264,0.681000,-0.037000,-0.708000,-0.443000,4.718000,-0.824000,26.37
3.329032,0.680000,-0.062000,-0.684000,-0.229000,3.817000,-2.183000,26.27
3.336602,0.676000,-0.028000,-0.700000,-0.504000,3.069000,-3.618000,26.32
3.348739,0.688000,-0.031000,-0.712000,0.168000,1.954000,-3.847000,26.37
3.354108,0.681000,-0.003000,-0.712000,0.015000,0.733000,-3.527000,26.32
3.368289,0.681000,0.011000,-0.714000,-0.397000,-0.107000,-1.802000,26.22
3.380230,0.689000,0.005000,-0.708000,-0.687000,-1.267000,0.427000,26.37
3.387714,0.683000,-0.016000,-0.698000,-1.527000,-1.588000,1.603000,26.37
3.400016,0.673000,-0.030000,-0.689000,-1.130000,-0.977000,1.786000,26.22
3.407420,0.669000,-0.063000,-0.694000,-3.695000,-3.084000,0.748000,26.27
3.419311,0.674000,-0.061000,-0.717000,-3.756000,-3.267000,-1.802000,26.41
3.426226,0.642000,-0.029000,-0.730000,-4.321000,-1.206000,-3.237000,26.32
3.438672,0.659000,-0.042000,-0.734000,-4.000000,1.756000,-3.893000,26.18
3.450904,0.637000,-0.014000,-0.765000,-2.840000,2.565000,-3.832000,26.32
3.458119,0.664000,0.005000,-0.758000,-3.023000,4.702000,-2.397000,26.32
3.470327,0.665000,0.006000,-0.766000,-2.656000,7.206000,-0.702000,26.27
3.477695,0.662000,0.002000,-0.759000,-1.466000,7.985000,0.824000,26.32
3.489903,0.660000,-0.012000,-0.765000,-0.947000,10.229000,1.511000,26.22
3.497005,0.651000,-0.016000,-0.770000,-0.153000,12.611000,2.137000,26.37
3.509346,0.648000,-0.022000,-0.760000,0.748000,15.130000,2.305000,26.32
3.516577,0.664000,-0.038000,-0.756000,1.771000,17.466000,2.198000,26.32
3.528763,0.669000,-0.032000,-0.755000,3.130000,19.191000,1.679000,26.37
3.541371,0.668000,-0.041000,-0.753000,4.076000,20.626000,1.298000,26.32
3.548650,0.713000,-0.048000,-0.724000,4.336000,19.420000,1.389000,26.32
3.560267,0.671000,-0.031000,-0.745000,5.008000,24.595000,1.863000,26.37
3.567676,0.684000,-0.007000,-0.724000,4.397000,27.206000,2.504000,26.32
3.580027,0.682000,0.009000,-0.732000,5.649000,30.595000,4.168000,26.22
3.587183,0.672000,0.022000,-0.720000,4.412000,33.817000,6.855000,26.27
3.599628,0.689000,0.035000,-0.714000,5.511000,34.534000,9.282000,26.41
3.606686,0.687000,-0.005000,-0.728000,5.710000,37.206000,11.817000,26.32
3.619066,0.690000,-0.015000,-0.763000,6.550000,43.130000,12.153000,26.37
3.626401,0.696000,-0.048000,-0.738000,9.328000,44.168000,11.740000,26.32
3.638732,0.689000,-0.050000,-0.709000,5.634000,60.519000,12.412000,26.27
3.650541,0.672000,-0.067000,-0.740000,8.595000,60.305000,12.458000,26.27
3.657836,0.706000,-0.070000,-0.755000,8.443000,55.481000,12.443000,26.32
3.670170,0.689000,-0.041000,-0.804000,3.176000,59.725000,12.763000,26.27
3.677266,0.804000,-0.028000,-0.729000,1.939000,53.527000,11.237000,26.37
3.689713,0.802000,-0.009000,-0.710000,0.550000,59.557000,11.710000,26.32
3.696700,0.780000,-0.006000,-0.724000,-0.382000,61.069000,14.611000,26.37
3.709224,0.781000,0.007000,-0.722000,-3.924000,67.679000,19.206000,26.37
3.721209,0.822000,0.072000,-0.835000,-9.160000,64.000000,23.954000,26.32
3.727963,0.647000,0.203000,-0.940000,-15.206000,56.473000,25.832000,26.27
3.740172,0.283000,0.464000,-1.189000,-9.847000,40.076000,20.153000,26.37
3.747195,-0.184000,0.549000,-1.282000,-0.427000,11.649000,8.412000,26.41
3.759632,-0.599000,0.582000,-1.330000,-6.137000,-16.870000,-10.840000,26.27
3.766041,-0.698000,0.520000,-1.426000,-22.275000,-50.076000,-29.908000,26.37
3.778028,-0.541000,0.388000,-1.440000,-36.168000,-86.794000,-39.771000,26.32
3.790133,-0.199000,0.188000,-1.376000,-39.771000,-120.275000,-36.672000,26.46
3.796565,0.073000,-0.033000,-1.188000,-37.679000,-153.221000,-22.168000,26.32
3.808500,0.928000,-0.276000,-1.058000,-55.252000,-178.611000,-11.420000,26.41
3.820448,0.957000,-0.235000,-0.598000,-48.092000,-170.015000,-2.840000,26.37
3.827217,1.447000,-0.333000,-0.392000,-42.840000,-142.290000,5.496000,26.22
3.839299,1.725000,-0.341000,0.032000,-26.046000,-123.939000,20.672000,26.32
3.846335,2.152000,-0.687000,0.438000,-16.000000,-63.084000,39.435000,26.37
3.858598,2.855000,-0.978000,0.841000,-8.885000,1.115000,50.595000,26.32
3.870953,3.048000,-0.791000,0.931000,0.321000,41.466000,41.252000,26.32
3.877948,1.039000,-0.268000,-0.548000,17.603000,22.947000,14.107000,26.46
3.890225,-0.271000,-0.424000,-1.126000,7.038000,15.618000,11.313000,26.32
3.897261,0.866000,-0.210000,-0.523000,3.542000,14.153000,-3.679000,26.32
3.909599,0.831000,-0.258000,-0.568000,3.664000,-0.153000,-15.221000,26.37
3.917392,0.624000,-0.018000,-0.719000,-3.740000,2.046000,-19.191000,26.41
3.928626,0.699000,0.058000,-0.655000,-0.046000,-3.267000,-16.260000,26.32
3.940754,0.728000,0.146000,-0.602000,-5.008000,-5.053000,-10.519000,26.27
3.947801,0.641000,0.139000,-0.767000,-6.076000,-4.198000,-2.137000,26.32
3.960250,0.589000,0.056000,-0.838000,-5.847000,1.130000,5.191000,26.32
3.967579,0.646000,0.010000,-0.807000,-4.992000,3.267000,9.939000,26.37
3.979567,0.639000,-0.013000,-0.785000,-5.160000,4.397000,12.840000,26.32
3.986852,0.609000,-0.072000,-0.781000,-5.466000,7.740000,11.557000,26.22
3.999280,0.607000,-0.060000,-0.790000,-3.176000,12.672000,7.374000,26.37
4.006310,0.646000,-0.085000,-0.797000,-0.595000,15.985000,3.740000,26.41
4.022107,0.626000,-0.044000,-0.827000,2.092000,21.328000,1.603000,26.32
4.030774,0.606000,0.047000,-0.867000,4.641000,30.779000,3.237000,26.37
4.038264,0.624000,0.053000,-0.924000,8.015000,44.427000,8.015000,26.22
4.050232,0.623000,0.097000,-0.990000,13.588000,61.267000,12.885000,26.32
4.057308,0.640000,0.119000,-1.018000,22.305000,82.962000,20.244000,26.27
4.069716,0.610000,0.094000,-1.078000,25.344000,106.015000,28.076000,26.32
4.076861,0.617000,0.070000,-1.109000,33.298000,120.290000,33.389000,26.32
4.088826,0.625000,0.080000,-1.162000,32.947000,140.885000,41.008000,26.32
4.095992,0.717000,0.112000,-1.091000,33.863000,159.237000,45.649000,26.32
4.108068,0.781000,0.120000,-1.144000,31.344000,158.443000,49.969000,26.27
4.120251,1.047000,0.076000,-1.207000,22.382000,165.954000,57.527000,26.37
4.127194,0.827000,0.265000,-1.140000,29.588000,150.382000,57.878000,26.22
4.139400,0.470000,0.592000,-1.385000,47.053000,125.328000,34.550000,26.37
4.146225,0.149000,0.913000,-1.664000,59.924000,78.748000,-11.878000,26.41
4.158637,0.028000,0.694000,-1.558000,42.366000,52.351000,-60.076000,26.32
4.170988,-0.042000,0.461000,-1.591000,22.840000,17.145000,-80.244000,26.37
4.177882,-0.381000,0.280000,-1.283000,26.351000,-29.969000,-78.366000,26.37
4.189921,-0.409000,0.019000,-1.208000,17.313000,-34.824000,-60.901000,26.32
4.196231,-0.327000,-0.138000,-1.200000,-0.824000,-51.466000,-39.863000,26.37
4.208096,-0.231000,-0.137000,-1.217000,-17.069000,-69.939000,-20.336000,26.32
4.220136,-0.115000,-0.051000,-1.171000,-24.153000,-92.473000,-4.626000,26.32
4.227153,-0.000000,-0.023000,-1.105000,-25.252000,-108.611000,4.382000,26.27
4.239181,0.131000,0.024000,-1.076000,-25.771000,-120.122000,7.466000,26.37
4.246206,0.276000,0.100000,-1.053000,-26.351000,-132.916000,5.466000,26.32
4.257891,0.413000,0.175000,-1.016000,-24.656000,-141.511000,-0.443000,26.37
4.269944,0.533000,0.236000,-0.964000,-21.740000,-146.412000,-10.015000,26.41
4.276680,0.615000,0.289000,-0.917000,-17.969000,-144.260000,-22.183000,26.32
4.291634,0.696000,0.334000,-0.891000,-14.885000,-142.840000,-35.298000,26.37
4.300706,0.782000,0.383000,-0.886000,-11.450000,-139.832000,-49.160000,26.32
4.307527,0.844000,0.402000,-0.900000,-8.031000,-131.725000,-63.954000,26.41
4.319371,0.900000,0.367000,-0.911000,-7.649000,-129.527000,-80.076000,26.27
4.330877,0.942000,0.332000,-0.904000,-6.885000,-128.626000,-95.084000,26.32
4.338614,0.960000,0.298000,-0.892000,-2.779000,-128.183000,-105.725000,26.32
4.350612,0.925000,0.204000,-0.865000,1.878000,-125.267000,-111.145000,26.37
4.357430,0.897000,0.113000,-0.857000,3.267000,-118.718000,-111.405000,26.22
4.369297,0.862000,0.031000,-0.841000,3.160000,-112.824000,-105.008000,26.32
4.376370,0.808000,-0.026000,-0.843000,0.031000,-108.840000,-91.282000,26.37
4.388137,0.777000,-0.062000,-0.849000,-4.550000,-103.802000,-74.611000,26.22
4.400098,0.727000,-0.070000,-0.849000,-11.389000,-96.504000,-54.458000,26.32
4.407062,0.682000,-0.058000,-0.863000,-22.473000,-89.725000,-34.748000,26.37
4.418790,0.664000,-0.050000,-0.880000,-35.359000,-96.275000,-19.267000,26.41
4.430673,0.711000,-0.039000,-0.913000,-55.511000,-81.130000,-5.160000,26.27
4.438049,0.737000,0.012000,-0.929000,-69.802000,-84.198000,4.214000,26.27
4.450100,0.698000,0.075000,-0.893000,-75.725000,-92.809000,9.618000,26.32
4.457049,0.587000,0.133000,-0.826000,-76.366000,-95.023000,12.427000,26.37
4.468967,0.449000,0.179000,-0.794000,-74.229000,-95.145000,10.855000,26.37
4.474930,0.347000,0.193000,-0.819000,-74.122000,-85.420000,3.832000,26.32
4.488094,0.331000,0.235000,-0.870000,-72.137000,-85.176000,-6.763000,26.27
4.499960,0.378000,0.219000,-0.934000,-66.595000,-88.611000,-18.931000,26.37
4.506857,0.433000,0.150000,-0.961000,-62.351000,-94.244000,-29.191000,26.32
4.519122,0.509000,0.065000,-0.913000,-59.496000,-94.626000,-34.794000,26.37
4.531129,0.545000,0.014000,-0.846000,-57.908000,-97.557000,-36.550000,26.27
4.537521,0.605000,-0.044000,-0.771000,-52.397000,-101.756000,-33.420000,26.32
4.549599,0.691000,-0.033000,-0.718000,-48.656000,-95.298000,-29.664000,26.37
4.556898,0.776000,-0.023000,-0.592000,-45.115000,-84.168000,-25.176000,26.37
4.568447,0.755000,-0.006000,-0.601000,-45.023000,-73.893000,-18.626000,26.22
4.580265,0.764000,-0.018000,-0.567000,-42.229000,-64.443000,-10.992000,26.37
4.587129,0.788000,-0.052000,-0.526000,-42.641000,-58.015000,-4.611000,26.37
4.599507,0.795000,-0.086000,-0.508000,-50.153000,-44.763000,2.672000,26.22
4.606525,0.882000,-0.112000,-0.438000,-58.626000,-34.885000,9.374000,26.37
4.618132,0.799000,-0.109000,-0.376000,-62.168000,-27.328000,14.672000,26.37
4.630312,0.763000,-0.112000,-0.298000,-58.015000,-14.519000,17.481000,26.41
4.637147,0.808000,-0.074000,-0.275000,-46.656000,-0.061000,18.351000,26.37
4.651338,0.876000,-0.049000,-0.260000,-31.527000,8.885000,15.344000,26.22
4.656317,0.899000,-0.036000,-0.231000,-20.260000,27.237000,6.565000,26.32
4.668698,0.920000,-0.008000,-0.211000,-5.802000,35.893000,-7.527000,26.27
4.680664,0.900000,0.021000,-0.200000,11.969000,46.244000,-26.275000,26.41
4.687590,0.377000,0.547000,-0.580000,83.466000,65.618000,-47.924000,26.32
4.699748,0.658000,0.056000,0.482000,143.771000,85.481000,-18.275000,26.27
4.706790,0.316000,-0.204000,-0.697000,136.107000,116.763000,-24.779000,26.32
4.718782,0.674000,0.235000,-1.707000,111.725000,78.748000,-25.313000,26.32
4.730871,-0.255000,-0.104000,-1.044000,116.458000,95.878000,8.427000,26.27
4.737500,-0.500000,-0.530000,-0.846000,125.130000,156.382000,21.313000,26.32
4.749761,0.378000,-0.885000,-1.169000,96.153000,175.374000,19.481000,26.37
4.756742,1.369000,-0.696000,-1.411000,71.878000,172.412000,27.649000,26.41
4.768813,1.635000,-0.326000,-1.377000,51.725000,149.405000,32.092000,26.41
4.780721,1.200000,-0.076000,-1.249000,52.244000,125.435000,23.237000,26.27
4.787987,0.703000,-0.203000,-1.099000,37.908000,129.954000,12.031000,26.37
4.799725,0.342000,-0.330000,-0.885000,19.466000,141.420000,12.168000,26.32
4.807201,1.178000,0.489000,-0.927000,5.588000,140.229000,7.084000,26.37
4.819256,1.213000,0.162000,-0.757000,36.168000,109.389000,14.382000,26.41
4.826462,0.945000,0.003000,-0.941000,59.817000,18.244000,19.603000,26.32
4.838745,0.743000,-0.116000,-0.982000,51.786000,37.328000,22.840000,26.37
4.850714,0.831000,-0.182000,-1.061000,36.122000,37.710000,14.763000,26.37
4.857601,0.680000,-0.165000,-0.975000,30.473000,18.992000,12.183000,26.41
4.870042,0.683000,-0.064000,-0.956000,18.611000,20.412000,8.137000,26.27
4.877423,0.644000,-0.088000,-0.897000,21.756000,7.679000,7.267000,26.41
4.889776,0.582000,-0.043000,-0.871000,13.557000,7.802000,5.389000,26.32
4.896556,0.572000,-0.018000,-0.880000,8.550000,16.061000,4.244000,26.37
4.909064,0.547000,-0.020000,-0.859000,6.641000,12.214000,3.160000,26.37
4.916278,0.569000,0.003000,-0.825000,4.000000,9.191000,2.595000,26.32
4.928775,0.552000,-0.009000,-0.848000,3.023000,8.015000,1.908000,26.37
4.934480,0.532000,-0.007000,-0.848000,0.809000,8.321000,1.359000,26.32
4.948481,0.511000,0.025000,-0.842000,0.122000,10.748000,1.374000,26.32
4.961688,0.521000,0.024000,-0.826000,0.427000,11.237000,2.015000,26.46
4.967906,0.541000,0.021000,-0.819000,0.641000,9.664000,2.473000,26.32
4.980616,0.542000,0.027000,-0.816000,1.252000,10.260000,3.176000,26.32
4.987558,0.537000,0.059000,-0.812000,2.473000,10.244000,4.412000,26.18
5.000106,0.559000,0.040000,-0.804000,4.000000,10.137000,5.756000,26.41
5.007433,0.543000,0.031000,-0.805000,4.687000,8.275000,6.489000,26.32
5.019863,0.554000,0.000000,-0.806000,4.855000,6.229000,6.137000,26.27
5.030259,0.537000,0.010000,-0.797000,3.649000,5.649000,4.733000,26.32
5.046272,0.460000,0.046000,-0.833000,3.328000,7.634000,4.000000,26.32
5.047013,0.507000,0.010000,-0.833000,3.893000,10.290000,4.901000,26.37
5.060270,0.552000,-0.024000,-0.823000,3.053000,10.992000,3.435000,26.32
5.066374,0.483000,-0.009000,-0.885000,-0.672000,12.840000,2.412000,26.22
5.080648,0.531000,0.008000,-0.812000,-1.389000,13.771000,2.427000,26.37
5.085749,0.499000,0.045000,-0.804000,-2.000000,12.656000,2.626000,26.32
5.098625,0.525000,0.017000,-0.836000,-4.794000,15.053000,4.198000,26.32
5.110447,0.519000,0.008000,-0.838000,-2.733000,18.092000,3.786000,26.37
5.117725,0.515000,0.025000,-0.815000,-2.733000,14.687000,2.443000,26.32
5.134622,0.539000,-0.037000,-0.858000,-3.252000,16.290000,2.336000,26.41
5.136891,0.527000,0.007000,-0.853000,-6.519000,20.366000,1.221000,26.27
5.149442,0.475000,0.032000,-0.851000,-4.794000,24.534000,1.023000,26.41
5.156473,0.512000,0.015000,-0.849000,-5.099000,34.183000,2.397000,26.41
5.169097,0.645000,-0.003000,-0.825000,-7.344000,34.031000,2.611000,26.37
5.176134,0.482000,0.045000,-0.897000,-6.076000,42.550000,0.855000,26.32
5.188254,0.547000,-0.002000,-0.870000,-7.038000,61.527000,0.656000,26.32
5.200731,0.563000,-0.020000,-0.861000,7.328000,45.847000,-1.603000,26.37
5.207830,0.595000,-0.073000,-0.870000,3.252000,63.573000,-4.534000,26.32
5.220313,0.514000,0.081000,-0.975000,4.550000,80.382000,0.718000,26.32
5.227257,0.498000,0.021000,-1.040000,18.321000,94.901000,12.580000,26.27
5.239578,0.594000,0.030000,-0.912000,22.962000,117.634000,16.443000,26.32
5.246462,0.563000,-0.014000,-0.993000,23.863000,137.771000,18.153000,26.41
5.258658,0.551000,-0.050000,-1.072000,28.687000,162.901000,18.840000,26.37
5.270572,0.402000,-0.091000,-1.127000,33.069000,193.023000,20.641000,26.32
5.277719,0.532000,-0.004000,-1.222000,34.412000,227.573000,20.855000,26.41
5.289893,0.466000,0.033000,-1.212000,49.450000,273.725000,23.481000,26.27
5.296617,0.607000,0.240000,-1.338000,66.031000,331.817000,24.992000,26.32
5.309076,0.438000,0.311000,-1.624000,104.794000,354.260000,33.191000,26.41
5.314572,0.383000,0.328000,-1.480000,184.015000,397.969000,49.252000,26.37
5.327944,1.028000,0.028000,-1.266000,210.244000,405.084000,62.931000,26.32
5.339875,1.507000,-0.313000,-2.053000,113.481000,500.260000,55.664000,26.32
5.346940,1.506000,-0.400000,-1.474000,96.947000,403.115000,63.115000,26.18
5.359123,1.831000,0.295000,-1.440000,62.168000,468.672000,54.550000,26.32
5.366146,1.876000,0.338000,-1.418000,91.756000,368.611000,68.275000,26.41
5.378112,2.196000,0.472000,-1.460000,184.672000,188.382000,84.412000,26.37
5.390431,1.278000,0.099000,-1.354000,157.954000,135.603000,67.313000,26.41
5.397218,-0.531000,-0.101000,-2.075000,83.756000,66.244000,62.534000,26.32
5.409149,0.654000,-0.141000,-2.046000,-33.847000,113.282000,34.305000,26.37
5.416297,-0.027000,0.411000,-1.744000,-54.260000,-15.160000,37.771000,26.32
5.428394,-0.300000,0.696000,-1.114000,-41.679000,-41.298000,33.237000,26.32
5.440318,-0.339000,0.608000,-0.917000,-14.840000,-75.221000,32.519000,26.27
5.446981,-0.314000,0.506000,-0.798000,-8.321000,-90.107000,23.450000,26.32
5.459071,-0.237000,0.418000,-0.771000,-13.221000,-101.649000,11.450000,26.46
5.470888,-0.086000,0.362000,-0.793000,-25.542000,-115.985000,-1.985000,26.46
5.477733,0.078000,0.356000,-0.827000,-36.947000,-133.954000,-13.466000,26.32
5.489974,0.229000,0.347000,-0.866000,-44.092000,-157.832000,-22.229000,26.46
5.496519,0.337000,0.308000,-0.861000,-49.282000,-183.603000,-29.893000,26.37
5.508627,0.415000,0.245000,-0.851000,-56.656000,-205.649000,-36.733000,26.32
5.520394,0.461000,0.196000,-0.817000,-63.206000,-231.878000,-41.634000,26.37
5.527073,0.519000,0.126000,-0.823000,-72.702000,-237.130000,-44.855000,26.37
5.539004,0.608000,0.062000,-0.848000,-83.481000,-245.435000,-46.244000,26.32
5.550843,0.759000,-0.028000,-0.919000,-96.443000,-256.198000,-44.519000,26.37
5.557642,0.874000,-0.109000,-0.985000,-114.275000,-268.519000,-42.977000,26.37
5.569270,0.933000,-0.170000,-1.016000,-133.710000,-279.878000,-40.763000,26.32
5.575418,0.990000,-0.192000,-1.022000,-144.702000,-301.389000,-37.374000,26.37
5.587897,1.012000,-0.217000,-0.994000,-152.229000,-301.618000,-32.321000,26.37
5.599596,1.035000,-0.235000,-0.975000,-155.389000,-296.076000,-25.817000,26.32
5.606093,1.112000,-0.267000,-0.977000,-155.893000,-287.634000,-20.504000,26.37
5.618041,1.215000,-0.257000,-1.031000,-156.733000,-279.725000,-19.069000,26.27
5.629729,1.315000,-0.211000,-1.042000,-155.664000,-274.763000,-22.824000,26.41
5.636440,1.425000,-0.120000,-1.103000,-152.351000,-269.893000,-32.672000,26.37
5.648222,1.510000,-0.017000,-1.136000,-143.023000,-265.374000,-48.046000,26.46
5.659999,1.597000,0.077000,-1.168000,-125.634000,-262.656000,-65.817000,26.41
5.666891,1.685000,0.060000,-1.155000,-105.649000,-258.366000,-85.603000,26.37
5.678070,1.776000,-0.059000,-1.073000,-86.885000,-255.313000,-104.397000,26.37
5.690060,1.833000,-0.210000,-0.946000,-72.534000,-252.137000,-120.672000,26.41
5.696544,1.885000,-0.336000,-0.799000,-57.130000,-243.969000,-131.221000,26.27
5.708287,1.994000,-0.419000,-0.634000,-39.359000,-231.771000,-133.740000,26.37
5.720435,2.180000,-0.486000,-0.260000,-4.076000,-200.351000,-123.679000,26.32
5.726935,2.021000,-0.640000,0.049000,13.588000,-187.603000,-106.870000,26.27
5.739378,2.126000,-0.901000,0.160000,-0.916000,-159.313000,-95.527000,26.27
5.744693,1.901000,-0.944000,0.479000,-20.321000,-123.893000,-73.344000,26.41
5.757875,1.863000,-0.998000,0.832000,-26.489000,-73.924000,-37.405000,26.37
5.770017,1.824000,-1.017000,0.984000,-18.733000,-18.947000,2.351000,26.37
5.777091,1.876000,-1.016000,0.962000,1.282000,28.947000,36.122000,26.41
5.789617,1.881000,-0.798000,1.000000,35.176000,75.160000,59.832000,26.37
5.796397,1.991000,-0.670000,1.098000,89.527000,132.092000,75.008000,26.27
5.808628,-0.167000,-0.552000,-0.527000,129.908000,102.687000,56.611000,26.41
5.820765,0.712000,-0.071000,-2.419000,52.290000,156.244000,31.618000,26.27
5.827425,0.225000,0.164000,-1.212000,39.389000,174.260000,44.550000,26.37
5.839858,0.666000,-0.407000,-0.610000,57.496000,194.565000,40.321000,26.41
5.846602,1.639000,-0.129000,-1.610000,34.000000,201.740000,27.969000,26.37
5.858880,1.582000,-0.052000,-1.363000,29.344000,143.954000,26.458000,26.41
5.870890,1.078000,-0.145000,-1.154000,16.183000,134.504000,13.282000,26.32
5.877821,0.934000,-0.074000,-1.186000,-4.901000,125.817000,0.855000,26.37
5.890213,1.185000,0.103000,-0.919000,1.252000,85.282000,4.183000,26.32
5.897183,0.786000,-0.056000,-0.876000,13.527000,69.573000,11.649000,26.32
5.909997,0.705000,-0.067000,-0.938000,14.168000,55.756000,17.603000,26.37
5.916750,0.787000,0.041000,-0.906000,3.237000,79.740000,14.137000,26.32
5.928724,0.642000,-0.052000,-0.917000,24.412000,11.969000,12.122000,26.32
5.941036,0.638000,-0.095000,-0.945000,11.771000,40.580000,13.252000,26.37
5.948328,0.579000,-0.043000,-0.886000,8.611000,30.534000,8.718000,26.41
5.960559,0.648000,-0.131000,-0.928000,5.557000,27.756000,7.176000,26.32
5.968296,0.560000,-0.018000,-0.885000,0.427000,17.756000,3.939000,26.37
5.980212,0.540000,0.023000,-0.871000,0.733000,19.115000,2.122000,26.32
5.987428,0.546000,0.015000,-0.845000,1.496000,17.053000,2.214000,26.32
5.999924,0.544000,0.030000,-0.858000,2.137000,15.969000,1.908000,26.27
6.007240,0.553000,0.053000,-0.821000,6.366000,14.916000,2.809000,26.41
6.019682,0.505000,0.055000,-0.841000,6.809000,18.260000,3.450000,26.32
6.026783,0.504000,0.022000,-0.827000,9.618000,16.580000,4.626000,26.37
6.039352,0.541000,0.008000,-0.832000,7.588000,14.000000,4.443000,26.32
6.046324,0.531000,0.027000,-0.830000,6.519000,15.237000,5.130000,26.32
6.058846,0.508000,0.041000,-0.832000,6.672000,12.168000,5.344000,26.27
6.066170,0.539000,0.010000,-0.830000,6.977000,12.794000,5.893000,26.32
6.078493,0.524000,0.009000,-0.829000,3.847000,18.000000,6.275000,26.22
6.090941,0.530000,0.038000,-0.790000,4.733000,13.908000,6.733000,26.27
6.098586,0.499000,0.056000,-0.806000,6.168000,19.832000,7.603000,26.41
6.110693,0.518000,0.027000,-0.786000,5.145000,21.176000,7.588000,26.32
6.117806,0.493000,0.040000,-0.816000,6.641000,23.252000,8.198000,26.27
6.136198,0.500000,0.048000,-0.757000,9.282000,14.992000,8.870000,26.41
6.137179,0.427000,0.112000,-0.792000,11.573000,21.664000,10.183000,26.37
6.149675,0.584000,0.007000,-0.806000,12.076000,11.878000,7.756000,26.32
6.156504,0.605000,-0.041000,-0.835000,8.733000,21.466000,5.878000,26.41
6.169249,0.558000,-0.051000,-0.887000,-1.084000,45.038000,3.649000,26.37
6.176472,0.719000,0.006000,-0.604000,9.786000,-28.901000,1.985000,26.27
6.188891,0.539000,0.008000,-0.838000,2.229000,12.580000,5.145000,26.41
6.196132,0.450000,0.082000,-0.856000,0.748000,17.237000,5.160000,26.27
6.208665,0.505000,-0.006000,-0.817000,8.305000,4.702000,4.809000,26.32
6.220869,0.526000,-0.006000,-0.864000,4.214000,21.084000,5.221000,26.32
6.228041,0.463000,0.043000,-0.932000,3.191000,28.931000,4.901000,26.37
6.240530,0.546000,0.006000,-0.832000,2.092000,21.786000,6.611000,26.37
6.247910,0.607000,0.013000,-0.789000,9.191000,19.099000,7.740000,26.32
6.260261,0.557000,-0.016000,-0.911000,10.076000,59.939000,2.336000,26.37
6.267343,0.480000,0.093000,-0.887000,-1.008000,88.672000,3.557000,26.41
6.279518,0.640000,-0.026000,-0.783000,9.878000,69.756000,8.748000,26.41
6.286564,0.656000,-0.046000,-0.775000,8.794000,86.931000,6.137000,26.37
6.299070,0.643000,-0.027000,-0.794000,6.962000,74.412000,9.771000,26.27
6.309823,0.584000,0.008000,-0.891000,14.305000,92.672000,14.214000,26.32
6.318310,0.641000,0.115000,-0.940000,14.214000,95.725000,25.023000,26.27
6.330524,0.612000,-0.110000,-0.955000,23.053000,97.145000,25.252000,26.32
6.337517,0.566000,0.057000,-1.034000,25.634000,136.443000,28.092000,26.41
6.349690,0.645000,-0.013000,-1.085000,30.305000,137.664000,30.489000,26.37
6.356405,0.567000,0.059000,-1.167000,39.053000,125.496000,28.290000,26.37
6.368551,0.591000,0.020000,-1.216000,57.206000,157.282000,29.969000,26.41
6.380828,0.540000,-0.032000,-1.209000,73.298000,176.718000,31.374000,26.27
6.387627,0.557000,-0.060000,-1.145000,72.656000,221.985000,34.672000,26.32
6.399941,0.641000,-0.131000,-0.882000,59.145000,280.137000,40.626000,26.41
6.406884,0.680000,-0.066000,-0.853000,41.786000,281.008000,43.053000,26.37
6.419089,0.965000,-0.121000,-0.809000,44.504000,180.122000,31.069000,26.32
6.424588,0.922000,-0.124000,-0.731000,28.122000,148.702000,23.313000,26.32
6.438460,0.412000,0.234000,-1.270000,7.267000,96.947000,6.641000,26.37
6.450695,-0.332000,0.536000,-1.527000,-1.420000,26.244000,-1.924000,26.32
6.457642,-0.740000,0.543000,-1.461000,-12.061000,-22.061000,0.992000,26.32
6.469497,-0.700000,0.427000,-1.398000,-37.115000,-54.962000,6.076000,26.37
6.479359,-0.498000,0.426000,-1.383000,-65.679000,-89.863000,9.588000,26.41
6.488504,-0.182000,0.440000,-1.325000,-83.313000,-119.038000,7.389000,26.32
6.500473,0.067000,0.417000,-1.136000,-88.443000,-149.847000,-3.557000,26.37
6.507333,0.343000,0.254000,-0.998000,-91.084000,-164.855000,-16.046000,26.32
6.519217,0.649000,0.048000,-0.841000,-89.939000,-169.664000,-22.336000,26.37
6.524907,1.163000,-0.336000,-0.750000,-97.679000,-172.229000,-21.878000,26.37
6.537789,1.508000,-0.434000,-0.433000,-86.489000,-177.802000,-17.237000,26.32
6.549823,1.529000,-0.663000,-0.057000,-66.626000,-155.878000,-8.305000,26.37
6.556670,1.841000,-0.937000,0.135000,-57.038000,-120.473000,3.359000,26.27
6.568806,2.090000,-0.986000,0.334000,-37.435000,-89.634000,17.557000,26.41
6.580931,2.188000,-0.883000,0.456000,-19.725000,-48.702000,20.809000,26.37
6.588125,2.069000,-0.756000,0.520000,1.115000,-20.443000,14.977000,26.27
6.600522,2.089000,-0.729000,0.517000,21.053000,4.931000,8.595000,26.32
6.607697,2.243000,-0.792000,0.515000,33.069000,48.565000,7.389000,26.46
6.620104,1.903000,-0.803000,0.411000,46.076000,51.344000,6.366000,26.46
6.627231,0.686000,-0.172000,-0.646000,21.939000,47.481000,-9.679000,26.41
6.638967,0.252000,-0.172000,-0.766000,18.626000,32.672000,-10.611000,26.37
6.646133,0.867000,-0.090000,-0.456000,9.420000,28.397000,-14.061000,26.37
6.658230,0.888000,-0.121000,-0.492000,12.260000,10.718000,-19.557000,26.41
6.670205,0.739000,-0.057000,-0.584000,3.756000,11.206000,-18.931000,26.27
6.677236,0.702000,0.052000,-0.609000,-0.733000,5.374000,-14.473000,26.27
6.690085,0.762000,0.071000,-0.609000,-0.595000,2.489000,-7.450000,26.41
6.696845,0.746000,0.086000,-0.595000,-4.550000,-1.145000,0.840000,26.37
6.709086,0.727000,0.070000,-0.657000,-5.908000,-5.115000,10.870000,26.37
6.716118,0.698000,0.010000,-0.711000,-5.160000,-2.153000,16.947000,26.41
6.728362,0.723000,-0.048000,-0.692000,-4.198000,-3.282000,19.893000,26.27
6.740535,0.709000,-0.084000,-0.679000,-6.366000,4.275000,20.168000,26.37
6.747717,0.680000,-0.106000,-0.684000,-5.450000,1.298000,17.450000,26.41
6.759782,0.699000,-0.151000,-0.683000,-3.664000,4.290000,12.351000,26.37
6.767166,0.708000,-0.164000,-0.671000,-2.427000,2.763000,7.328000,26.32
6.779411,0.690000,-0.164000,-0.678000,-2.473000,2.794000,2.656000,26.41
6.786263,0.684000,-0.130000,-0.704000,-1.588000,2.061000,-1.069000,26.27
6.798831,0.702000,-0.103000,-0.731000,-0.031000,4.305000,-2.489000,26.32
6.805743,0.711000,-0.094000,-0.727000,-1.328000,4.321000,-2.702000,26.32
6.817976,0.708000,-0.076000,-0.730000,1.145000,2.397000,-1.802000,26.27
6.830511,0.700000,-0.085000,-0.707000,0.992000,3.237000,-1.191000,26.32
6.837775,0.704000,-0.068000,-0.691000,-1.603000,10.153000,-0.672000,26.41
6.849789,0.703000,-0.067000,-0.686000,-0.763000,11.511000,0.198000,26.37
6.856781,0.710000,-0.080000,-0.671000,-1.832000,12.305000,0.641000,26.51
6.869293,0.715000,-0.085000,-0.648000,-2.046000,9.542000,0.977000,26.32
6.876287,0.720000,-0.099000,-0.634000,-1.267000,5.939000,0.412000,26.46
6.888516,0.725000,-0.109000,-0.624000,-1.908000,4.519000,-0.473000,26.51
6.894324,0.730000,-0.116000,-0.619000,-3.374000,1.740000,-1.603000,26.32
6.907883,0.728000,-0.111000,-0.608000,-4.382000,-2.046000,-2.733000,26.27
6.919961,0.732000,-0.105000,-0.619000,-6.000000,-5.176000,-3.908000,26.32
6.926989,0.723000,-0.082000,-0.629000,-7.374000,-6.611000,-4.137000,26.32
6.939350,0.724000,-0.075000,-0.641000,-8.473000,-7.740000,-3.466000,26.46
6.946381,0.714000,-0.049000,-0.651000,-8.916000,-7.771000,-2.198000,26.41
6.958671,0.704000,-0.061000,-0.665000,-7.832000,-7.908000,-0.641000,26.41
6.970736,0.701000,-0.043000,-0.688000,-6.214000,-5.786000,1.267000,26.27
6.977836,0.693000,-0.054000,-0.698000,-4.687000,-4.962000,2.763000,26.32
6.990119,0.739000,-0.079000,-0.667000,8.305000,-41.008000,1.924000,26.41
6.997162,0.694000,-0.091000,-0.710000,-0.809000,-2.504000,2.977000,26.37
7.009619,0.712000,-0.094000,-0.708000,3.038000,-17.084000,2.137000,26.32
7.016967,0.701000,-0.075000,-0.743000,-0.092000,-3.985000,2.290000,26.32
7.028973,0.670000,-0.088000,-0.767000,0.000000,-3.252000,2.229000,26.37
7.036299,0.676000,-0.057000,-0.737000,0.901000,-0.015000,3.038000,26.32
7.048649,0.661000,-0.038000,-0.786000,0.718000,5.573000,4.489000,26.41
7.054209,0.676000,-0.072000,-0.776000,2.779000,8.947000,5.511000,26.27
7.068470,0.679000,-0.090000,-0.775000,3.008000,15.359000,5.756000,26.32
7.080511,0.670000,-0.094000,-0.777000,5.802000,17.573000,5.603000,26.32
7.087758,0.686000,-0.115000,-0.759000,10.214000,23.679000,4.550000,26.46
7.099859,0.688000,-0.120000,-0.749000,7.847000,27.313000,4.031000,26.32
7.107249,0.694000,-0.123000,-0.739000,8.229000,30.947000,3.069000,26.32
7.119446,0.583000,-0.046000,-0.782000,8.519000,35.374000,5.878000,26.27
7.126810,0.713000,0.023000,-0.815000,9.756000,44.183000,9.817000,26.32
7.138930,0.695000,0.036000,-0.835000,13.496000,52.641000,17.160000,26.32
7.146245,0.692000,0.057000,-0.853000,9.359000,64.305000,27.176000,26.27
7.158580,0.746000,0.034000,-0.806000,10.641000,66.107000,31.817000,26.41
7.170629,0.792000,0.005000,-0.730000,16.107000,69.725000,34.534000,26.32
7.177778,0.797000,-0.094000,-0.659000,20.855000,67.191000,35.450000,26.27
7.190119,0.773000,-0.173000,-0.631000,18.489000,62.870000,33.496000,26.41
7.197079,0.741000,-0.228000,-0.577000,12.031000,60.336000,29.466000,26.32
7.209850,0.887000,-0.182000,-0.610000,5.878000,57.649000,25.511000,26.27
7.216408,0.888000,-0.128000,-0.614000,10.412000,51.237000,21.710000,26.41
7.228557,0.891000,-0.173000,-0.699000,8.824000,47.084000,17.847000,26.22
7.240992,0.788000,-0.124000,-0.686000,9.634000,40.977000,14.763000,26.37
7.247791,0.668000,-0.047000,-0.754000,12.794000,37.771000,9.466000,26.32
7.260436,0.469000,0.123000,-0.876000,11.527000,30.321000,-3.008000,26.41
7.267214,0.329000,0.365000,-0.958000,14.198000,25.435000,-16.809000,26.37
7.279333,0.133000,0.507000,-1.063000,25.679000,12.885000,-35.481000,26.32
7.286333,0.050000,0.501000,-1.199000,24.718000,-4.641000,-61.145000,26.32
7.298475,0.019000,0.521000,-1.249000,21.069000,-25.740000,-85.695000,26.37
7.310286,-0.055000,0.462000,-1.235000,16.870000,-46.702000,-102.977000,26.32
7.317363,-0.041000,0.327000,-1.224000,13.557000,-62.321000,-111.649000,26.41
7.329103,0.098000,0.190000,-1.207000,6.366000,-76.214000,-112.015000,26.46
7.336044,0.265000,0.039000,-1.175000,4.550000,-89.771000,-100.550000,26.41
7.348299,0.342000,-0.119000,-1.123000,-1.053000,-101.389000,-80.153000,26.32
7.359959,0.450000,-0.215000,-1.018000,-9.511000,-105.389000,-56.901000,26.27
7.370604,0.556000,-0.239000,-0.955000,-16.626000,-127.710000,-33.130000,26.32
7.378251,0.592000,-0.227000,-0.939000,-33.634000,-116.458000,-11.481000,26.41
7.390639,0.887000,-0.182000,-0.963000,-57.756000,-125.679000,1.023000,26.27
7.397413,0.582000,0.052000,-0.869000,-62.794000,-121.664000,3.847000,26.32
7.409636,0.564000,0.167000,-0.887000,-59.649000,-119.237000,6.718000,26.32
7.416533,0.455000,0.107000,-0.943000,-58.870000,-118.947000,7.389000,26.27
7.428803,0.615000,0.034000,-0.979000,-66.656000,-119.786000,6.489000,26.41
7.440594,0.496000,-0.017000,-0.914000,-54.229000,-134.015000,14.427000,26.22
7.447112,0.732000,-0.309000,-0.940000,-48.992000,-120.244000,28.473000,26.37
7.459655,1.728000,-0.729000,-0.588000,-51.130000,-96.748000,36.397000,26.41
7.466344,2.067000,-0.828000,0.885000,-5.710000,-38.366000,37.313000,26.41
7.478551,2.889000,-1.396000,0.780000,17.756000,29.771000,32.595000,26.37
7.490816,2.537000,-1.099000,0.069000,-13.176000,13.985000,9.405000,26.41
7.497669,1.209000,-0.136000,-0.369000,-12.824000,-15.237000,-16.977000,26.32
7.509951,0.551000,0.264000,-0.464000,11.771000,1.282000,-33.115000,26.37
7.517123,0.712000,0.019000,-0.521000,24.168000,4.504000,-39.023000,26.32
7.529141,0.886000,-0.300000,-0.611000,20.046000,4.947000,-36.885000,26.32
7.536405,0.834000,-0.346000,-0.590000,11.802000,5.389000,-27.725000,26.37
7.548791,0.781000,-0.223000,-0.677000,3.908000,9.420000,-13.679000,26.32
7.560834,0.627000,0.129000,-0.922000,-1.679000,9.481000,-4.382000,26.32
7.568168,0.238000,0.442000,-1.104000,5.252000,0.122000,-5.023000,26.37
7.580565,0.085000,0.372000,-1.135000,5.267000,-5.771000,-8.580000,26.41
7.587771,0.151000,0.292000,-1.142000,-4.061000,-4.779000,-8.412000,26.32
7.599928,0.139000,0.335000,-1.133000,-8.947000,-3.145000,-3.481000,26.37
7.609166,0.024000,0.400000,-1.156000,-13.008000,-3.038000,0.031000,26.32
7.619015,-0.009000,0.334000,-1.143000,-18.168000,12.427000,4.275000,26.22
7.625822,0.129000,0.153000,-1.009000,-13.863000,-0.794000,11.588000,26.37
7.638025,0.203000,-0.113000,-0.944000,-11.344000,6.260000,22.397000,26.32
7.650446,0.478000,-0.455000,-0.802000,-15.420000,3.298000,32.885000,26.41
7.657189,0.816000,-0.709000,-0.521000,-16.107000,10.977000,43.573000,26.37
7.669449,1.150000,-0.655000,-0.479000,-15.206000,16.565000,50.824000,26.32
7.683689,1.085000,-0.197000,-0.705000,-20.901000,11.023000,40.885000,26.41
7.688841,0.514000,0.371000,-0.889000,-14.107000,3.832000,20.656000,26.27
7.701243,0.312000,0.562000,-1.070000,-0.977000,1.389000,-1.313000,26.32
7.707873,0.223000,0.486000,-1.123000,4.611000,-9.466000,-24.931000,26.32
7.719992,0.258000,0.256000,-1.018000,6.000000,-10.290000,-36.321000,26.27
7.726983,0.334000,-0.102000,-0.939000,0.412000,-9.191000,-27.908000,26.32
7.739369,0.183000,-0.296000,-1.070000,-17.588000,27.008000,-2.244000,26.41
7.746050,0.240000,-0.038000,-1.446000,-37.328000,-0.015000,20.076000,26.27
7.758043,-0.077000,0.481000,-1.700000,-49.603000,-27.802000,20.275000,26.41
7.770524,-0.412000,0.810000,-1.612000,-47.282000,-41.710000,2.855000,26.37
7.777007,-0.089000,0.848000,-1.740000,-42.870000,-44.565000,-10.290000,26.32
7.789007,-0.027000,0.572000,-2.016000,-55.817000,-69.328000,-11.557000,26.32
7.795908,-0.468000,0.542000,-1.836000,-77.878000,-93.496000,-2.412000,26.37
7.808193,-0.643000,0.449000,-1.481000,-79.313000,-96.977000,13.634000,26.37
7.819685,-0.102000,0.231000,-1.540000,-86.931000,-88.565000,18.534000,26.32
7.826796,0.098000,0.090000,-1.319000,-79.817000,-94.992000,19.893000,26.37
7.838724,0.192000,0.056000,-1.118000,-77.374000,-96.244000,15.832000,26.32
7.845822,0.187000,0.057000,-1.023000,-71.481000,-93.710000,5.740000,26.41
7.857802,0.296000,0.133000,-1.183000,-66.718000,-90.183000,-14.611000,26.37
7.870050,0.356000,0.303000,-1.267000,-49.573000,-97.664000,-41.496000,26.37
7.876523,0.254000,0.367000,-1.225000,-25.649000,-104.626000,-67.802000,26.32
7.888766,0.259000,0.185000,-1.000000,-0.092000,-101.145000,-84.672000,26.37
7.900710,0.500000,-0.012000,-1.030000,3.405000,-95.969000,-97.939000,26.32
7.907757,0.593000,-0.002000,-0.884000,11.511000,-95.664000,-104.611000,26.41
7.919502,0.597000,-0.065000,-0.762000,21.985000,-91.496000,-107.099000,26.46
7.926656,0.591000,-0.156000,-0.729000,24.214000,-51.389000,-107.053000,26.37
7.938368,0.637000,-0.213000,-0.632000,31.527000,-71.924000,-103.985000,26.41
7.950275,0.720000,-0.247000,-0.733000,33.802000,-61.099000,-97.527000,26.37
7.957223,0.873000,-0.235000,-0.834000,30.565000,-65.359000,-88.748000,26.32
7.969095,0.793000,-0.174000,-0.767000,33.328000,-67.649000,-79.420000,26.22
7.976033,0.666000,-0.200000,-0.652000,36.809000,-64.214000,-71.664000,26.37
7.988172,0.633000,-0.189000,-0.613000,33.298000,-53.481000,-65.435000,26.37
8.000060,0.639000,-0.148000,-0.601000,29.115000,-43.573000,-58.427000,26.32
8.007236,0.544000,-0.154000,-0.520000,25.099000,-29.863000,-49.008000,26.37
8.019607,0.572000,-0.225000,-0.433000,19.985000,-15.191000,-32.412000,26.22
8.026231,0.678000,-0.260000,-0.408000,14.885000,0.076000,-15.053000,26.41
8.038658,0.706000,-0.252000,-0.387000,13.282000,9.695000,1.328000,26.37
8.050730,0.746000,-0.236000,-0.371000,10.901000,19.160000,15.053000,26.41
8.057825,0.814000,-0.222000,-0.365000,6.427000,29.130000,26.931000,26.32
8.069869,0.850000,-0.215000,-0.354000,2.763000,32.244000,36.153000,26.37
8.077021,0.923000,-0.206000,-0.407000,-7.878000,38.290000,42.519000,26.32
8.088914,0.958000,-0.174000,-0.398000,-16.458000,33.878000,47.725000,26.32
8.095992,0.840000,-0.123000,-0.312000,-16.931000,30.809000,51.115000,26.27
8.108006,0.724000,-0.092000,-0.251000,-14.840000,36.137000,53.435000,26.41
8.120007,0.692000,-0.074000,-0.232000,-14.550000,43.924000,53.359000,26.32
8.127101,0.725000,-0.055000,-0.285000,-17.008000,47.954000,52.031000,26.37
8.139189,0.708000,-0.026000,-0.331000,-19.038000,46.870000,50.626000,26.41
8.145979,0.634000,-0.029000,-0.356000,-20.321000,42.473000,50.000000,26.27
8.158292,0.594000,-0.014000,-0.380000,-22.412000,34.901000,49.710000,26.46
8.170573,0.491000,0.072000,-0.449000,-22.443000,23.252000,49.450000,26.41
8.177549,-1.503000,1.019000,0.184000,-28.656000,36.260000,66.580000,26.37
8.189758,-0.374000,0.962000,-0.977000,-1.664000,114.321000,90.305000,26.41
8.196533,0.841000,1.101000,-1.706000,42.214000,162.366000,96.015000,26.51
8.208651,1.784000,0.581000,-1.100000,86.504000,135.420000,38.168000,26.37
8.220933,1.817000,-0.010000,-1.295000,88.214000,141.450000,-23.649000,26.32
8.227771,1.325000,-0.858000,-1.581000,65.221000,109.252000,-12.611000,26.32
8.239774,0.491000,-1.040000,-1.090000,27.389000,101.176000,21.603000,26.37
8.246709,0.335000,-0.279000,-0.874000,-6.794000,111.053000,22.412000,26.22
8.258841,1.706000,1.228000,-1.091000,-13.786000,144.382000,7.695000,26.32
8.266360,1.441000,0.359000,-0.757000,47.344000,61.954000,9.145000,26.37
8.278285,0.599000,-0.396000,-1.004000,54.244000,39.817000,19.313000,26.32
8.290716,0.756000,-0.074000,-0.960000,12.794000,67.557000,12.153000,26.41
8.297604,0.776000,-0.112000,-1.041000,29.588000,41.679000,7.115000,26.37
8.310059,0.585000,-0.340000,-1.008000,16.992000,0.046000,4.611000,26.41
8.316862,0.623000,-0.091000,-0.881000,7.496000,-0.641000,-1.084000,26.27
8.329057,0.614000,-0.103000,-0.875000,12.626000,-27.878000,-2.794000,26.41
8.336471,0.553000,-0.028000,-0.885000,-4.137000,13.481000,-4.412000,26.41
8.348463,0.556000,-0.019000,-0.853000,1.038000,-2.489000,-3.603000,26.27
8.360388,0.547000,-0.028000,-0.834000,-3.038000,-0.641000,-3.802000,26.37
8.367489,0.587000,-0.002000,-0.807000,4.366000,-22.260000,-3.527000,26.32
8.379724,0.519000,0.011000,-0.854000,-1.985000,6.397000,-3.267000,26.37
8.387139,0.528000,0.030000,-0.830000,-7.344000,9.221000,-3.771000,26.32
8.399351,0.528000,0.042000,-0.824000,-5.954000,10.168000,-2.611000,26.32
8.406380,0.500000,0.041000,-0.865000,1.267000,-4.305000,-1.221000,26.37
8.418822,0.496000,0.020000,-0.845000,-0.046000,5.267000,-0.336000,26.37
8.424346,0.511000,0.005000,-0.837000,-3.832000,6.015000,-0.198000,26.41
8.438317,0.503000,0.019000,-0.832000,-4.489000,6.366000,-0.595000,26.37
8.450792,0.494000,0.019000,-0.831000,-5.542000,15.618000,0.061000,26.32
8.457767,0.528000,0.015000,-0.827000,-1.756000,15.740000,0.885000,26.32
8.470209,0.532000,0.031000,-0.805000,-0.122000,7.557000,0.992000,26.37
8.477550,0.532000,0.048000,-0.785000,3.679000,0.733000,1.298000,26.37
8.490018,0.542000,0.006000,-0.817000,6.443000,1.023000,2.397000,26.41
8.497330,0.518000,0.019000,-0.806000,6.336000,6.977000,2.473000,26.27
8.510136,0.513000,-0.015000,-0.861000,1.969000,14.809000,2.748000,26.41
8.516833,0.536000,-0.008000,-0.840000,0.168000,17.863000,1.924000,26.32
8.529236,0.522000,-0.003000,-0.833000,-1.802000,28.519000,1.756000,26.27
8.536396,0.510000,0.016000,-0.833000,-1.679000,22.489000,2.076000,26.27
8.548880,0.579000,-0.007000,-0.763000,0.550000,9.695000,2.824000,26.32
8.554523,0.535000,0.019000,-0.826000,-0.656000,24.809000,3.481000,26.27
8.568381,0.475000,0.033000,-0.843000,2.031000,23.038000,4.626000,26.32
8.580648,0.535000,-0.011000,-0.810000,0.611000,18.260000,4.519000,26.32
8.587863,0.528000,-0.031000,-0.828000,-0.427000,21.206000,3.832000,26.37
8.600356,0.563000,0.026000,-0.760000,2.031000,18.031000,4.031000,26.41
8.607458,0.577000,-0.017000,-0.809000,-3.618000,34.275000,3.130000,26.22
8.619866,0.526000,0.041000,-0.852000,-0.824000,36.641000,3.023000,26.37
8.627048,0.541000,0.005000,-0.834000,-5.725000,44.214000,2.611000,26.32
8.639241,0.625000,-0.046000,-0.729000,2.061000,21.740000,1.176000,26.32
8.646601,0.600000,-0.018000,-0.776000,0.366000,31.389000,0.550000,26.37
8.658842,0.544000,-0.028000,-0.894000,0.565000,37.328000,2.336000,26.41
8.664493,0.500000,0.049000,-0.906000,3.603000,35.359000,5.679000,26.32
8.678276,0.561000,0.070000,-0.894000,5.893000,46.473000,7.740000,26.37
8.690826,0.548000,-0.001000,-0.892000,1.557000,53.511000,11.542000,26.32
8.697818,0.591000,-0.001000,-0.881000,0.015000,62.290000,13.542000,26.32
8.710067,0.519000,-0.094000,-1.005000,16.351000,83.634000,17.924000,26.37
8.716906,0.596000,-0.108000,-0.928000,14.168000,93.771000,15.557000,26.32
8.729095,0.610000,-0.084000,-0.951000,14.885000,110.305000,13.557000,26.41
8.735006,0.593000,-0.036000,-1.001000,15.832000,136.046000,12.504000,26.37
8.748203,0.502000,0.050000,-1.192000,27.008000,150.687000,16.321000,26.32
8.760022,0.427000,0.090000,-1.117000,24.809000,198.168000,19.756000,26.41
8.767489,0.522000,0.068000,-1.153000,33.573000,231.084000,20.855000,26.37
8.779710,0.536000,0.144000,-1.179000,57.954000,262.137000,24.504000,26.32
8.786612,0.570000,0.108000,-1.185000,84.382000,274.611000,31.847000,26.32
8.798722,0.772000,-0.077000,-1.193000,95.374000,297.679000,37.176000,26.37
8.810669,0.744000,-0.014000,-0.988000,105.557000,323.542000,42.382000,26.32
8.817633,0.990000,-0.059000,-1.152000,121.069000,289.450000,42.962000,26.32
8.829522,1.673000,-0.316000,-1.474000,65.328000,281.405000,42.046000,26.37
8.836679,1.089000,-0.068000,-1.171000,63.786000,252.046000,36.656000,26.32
8.848885,1.159000,0.340000,-1.184000,60.092000,250.122000,39.023000,26.41
8.860824,1.319000,0.385000,-1.494000,86.901000,163.847000,32.763000,26.37
8.868290,0.780000,0.386000,-2.236000,44.122000,112.595000,9.450000,26.32
8.880261,-0.675000,0.696000,-2.032000,40.183000,47.695000,1.435000,26.32
8.887254,-0.138000,0.580000,-2.000000,16.824000,26.656000,0.763000,26.46
8.899843,0.048000,0.602000,-2.005000,5.145000,-67.725000,8.519000,26.32
8.906789,-0.397000,0.535000,-1.520000,3.527000,-103.084000,16.244000,26.46
8.918423,-0.371000,0.389000,-1.258000,-18.046000,-117.023000,20.580000,26.37
8.930603,-0.244000,0.357000,-1.096000,-40.351000,-125.450000,23.786000,26.41
8.937318,-0.087000,0.418000,-1.026000,-51.115000,-133.924000,25.939000,26.37
8.949410,0.053000,0.438000,-0.984000,-57.878000,-141.649000,25.573000,26.37
8.956195,0.173000,0.427000,-0.961000,-59.496000,-149.649000,20.672000,26.41
8.968171,0.275000,0.417000,-0.954000,-59.405000,-156.626000,10.382000,26.46
8.980243,0.343000,0.422000,-0.920000,-58.565000,-160.336000,-4.321000,26.37
8.986833,0.390000,0.417000,-0.924000,-54.504000,-164.031000,-21.038000,26.41
8.998665,0.482000,0.362000,-0.957000,-52.198000,-164.260000,-37.802000,26.37
9.010487,0.609000,0.333000,-0.982000,-49.695000,-163.664000,-52.565000,26.37
9.017306,0.750000,0.265000,-1.054000,-49.267000,-163.389000,-63.634000,26.41
9.029487,1.580000,-0.159000,-1.074000,-74.305000,-172.733000,-78.168000,26.27
9.036314,1.551000,0.016000,-1.309000,-71.374000,-207.542000,-78.885000,26.32
9.048233,0.927000,0.145000,-1.004000,-55.664000,-207.282000,-71.084000,26.32
9.059874,0.887000,-0.042000,-0.946000,-56.580000,-198.137000,-70.153000,26.27
9.066512,1.064000,-0.110000,-1.104000,-74.534000,-198.336000,-70.351000,26.32
9.078433,1.101000,-0.035000,-1.097000,-88.702000,-200.046000,-70.626000,26.32
9.090617,1.107000,0.072000,-1.070000,-83.023000,-206.794000,-69.954000,26.27
9.097159,1.094000,0.074000,-1.026000,-74.275000,-205.099000,-70.947000,26.32
9.109273,1.100000,0.043000,-1.018000,-71.695000,-202.260000,-75.252000,26.32
9.115081,1.113000,0.076000,-1.002000,-70.672000,-198.840000,-80.031000,26.37
9.128012,1.120000,0.091000,-0.987000,-66.718000,-194.611000,-84.550000,26.41
9.139839,1.108000,0.063000,-0.946000,-60.000000,-190.092000,-87.557000,26.32
9.146690,1.063000,-0.008000,-0.900000,-55.557000,-182.092000,-90.580000,26.37
9.158531,1.096000,-0.090000,-0.869000,-50.718000,-174.168000,-90.275000,26.41
9.170344,1.287000,-0.239000,-0.564000,-22.061000,-161.710000,-71.405000,26.37
9.177123,1.290000,-0.339000,-0.581000,-22.550000,-137.588000,-69.008000,26.41
9.188956,1.490000,-0.488000,-0.770000,-50.916000,-129.939000,-67.863000,26.41
9.200812,1.585000,-0.396000,-0.683000,-87.038000,-132.977000,-69.649000,26.37
9.207522,1.649000,-0.261000,-0.521000,-92.244000,-145.496000,-65.969000,26.37
9.219415,1.572000,-0.245000,-0.199000,-72.794000,-143.298000,-57.450000,26.32
9.225424,1.506000,-0.424000,0.107000,-51.908000,-132.473000,-51.313000,26.27
9.237919,1.485000,-0.553000,0.256000,-40.382000,-107.634000,-48.977000,26.32
9.250038,1.552000,-0.631000,0.376000,-37.115000,-76.443000,-45.740000,26.32
9.256998,1.548000,-0.626000,0.423000,-35.252000,-48.305000,-39.710000,26.37
9.269166,1.480000,-0.544000,0.567000,2.244000,-14.687000,-23.099000,26.32
9.276422,1.446000,-0.639000,0.752000,32.901000,16.244000,-8.061000,26.51
9.288315,1.693000,-0.750000,0.706000,62.183000,48.412000,13.618000,26.37
9.300502,1.791000,-0.716000,0.845000,67.435000,107.206000,33.008000,26.32
9.307352,0.163000,-0.358000,0.312000,119.405000,112.458000,49.374000,26.32
9.319509,0.281000,0.168000,-1.999000,116.443000,79.084000,38.397000,26.37
9.326746,0.117000,0.287000,-1.569000,90.351000,155.954000,49.878000,26.41
9.338890,0.467000,-0.188000,-0.916000,77.481000,202.809000,55.725000,26.37
9.350729,2.114000,-0.300000,-1.534000,71.374000,181.740000,35.832000,26.37
9.357955,2.119000,-0.202000,-1.558000,48.153000,137.710000,24.565000,26.41
9.369659,0.996000,-0.329000,-1.182000,38.870000,120.061000,20.794000,26.37
9.376887,0.756000,0.347000,-1.318000,23.679000,134.885000,11.832000,26.27
9.388986,1.116000,0.194000,-0.854000,10.351000,112.870000,9.115000,26.32
9.396093,0.807000,-0.179000,-0.921000,29.542000,80.382000,11.313000,26.37
9.408268,0.768000,-0.189000,-0.932000,9.359000,78.641000,19.206000,26.37
9.420620,0.877000,0.339000,-0.870000,20.366000,62.366000,16.046000,26.32
9.427665,0.774000,-0.082000,-1.004000,39.176000,34.092000,15.176000,26.37
9.439791,0.713000,-0.288000,-1.044000,24.931000,28.702000,16.290000,26.32
9.446914,0.608000,-0.036000,-0.927000,12.855000,27.053000,7.588000,26.41
9.459512,0.580000,-0.066000,-0.897000,9.130000,16.305000,4.366000,26.37
9.466340,0.614000,-0.003000,-0.900000,5.038000,11.756000,3.115000,26.41
9.478633,0.585000,0.006000,-0.870000,3.069000,10.153000,1.221000,26.41
9.486108,0.499000,0.036000,-0.866000,0.198000,10.870000,0.748000,26.46
9.498376,0.526000,0.043000,-0.843000,0.153000,9.557000,0.473000,26.37
9.504284,0.541000,0.014000,-0.836000,0.443000,8.611000,0.733000,26.41
9.517988,0.528000,0.026000,-0.836000,-0.214000,9.206000,1.130000,26.27
9.530452,0.508000,0.036000,-0.830000,-0.794000,10.733000,1.206000,26.41
9.537749,0.518000,0.048000,-0.816000,0.702000,6.809000,1.786000,26.32
9.550532,0.513000,0.071000,-0.816000,2.061000,5.588000,2.443000,26.37
9.557671,0.544000,0.024000,-0.837000,2.992000,4.977000,2.718000,26.41
9.570490,0.533000,0.010000,-0.828000,2.519000,4.275000,2.824000,26.41
9.577776,0.518000,0.037000,-0.822000,2.473000,4.397000,2.840000,26.37
9.589995,0.497000,0.063000,-0.812000,4.015000,8.382000,3.573000,26.41
9.597344,0.488000,0.071000,-0.814000,5.969000,7.603000,4.183000,26.41
9.609910,0.531000,0.025000,-0.819000,7.191000,7.206000,4.595000,26.41
9.617581,0.525000,0.020000,-0.810000,5.985000,5.863000,4.000000,26.32
9.629756,0.410000,0.130000,-0.788000,6.885000,11.695000,4.885000,26.27
9.637235,0.493000,0.056000,-0.848000,11.786000,17.664000,5.878000,26.37
9.649411,0.281000,-0.256000,-0.785000,3.435000,8.076000,23.908000,26.41
9.656663,0.670000,0.152000,-0.727000,6.198000,11.084000,-2.809000,26.37
9.668791,0.429000,-0.094000,-0.900000,12.168000,-8.122000,2.305000,26.41
9.676428,0.625000,0.059000,-0.847000,3.634000,20.412000,0.519000,26.32
9.688339,0.483000,-0.002000,-0.843000,0.473000,15.023000,0.397000,26.27
9.700743,0.482000,0.035000,-0.909000,-1.863000,24.336000,0.824000,26.37
9.708221,0.489000,0.025000,-0.866000,-2.885000,25.481000,0.031000,26.41
9.720230,0.511000,0.008000,-0.868000,-4.977000,27.832000,0.473000,26.37
9.727505,0.578000,-0.031000,-0.833000,-1.634000,11.221000,0.443000,26.41
9.739851,0.526000,0.051000,-0.900000,-5.878000,41.573000,1.328000,26.41
9.746893,0.456000,0.055000,-0.895000,-7.496000,50.305000,2.351000,26.27
9.759113,0.547000,0.087000,-0.916000,-11.466000,64.137000,1.252000,26.41
9.766391,0.497000,-0.016000,-0.888000,-2.870000,67.664000,-2.168000,26.41
9.778368,0.594000,-0.121000,-0.898000,-0.427000,78.763000,-4.901000,26.27
9.790588,0.532000,-0.018000,-0.879000,-1.206000,66.840000,-2.870000,26.32
9.797495,0.600000,-0.039000,-0.825000,7.176000,62.000000,-3.252000,26.32
9.810031,0.449000,0.124000,-1.032000,11.496000,73.954000,4.473000,26.27
9.817167,0.598000,-0.130000,-0.929000,9.969000,99.710000,6.137000,26.41
9.829327,0.590000,-0.010000,-0.890000,6.840000,104.290000,8.718000,26.37
9.836379,0.672000,0.030000,-0.896000,10.840000,122.870000,10.382000,26.27
9.848656,0.630000,0.034000,-1.021000,15.481000,127.786000,12.534000,26.41
9.860541,0.514000,0.042000,-1.071000,20.473000,162.122000,18.733000,26.37
9.867708,0.553000,0.054000,-1.049000,25.511000,175.969000,20.611000,26.46
9.879736,0.585000,-0.032000,-0.979000,31.191000,204.672000,21.130000,26.41
9.886782,0.583000,0.000000,-1.059000,31.267000,255.802000,16.840000,26.37
9.899057,0.644000,-0.010000,-1.136000,37.115000,281.038000,11.924000,26.41
9.910950,0.597000,-0.032000,-1.001000,55.756000,294.214000,10.336000,26.41
9.918247,0.802000,-0.103000,-0.987000,75.588000,308.351000,12.244000,26.37
9.930048,1.474000,-0.274000,-1.447000,73.649000,280.672000,5.481000,26.41
9.936783,1.006000,-0.297000,-0.894000,60.275000,246.214000,6.672000,26.41
9.949010,1.054000,-0.043000,-0.936000,38.901000,264.550000,0.840000,26.37
9.956071,1.178000,-0.026000,-0.878000,61.405000,199.527000,2.305000,26.41
9.968258,1.016000,0.094000,-0.725000,64.733000,227.802000,4.779000,26.27
9.980737,1.211000,0.138000,-0.710000,89.542000,195.481000,8.122000,26.41
9.987512,1.160000,-0.081000,-0.966000,96.992000,139.573000,5.511000,26.32
9.999873,0.398000,-0.417000,-1.370000,56.275000,60.275000,12.534000,26.37
