# Gait Analysis Data - MPU6050 IMU
# Duration: 10 seconds
# Format: timestamp(s),ax(g),ay(g),az(g),gx(deg/s),gy(deg/s),gz(deg/s),temp(C)
# Note: Document sensor placement (ankle/wrist) separately
timestamp,ax,ay,az,gx,gy,gz,temp
0.001202,1.401000,0.243000,-1.479000,114.947000,203.863000,39.008000,26.51
0.002407,0.270000,-0.037000,-1.939000,69.069000,135.802000,37.313000,26.55
0.003769,0.246000,-0.425000,-1.865000,14.733000,102.412000,56.092000,26.51
0.005202,-0.181000,0.071000,-1.864000,-36.611000,47.145000,77.893000,26.51
0.006497,-0.257000,0.302000,-1.302000,-44.931000,7.069000,95.466000,26.55
0.007623,-0.177000,0.353000,-1.219000,-43.023000,-37.710000,107.008000,26.41
0.008680,-0.179000,0.355000,-1.002000,-51.420000,-65.893000,105.435000,26.51
0.009734,-0.198000,0.395000,-0.868000,-63.389000,-87.939000,94.580000,26.37
0.010788,-0.071000,0.450000,-0.810000,-72.214000,-98.870000,81.023000,26.60
0.011838,0.040000,0.493000,-0.782000,-72.611000,-114.351000,63.328000,26.51
0.012941,0.150000,0.508000,-0.761000,-71.237000,-126.977000,43.313000,26.55
0.013981,0.260000,0.482000,-0.808000,-69.420000,-145.282000,22.305000,26.51
0.014888,0.369000,0.449000,-0.847000,-69.863000,-160.275000,2.641000,26.51
0.015827,0.527000,0.394000,-0.909000,-74.153000,-176.229000,-15.160000,26.37
0.016750,0.666000,0.327000,-0.959000,-81.084000,-195.313000,-30.962000,26.41
0.017647,0.740000,0.260000,-0.980000,-88.702000,-207.450000,-44.550000,26.51
0.018550,0.772000,0.177000,-0.992000,-93.618000,-220.992000,-54.550000,26.46
0.019340,0.779000,0.058000,-0.958000,-99.588000,-232.214000,-60.611000,26.51
0.020129,0.821000,-0.072000,-0.914000,-105.008000,-239.542000,-61.725000,26.46
0.020920,0.858000,-0.148000,-0.895000,-110.305000,-241.298000,-57.374000,26.46
0.021721,0.916000,-0.222000,-0.911000,-113.664000,-239.832000,-49.756000,26.51
0.022512,0.963000,-0.271000,-0.968000,-115.985000,-238.198000,-39.313000,26.46
0.023325,1.034000,-0.312000,-1.025000,-119.969000,-236.870000,-28.336000,26.46
0.024151,1.125000,-0.312000,-1.075000,-125.527000,-235.740000,-16.824000,26.51
0.024934,1.179000,-0.263000,-1.073000,-131.130000,-233.481000,-7.221000,26.55
0.025742,1.236000,-0.184000,-1.070000,-136.305000,-229.725000,-1.832000,26.55
0.026550,1.253000,-0.103000,-1.038000,-139.069000,-224.397000,-2.473000,26.51
0.027277,1.248000,-0.020000,-1.028000,-138.672000,-218.565000,-9.695000,26.46
0.027994,1.236000,0.059000,-1.015000,-133.832000,-212.229000,-22.656000,26.55
0.028691,1.226000,0.111000,-1.037000,-125.359000,-204.931000,-40.214000,26.41
0.029389,1.228000,0.119000,-1.045000,-113.740000,-198.672000,-61.359000,26.46
0.030083,1.237000,0.088000,-1.072000,-100.534000,-193.466000,-84.000000,26.46
0.030783,1.265000,0.007000,-1.078000,-86.519000,-190.473000,-107.130000,26.51
0.031486,1.326000,-0.041000,-1.049000,-70.626000,-185.344000,-129.908000,26.46
0.032187,1.435000,-0.074000,-0.950000,-43.038000,-190.885000,-146.458000,26.51
0.032851,1.516000,-0.121000,-0.759000,-13.069000,-193.389000,-155.450000,26.60
0.033479,1.465000,-0.195000,-0.492000,10.260000,-186.702000,-156.702000,26.46
0.034247,1.417000,-0.355000,-0.212000,17.252000,-163.389000,-153.725000,26.51
0.034847,1.429000,-0.522000,-0.002000,10.473000,-133.435000,-146.076000,26.41
0.035409,1.486000,-0.653000,0.197000,-2.046000,-100.122000,-133.450000,26.55
0.035974,1.531000,-0.761000,0.344000,-7.298000,-67.496000,-118.076000,26.51
0.036583,1.543000,-0.789000,0.424000,-5.847000,-34.611000,-100.397000,26.51
0.037229,1.586000,-0.830000,0.398000,-3.527000,-5.481000,-78.977000,26.51
0.037802,1.498000,-0.801000,0.342000,-2.198000,14.137000,-55.099000,26.51
0.038353,1.743000,-0.922000,0.594000,21.496000,81.130000,-12.397000,26.46
0.038904,0.975000,-0.771000,0.870000,61.771000,85.985000,25.679000,26.46
0.039460,1.827000,-0.910000,0.484000,40.580000,165.344000,70.137000,26.51
0.040021,0.981000,-0.049000,-0.893000,68.168000,160.290000,77.863000,26.46
0.040631,0.409000,0.326000,-1.851000,56.321000,133.817000,80.855000,26.51
0.041498,-0.299000,0.503000,-0.521000,72.275000,152.718000,72.092000,26.41
0.042155,0.842000,0.238000,-1.353000,108.351000,106.260000,27.847000,26.55
0.042764,2.134000,0.264000,-1.446000,64.214000,203.679000,3.557000,26.51
0.043359,1.354000,-0.508000,-1.244000,66.000000,155.679000,11.008000,26.41
0.043946,2.164000,0.252000,-1.609000,49.099000,205.969000,26.626000,26.46
0.044673,1.436000,-0.003000,-1.056000,54.824000,137.679000,20.153000,26.51
0.045316,0.693000,-0.137000,-1.112000,38.962000,148.321000,15.740000,26.51
0.045888,0.818000,-0.380000,-1.125000,37.008000,89.481000,16.260000,26.55
0.046455,0.965000,-0.255000,-1.003000,28.107000,71.328000,12.809000,26.60
0.047096,0.800000,-0.018000,-1.019000,20.031000,50.733000,9.588000,26.55
0.047724,0.647000,-0.173000,-1.070000,7.710000,39.939000,4.412000,26.46
0.048275,0.466000,-0.106000,-0.974000,1.099000,30.489000,1.237000,26.41
0.048830,0.504000,0.016000,-0.931000,-5.954000,40.992000,-1.511000,26.55
0.049384,0.480000,0.021000,-0.895000,-4.046000,23.328000,-1.344000,26.55
0.049953,0.420000,0.042000,-0.919000,-9.206000,35.588000,-2.168000,26.51
0.050501,0.535000,-0.000000,-0.890000,-8.870000,31.328000,-2.947000,26.55
0.051063,0.552000,0.028000,-0.850000,-4.611000,18.626000,-2.824000,26.41
0.051623,0.552000,0.040000,-0.837000,-11.038000,27.725000,-2.947000,26.51
0.052179,0.536000,0.014000,-0.847000,-9.374000,26.046000,-2.565000,26.46
0.052735,0.538000,0.029000,-0.857000,-13.725000,27.954000,-2.977000,26.51
0.053295,0.518000,0.071000,-0.815000,-15.863000,29.023000,-3.527000,26.51
0.053880,0.528000,0.079000,-0.838000,-10.840000,22.473000,-1.298000,26.46
0.054575,0.553000,0.118000,-0.797000,-10.366000,25.771000,-0.198000,26.51
0.055110,0.545000,0.066000,-0.801000,-8.748000,23.618000,1.603000,26.41
0.055612,0.569000,0.073000,-0.796000,-8.763000,24.611000,1.634000,26.55
0.056119,0.518000,0.076000,-0.819000,-4.672000,17.069000,1.481000,26.51
0.056625,0.547000,0.052000,-0.818000,-5.832000,14.412000,0.504000,26.51
0.057125,0.547000,0.059000,-0.804000,-5.282000,14.763000,1.679000,26.46
0.057753,0.538000,0.064000,-0.819000,-5.145000,19.817000,2.626000,26.51
0.058312,0.577000,0.039000,-0.783000,-4.840000,21.802000,2.321000,26.55
0.058833,0.555000,0.084000,-0.794000,-3.802000,20.092000,2.260000,26.51
0.059345,0.575000,0.069000,-0.793000,-2.458000,23.710000,2.015000,26.51
0.059848,0.504000,0.129000,-0.768000,-3.573000,33.328000,0.702000,26.55
0.060361,0.574000,-0.021000,-0.797000,-4.336000,25.740000,4.321000,26.46
0.060863,0.572000,0.049000,-0.863000,-3.634000,24.809000,5.038000,26.51
0.061361,0.573000,0.066000,-0.777000,-8.580000,25.786000,1.542000,26.46
0.061861,0.605000,-0.011000,-0.785000,-8.183000,26.870000,8.046000,26.51
0.062358,0.665000,0.104000,-0.760000,-6.366000,26.489000,3.084000,26.51
0.062869,0.562000,-0.008000,-0.767000,-5.237000,16.916000,8.015000,26.37
0.063364,0.628000,0.100000,-0.760000,-6.748000,39.725000,3.038000,26.60
0.063848,0.562000,0.032000,-0.857000,-3.267000,32.473000,3.557000,26.51
0.064407,0.537000,-0.072000,-0.898000,8.580000,35.573000,-1.221000,26.46
0.065027,0.540000,0.018000,-0.904000,5.542000,56.824000,-6.366000,26.41
0.065558,0.544000,-0.020000,-0.924000,9.832000,61.008000,-7.176000,26.51
0.066034,0.561000,-0.010000,-0.940000,10.824000,69.939000,-9.115000,26.55
0.066496,0.585000,0.001000,-0.922000,9.252000,84.107000,-9.603000,26.51
0.066963,0.608000,-0.002000,-0.956000,10.519000,98.855000,-9.282000,26.51
0.067432,0.536000,0.043000,-1.024000,13.908000,113.053000,-6.885000,26.55
0.067900,0.465000,0.077000,-1.044000,23.802000,125.985000,-6.137000,26.51
0.068366,0.430000,0.025000,-1.086000,21.466000,165.542000,-12.931000,26.51
0.068843,0.515000,-0.016000,-1.120000,31.603000,193.588000,-17.405000,26.46
0.069343,0.605000,-0.044000,-1.090000,40.733000,224.153000,-20.504000,26.51
0.069817,0.712000,0.007000,-0.960000,50.702000,238.748000,-19.313000,26.51
0.070285,0.927000,-0.013000,-0.866000,60.397000,242.427000,-17.802000,26.55
0.070761,1.226000,-0.080000,-1.046000,74.885000,185.084000,-23.481000,26.41
0.071232,0.833000,-0.166000,-0.766000,77.802000,208.443000,-34.015000,26.41
0.071703,0.929000,-0.145000,-0.576000,88.931000,179.115000,-41.420000,26.46
0.072172,1.023000,-0.098000,-0.762000,93.771000,187.420000,-53.893000,26.41
0.072674,0.804000,-0.137000,-0.588000,116.229000,155.634000,-62.244000,26.41
0.073153,0.572000,-0.286000,-0.869000,135.573000,105.481000,-60.137000,26.55
0.073625,0.570000,-0.673000,-1.367000,123.359000,58.931000,-35.389000,26.51
0.074077,0.105000,-0.600000,-1.057000,117.023000,32.382000,-14.351000,26.51
0.074627,0.226000,-0.458000,-1.175000,112.290000,-5.145000,9.313000,26.46
0.075089,0.004000,-0.406000,-0.907000,118.000000,-36.122000,27.771000,26.51
0.075541,0.062000,-0.289000,-0.905000,119.756000,-50.565000,35.053000,26.51
0.075995,0.113000,-0.204000,-0.895000,123.237000,-61.221000,35.344000,26.55
0.076452,0.173000,-0.126000,-0.903000,127.191000,-79.344000,28.107000,26.41
0.076909,0.187000,-0.012000,-0.868000,133.527000,-96.489000,16.534000,26.55
0.077364,0.192000,0.074000,-0.842000,140.504000,-106.916000,0.427000,26.55
0.077832,0.240000,0.165000,-0.820000,150.840000,-120.153000,-17.725000,26.60
0.078290,0.352000,0.242000,-0.845000,157.053000,-127.802000,-37.893000,26.46
0.078747,0.487000,0.282000,-0.904000,158.824000,-134.397000,-61.695000,26.46
0.079201,0.650000,0.348000,-0.940000,161.832000,-148.229000,-88.962000,26.51
0.079669,0.731000,0.426000,-0.953000,166.153000,-156.397000,-116.351000,26.46
0.080132,0.730000,0.463000,-0.793000,186.779000,-182.763000,-140.641000,26.46
0.080592,0.725000,0.475000,-0.691000,201.328000,-187.740000,-165.939000,26.41
0.081052,0.761000,0.456000,-0.644000,210.947000,-184.092000,-190.748000,26.37
0.081503,0.874000,0.430000,-0.638000,211.985000,-178.168000,-213.740000,26.46
0.081962,0.943000,0.452000,-0.619000,215.832000,-177.771000,-232.275000,26.51
0.082405,0.951000,0.475000,-0.581000,221.710000,-174.153000,-246.947000,26.46
0.082854,0.950000,0.476000,-0.547000,229.695000,-167.725000,-257.985000,26.55
0.083298,0.981000,0.472000,-0.514000,235.176000,-159.847000,-262.809000,26.51
0.083745,1.007000,0.495000,-0.516000,238.656000,-148.718000,-259.786000,26.46
0.084189,1.046000,0.522000,-0.552000,236.962000,-136.321000,-248.351000,26.46
0.084792,1.095000,0.556000,-0.598000,224.412000,-120.626000,-228.443000,26.51
0.085417,1.144000,0.561000,-0.663000,195.985000,-106.214000,-206.427000,26.55
0.085898,1.383000,0.961000,-0.652000,115.649000,-96.977000,-202.687000,26.46
0.086366,1.225000,1.181000,-0.486000,110.076000,-92.550000,-194.611000,26.51
0.086826,1.123000,0.991000,-0.395000,84.046000,-77.542000,-181.191000,26.55
0.087301,1.124000,0.726000,-0.318000,43.450000,-58.809000,-169.939000,26.46
0.087783,1.096000,0.508000,-0.216000,4.840000,-39.924000,-155.695000,26.41
0.088269,1.293000,0.072000,-0.233000,-27.954000,-16.092000,-133.573000,26.55
0.088722,1.926000,-0.125000,-0.278000,-38.229000,-6.046000,-93.298000,26.55
0.089165,1.610000,0.395000,-0.278000,-33.817000,-29.008000,-59.817000,26.51
0.089605,0.837000,0.549000,-0.696000,-36.824000,-62.168000,-30.290000,26.46
0.090058,0.446000,0.202000,-0.827000,-7.176000,-67.802000,-11.603000,26.55
0.090473,0.677000,0.221000,-0.687000,2.412000,-72.611000,-5.038000,26.51
0.090894,0.652000,0.125000,-0.871000,0.015000,-65.313000,-3.069000,26.55
0.091320,0.249000,-0.142000,-1.181000,14.290000,-56.748000,1.389000,26.37
0.091766,0.281000,-0.019000,-1.066000,-4.290000,-38.534000,-1.115000,26.51
0.092195,0.423000,0.076000,-0.980000,-3.679000,-24.275000,-6.427000,26.46
0.092653,0.453000,-0.128000,-0.929000,-6.336000,-10.000000,-8.885000,26.60
0.093092,0.531000,-0.083000,-0.842000,-10.779000,-6.305000,-13.145000,26.51
0.093530,0.535000,-0.053000,-0.839000,-12.427000,0.290000,-15.527000,26.55
0.093977,0.528000,0.048000,-0.812000,-12.412000,0.595000,-15.847000,26.41
0.094533,0.555000,0.103000,-0.813000,-10.489000,-0.427000,-13.237000,26.51
0.095128,0.521000,0.105000,-0.823000,-5.298000,-1.099000,-9.435000,26.46
0.095597,0.540000,0.052000,-0.870000,-3.618000,-2.840000,-6.382000,26.51
0.096025,0.593000,-0.039000,-0.863000,-6.916000,-5.802000,-5.176000,26.51
0.096462,0.548000,-0.015000,-0.859000,-7.344000,-11.328000,-6.046000,26.46
0.096921,0.508000,-0.025000,-0.868000,-6.962000,-13.542000,-6.260000,26.41
0.097372,0.529000,-0.068000,-0.876000,-8.763000,-11.328000,-8.504000,26.41
0.097832,0.521000,-0.032000,-0.875000,-12.992000,-9.771000,-11.450000,26.37
0.098264,0.511000,0.009000,-0.868000,-15.893000,-10.275000,-12.015000,26.51
0.098693,0.521000,0.022000,-0.861000,-15.191000,-11.756000,-13.053000,26.60
0.099133,0.520000,0.013000,-0.856000,-16.504000,-10.229000,-12.489000,26.51
0.099559,0.484000,0.037000,-0.854000,-17.527000,-7.130000,-13.298000,26.41
0.099996,0.468000,0.059000,-0.841000,-14.718000,-10.840000,-12.168000,26.46
0.100444,0.493000,0.012000,-0.862000,-13.634000,-9.527000,-10.473000,26.46
0.100881,0.523000,0.016000,-0.857000,-14.565000,-9.847000,-10.015000,26.41
0.101320,0.540000,0.031000,-0.859000,-14.779000,-12.809000,-10.412000,26.55
0.101753,0.508000,0.035000,-0.847000,-17.969000,-2.992000,-9.832000,26.51
0.102180,0.470000,0.066000,-0.830000,-13.679000,-12.519000,-8.901000,26.60
0.102617,0.433000,0.082000,-0.815000,-10.824000,-10.962000,-7.450000,26.46
0.103034,0.442000,0.085000,-0.818000,-7.954000,-8.809000,-6.443000,26.51
0.103737,0.514000,-0.078000,-0.855000,-4.794000,0.092000,-3.496000,26.51
0.104161,0.495000,-0.071000,-0.861000,-5.191000,1.634000,-4.580000,26.41
0.104606,0.486000,-0.020000,-0.873000,-5.557000,4.534000,-4.412000,26.46
0.105029,0.498000,-0.017000,-0.844000,-5.588000,6.809000,-3.725000,26.51
0.105443,0.499000,-0.002000,-0.847000,-6.107000,6.916000,-3.389000,26.41
0.105865,0.511000,0.012000,-0.833000,-5.756000,7.145000,-2.580000,26.46
0.107588,0.542000,-0.008000,-0.820000,-5.405000,5.237000,-2.305000,26.41
0.119957,0.541000,0.015000,-0.820000,-5.206000,3.237000,-2.427000,26.51
0.132266,0.520000,0.037000,-0.814000,-4.061000,3.344000,-2.107000,26.46
0.139403,0.484000,0.027000,-0.845000,-4.122000,4.641000,-1.649000,26.60
0.151675,0.511000,-0.009000,-0.847000,-3.649000,4.427000,-1.435000,26.41
0.158786,0.525000,-0.007000,-0.852000,-3.298000,4.092000,-1.405000,26.55
0.170964,0.500000,-0.006000,-0.854000,-3.420000,4.366000,-1.221000,26.41
0.177994,0.512000,-0.006000,-0.874000,-5.771000,4.763000,-0.489000,26.46
0.190517,0.512000,0.006000,-0.841000,-8.534000,8.733000,0.321000,26.51
0.197796,0.521000,-0.020000,-0.825000,-8.519000,7.466000,0.305000,26.51
0.209944,0.510000,-0.019000,-0.852000,-6.855000,7.878000,-0.031000,26.55
0.215524,0.516000,-0.011000,-0.846000,-6.427000,9.206000,0.076000,26.55
0.229525,0.513000,-0.021000,-0.845000,-5.740000,9.756000,-0.031000,26.51
0.241681,0.519000,-0.031000,-0.839000,-5.588000,9.878000,-0.458000,26.46
0.248795,0.518000,-0.020000,-0.859000,-5.664000,8.290000,-1.237000,26.41
0.261053,0.511000,-0.032000,-0.885000,-10.427000,13.481000,-1.511000,26.51
0.267896,0.544000,-0.026000,-0.858000,-12.672000,8.473000,-2.763000,26.46
0.280001,0.539000,0.007000,-0.826000,-14.153000,15.756000,-3.466000,26.46
0.287425,0.535000,0.010000,-0.815000,-6.244000,5.939000,-1.893000,26.51
0.299642,0.552000,0.033000,-0.797000,-6.992000,14.992000,-1.771000,26.37
0.311657,0.533000,0.041000,-0.803000,-4.565000,12.641000,-1.985000,26.51
0.319067,0.526000,0.011000,-0.829000,-2.702000,8.031000,-1.603000,26.51
0.331312,0.528000,-0.004000,-0.840000,-3.084000,10.580000,-1.771000,26.46
0.338147,0.558000,-0.031000,-0.902000,-6.504000,14.000000,-2.840000,26.46
0.350618,0.514000,-0.074000,-1.029000,-19.023000,36.412000,-5.344000,26.51
0.357743,0.595000,-0.048000,-0.860000,-22.275000,6.183000,-9.038000,26.37
0.370042,0.610000,0.027000,-0.854000,-19.832000,2.779000,-10.366000,26.51
0.381593,0.469000,-0.002000,-0.835000,-22.107000,8.168000,-10.092000,26.51
0.388935,0.477000,0.014000,-0.818000,-21.221000,12.580000,-10.473000,26.46
0.401106,0.465000,0.021000,-0.809000,-17.802000,0.198000,-9.221000,26.46
0.407998,0.462000,0.026000,-0.804000,-16.000000,0.489000,-8.092000,26.41
0.420412,0.493000,0.019000,-0.883000,-14.656000,19.466000,-7.863000,26.37
0.432878,0.605000,0.008000,-0.832000,-19.466000,9.771000,-8.382000,26.51
0.439587,0.582000,-0.024000,-0.809000,-18.153000,8.641000,-6.412000,26.51
0.451871,0.521000,0.003000,-0.805000,-17.038000,5.817000,-4.214000,26.46
0.458955,0.593000,0.042000,-0.843000,-17.557000,4.855000,-4.504000,26.41
0.471176,0.584000,0.035000,-0.812000,-16.489000,0.977000,-4.809000,26.51
0.478064,0.537000,0.052000,-0.809000,-13.130000,-0.748000,-5.115000,26.55
0.490279,0.501000,0.068000,-0.778000,-13.313000,-1.298000,-7.160000,26.41
0.502512,0.439000,0.044000,-0.760000,-10.840000,-2.748000,-7.206000,26.51
0.509370,0.422000,0.029000,-0.781000,-9.282000,-2.351000,-6.534000,26.46
0.521928,0.451000,0.022000,-0.798000,-8.275000,-1.038000,-5.130000,26.51
0.528894,0.578000,0.053000,-0.786000,-6.427000,-1.756000,-2.809000,26.51
0.540948,0.504000,0.064000,-0.781000,-3.420000,-2.656000,-2.534000,26.46
0.548006,0.560000,0.032000,-0.824000,-3.618000,-2.809000,-2.779000,26.51
0.560196,0.625000,0.027000,-0.811000,-5.496000,-4.611000,-3.588000,26.46
0.567315,0.580000,0.027000,-0.835000,-6.947000,-5.985000,-5.756000,26.46
0.579780,0.571000,0.030000,-0.823000,-8.611000,-6.611000,-4.855000,26.51
0.592061,0.557000,0.073000,-0.793000,-6.489000,-5.084000,-2.962000,26.55
0.599122,0.466000,0.074000,-0.797000,-3.710000,-1.099000,-2.168000,26.46
0.611477,0.453000,0.112000,-0.798000,-0.611000,6.198000,-1.725000,26.41
0.618502,0.497000,0.146000,-0.850000,3.069000,9.344000,-2.000000,26.46
0.630934,0.489000,0.120000,-0.869000,4.336000,13.237000,-2.076000,26.55
0.637946,0.531000,0.045000,-0.912000,5.206000,12.214000,-2.427000,26.51
0.650460,0.607000,-0.006000,-0.906000,0.244000,8.382000,-3.069000,26.46
0.657511,0.591000,0.037000,-0.886000,-3.954000,4.183000,-4.382000,26.46
0.669952,0.569000,0.059000,-0.861000,-6.137000,9.634000,-4.015000,26.51
0.675772,0.529000,0.098000,-0.839000,-5.969000,8.550000,-2.947000,26.46
0.689543,0.524000,0.107000,-0.828000,-3.786000,8.412000,-1.847000,26.37
0.701866,0.526000,0.053000,-0.837000,-2.244000,4.718000,-1.435000,26.51
0.708998,0.528000,0.035000,-0.842000,-2.244000,2.550000,-1.771000,26.46
0.721473,0.520000,0.046000,-0.836000,-2.244000,2.534000,-2.351000,26.46
0.728509,0.542000,0.040000,-0.851000,-4.305000,4.718000,-2.412000,26.51
0.740975,0.539000,0.065000,-0.811000,-5.252000,5.710000,-2.092000,26.55
0.748039,0.493000,0.104000,-0.777000,-3.176000,8.947000,-0.718000,26.46
0.760451,0.481000,0.107000,-0.767000,1.573000,10.153000,1.542000,26.51
0.767785,0.499000,0.091000,-0.778000,5.786000,12.168000,3.496000,26.46
0.780343,0.529000,0.078000,-0.781000,8.412000,13.573000,4.611000,26.55
0.787397,0.528000,0.081000,-0.787000,11.542000,15.954000,5.710000,26.51
0.799878,0.500000,0.064000,-0.765000,14.794000,18.122000,6.855000,26.46
0.811922,0.483000,0.097000,-0.776000,16.870000,21.847000,7.435000,26.55
0.819386,0.437000,0.135000,-0.749000,21.038000,24.260000,8.779000,26.51
0.831509,0.336000,0.193000,-0.748000,32.214000,22.321000,9.069000,26.46
0.838829,0.645000,0.080000,-0.955000,28.794000,24.305000,6.427000,26.55
0.851154,0.607000,-0.094000,-0.896000,19.267000,26.290000,5.420000,26.41
0.858296,0.633000,-0.113000,-0.878000,6.748000,20.489000,4.198000,26.46
0.870613,0.545000,-0.015000,-0.890000,2.427000,28.076000,0.290000,26.46
0.877988,0.545000,0.026000,-0.904000,-0.214000,47.603000,0.534000,26.51
0.890416,0.568000,0.057000,-0.829000,0.229000,46.519000,-0.107000,26.55
0.897860,0.573000,0.060000,-0.878000,3.878000,37.618000,2.336000,26.46
0.910124,0.579000,0.001000,-0.768000,3.679000,60.427000,3.145000,26.51
0.922159,0.452000,0.048000,-0.961000,-1.817000,77.557000,7.786000,26.46
0.929290,0.611000,0.047000,-0.914000,-1.924000,73.603000,10.290000,26.41
0.941735,0.512000,0.001000,-1.045000,0.840000,98.336000,8.122000,26.41
0.948801,0.405000,0.051000,-1.409000,17.389000,116.061000,8.977000,26.46
0.961148,0.457000,0.140000,-1.177000,17.496000,143.496000,17.053000,26.41
0.968142,0.658000,-0.004000,-1.129000,42.260000,157.374000,19.038000,26.41
0.980021,0.254000,-0.091000,-1.320000,57.771000,165.832000,19.588000,26.55
0.992244,0.497000,0.101000,-1.303000,79.847000,140.351000,12.397000,26.51
0.999210,0.645000,0.149000,-1.390000,128.718000,140.260000,11.985000,26.51
1.011285,0.036000,0.246000,-1.906000,31.756000,475.802000,14.809000,26.46
1.018088,0.614000,0.128000,-1.363000,103.099000,411.481000,36.183000,26.51
1.030178,1.176000,0.088000,-1.879000,105.649000,363.725000,44.962000,26.46
1.042230,1.172000,-0.146000,-1.316000,69.863000,332.427000,56.473000,26.51
1.049255,1.079000,0.255000,-1.108000,60.168000,354.107000,50.473000,26.41
1.061461,0.951000,0.543000,-1.277000,101.389000,288.824000,46.168000,26.55
1.068318,0.819000,0.185000,-1.835000,95.084000,198.809000,47.924000,26.55
1.080451,0.128000,-0.067000,-1.968000,31.511000,125.496000,51.282000,26.51
1.087184,-0.103000,-0.070000,-1.543000,-25.191000,83.359000,65.282000,26.46
1.099529,-0.132000,0.172000,-1.572000,-65.298000,22.840000,75.267000,26.41
1.111451,-0.283000,0.323000,-1.162000,-65.924000,-14.580000,84.595000,26.41
1.118335,-0.222000,0.319000,-1.046000,-62.015000,-50.443000,85.145000,26.55
1.130177,-0.186000,0.322000,-0.912000,-64.534000,-66.779000,77.695000,26.51
1.135989,-0.112000,0.359000,-0.847000,-65.481000,-85.191000,66.580000,26.51
1.149355,-0.030000,0.361000,-0.811000,-65.252000,-99.511000,51.786000,26.46
1.161216,0.057000,0.349000,-0.795000,-65.344000,-111.954000,33.527000,26.51
1.168045,0.153000,0.342000,-0.812000,-62.901000,-125.008000,14.824000,26.51
1.179940,0.254000,0.307000,-0.841000,-59.756000,-137.527000,-3.725000,26.46
1.192141,0.361000,0.264000,-0.878000,-57.527000,-149.969000,-20.351000,26.51
1.198749,0.454000,0.201000,-0.911000,-56.046000,-162.489000,-34.046000,26.46
1.210722,0.561000,0.120000,-0.957000,-59.786000,-171.695000,-43.924000,26.55
1.217632,0.657000,0.038000,-0.991000,-60.443000,-185.130000,-48.336000,26.51
1.229264,0.733000,-0.032000,-0.993000,-67.420000,-194.824000,-49.389000,26.46
1.241386,0.805000,-0.087000,-1.001000,-75.038000,-201.847000,-46.015000,26.65
1.247763,0.839000,-0.119000,-0.997000,-83.038000,-207.206000,-40.611000,26.51
1.259834,0.849000,-0.132000,-0.969000,-88.962000,-207.878000,-34.901000,26.46
1.271740,0.872000,-0.123000,-0.956000,-91.969000,-205.679000,-29.573000,26.51
1.278296,0.917000,-0.110000,-0.955000,-92.916000,-201.176000,-25.145000,26.51
1.290280,0.950000,-0.091000,-0.948000,-93.267000,-197.344000,-24.076000,26.46
1.301909,0.967000,-0.055000,-0.962000,-93.237000,-193.389000,-26.519000,26.60
1.308908,0.972000,-0.012000,-0.968000,-90.763000,-189.466000,-31.939000,26.51
1.320795,0.982000,0.002000,-0.976000,-86.366000,-185.893000,-39.084000,26.46
1.327385,0.978000,0.012000,-0.977000,-81.710000,-182.901000,-47.267000,26.51
1.339571,0.971000,0.024000,-0.971000,-76.885000,-179.115000,-56.443000,26.46
1.351609,0.978000,0.023000,-0.962000,-71.053000,-172.046000,-66.565000,26.51
1.358371,0.947000,0.041000,-0.964000,-64.550000,-161.405000,-77.191000,26.51
1.370324,1.018000,0.061000,-0.984000,-59.008000,-153.939000,-89.435000,26.55
1.382185,1.124000,0.055000,-1.023000,-50.412000,-154.885000,-101.527000,26.46
1.388766,1.176000,0.009000,-0.991000,-40.305000,-160.214000,-116.870000,26.51
1.400718,1.234000,0.002000,-0.907000,-25.267000,-168.229000,-130.031000,26.46
1.412376,1.338000,-0.014000,-0.850000,-11.863000,-156.229000,-138.870000,26.51
1.419183,1.510000,-0.037000,-0.716000,11.588000,-157.527000,-141.603000,26.41
1.430840,1.542000,-0.097000,-0.502000,32.397000,-156.870000,-141.206000,26.55
1.437670,1.507000,-0.176000,-0.279000,41.725000,-144.534000,-139.695000,26.51
1.449551,1.498000,-0.271000,-0.102000,38.504000,-123.313000,-137.939000,26.51
1.461333,1.560000,-0.349000,0.018000,28.015000,-98.214000,-133.313000,26.55
1.468427,1.584000,-0.429000,0.106000,19.252000,-76.244000,-123.695000,26.51
1.480440,1.596000,-0.485000,0.175000,15.802000,-54.229000,-108.137000,26.55
1.492384,1.502000,-0.515000,0.270000,17.405000,-30.611000,-88.382000,26.46
1.499734,1.367000,-0.518000,0.312000,19.679000,-1.832000,-65.511000,26.51
1.511671,1.394000,-0.929000,0.321000,13.740000,51.267000,-39.985000,26.46
1.518709,1.131000,-0.397000,0.532000,25.847000,51.817000,-17.344000,26.46
1.531000,1.566000,-0.407000,0.255000,18.031000,119.756000,-4.000000,26.51
1.537831,0.747000,-0.037000,-1.042000,70.290000,3.603000,-16.321000,26.46
1.550351,0.633000,-0.061000,-1.772000,41.450000,49.649000,2.947000,26.46
1.562403,-0.217000,0.144000,-1.078000,18.382000,94.260000,30.702000,26.41
1.569473,-0.233000,-0.060000,-0.565000,36.794000,134.855000,31.893000,26.55
1.581078,0.262000,-0.106000,-0.791000,40.748000,160.809000,13.008000,26.51
1.588279,1.085000,-0.133000,-1.529000,15.206000,180.427000,4.092000,26.51
1.600524,1.536000,-0.074000,-1.415000,13.008000,123.756000,18.565000,26.55
1.606132,1.061000,0.117000,-1.170000,19.069000,111.313000,15.176000,26.51
1.619578,0.698000,-0.031000,-1.097000,15.344000,103.466000,3.649000,26.51
1.631951,0.533000,-0.250000,-1.010000,5.679000,108.916000,5.389000,26.46
1.639059,1.360000,0.483000,-1.113000,-1.130000,93.389000,-0.168000,26.51
1.651270,0.883000,0.112000,-0.881000,26.382000,76.855000,3.802000,26.51
1.658327,0.509000,-0.127000,-0.996000,15.618000,82.947000,10.519000,26.51
1.670700,0.681000,0.155000,-0.931000,12.779000,63.206000,9.847000,26.60
1.677821,0.662000,0.115000,-0.980000,16.534000,60.137000,5.679000,26.46
1.689930,0.546000,-0.208000,-0.982000,28.824000,23.634000,11.008000,26.46
1.702098,0.541000,-0.107000,-0.977000,15.893000,31.130000,9.573000,26.41
1.709535,0.573000,-0.055000,-0.962000,4.336000,26.046000,2.427000,26.46
1.721713,0.523000,-0.078000,-0.947000,2.931000,19.511000,1.969000,26.51
1.729002,0.492000,0.007000,-0.909000,-1.725000,22.672000,1.038000,26.51
1.741221,0.499000,0.008000,-0.891000,-1.573000,17.802000,1.389000,26.46
1.748551,0.523000,-0.002000,-0.887000,-0.153000,6.977000,2.168000,26.46
1.760876,0.491000,0.002000,-0.880000,-3.130000,12.947000,1.969000,26.41
1.768124,0.481000,0.023000,-0.842000,-1.389000,2.336000,2.580000,26.46
1.780339,0.477000,0.058000,-0.838000,-3.924000,16.824000,2.275000,26.41
1.787704,0.473000,0.057000,-0.848000,-1.603000,14.550000,1.832000,26.51
1.800022,0.468000,0.042000,-0.831000,-0.214000,14.489000,2.076000,26.46
1.812430,0.477000,0.055000,-0.835000,2.687000,11.359000,2.031000,26.55
1.819492,0.465000,0.035000,-0.836000,4.992000,13.802000,2.656000,26.51
1.831897,0.488000,0.042000,-0.838000,6.519000,11.802000,3.084000,26.46
1.839368,0.485000,0.056000,-0.833000,6.061000,21.359000,3.924000,26.41
1.851997,0.468000,0.063000,-0.825000,10.382000,13.221000,4.534000,26.41
1.858751,0.461000,0.070000,-0.820000,7.985000,26.519000,5.267000,26.46
1.871377,0.480000,0.019000,-0.912000,12.336000,17.328000,4.305000,26.51
1.878726,0.479000,0.019000,-0.859000,9.679000,19.481000,3.756000,26.41
1.890742,0.472000,-0.026000,-0.847000,2.122000,27.053000,2.504000,26.46
1.898055,0.487000,0.025000,-0.840000,1.237000,26.519000,2.397000,26.51
1.910403,0.471000,0.030000,-0.863000,1.420000,23.344000,1.771000,26.41
1.918001,0.532000,-0.075000,-0.867000,-7.802000,30.046000,1.847000,26.46
1.929549,0.440000,0.055000,-0.895000,-14.947000,46.046000,-0.122000,26.51
1.941797,0.594000,-0.027000,-0.880000,-12.595000,40.290000,0.656000,26.51
1.948509,0.566000,-0.018000,-0.812000,-11.023000,32.214000,-1.924000,26.55
1.960774,0.453000,0.009000,-0.885000,-21.542000,55.160000,-4.626000,26.51
1.967925,0.529000,0.052000,-0.835000,-8.412000,19.252000,-3.557000,26.51
1.980140,0.464000,0.017000,-0.862000,-18.351000,45.389000,-3.206000,26.46
1.992298,0.444000,0.021000,-0.915000,-23.771000,73.344000,-2.168000,26.51
1.999366,0.572000,-0.004000,-0.897000,-17.420000,63.985000,-5.191000,26.51
2.011467,0.506000,0.049000,-0.933000,-20.427000,71.298000,-6.214000,26.55
2.018324,0.462000,-0.042000,-0.969000,-10.427000,81.374000,-5.038000,26.51
2.030523,0.555000,-0.016000,-0.923000,-6.183000,76.046000,-5.756000,26.51
2.037427,0.440000,-0.034000,-0.997000,-6.137000,96.641000,-0.626000,26.46
2.050127,0.481000,0.173000,-1.013000,5.176000,98.718000,7.298000,26.41
2.062203,0.573000,-0.002000,-0.906000,5.267000,101.176000,8.748000,26.46
2.069173,0.553000,-0.080000,-0.971000,12.473000,122.031000,7.344000,26.46
2.081444,0.495000,0.072000,-1.000000,16.870000,129.847000,6.473000,26.51
2.088383,0.430000,0.024000,-1.096000,26.305000,148.885000,14.672000,26.46
2.100715,0.632000,0.110000,-1.228000,67.679000,111.908000,14.275000,26.55
2.107486,0.596000,0.158000,-1.058000,72.580000,140.809000,18.870000,26.41
2.119665,0.475000,0.177000,-1.154000,49.695000,289.344000,23.588000,26.37
2.131930,0.932000,0.273000,-2.404000,150.473000,158.626000,27.969000,26.46
2.138683,0.677000,0.111000,-0.523000,200.565000,248.000000,25.374000,26.51
2.150957,0.778000,0.041000,-1.487000,170.046000,388.824000,32.626000,26.46
2.157904,1.430000,-0.157000,-2.310000,111.863000,424.092000,33.847000,26.51
2.169979,1.319000,-0.104000,-1.618000,64.214000,500.260000,57.710000,26.41
2.181905,1.799000,0.084000,-2.008000,106.748000,248.046000,45.221000,26.55
2.188984,1.000000,0.240000,-1.771000,104.550000,393.221000,68.931000,26.51
2.200943,1.881000,0.431000,-1.822000,136.336000,332.824000,61.740000,26.51
2.208162,1.557000,0.002000,-2.102000,158.168000,304.031000,73.328000,26.60
2.219955,-0.131000,-0.292000,-2.286000,53.832000,156.214000,63.008000,26.51
2.231951,0.349000,-0.339000,-2.050000,-41.084000,105.603000,58.229000,26.55
2.239034,-0.271000,0.341000,-1.877000,-88.916000,12.534000,69.893000,26.46
2.250998,-0.411000,0.627000,-1.188000,-58.122000,-13.420000,77.802000,26.51
2.257819,-0.320000,0.519000,-1.063000,-41.695000,-36.763000,80.626000,26.55
2.269729,-0.237000,0.456000,-0.959000,-48.046000,-54.382000,71.191000,26.51
2.282002,-0.150000,0.419000,-0.878000,-62.153000,-82.611000,55.802000,26.51
2.288767,-0.053000,0.462000,-0.812000,-77.802000,-110.977000,37.160000,26.55
2.300933,0.041000,0.514000,-0.772000,-83.298000,-138.198000,18.260000,26.46
2.307903,0.153000,0.558000,-0.748000,-77.344000,-161.817000,-0.580000,26.41
2.319641,0.262000,0.536000,-0.745000,-69.847000,-181.527000,-19.695000,26.55
2.331651,0.391000,0.432000,-0.761000,-68.000000,-202.443000,-37.695000,26.51
2.338212,0.483000,0.319000,-0.778000,-74.519000,-215.924000,-54.168000,26.51
2.350221,0.544000,0.231000,-0.781000,-82.718000,-231.985000,-66.076000,26.55
2.362180,0.585000,0.135000,-0.800000,-90.733000,-245.969000,-73.649000,26.55
2.369076,0.654000,0.052000,-0.838000,-96.901000,-256.504000,-76.321000,26.60
2.380600,0.748000,-0.075000,-0.898000,-104.015000,-266.656000,-74.473000,26.46
2.386937,0.881000,-0.189000,-0.963000,-113.588000,-274.504000,-67.924000,26.51
2.399512,1.000000,-0.321000,-1.039000,-123.359000,-281.023000,-57.328000,26.41
2.411439,1.041000,-0.443000,-1.081000,-133.496000,-284.947000,-45.328000,26.55
2.418325,1.116000,-0.547000,-1.106000,-143.939000,-287.893000,-32.962000,26.41
2.429563,1.205000,-0.586000,-1.119000,-151.115000,-286.779000,-20.427000,26.51
2.440958,1.279000,-0.537000,-1.127000,-153.893000,-285.176000,-9.115000,26.55
2.447467,1.367000,-0.420000,-1.148000,-150.290000,-281.481000,-1.542000,26.51
2.459533,1.437000,-0.271000,-1.141000,-143.527000,-275.710000,-0.702000,26.51
2.471580,1.481000,-0.124000,-1.129000,-135.405000,-267.817000,-6.260000,26.46
2.477931,1.545000,-0.021000,-1.133000,-127.710000,-256.901000,-20.885000,26.60
2.489708,1.631000,0.031000,-1.149000,-121.038000,-245.542000,-45.374000,26.51
2.501602,1.751000,0.023000,-1.121000,-114.809000,-239.145000,-78.977000,26.55
2.508513,1.875000,-0.051000,-1.059000,-101.176000,-238.275000,-116.229000,26.51
2.520006,1.997000,-0.159000,-0.918000,-74.656000,-238.046000,-150.397000,26.46
2.531672,2.011000,-0.269000,-0.699000,-31.832000,-238.443000,-177.069000,26.46
2.538480,2.017000,-0.328000,-0.457000,21.771000,-223.557000,-190.641000,26.60
2.550273,2.003000,-0.458000,-0.203000,66.382000,-209.924000,-191.160000,26.46
2.562168,1.989000,-0.636000,0.093000,88.550000,-180.366000,-178.840000,26.46
2.568974,1.897000,-0.959000,0.329000,76.168000,-143.603000,-152.687000,26.51
2.581002,1.829000,-1.373000,0.585000,31.115000,-102.504000,-113.313000,26.46
2.587809,1.747000,-1.428000,0.714000,-27.389000,-56.794000,-56.321000,26.46
2.600057,1.659000,-1.319000,0.689000,-63.725000,-13.771000,4.824000,26.41
2.612213,1.656000,-1.108000,0.607000,-61.130000,68.382000,57.802000,26.46
2.619271,1.426000,-0.532000,0.785000,23.176000,78.351000,113.588000,26.51
2.631232,1.708000,-0.802000,0.422000,45.771000,144.687000,146.260000,26.41
2.638163,0.556000,-0.320000,-0.434000,74.473000,98.244000,150.977000,26.46
2.650488,0.781000,0.412000,-1.907000,44.046000,91.771000,116.931000,26.51
2.657220,0.186000,0.898000,-1.316000,-1.481000,134.214000,75.908000,26.41
2.669564,0.387000,0.743000,-0.540000,27.313000,132.321000,31.908000,26.46
2.681917,0.626000,0.334000,-0.866000,58.275000,149.542000,5.084000,26.51
2.688777,1.107000,-0.073000,-1.517000,50.229000,131.328000,3.969000,26.55
2.701190,1.121000,-0.231000,-1.260000,39.160000,136.046000,21.725000,26.41
2.707932,0.921000,-0.275000,-1.075000,26.595000,132.397000,18.916000,26.51
2.720039,0.692000,-0.169000,-1.042000,13.939000,129.145000,6.565000,26.46
2.727220,1.392000,0.582000,-1.261000,8.198000,134.198000,5.450000,26.46
2.739390,1.198000,0.024000,-0.851000,24.794000,98.305000,4.992000,26.41
2.751893,0.706000,-0.132000,-1.096000,27.985000,74.885000,6.351000,26.46
2.758934,0.583000,-0.247000,-0.906000,10.565000,86.427000,10.534000,26.51
2.771247,0.774000,0.138000,-0.950000,11.023000,83.756000,9.023000,26.51
2.778128,0.558000,-0.006000,-0.941000,21.176000,53.588000,9.237000,26.46
2.790578,0.597000,-0.239000,-0.994000,18.763000,33.267000,9.954000,26.51
2.797620,0.590000,-0.166000,-0.957000,11.313000,20.427000,5.573000,26.51
2.810049,0.469000,-0.026000,-0.946000,0.168000,29.374000,1.160000,26.46
2.822208,0.528000,-0.018000,-0.892000,-2.473000,30.427000,1.038000,26.41
2.829411,0.526000,-0.001000,-0.890000,2.015000,11.725000,0.534000,26.60
2.841802,0.514000,0.019000,-0.857000,-3.924000,22.962000,-0.840000,26.46
2.848961,0.535000,0.053000,-0.843000,-3.679000,17.710000,-0.733000,26.51
2.860992,0.505000,0.060000,-0.859000,-5.725000,32.519000,-0.595000,26.51
2.868637,0.508000,0.069000,-0.843000,-1.969000,30.534000,1.847000,26.46
2.880603,0.496000,0.048000,-0.845000,-0.962000,28.580000,2.275000,26.51
2.888095,0.468000,0.057000,-0.855000,-0.107000,25.191000,3.420000,26.51
2.900400,0.492000,0.042000,-0.850000,0.321000,25.145000,3.756000,26.55
2.907485,0.508000,0.032000,-0.853000,-0.168000,23.634000,3.786000,26.51
2.919824,0.558000,0.020000,-0.876000,7.603000,-10.122000,4.656000,26.51
2.932007,0.548000,0.033000,-0.824000,-1.023000,11.069000,4.412000,26.46
2.939438,0.525000,0.030000,-0.825000,-1.740000,10.626000,4.275000,26.51
2.951488,0.514000,0.047000,-0.822000,-2.198000,13.053000,4.580000,26.37
2.958951,0.527000,0.018000,-0.821000,-4.504000,21.328000,5.267000,26.46
2.971020,0.535000,0.031000,-0.820000,-4.550000,23.099000,5.038000,26.51
2.978531,0.509000,0.025000,-0.833000,-7.679000,33.557000,4.031000,26.46
2.990673,0.524000,0.026000,-0.823000,-6.977000,32.718000,3.053000,26.46
2.998114,0.499000,0.042000,-0.850000,-8.916000,43.725000,1.496000,26.51
3.010190,0.523000,0.049000,-0.794000,-8.656000,42.901000,1.160000,26.37
3.016264,0.551000,0.019000,-0.800000,-9.985000,39.832000,-0.427000,26.55
3.029496,0.581000,-0.007000,-0.802000,-10.382000,41.267000,-2.977000,26.51
3.041752,0.576000,0.022000,-0.802000,-12.519000,53.954000,-6.366000,26.46
3.048933,0.538000,0.065000,-0.819000,-5.221000,65.450000,-6.962000,26.46
3.061018,0.554000,0.056000,-0.802000,-1.908000,73.328000,-5.130000,26.41
3.068154,0.597000,0.056000,-0.766000,-11.084000,80.107000,-3.756000,26.55
3.080182,0.591000,0.027000,-0.794000,-8.336000,84.595000,-2.122000,26.46
3.086162,0.613000,0.050000,-0.790000,-6.794000,90.168000,-3.542000,26.51
3.099647,0.593000,0.128000,-0.680000,4.489000,97.542000,-2.595000,26.46
3.111768,0.600000,0.055000,-0.802000,-4.550000,101.817000,0.748000,26.46
3.118931,0.623000,0.071000,-0.767000,-14.046000,95.145000,1.939000,26.51
3.131741,0.647000,0.033000,-0.752000,-15.939000,87.328000,6.504000,26.46
3.138129,0.553000,0.214000,-0.931000,-14.046000,99.573000,13.267000,26.37
3.150896,0.718000,-0.117000,-0.844000,3.084000,95.053000,13.298000,26.51
3.158352,0.623000,0.052000,-0.879000,3.695000,105.099000,13.878000,26.46
3.170292,0.670000,0.021000,-0.842000,6.718000,112.718000,14.489000,26.41
3.182575,0.655000,0.101000,-0.940000,9.710000,117.878000,19.252000,26.41
3.189391,0.616000,0.077000,-1.005000,15.924000,119.405000,24.351000,26.46
3.201343,0.598000,-0.001000,-0.950000,23.511000,115.191000,27.679000,26.51
3.208351,0.693000,-0.031000,-0.889000,23.740000,118.015000,31.847000,26.51
3.220519,0.667000,0.065000,-1.052000,39.130000,127.954000,32.931000,26.55
3.227754,0.708000,0.179000,-1.238000,59.145000,150.412000,24.015000,26.60
3.239812,0.679000,0.137000,-1.119000,92.168000,146.672000,29.557000,26.51
3.251693,0.923000,-0.014000,-1.177000,99.313000,153.634000,34.122000,26.46
3.258930,1.400000,-0.240000,-1.677000,51.267000,168.550000,38.015000,26.51
3.270619,0.951000,-0.132000,-1.132000,42.809000,163.664000,42.153000,26.51
3.277645,0.814000,0.155000,-0.646000,41.038000,155.649000,36.305000,26.55
3.289799,0.770000,0.540000,-1.677000,36.840000,130.672000,22.534000,26.51
3.301971,-0.121000,0.638000,-2.013000,60.763000,75.618000,22.076000,26.51
3.309277,-0.802000,0.296000,-1.635000,59.954000,19.160000,28.489000,26.51
3.320991,-0.946000,0.318000,-1.327000,35.145000,-14.550000,30.260000,26.41
3.328226,-0.722000,0.522000,-1.413000,12.366000,-55.313000,22.733000,26.55
3.340430,-0.636000,0.652000,-1.253000,2.672000,-89.282000,9.298000,26.46
3.352260,-0.503000,0.643000,-1.149000,-10.015000,-122.687000,-8.855000,26.60
3.358997,-0.399000,0.602000,-1.068000,-19.603000,-152.336000,-27.618000,26.55
3.370797,-0.259000,0.609000,-1.064000,-28.412000,-180.947000,-46.168000,26.41
3.377732,0.505000,0.438000,-1.085000,-35.267000,-201.664000,-70.824000,26.41
3.389619,1.120000,0.417000,-1.057000,-52.779000,-206.290000,-92.351000,26.55
3.401759,1.159000,0.226000,-0.863000,-30.672000,-221.954000,-96.336000,26.60
3.408351,1.325000,-0.160000,-0.552000,-25.985000,-220.733000,-89.679000,26.51
3.420163,2.113000,-0.489000,-0.470000,-48.687000,-200.214000,-76.641000,26.55
3.431887,1.534000,-0.406000,-0.045000,-17.023000,-202.031000,-62.168000,26.41
3.438771,1.844000,-0.624000,0.014000,-18.794000,-179.847000,-48.534000,26.51
3.450752,1.838000,-0.633000,0.099000,-10.122000,-153.786000,-21.908000,26.46
3.457918,1.886000,-0.674000,0.102000,-1.847000,-130.412000,0.244000,26.51
3.470264,2.011000,-0.721000,0.166000,-4.977000,-97.313000,18.870000,26.51
3.482542,1.864000,-0.528000,0.194000,-10.809000,-73.985000,32.153000,26.55
3.489006,1.892000,-0.455000,0.171000,-12.519000,-54.458000,44.244000,26.51
3.501056,1.761000,-0.355000,0.192000,-18.168000,-23.603000,45.145000,26.51
3.508088,1.687000,-0.323000,0.076000,-23.863000,-13.908000,44.824000,26.55
3.520135,1.681000,-0.328000,0.100000,-27.145000,-2.977000,45.588000,26.51
3.532648,1.817000,-0.343000,0.073000,-31.481000,4.198000,47.542000,26.46
3.539477,1.769000,-0.357000,0.094000,-35.267000,12.382000,42.580000,26.46
3.551631,1.688000,-0.283000,0.107000,-30.015000,16.702000,35.740000,26.41
3.558860,0.931000,0.046000,-0.495000,-3.893000,-2.382000,10.656000,26.46
3.571008,0.468000,-0.441000,-0.736000,4.977000,-12.427000,0.855000,26.55
3.577681,0.697000,-0.110000,-0.617000,-12.702000,-9.832000,-7.313000,26.60
3.589955,0.729000,0.048000,-0.673000,-9.435000,-12.336000,-10.931000,26.55
3.602080,0.610000,0.060000,-0.757000,-11.069000,-9.786000,-9.115000,26.46
3.609356,0.631000,0.099000,-0.786000,-12.260000,-8.626000,-3.710000,26.41
3.621424,0.569000,0.127000,-0.839000,-6.550000,-14.626000,1.954000,26.55
3.628536,0.529000,0.072000,-0.881000,-2.687000,-8.595000,5.603000,26.46
3.641050,0.500000,0.058000,-0.896000,1.756000,-6.290000,6.885000,26.41
3.648293,0.538000,0.004000,-0.882000,2.137000,-4.260000,7.588000,26.46
3.660688,0.588000,-0.028000,-0.844000,2.092000,-2.763000,5.420000,26.46
3.668033,0.568000,-0.034000,-0.818000,1.878000,-1.496000,3.359000,26.41
3.680322,0.606000,-0.052000,-0.777000,1.450000,-1.756000,1.863000,26.46
3.692487,0.627000,-0.061000,-0.778000,-0.611000,-5.756000,0.137000,26.37
3.699557,0.605000,-0.059000,-0.781000,-0.214000,-3.084000,-1.695000,26.41
3.711589,0.594000,-0.035000,-0.773000,-1.023000,-2.244000,-2.702000,26.46
3.718472,0.605000,-0.023000,-0.783000,-1.527000,-1.695000,-2.489000,26.46
3.730841,0.603000,0.003000,-0.773000,-1.618000,-1.237000,-1.557000,26.51
3.738090,0.603000,0.002000,-0.790000,-1.740000,-0.779000,-0.718000,26.46
3.750343,0.587000,-0.005000,-0.794000,-1.542000,-0.122000,-0.046000,26.46
3.762405,0.565000,-0.005000,-0.789000,-2.137000,1.145000,0.718000,26.41
3.769925,0.561000,-0.017000,-0.818000,-2.107000,3.450000,0.672000,26.46
3.781973,0.569000,-0.013000,-0.815000,-1.710000,5.802000,0.244000,26.46
3.789419,0.542000,-0.015000,-0.828000,-2.351000,9.389000,-0.382000,26.41
3.801151,0.584000,-0.004000,-0.791000,-3.237000,11.420000,-0.748000,26.46
3.808367,0.604000,0.002000,-0.771000,-3.206000,11.924000,-1.160000,26.55
3.820706,0.611000,0.002000,-0.764000,-2.962000,11.267000,-1.466000,26.41
3.827824,0.613000,0.018000,-0.745000,-2.931000,9.893000,-1.206000,26.55
3.840014,0.610000,-0.003000,-0.764000,-2.031000,2.611000,-1.435000,26.55
3.852449,0.601000,0.014000,-0.772000,-1.832000,6.031000,-0.336000,26.51
3.859379,0.605000,-0.004000,-0.785000,-1.481000,5.817000,0.107000,26.55
3.871904,0.601000,-0.008000,-0.790000,-1.053000,5.832000,0.321000,26.46
3.879027,0.615000,-0.029000,-0.785000,-1.038000,5.145000,0.168000,26.41
3.891465,0.618000,-0.038000,-0.768000,-0.947000,2.092000,-0.214000,26.46
3.898440,0.615000,-0.045000,-0.777000,-1.084000,0.336000,-1.282000,26.51
3.910634,0.598000,-0.042000,-0.786000,-1.145000,-0.336000,-1.878000,26.51
3.918379,0.596000,-0.026000,-0.788000,-1.847000,-1.405000,-2.443000,26.46
3.929724,0.592000,-0.008000,-0.790000,-1.786000,-1.618000,-2.489000,26.37
3.942138,0.588000,0.006000,-0.785000,-1.695000,-1.405000,-2.153000,26.41
3.949553,0.595000,0.002000,-0.778000,-1.573000,-1.664000,-1.771000,26.55
3.961386,0.591000,-0.004000,-0.774000,-1.359000,-1.939000,-1.267000,26.55
3.968250,0.601000,-0.008000,-0.780000,-1.130000,-2.672000,-1.069000,26.60
3.980520,0.586000,-0.008000,-0.789000,-0.626000,-3.069000,-0.855000,26.55
3.987527,0.580000,-0.018000,-0.787000,-0.611000,-2.901000,-1.176000,26.46
3.999691,0.592000,-0.013000,-0.790000,-0.443000,-3.374000,-1.420000,26.51
4.011778,0.588000,-0.019000,-0.773000,-1.511000,-2.733000,-1.679000,26.46
4.018993,0.583000,-0.011000,-0.793000,-0.595000,-2.718000,-1.573000,26.46
4.031059,0.597000,-0.011000,-0.782000,-0.550000,-2.611000,-1.435000,26.41
4.038207,0.595000,-0.004000,-0.786000,-0.519000,-2.458000,-1.710000,26.55
4.050182,0.578000,-0.006000,-0.790000,-0.641000,-2.214000,-1.618000,26.55
4.062348,0.582000,-0.003000,-0.781000,-0.550000,-1.237000,-1.237000,26.51
4.069576,0.583000,-0.016000,-0.776000,-0.611000,-1.023000,-1.328000,26.55
4.081708,0.594000,-0.013000,-0.784000,-0.519000,-1.084000,-1.038000,26.46
4.089079,0.596000,-0.021000,-0.788000,-0.153000,-1.710000,-1.084000,26.51
4.100879,0.588000,-0.024000,-0.784000,0.504000,-2.885000,-1.160000,26.46
4.108098,0.592000,-0.026000,-0.790000,0.473000,-5.176000,-1.130000,26.55
4.120151,0.597000,-0.016000,-0.789000,0.595000,-5.160000,-1.282000,26.41
4.126119,0.585000,-0.018000,-0.795000,1.053000,-5.405000,-1.695000,26.46
4.139737,0.570000,-0.008000,-0.799000,0.855000,-4.321000,-1.786000,26.46
4.152116,0.606000,-0.014000,-0.800000,1.298000,-4.550000,-1.649000,26.51
4.159244,0.587000,-0.007000,-0.791000,1.618000,-5.053000,-1.298000,26.55
4.171204,0.585000,-0.019000,-0.797000,2.458000,-5.786000,-1.038000,26.46
4.178459,0.571000,-0.014000,-0.797000,2.321000,-5.908000,-0.641000,26.41
4.190975,0.565000,-0.029000,-0.803000,2.260000,-6.275000,-1.115000,26.55
4.197773,0.568000,-0.024000,-0.816000,1.771000,-6.076000,-1.313000,26.46
4.210059,0.544000,-0.021000,-0.820000,0.977000,-5.405000,-1.023000,26.51
4.222431,0.520000,0.002000,-0.848000,0.702000,-3.863000,-0.809000,26.46
4.229575,0.562000,-0.015000,-0.828000,0.107000,-3.481000,-0.748000,26.46
4.241911,0.552000,-0.024000,-0.831000,-0.321000,-3.618000,-1.069000,26.51
4.248523,0.565000,-0.015000,-0.820000,-0.275000,-2.580000,-1.008000,26.46
4.260699,0.565000,-0.018000,-0.814000,-0.351000,-1.786000,-1.298000,26.55
4.267975,0.564000,-0.009000,-0.819000,-0.748000,-0.641000,-1.099000,26.51
4.280061,0.563000,-0.002000,-0.832000,-2.076000,-2.275000,-0.611000,26.46
4.292300,0.546000,-0.012000,-0.819000,-0.977000,3.420000,-0.305000,26.46
4.299371,0.546000,-0.006000,-0.830000,-0.794000,5.496000,-0.107000,26.51
4.311672,0.549000,-0.014000,-0.833000,-1.160000,8.076000,0.321000,26.37
4.318890,0.548000,-0.015000,-0.835000,-1.771000,10.321000,0.305000,26.46
4.330734,0.526000,-0.008000,-0.826000,-3.191000,12.336000,0.718000,26.51
4.337907,0.548000,-0.005000,-0.827000,-4.244000,15.634000,0.519000,26.46
4.350717,0.533000,0.004000,-0.830000,-4.733000,20.275000,1.679000,26.55
4.357579,0.539000,0.006000,-0.835000,-6.290000,26.046000,2.015000,26.51
4.369972,0.515000,0.009000,-0.845000,-8.275000,33.267000,2.519000,26.55
4.382251,0.532000,-0.007000,-0.849000,-10.046000,37.679000,3.221000,26.41
4.389217,0.550000,-0.028000,-0.842000,-13.053000,41.786000,1.954000,26.51
4.401532,0.547000,0.011000,-0.855000,-11.053000,42.504000,1.511000,26.55
4.408608,0.608000,0.026000,-0.817000,-10.504000,39.420000,2.412000,26.51
4.420673,0.617000,-0.077000,-0.796000,-16.031000,41.725000,1.939000,26.51
4.427829,0.621000,0.092000,-0.828000,-13.466000,43.511000,6.702000,26.46
4.440090,0.610000,-0.071000,-0.826000,-7.298000,39.634000,7.466000,26.60
4.451966,0.562000,-0.017000,-0.818000,-16.458000,42.885000,13.359000,26.51
4.459177,0.569000,0.101000,-0.854000,-19.069000,44.168000,19.405000,26.46
4.471435,0.571000,0.125000,-0.853000,-17.695000,45.038000,24.687000,26.55
4.478146,0.523000,0.193000,-0.902000,-14.931000,43.557000,26.336000,26.51
4.490726,0.383000,0.331000,-1.011000,-4.885000,36.015000,22.809000,26.46
4.497731,0.205000,0.317000,-1.088000,3.908000,26.641000,14.580000,26.46
4.510154,0.014000,0.341000,-1.121000,4.534000,17.664000,3.053000,26.51
4.515767,-0.120000,0.366000,-1.238000,2.794000,4.351000,-7.893000,26.46
4.529445,-0.172000,0.326000,-1.270000,-0.046000,-14.855000,-18.244000,26.46
4.541469,-0.135000,0.273000,-1.256000,-0.321000,-34.076000,-25.130000,26.51
4.548291,0.067000,0.157000,-1.275000,-0.840000,-49.557000,-27.664000,26.46
4.560684,0.230000,0.230000,-1.172000,4.366000,-60.580000,-25.466000,26.55
4.567757,0.284000,0.205000,-1.103000,6.550000,-65.313000,-22.702000,26.41
4.579759,0.459000,0.148000,-1.021000,-1.252000,-56.718000,-21.985000,26.37
4.591649,0.599000,0.128000,-0.851000,-1.817000,-56.855000,-19.221000,26.46
4.598559,0.708000,0.021000,-0.732000,-2.229000,-49.511000,-12.656000,26.51
4.610868,1.061000,-0.189000,-0.311000,3.145000,-24.214000,-8.580000,26.37
4.618465,1.426000,-0.461000,-0.295000,3.450000,-3.756000,-6.473000,26.46
4.630155,1.126000,-0.410000,-0.432000,-2.763000,1.695000,-3.053000,26.51
4.636001,0.736000,-0.251000,-0.653000,-9.008000,5.298000,4.916000,26.55
4.649537,0.463000,-0.093000,-0.856000,-13.420000,4.229000,11.939000,26.41
4.661513,0.373000,-0.011000,-0.953000,-15.160000,-1.527000,13.802000,26.51
4.668684,0.380000,0.015000,-0.926000,-10.931000,-7.420000,10.229000,26.55
4.680792,0.483000,-0.019000,-0.846000,-5.084000,-4.092000,3.832000,26.51
4.687976,0.656000,-0.096000,-0.716000,1.313000,-1.038000,-3.618000,26.51
4.700346,0.809000,-0.155000,-0.615000,8.733000,-1.847000,-10.000000,26.55
4.712315,0.905000,-0.191000,-0.567000,11.298000,5.496000,-14.366000,26.51
4.719550,0.892000,-0.157000,-0.581000,15.252000,2.977000,-16.718000,26.51
4.731751,0.808000,-0.077000,-0.628000,16.092000,5.634000,-17.954000,26.46
4.738478,0.690000,-0.031000,-0.712000,16.992000,5.130000,-19.954000,26.60
4.750599,0.645000,-0.035000,-0.748000,15.985000,5.481000,-20.366000,26.51
4.757642,0.621000,-0.019000,-0.760000,14.489000,6.061000,-19.740000,26.51
4.769675,0.602000,-0.013000,-0.762000,11.573000,7.969000,-17.893000,26.51
4.781881,0.582000,-0.002000,-0.792000,10.855000,7.710000,-16.031000,26.46
4.788958,0.556000,-0.001000,-0.811000,8.656000,8.565000,-13.817000,26.55
4.801341,0.547000,-0.018000,-0.831000,6.519000,8.015000,-11.435000,26.41
4.808415,0.563000,-0.035000,-0.814000,2.840000,12.611000,-7.908000,26.55
4.820691,0.606000,-0.039000,-0.848000,-1.466000,14.290000,-3.878000,26.51
4.828231,0.597000,-0.002000,-0.865000,-6.687000,20.183000,-0.550000,26.51
4.840112,0.448000,0.109000,-0.916000,-7.725000,21.221000,2.611000,26.46
4.852348,0.315000,0.169000,-0.980000,-7.664000,20.137000,3.053000,26.55
4.859724,0.233000,0.180000,-1.031000,-6.885000,16.336000,1.008000,26.51
4.871733,0.187000,0.188000,-1.059000,-5.481000,10.122000,-1.954000,26.46
4.878886,0.174000,0.160000,-1.073000,-4.809000,3.939000,-3.802000,26.51
4.891469,0.176000,0.133000,-1.098000,-5.053000,-1.832000,-3.985000,26.41
4.898465,0.175000,0.163000,-1.103000,-4.382000,-7.954000,-3.771000,26.46
4.910889,0.197000,0.172000,-1.119000,-4.458000,-9.863000,-4.092000,26.55
4.917681,0.227000,0.185000,-1.109000,-7.405000,-10.321000,-6.885000,26.60
4.929842,0.255000,0.194000,-1.071000,-5.786000,-13.725000,-9.786000,26.55
4.942241,0.296000,0.188000,-1.021000,-7.008000,-11.710000,-13.023000,26.41
4.948914,0.322000,0.129000,-0.997000,-8.382000,-11.481000,-15.160000,26.41
4.961049,0.344000,0.063000,-0.963000,-7.115000,-14.015000,-15.115000,26.55
4.968103,0.414000,-0.022000,-0.931000,-4.168000,-7.221000,-12.412000,26.51
4.979931,0.416000,-0.096000,-0.891000,-15.466000,14.015000,-10.885000,26.51
4.992306,0.516000,-0.127000,-0.869000,-2.748000,-7.313000,-2.656000,26.46
4.999428,0.624000,-0.150000,-0.744000,-3.679000,-14.992000,4.565000,26.51
5.011415,0.790000,-0.201000,-0.658000,-13.023000,0.061000,8.733000,26.51
5.018213,0.938000,-0.229000,-0.591000,-12.611000,-11.893000,12.046000,26.55
5.030479,1.038000,-0.221000,-0.525000,-22.748000,-11.389000,9.450000,26.51
5.036041,1.266000,-0.256000,-0.406000,-30.061000,-9.771000,8.702000,26.51
5.049544,1.392000,-0.241000,-0.218000,-28.672000,-17.679000,6.916000,26.55
5.061514,1.425000,-0.181000,0.086000,-16.107000,-14.550000,6.229000,26.51
5.069017,1.670000,-0.288000,0.439000,2.473000,2.000000,9.802000,26.51
5.081193,2.117000,-0.494000,0.730000,12.855000,26.458000,17.176000,26.55
5.088513,2.752000,-0.499000,0.738000,9.313000,24.840000,23.511000,26.41
5.100579,1.874000,0.031000,-0.600000,10.962000,-21.618000,-14.122000,26.46
5.112281,-0.100000,-0.028000,-0.747000,27.160000,-63.511000,-14.076000,26.46
5.119751,0.376000,0.254000,-1.096000,6.473000,-64.626000,6.748000,26.41
5.131936,0.359000,0.201000,-0.978000,17.313000,-21.588000,10.458000,26.46
5.138719,0.203000,-0.368000,-1.182000,13.435000,-14.046000,-1.359000,26.46
5.151184,0.314000,-0.305000,-1.037000,-10.336000,10.977000,-1.802000,26.60
5.157984,0.730000,0.115000,-0.813000,-13.282000,0.840000,-9.573000,26.46
5.170195,0.596000,-0.037000,-0.810000,-11.847000,5.405000,-7.206000,26.46
5.182462,0.557000,-0.070000,-0.847000,-9.878000,-5.405000,-7.802000,26.41
5.189176,0.632000,-0.009000,-0.829000,-16.550000,5.542000,-9.130000,26.55
5.201715,0.601000,0.018000,-0.836000,-15.374000,5.878000,-8.458000,26.55
5.208578,0.491000,0.031000,-0.881000,-12.153000,15.695000,-8.107000,26.51
5.221332,0.550000,0.012000,-0.854000,-11.618000,4.260000,-6.748000,26.46
5.228011,0.572000,-0.009000,-0.850000,-10.137000,-7.832000,-5.939000,26.46
5.239983,0.546000,0.020000,-0.842000,-8.672000,-8.076000,-5.908000,26.51
5.252174,0.543000,0.058000,-0.840000,-8.534000,-3.267000,-4.702000,26.55
5.259278,0.532000,0.046000,-0.818000,-4.519000,-3.344000,-4.351000,26.46
5.271522,0.533000,0.045000,-0.836000,-2.641000,-3.817000,-3.863000,26.41
5.278463,0.583000,0.032000,-0.827000,-1.924000,-7.389000,-3.756000,26.46
5.290722,0.507000,0.017000,-0.869000,-10.321000,26.183000,-3.710000,26.51
5.297647,0.515000,0.037000,-0.820000,-4.489000,7.313000,-4.092000,26.51
5.310227,0.490000,0.057000,-0.806000,0.733000,6.794000,-2.656000,26.55
5.317455,0.480000,0.044000,-0.822000,2.351000,8.656000,-0.947000,26.51
5.329943,0.507000,0.015000,-0.804000,3.878000,5.954000,0.519000,26.41
5.337221,0.439000,0.051000,-0.794000,7.511000,9.405000,1.939000,26.55
5.349707,0.474000,0.089000,-0.809000,12.000000,8.183000,4.611000,26.51
5.362114,0.587000,0.030000,-0.826000,9.237000,11.527000,5.084000,26.60
5.369428,0.535000,0.018000,-0.791000,8.366000,9.023000,4.519000,26.55
5.382393,0.547000,0.057000,-0.798000,6.458000,9.908000,4.473000,26.41
5.389438,0.518000,0.059000,-0.796000,6.901000,8.794000,4.794000,26.51
5.401981,0.512000,-0.007000,-0.816000,0.962000,9.435000,4.534000,26.37
5.409248,0.504000,0.034000,-0.844000,0.962000,8.137000,4.748000,26.51
5.421686,0.548000,-0.024000,-0.798000,1.679000,2.122000,3.939000,26.51
5.428727,0.541000,-0.044000,-0.796000,0.229000,0.779000,1.634000,26.46
5.441237,0.538000,0.034000,-0.815000,-0.550000,13.634000,-2.550000,26.51
5.448209,0.536000,0.021000,-0.842000,-7.511000,34.412000,-3.908000,26.41
5.460556,0.544000,0.011000,-0.821000,-3.649000,23.710000,-3.863000,26.55
5.467728,0.502000,0.048000,-0.857000,-4.137000,26.275000,-2.992000,26.51
5.479778,0.479000,0.030000,-0.871000,-4.061000,28.855000,-0.992000,26.51
5.492430,0.623000,0.009000,-0.854000,-1.252000,21.466000,-2.443000,26.46
5.499150,0.539000,-0.034000,-0.903000,-0.153000,20.275000,-3.466000,26.51
5.511634,0.519000,-0.003000,-0.907000,-2.198000,46.489000,-3.130000,26.51
5.518696,0.566000,0.033000,-0.941000,3.374000,46.366000,-0.840000,26.37
5.531107,0.525000,0.048000,-0.949000,7.924000,61.893000,0.275000,26.51
5.538198,0.303000,0.158000,-1.087000,15.344000,74.076000,8.244000,26.51
5.550991,0.571000,-0.009000,-1.007000,22.916000,83.878000,17.588000,26.55
5.557489,0.548000,-0.047000,-1.015000,37.695000,80.122000,20.855000,26.51
5.569767,0.455000,0.018000,-1.091000,55.893000,75.160000,23.023000,26.51
5.582040,0.468000,-0.099000,-1.266000,67.939000,85.725000,23.847000,26.46
5.588939,0.496000,-0.085000,-1.032000,80.824000,86.198000,14.947000,26.51
5.601209,0.405000,-0.084000,-1.081000,94.977000,93.069000,9.481000,26.41
5.608240,0.313000,0.066000,-1.200000,60.809000,324.641000,9.267000,26.46
5.620387,0.600000,0.106000,-1.368000,70.397000,355.893000,12.168000,26.51
5.627520,0.422000,0.110000,-1.205000,94.000000,470.733000,24.000000,26.60
5.639449,1.026000,-0.128000,-2.377000,187.542000,228.779000,30.412000,26.46
5.651364,0.964000,-0.162000,-1.875000,133.710000,423.878000,37.221000,26.51
5.658550,1.258000,-0.545000,-1.576000,58.840000,459.389000,27.954000,26.51
5.670638,1.120000,-0.041000,-1.455000,52.931000,412.489000,25.618000,26.55
5.677431,1.307000,0.507000,-1.020000,87.267000,384.290000,45.603000,26.51
5.689710,1.753000,0.572000,-1.490000,122.855000,382.412000,66.916000,26.46
5.701545,1.823000,0.473000,-1.554000,162.397000,259.511000,68.382000,26.55
5.708779,1.217000,0.203000,-1.644000,158.977000,183.786000,60.351000,26.51
5.720666,-0.053000,0.146000,-1.946000,111.481000,89.847000,50.061000,26.46
5.727864,0.878000,-0.029000,-2.084000,23.511000,128.779000,28.611000,26.51
5.739753,0.086000,0.396000,-1.893000,-12.397000,-13.542000,19.740000,26.51
5.751895,-0.270000,0.654000,-1.239000,-11.649000,-34.870000,17.634000,26.55
5.758671,-0.333000,0.524000,-0.971000,19.328000,-74.916000,23.924000,26.51
5.771027,-0.260000,0.438000,-0.879000,14.580000,-55.649000,21.725000,26.51
5.777698,-0.137000,0.331000,-0.865000,6.412000,-71.191000,16.122000,26.55
5.789892,-0.016000,0.294000,-0.886000,-11.466000,-85.786000,7.405000,26.51
5.801950,0.089000,0.322000,-0.874000,-27.206000,-107.863000,-1.557000,26.51
5.808782,0.145000,0.333000,-0.867000,-35.771000,-129.420000,-9.252000,26.46
5.820738,0.260000,0.310000,-0.880000,-42.382000,-147.771000,-16.626000,26.51
5.827423,0.386000,0.266000,-0.915000,-48.763000,-169.695000,-22.550000,26.51
5.839417,0.496000,0.198000,-0.954000,-56.000000,-196.229000,-28.198000,26.46
5.851564,0.569000,0.137000,-0.953000,-66.840000,-220.748000,-32.733000,26.51
5.858362,0.531000,0.091000,-0.899000,-80.458000,-238.397000,-36.733000,26.46
5.870245,0.540000,0.038000,-0.859000,-94.870000,-239.573000,-39.023000,26.46
5.881980,0.525000,-0.002000,-0.805000,-104.534000,-243.374000,-40.214000,26.51
5.888436,0.594000,-0.042000,-0.838000,-109.130000,-247.542000,-40.153000,26.55
5.900127,0.689000,-0.063000,-0.877000,-114.092000,-251.176000,-39.664000,26.46
5.912057,0.796000,-0.086000,-0.945000,-117.557000,-257.069000,-38.321000,26.51
5.918673,0.908000,-0.119000,-1.037000,-121.939000,-262.626000,-38.382000,26.55
5.930461,1.011000,-0.146000,-1.122000,-125.542000,-269.908000,-40.611000,26.46
5.942209,1.105000,-0.195000,-1.181000,-128.885000,-277.679000,-43.573000,26.51
5.948717,1.160000,-0.198000,-1.215000,-130.382000,-283.191000,-46.504000,26.55
5.960747,1.258000,-0.185000,-1.258000,-129.511000,-286.153000,-49.450000,26.46
5.972428,1.377000,-0.173000,-1.273000,-127.221000,-288.672000,-54.229000,26.51
5.979120,1.502000,-0.122000,-1.249000,-123.435000,-290.031000,-61.450000,26.46
5.990739,1.627000,-0.058000,-1.196000,-115.679000,-289.664000,-71.298000,26.46
5.996589,1.721000,-0.028000,-1.101000,-103.008000,-286.565000,-84.779000,26.51
6.009278,1.802000,-0.076000,-0.987000,-87.740000,-279.924000,-99.939000,26.55
6.020778,1.920000,-0.197000,-0.852000,-74.366000,-270.641000,-115.191000,26.46
6.027483,2.037000,-0.337000,-0.683000,-61.344000,-257.191000,-127.557000,26.51
6.039411,2.160000,-0.458000,-0.427000,-45.298000,-240.092000,-133.527000,26.46
6.051104,2.232000,-0.520000,-0.138000,-25.023000,-216.305000,-132.305000,26.55
6.058154,2.300000,-0.570000,0.108000,-8.198000,-188.153000,-122.458000,26.41
6.070026,2.319000,-0.678000,0.348000,-2.412000,-160.061000,-102.046000,26.46
6.081955,2.207000,-0.813000,0.592000,-14.046000,-129.756000,-76.397000,26.55
6.088751,2.142000,-0.970000,0.820000,-32.305000,-59.939000,-45.313000,26.41
6.100929,2.049000,-0.962000,1.295000,-14.931000,-1.206000,-8.733000,26.55
6.108207,2.109000,-0.878000,1.346000,17.847000,57.847000,21.237000,26.41
6.120410,2.243000,-0.686000,1.360000,51.282000,123.282000,45.817000,26.51
6.132354,1.760000,-0.546000,1.467000,109.389000,171.924000,68.565000,26.46
6.139250,0.487000,0.388000,-1.430000,106.855000,186.244000,30.702000,26.41
6.151497,0.834000,0.509000,-2.406000,82.336000,192.702000,19.695000,26.51
6.158556,0.643000,-0.225000,-0.834000,81.954000,193.328000,30.702000,26.46
6.170533,1.479000,-0.393000,-1.348000,88.351000,188.336000,31.053000,26.51
6.182566,1.789000,-0.349000,-1.559000,53.939000,175.008000,21.328000,26.51
6.189560,1.022000,0.097000,-1.045000,27.954000,194.092000,7.313000,26.46
6.201810,1.490000,0.274000,-1.183000,8.870000,191.802000,6.840000,26.51
6.208620,1.101000,-0.226000,-0.929000,43.267000,120.260000,20.351000,26.51
6.220903,1.039000,-0.209000,-1.156000,36.550000,106.137000,20.977000,26.46
6.227936,0.875000,-0.228000,-0.965000,31.511000,74.885000,19.924000,26.51
6.240164,0.708000,-0.186000,-0.976000,26.763000,50.641000,15.924000,26.37
6.252311,0.742000,-0.152000,-0.989000,10.580000,50.550000,8.947000,26.55
6.259626,0.527000,-0.155000,-1.023000,-16.641000,85.069000,2.275000,26.41
6.271615,0.646000,-0.047000,-0.891000,7.863000,13.802000,1.786000,26.55
6.278684,0.599000,0.092000,-0.919000,-13.511000,41.542000,-1.038000,26.51
6.290799,0.575000,0.072000,-0.851000,-11.053000,32.748000,1.176000,26.51
6.297837,0.563000,0.048000,-0.820000,-12.031000,36.046000,0.672000,26.46
6.310228,0.612000,0.062000,-0.814000,-9.740000,34.000000,2.122000,26.46
6.317579,0.644000,0.039000,-0.780000,-1.802000,12.809000,5.069000,26.51
6.329781,0.600000,0.035000,-0.803000,-5.863000,33.908000,5.450000,26.55
6.342363,0.563000,-0.018000,-0.897000,2.305000,4.687000,5.511000,26.51
6.349393,0.602000,-0.001000,-0.817000,-2.947000,23.924000,4.153000,26.41
6.361718,0.545000,0.025000,-0.819000,-4.718000,31.221000,3.740000,26.55
6.368996,0.563000,0.007000,-0.825000,3.725000,-1.176000,1.863000,26.46
6.381411,0.555000,0.019000,-0.815000,-0.840000,13.191000,1.481000,26.51
6.388374,0.572000,0.018000,-0.793000,-5.725000,18.931000,1.588000,26.46
6.400852,0.543000,0.035000,-0.837000,-2.702000,14.931000,1.756000,26.51
6.408087,0.560000,-0.008000,-0.817000,-6.534000,24.382000,1.206000,26.41
6.420160,0.593000,-0.008000,-0.799000,-6.947000,21.802000,-0.076000,26.55
6.432412,0.612000,0.009000,-0.764000,-3.725000,13.221000,-1.725000,26.41
6.439634,0.579000,0.037000,-0.780000,-8.718000,23.069000,-1.160000,26.51
6.451803,0.597000,0.030000,-0.769000,-7.664000,21.359000,-0.519000,26.46
6.459031,0.590000,0.047000,-0.763000,-5.115000,17.756000,0.641000,26.51
6.471294,0.524000,0.063000,-0.824000,-5.176000,24.107000,0.947000,26.51
6.478362,0.542000,0.023000,-0.790000,-3.221000,26.443000,1.221000,26.55
6.490795,0.476000,-0.027000,-0.843000,-4.214000,26.229000,-0.885000,26.46
6.497810,0.627000,0.026000,-0.748000,-2.351000,26.916000,-2.824000,26.41
6.509828,0.587000,-0.023000,-0.815000,-6.275000,35.939000,-4.718000,26.46
6.522119,0.601000,0.025000,-0.788000,-5.664000,33.008000,-4.931000,26.51
6.529123,0.591000,0.048000,-0.801000,-5.679000,35.679000,-3.466000,26.51
6.541690,0.519000,0.070000,-0.879000,-5.313000,45.939000,-0.382000,26.46
6.548716,0.561000,-0.004000,-0.877000,-0.260000,64.244000,2.565000,26.46
6.561238,0.548000,0.062000,-0.906000,1.344000,68.992000,4.534000,26.41
6.568090,0.584000,0.030000,-0.918000,6.015000,75.511000,6.809000,26.46
6.580607,0.605000,0.046000,-0.927000,13.588000,90.702000,9.145000,26.41
6.587750,0.582000,0.038000,-0.941000,8.748000,112.580000,11.344000,26.51
6.599965,0.577000,-0.008000,-0.995000,12.412000,136.824000,13.939000,26.46
6.611891,0.490000,-0.018000,-0.987000,20.015000,153.496000,17.939000,26.55
6.618885,0.611000,-0.028000,-0.973000,25.649000,176.779000,16.153000,26.51
6.630786,0.568000,-0.009000,-0.964000,30.489000,208.183000,15.939000,26.46
6.638201,0.553000,0.052000,-1.028000,43.099000,242.153000,16.656000,26.51
6.650209,0.626000,0.128000,-1.081000,52.061000,270.550000,18.656000,26.41
6.662220,0.683000,0.212000,-1.289000,77.115000,275.298000,25.328000,26.55
6.669617,0.455000,0.209000,-1.313000,86.611000,385.664000,31.481000,26.46
6.681641,0.552000,0.067000,-1.136000,31.389000,400.870000,39.725000,26.51
6.688627,0.970000,-0.084000,-1.466000,98.336000,447.496000,41.328000,26.46
6.700985,1.912000,-0.518000,-1.878000,65.679000,352.855000,32.901000,26.41
6.707626,1.905000,-0.405000,-1.744000,43.649000,319.695000,26.794000,26.51
6.719862,1.565000,-0.032000,-1.007000,38.595000,373.939000,6.672000,26.55
6.731733,1.844000,-0.043000,-1.437000,-27.893000,409.298000,27.115000,26.51
6.738788,1.628000,0.698000,-1.487000,27.985000,276.198000,37.786000,26.51
6.753141,1.752000,0.281000,-1.286000,63.420000,197.420000,71.969000,26.46
6.757847,0.347000,0.237000,-0.996000,87.786000,129.527000,58.122000,26.32
6.769777,1.610000,-0.725000,-2.069000,-3.878000,172.855000,75.008000,26.51
6.781987,0.841000,-0.127000,-2.466000,-98.733000,5.939000,67.954000,26.55
6.788745,-0.172000,0.429000,-1.185000,-97.710000,-70.107000,78.137000,26.51
6.800830,-0.381000,0.500000,-0.865000,-79.252000,-105.847000,82.214000,26.46
6.807635,-0.414000,0.455000,-0.664000,-50.046000,-118.198000,84.336000,26.46
6.819584,-0.424000,0.424000,-0.583000,-36.779000,-119.542000,76.366000,26.51
6.831436,-0.300000,0.361000,-0.589000,-39.511000,-112.458000,61.542000,26.55
6.838403,-0.094000,0.310000,-0.671000,-48.504000,-121.130000,41.420000,26.46
6.850387,0.037000,0.366000,-0.716000,-52.366000,-137.298000,22.183000,26.41
6.855999,0.191000,0.406000,-0.803000,-50.504000,-160.214000,3.893000,26.55
6.869557,0.363000,0.385000,-0.903000,-50.702000,-184.229000,-14.031000,26.46
6.881315,0.522000,0.309000,-0.960000,-56.168000,-218.260000,-31.084000,26.51
6.887851,0.616000,0.245000,-0.977000,-62.672000,-256.519000,-45.863000,26.46
6.899891,0.579000,0.199000,-0.946000,-78.885000,-265.237000,-58.870000,26.46
6.911702,0.663000,0.149000,-0.920000,-77.771000,-309.130000,-63.389000,26.41
6.918603,0.732000,0.102000,-0.992000,-91.221000,-299.176000,-63.664000,26.37
6.930287,0.847000,0.022000,-0.997000,-102.565000,-289.679000,-57.282000,26.55
6.942288,0.952000,-0.054000,-1.029000,-113.863000,-303.618000,-50.718000,26.51
6.948797,1.001000,-0.088000,-1.069000,-122.382000,-310.962000,-43.420000,26.55
6.960655,1.098000,-0.099000,-1.100000,-129.344000,-314.427000,-39.084000,26.41
6.972299,1.223000,-0.078000,-1.145000,-132.870000,-314.336000,-39.740000,26.51
6.978889,1.386000,-0.017000,-1.200000,-130.992000,-314.198000,-50.366000,26.46
6.991060,1.542000,0.041000,-1.240000,-120.992000,-317.466000,-72.870000,26.51
6.997505,1.716000,0.084000,-1.253000,-101.084000,-318.458000,-103.145000,26.60
7.009466,1.899000,0.080000,-1.172000,-71.237000,-321.298000,-136.168000,26.46
7.021002,2.121000,-0.035000,-1.056000,-36.718000,-316.412000,-163.542000,26.51
7.027637,2.341000,-0.229000,-0.906000,-6.489000,-308.962000,-179.695000,26.51
7.039466,2.534000,-0.461000,-0.668000,16.550000,-298.901000,-180.687000,26.46
7.051574,2.578000,-0.646000,-0.365000,28.947000,-282.412000,-170.733000,26.41
7.058011,2.573000,-0.840000,-0.070000,29.863000,-260.244000,-149.267000,26.41
7.069930,2.492000,-0.893000,0.271000,19.405000,-224.412000,-120.305000,26.55
7.082248,2.318000,-0.802000,0.543000,8.534000,-180.473000,-85.313000,26.51
7.088847,2.165000,-0.802000,0.803000,-4.397000,-130.183000,-48.534000,26.51
7.100998,2.032000,-0.755000,0.814000,-19.969000,-83.176000,-19.649000,26.37
7.108038,2.064000,-0.594000,1.285000,-23.817000,-19.985000,4.382000,26.41
7.120136,2.252000,-0.659000,1.396000,1.802000,44.260000,18.794000,26.55
7.127150,2.189000,-0.623000,1.520000,40.580000,99.786000,26.046000,26.51
7.139435,-0.081000,-0.191000,0.657000,117.420000,106.046000,34.321000,26.60
7.151579,0.698000,0.124000,-2.339000,74.519000,118.351000,34.107000,26.46
7.158514,0.333000,0.469000,-1.672000,15.725000,114.122000,39.084000,26.46
7.170698,-0.012000,0.245000,-0.457000,39.527000,154.122000,47.756000,26.41
7.177748,1.145000,0.189000,-1.147000,40.458000,136.076000,15.237000,26.37
7.189955,1.845000,0.076000,-1.494000,35.023000,114.565000,12.061000,26.41
7.201839,1.122000,-0.342000,-0.988000,27.237000,125.344000,12.214000,26.51
7.209227,1.675000,0.252000,-1.617000,30.870000,140.397000,21.664000,26.46
7.221244,1.115000,-0.176000,-0.979000,43.008000,85.481000,16.992000,26.51
7.228123,0.576000,-0.222000,-1.134000,28.809000,86.840000,12.412000,26.60
7.240411,0.558000,-0.249000,-0.966000,0.015000,92.275000,6.366000,26.46
7.247421,0.846000,-0.154000,-0.955000,-9.389000,76.031000,0.870000,26.41
7.259662,0.886000,-0.161000,-0.901000,-14.092000,29.450000,5.405000,26.51
7.272128,0.565000,0.112000,-0.892000,-5.359000,11.511000,5.511000,26.46
7.279197,0.558000,0.008000,-0.821000,-10.443000,23.679000,7.084000,26.51
7.291500,0.573000,-0.043000,-0.851000,-5.252000,31.069000,6.992000,26.51
7.298511,0.555000,-0.092000,-0.845000,-6.840000,22.107000,2.122000,26.46
7.310670,0.544000,-0.037000,-0.884000,-3.771000,12.244000,-0.733000,26.41
7.317738,0.516000,-0.031000,-0.867000,-9.420000,31.496000,-4.656000,26.51
7.329887,0.466000,-0.004000,-0.910000,-4.672000,14.137000,-5.084000,26.46
7.342191,0.498000,-0.008000,-0.857000,-8.779000,29.099000,-5.695000,26.41
7.349286,0.521000,0.006000,-0.834000,-8.809000,20.443000,-6.397000,26.46
7.361525,0.534000,-0.012000,-0.884000,-7.969000,17.771000,-5.511000,26.37
7.368786,0.537000,0.003000,-0.853000,-5.771000,13.267000,-4.718000,26.51
7.380835,0.569000,0.025000,-0.825000,-4.748000,11.863000,-3.908000,26.46
7.388185,0.551000,0.026000,-0.826000,-3.221000,7.771000,-2.427000,26.46
7.400342,0.542000,0.015000,-0.827000,-2.626000,5.588000,-1.832000,26.41
7.407882,0.534000,0.027000,-0.827000,-1.756000,3.740000,-1.267000,26.46
7.419902,0.528000,0.021000,-0.824000,-1.069000,2.260000,-0.855000,26.46
7.432356,0.535000,0.003000,-0.821000,-0.550000,1.878000,-1.176000,26.51
7.439360,0.541000,0.026000,-0.825000,-0.687000,2.092000,-1.206000,26.46
7.451835,0.536000,0.020000,-0.821000,0.397000,0.305000,-0.534000,26.46
7.459081,0.535000,0.024000,-0.820000,1.130000,-6.489000,-0.015000,26.51
7.471669,0.530000,0.030000,-0.834000,1.588000,-4.595000,0.931000,26.46
7.478677,0.541000,0.027000,-0.824000,1.588000,-7.023000,1.053000,26.46
7.491097,0.544000,0.025000,-0.825000,2.321000,-9.557000,2.061000,26.41
7.498446,0.513000,0.026000,-0.837000,2.962000,-10.229000,2.916000,26.46
7.511129,0.511000,0.012000,-0.839000,2.626000,-10.672000,2.992000,26.55
7.518061,0.522000,0.000000,-0.846000,1.344000,-6.779000,2.244000,26.51
7.530586,0.517000,-0.002000,-0.847000,1.130000,-5.832000,1.740000,26.37
7.537818,0.507000,-0.005000,-0.849000,1.008000,-3.389000,1.267000,26.55
7.550059,0.515000,-0.012000,-0.849000,0.824000,-1.954000,0.824000,26.51
7.562202,0.489000,0.025000,-0.838000,0.168000,0.031000,0.550000,26.46
7.569646,0.485000,0.017000,-0.851000,-0.595000,4.473000,1.099000,26.41
7.582455,0.490000,0.003000,-0.859000,-0.824000,6.901000,1.008000,26.51
7.589142,0.481000,0.021000,-0.841000,-1.618000,7.206000,0.733000,26.55
7.601691,0.495000,0.016000,-0.839000,-1.649000,9.481000,0.931000,26.60
7.609130,0.507000,0.005000,-0.839000,-2.962000,13.878000,1.069000,26.60
7.621103,0.491000,0.040000,-0.854000,-3.328000,16.656000,1.282000,26.46
7.628674,0.514000,0.036000,-0.844000,-4.870000,22.198000,2.000000,26.51
7.640637,0.536000,0.013000,-0.854000,-5.542000,23.527000,2.107000,26.51
7.647903,0.545000,0.030000,-0.819000,-3.863000,21.145000,2.015000,26.46
7.660276,0.553000,0.023000,-0.802000,-0.901000,14.779000,1.847000,26.41
7.667620,0.517000,0.009000,-0.815000,0.046000,14.336000,2.092000,26.41
7.679745,0.496000,-0.022000,-0.842000,-3.725000,21.023000,1.618000,26.46
7.692638,0.500000,-0.033000,-0.862000,-5.679000,23.695000,1.405000,26.51
7.705323,0.539000,-0.022000,-0.849000,-6.519000,22.153000,0.824000,26.41
7.711200,0.523000,-0.004000,-0.840000,-6.718000,21.817000,-0.321000,26.37
7.718176,0.516000,0.002000,-0.813000,-2.641000,10.260000,0.031000,26.41
7.730439,0.526000,0.015000,-0.833000,-6.519000,19.542000,-0.122000,26.41
7.737645,0.521000,0.011000,-0.846000,-6.015000,19.588000,-0.275000,26.46
7.749703,0.544000,-0.005000,-0.835000,-5.969000,19.420000,-1.252000,26.51
7.762182,0.576000,0.024000,-0.808000,-6.107000,17.786000,-1.511000,26.51
7.769354,0.597000,0.043000,-0.782000,-4.763000,15.924000,-0.855000,26.46
7.781414,0.586000,0.036000,-0.781000,-4.565000,17.160000,-0.473000,26.41
7.788565,0.569000,0.038000,-0.790000,-3.374000,14.763000,0.260000,26.41
7.801094,0.563000,0.011000,-0.802000,-2.458000,12.962000,0.626000,26.37
7.808228,0.563000,0.007000,-0.801000,-2.702000,11.435000,0.336000,26.41
7.820492,0.582000,-0.006000,-0.796000,-2.931000,9.038000,0.305000,26.51
7.827806,0.574000,-0.001000,-0.796000,-3.267000,6.122000,-0.031000,26.46
7.839820,0.567000,-0.011000,-0.813000,-2.779000,6.061000,-0.718000,26.51
7.852293,0.560000,0.003000,-0.803000,-2.809000,-0.412000,-1.221000,26.51
7.859415,0.546000,0.007000,-0.831000,-3.008000,3.557000,-1.053000,26.55
7.872174,0.556000,0.015000,-0.816000,-3.252000,3.328000,-1.405000,26.41
7.878861,0.572000,0.020000,-0.781000,-3.527000,4.534000,-0.947000,26.46
7.891873,0.594000,0.023000,-0.774000,-2.947000,3.237000,-0.641000,26.46
7.898167,0.604000,0.023000,-0.772000,-2.595000,1.221000,-0.702000,26.51
7.910684,0.575000,0.018000,-0.791000,-2.519000,3.878000,-0.641000,26.46
7.917802,0.565000,0.010000,-0.806000,-3.023000,5.878000,-0.611000,26.51
7.930133,0.561000,0.030000,-0.821000,-3.023000,7.130000,-0.122000,26.51
7.937251,0.551000,0.014000,-0.818000,-2.931000,8.626000,0.122000,26.55
7.949696,0.555000,0.016000,-0.826000,-2.824000,10.198000,0.214000,26.46
7.961863,0.561000,-0.008000,-0.814000,-2.840000,11.496000,-0.107000,26.41
7.969213,0.571000,-0.002000,-0.798000,-3.130000,12.626000,-1.435000,26.46
7.981310,0.564000,0.004000,-0.811000,-3.740000,13.038000,-2.229000,26.51
7.988288,0.560000,0.013000,-0.798000,-2.626000,9.389000,-1.573000,26.41
8.000689,0.578000,0.011000,-0.798000,-3.221000,9.115000,-1.679000,26.46
8.007784,0.592000,0.015000,-0.775000,-2.550000,8.763000,-1.557000,26.46
8.020180,0.581000,0.029000,-0.795000,-2.443000,9.969000,-1.252000,26.51
8.027311,0.586000,0.012000,-0.795000,-0.687000,3.695000,-1.008000,26.46
8.039706,0.597000,0.016000,-0.782000,0.550000,-0.519000,-0.809000,26.41
8.052194,0.587000,0.025000,-0.789000,-0.489000,4.626000,-1.069000,26.51
8.059451,0.578000,0.015000,-0.800000,0.076000,4.687000,-0.794000,26.46
8.071866,0.582000,0.005000,-0.788000,0.534000,3.008000,-0.947000,26.46
8.079002,0.568000,0.016000,-0.785000,0.351000,2.931000,-1.252000,26.51
8.091597,0.558000,0.016000,-0.819000,0.000000,3.206000,-0.977000,26.46
8.098541,0.573000,0.012000,-0.812000,-0.733000,4.290000,-0.901000,26.51
8.111026,0.568000,0.008000,-0.806000,-0.855000,4.641000,-1.023000,26.51
8.118294,0.574000,0.002000,-0.803000,-1.130000,4.779000,-1.328000,26.46
8.136133,0.582000,0.005000,-0.801000,-1.206000,4.107000,-1.649000,26.46
8.139061,0.590000,0.003000,-0.795000,-1.481000,3.695000,-1.878000,26.41
8.151127,0.598000,0.003000,-0.777000,-1.252000,1.221000,-2.107000,26.55
8.163100,0.592000,0.017000,-0.778000,-0.947000,-1.221000,-1.588000,26.41
8.169213,0.585000,0.014000,-0.781000,-0.702000,-3.206000,-1.649000,26.51
8.181726,0.585000,0.019000,-0.778000,0.031000,-4.168000,-1.710000,26.46
8.188785,0.585000,0.025000,-0.780000,0.198000,-4.718000,-2.183000,26.46
8.201578,0.587000,0.006000,-0.797000,0.168000,-5.664000,-2.290000,26.60
8.208217,0.588000,0.006000,-0.786000,0.412000,-6.305000,-2.504000,26.46
8.220714,0.591000,-0.008000,-0.812000,0.061000,-9.420000,-2.901000,26.60
8.227750,0.574000,0.007000,-0.815000,-0.092000,-7.542000,-2.885000,26.51
8.239872,0.561000,0.011000,-0.831000,0.000000,-5.496000,-1.863000,26.46
8.245966,0.540000,0.026000,-0.820000,-0.641000,-3.344000,-0.809000,26.46
8.259592,0.552000,0.005000,-0.823000,-1.176000,-1.374000,-0.595000,26.41
8.271742,0.547000,0.005000,-0.815000,-0.947000,-0.061000,-1.053000,26.46
8.278728,0.545000,0.006000,-0.820000,-1.374000,0.626000,-1.191000,26.51
8.291240,0.559000,0.008000,-0.825000,-1.573000,1.817000,-1.435000,26.41
8.298223,0.549000,0.012000,-0.819000,-1.527000,1.344000,-1.878000,26.46
8.310667,0.542000,0.012000,-0.823000,-1.252000,1.466000,-2.000000,26.51
8.317922,0.555000,0.015000,-0.810000,-1.450000,0.534000,-1.893000,26.41
8.330340,0.562000,0.011000,-0.822000,-0.458000,-1.740000,-2.489000,26.46
8.337169,0.556000,0.016000,-0.815000,-1.115000,-0.321000,-2.260000,26.51
8.349568,0.557000,0.020000,-0.819000,-0.992000,-1.832000,-1.985000,26.51
8.363942,0.573000,0.018000,-0.807000,-1.710000,0.305000,-1.710000,26.46
8.368968,0.566000,0.004000,-0.788000,-1.176000,-2.473000,-2.672000,26.41
8.381319,0.574000,0.010000,-0.803000,-1.130000,-3.969000,-3.405000,26.60
8.389091,0.573000,0.007000,-0.789000,-0.687000,-6.321000,-4.260000,26.46
8.400460,0.565000,-0.020000,-0.801000,0.122000,-6.122000,-6.061000,26.51
8.407641,0.569000,-0.007000,-0.794000,-0.626000,-7.832000,-6.824000,26.51
8.419695,0.595000,0.001000,-0.787000,-1.130000,-12.427000,-7.237000,26.55
8.431951,0.588000,-0.020000,-0.800000,1.282000,-12.336000,-7.481000,26.51
8.439159,0.567000,0.006000,-0.791000,1.924000,-16.901000,-7.756000,26.51
8.451144,0.562000,0.021000,-0.793000,1.527000,-13.664000,-6.992000,26.37
8.458691,0.550000,0.015000,-0.794000,1.634000,-14.168000,-6.840000,26.51
8.470412,0.518000,-0.026000,-0.809000,-0.763000,-13.053000,-6.855000,26.51
8.477208,0.529000,-0.019000,-0.823000,-0.336000,-14.229000,-7.817000,26.46
8.489363,0.543000,-0.044000,-0.836000,-2.611000,-13.634000,-8.443000,26.51
8.501660,0.490000,0.017000,-0.871000,-5.099000,-9.878000,-8.626000,26.51
8.508776,0.514000,0.023000,-0.888000,-7.145000,-7.191000,-7.466000,26.37
8.521106,0.502000,0.034000,-0.871000,-6.489000,-3.740000,-6.580000,26.41
8.528301,0.520000,0.036000,-0.848000,-6.687000,-2.641000,-5.115000,26.41
8.540513,0.526000,0.039000,-0.846000,-5.679000,-4.840000,-4.687000,26.46
8.547514,0.590000,0.070000,-0.831000,4.763000,-13.511000,-2.840000,26.60
8.560156,0.545000,0.067000,-0.838000,3.374000,-11.328000,-2.351000,26.46
8.572370,0.894000,0.128000,-0.640000,7.664000,-53.023000,-0.779000,26.55
8.578953,0.511000,0.044000,-0.806000,14.122000,-30.519000,-1.771000,26.51
8.591520,0.524000,0.125000,-0.889000,-27.771000,12.519000,0.168000,26.37
8.598702,0.507000,0.042000,-0.844000,0.473000,5.237000,1.969000,26.46
8.610922,0.693000,0.061000,-0.727000,36.183000,-47.893000,2.656000,26.60
8.618258,0.392000,0.080000,-0.859000,-5.267000,10.015000,2.672000,26.46
8.630893,0.603000,0.071000,-0.913000,11.863000,-37.771000,5.069000,26.55
8.637589,0.503000,0.025000,-0.841000,5.679000,13.176000,4.198000,26.41
8.650610,0.489000,-0.000000,-0.800000,5.893000,10.351000,3.053000,26.46
8.657285,0.480000,0.037000,-0.833000,4.931000,5.023000,3.282000,26.55
8.669639,0.457000,0.034000,-0.858000,8.092000,7.481000,4.031000,26.51
8.675770,0.552000,0.000000,-0.845000,7.206000,8.214000,3.710000,26.46
8.689444,0.504000,0.009000,-0.832000,2.901000,14.870000,3.038000,26.51
8.701699,0.425000,0.050000,-1.000000,-15.679000,72.290000,-0.015000,26.41
8.708762,0.461000,-0.029000,-0.923000,-5.466000,34.076000,0.626000,26.46
8.721214,0.602000,0.013000,-0.832000,11.282000,35.710000,1.206000,26.41
8.728171,0.476000,-0.012000,-0.963000,-12.962000,96.809000,-1.908000,26.51
8.740713,0.516000,0.014000,-0.861000,-9.435000,72.748000,-2.611000,26.46
8.747246,0.514000,-0.059000,-0.964000,-33.878000,117.878000,-7.603000,26.51
8.759391,0.511000,-0.002000,-0.938000,-31.634000,126.672000,-10.427000,26.41
8.771184,0.487000,-0.043000,-0.921000,-26.412000,121.313000,-13.298000,26.46
8.778159,0.249000,0.134000,-1.237000,-12.244000,111.954000,-2.947000,26.51
8.789941,0.512000,-0.072000,-1.074000,15.603000,105.252000,-10.031000,26.51
8.802112,0.558000,0.099000,-1.149000,21.389000,140.794000,-8.137000,26.55
8.809209,0.640000,0.088000,-1.189000,43.832000,159.099000,-1.802000,26.51
8.821468,0.629000,0.019000,-1.118000,28.107000,226.519000,5.328000,26.51
8.828455,0.581000,0.078000,-1.110000,22.336000,264.733000,6.840000,26.46
8.840788,0.704000,0.122000,-1.091000,28.931000,277.344000,10.550000,26.51
8.847988,0.746000,0.008000,-1.016000,34.061000,274.534000,20.427000,26.51
8.860931,1.156000,-0.179000,-1.380000,6.504000,275.298000,25.817000,26.37
8.872128,0.845000,0.080000,-1.009000,-0.397000,244.748000,28.214000,26.51
8.879415,0.703000,0.134000,-1.023000,1.084000,230.901000,31.420000,26.46
8.891679,0.532000,0.447000,-1.600000,-6.397000,187.237000,20.458000,26.51
8.898666,-0.146000,0.527000,-1.909000,12.473000,95.756000,14.702000,26.51
8.910739,-0.561000,0.258000,-1.763000,15.099000,37.695000,23.985000,26.37
8.917623,-0.269000,0.094000,-1.746000,-8.061000,-17.130000,40.916000,26.46
8.929500,-0.434000,0.125000,-1.536000,-28.885000,-60.168000,57.924000,26.51
8.941869,-0.297000,0.195000,-1.400000,-33.481000,-89.053000,70.824000,26.46
8.948138,-0.093000,0.251000,-1.318000,-46.992000,-103.954000,74.702000,26.51
8.960497,0.106000,0.341000,-1.287000,-53.252000,-114.061000,68.275000,26.51
8.969618,0.217000,0.398000,-1.212000,-52.351000,-127.237000,53.695000,26.46
8.981233,0.285000,0.411000,-1.103000,-51.863000,-134.809000,34.687000,26.46
8.991349,0.352000,0.399000,-1.029000,-52.534000,-136.840000,14.015000,26.41
8.998081,0.410000,0.390000,-0.967000,-52.244000,-133.908000,-5.191000,26.46
9.010303,0.485000,0.386000,-0.937000,-49.756000,-126.870000,-19.359000,26.41
9.022079,0.579000,0.339000,-0.930000,-45.603000,-120.702000,-29.542000,26.41
9.029026,0.609000,0.302000,-0.914000,-41.237000,-115.206000,-37.160000,26.46
9.040845,0.702000,0.244000,-0.955000,-39.710000,-109.206000,-43.679000,26.55
9.047509,0.850000,0.150000,-0.980000,-50.763000,-57.664000,-61.359000,26.51
9.059464,0.921000,0.137000,-0.934000,-45.435000,-128.153000,-56.580000,26.46
9.071385,1.049000,0.114000,-1.070000,-45.695000,-124.351000,-62.550000,26.51
9.078187,1.129000,0.039000,-1.097000,-37.573000,-134.565000,-63.221000,26.51
9.089918,1.007000,-0.004000,-0.987000,-38.901000,-153.466000,-59.939000,26.55
9.101871,0.851000,-0.072000,-0.884000,-36.870000,-162.107000,-53.237000,26.65
9.108662,0.802000,-0.123000,-0.775000,-38.992000,-164.061000,-41.878000,26.51
9.120429,0.785000,-0.150000,-0.857000,-46.550000,-149.725000,-28.748000,26.55
9.126321,0.805000,-0.131000,-0.880000,-60.214000,-132.489000,-16.153000,26.41
9.139014,0.839000,-0.098000,-0.870000,-67.954000,-134.733000,-6.504000,26.51
9.151222,0.835000,-0.092000,-0.849000,-71.573000,-122.321000,0.137000,26.46
9.158078,0.844000,-0.087000,-0.713000,-75.084000,-124.992000,3.450000,26.55
9.169922,0.804000,-0.063000,-0.778000,-76.305000,-115.740000,5.924000,26.51
9.182039,0.750000,-0.054000,-0.782000,-72.489000,-110.015000,5.725000,26.46
9.189028,0.742000,-0.043000,-0.813000,-67.878000,-101.725000,4.198000,26.51
9.201082,0.814000,-0.087000,-0.656000,-55.359000,-89.176000,10.916000,26.41
9.208088,0.916000,-0.253000,-0.715000,-56.916000,-77.374000,6.901000,26.46
9.219986,1.038000,-0.223000,-0.687000,-66.809000,-80.092000,-0.809000,26.51
9.231708,1.051000,-0.152000,-0.706000,-67.069000,-74.229000,-11.679000,26.51
9.239052,1.074000,-0.075000,-0.648000,-62.534000,-78.794000,-22.076000,26.55
9.250622,1.125000,-0.019000,-0.509000,-42.031000,-91.267000,-34.489000,26.51
9.257611,1.122000,-0.008000,-0.337000,-18.855000,-94.336000,-46.855000,26.51
9.269550,1.061000,-0.072000,-0.178000,6.351000,-89.557000,-57.389000,26.55
9.281561,1.021000,-0.147000,0.044000,19.298000,-67.634000,-66.748000,26.51
9.288428,1.070000,-0.281000,0.117000,29.237000,-37.496000,-72.336000,26.51
9.301007,1.116000,-0.362000,0.256000,30.748000,8.718000,-71.756000,26.46
9.308070,1.184000,-0.451000,0.465000,41.573000,20.687000,-60.947000,26.41
9.320145,1.511000,-0.609000,0.632000,27.924000,68.046000,-43.115000,26.51
9.332371,1.976000,-0.850000,1.003000,11.863000,106.534000,-14.046000,26.55
9.339147,2.375000,-0.904000,1.635000,7.115000,152.519000,37.466000,26.51
9.351639,1.048000,0.044000,-0.492000,8.061000,212.534000,71.511000,26.51
9.359096,1.724000,0.717000,-2.008000,10.794000,124.489000,87.634000,26.46
9.370737,-0.041000,0.610000,-1.067000,9.649000,123.710000,74.916000,26.41
9.378104,1.010000,0.476000,0.842000,133.496000,176.076000,28.977000,26.51
9.389641,1.721000,-0.116000,-1.480000,-29.527000,198.885000,29.786000,26.46
9.401828,1.215000,-0.703000,-0.812000,61.618000,87.023000,35.786000,26.51
9.408869,0.626000,-0.472000,-1.041000,27.435000,214.672000,36.137000,26.51
9.420973,1.483000,0.454000,-1.226000,27.863000,142.748000,44.962000,26.37
9.427978,1.558000,0.557000,-0.357000,48.489000,-13.313000,24.794000,26.41
9.440236,0.886000,-0.474000,-1.151000,55.618000,56.092000,23.573000,26.41
9.452360,0.866000,-0.153000,-0.842000,33.878000,-0.153000,27.634000,26.46
9.459435,0.835000,0.318000,-0.895000,32.962000,3.511000,15.435000,26.51
9.471679,0.881000,-0.017000,-0.868000,31.817000,-0.153000,14.382000,26.41
9.478823,0.703000,-0.032000,-0.836000,24.885000,-1.206000,13.817000,26.55
9.491008,0.698000,0.136000,-0.802000,10.840000,13.573000,10.672000,26.51
9.498279,0.672000,0.022000,-0.802000,25.221000,2.305000,8.885000,26.41
9.510668,0.663000,0.086000,-0.772000,17.496000,2.046000,10.565000,26.37
9.517709,0.646000,0.056000,-0.804000,18.885000,7.786000,8.672000,26.60
9.530181,0.647000,0.047000,-0.744000,20.595000,-8.779000,7.771000,26.41
9.537566,0.692000,0.022000,-0.750000,15.557000,0.519000,7.649000,26.46
9.549769,0.698000,-0.021000,-0.762000,14.748000,1.817000,4.779000,26.41
9.562027,0.688000,-0.037000,-0.792000,6.809000,3.282000,1.832000,26.51
9.569373,0.615000,0.024000,-0.778000,4.031000,5.206000,1.191000,26.37
9.582410,0.593000,0.053000,-0.780000,0.031000,9.008000,1.557000,26.46
9.589199,0.610000,0.062000,-0.770000,1.084000,12.351000,2.305000,26.41
9.602139,0.642000,0.043000,-0.743000,2.855000,6.137000,2.366000,26.37
9.613070,0.601000,0.075000,-0.761000,2.947000,7.786000,2.458000,26.51
9.621598,0.628000,0.042000,-0.758000,1.817000,9.023000,2.992000,26.51
9.628707,0.630000,0.048000,-0.732000,2.275000,6.351000,2.305000,26.46
9.641284,0.604000,0.042000,-0.772000,0.489000,12.229000,2.382000,26.37
9.648516,0.618000,0.039000,-0.766000,-0.718000,0.550000,2.229000,26.41
9.660965,0.625000,0.027000,-0.737000,1.679000,5.420000,2.214000,26.46
9.668371,0.627000,0.018000,-0.759000,1.466000,5.588000,0.855000,26.51
9.680711,0.617000,0.031000,-0.764000,2.534000,-0.336000,1.206000,26.51
9.688042,0.633000,0.044000,-0.755000,1.298000,10.015000,0.901000,26.37
9.700541,0.592000,0.061000,-0.799000,6.504000,6.977000,1.420000,26.51
9.707804,0.649000,0.067000,-0.755000,7.466000,8.198000,4.611000,26.51
9.720366,0.651000,0.006000,-0.743000,3.466000,11.527000,7.237000,26.46
9.727756,0.646000,0.006000,-0.772000,2.412000,17.664000,7.557000,26.51
9.740009,0.674000,0.009000,-0.803000,3.389000,23.954000,4.901000,26.51
9.745917,0.622000,0.064000,-0.812000,2.122000,26.748000,4.840000,26.46
9.759700,0.607000,0.068000,-0.880000,0.260000,39.573000,7.863000,26.51
9.771983,0.540000,0.018000,-0.950000,12.626000,59.099000,12.824000,26.41
9.779530,0.582000,0.000000,-0.895000,10.809000,73.420000,14.687000,26.46
9.791452,0.576000,-0.101000,-0.895000,9.603000,83.832000,12.550000,26.51
9.798364,0.608000,-0.087000,-0.910000,12.076000,102.489000,7.511000,26.60
9.810993,0.572000,-0.057000,-1.004000,17.008000,122.183000,0.534000,26.55
9.817661,0.432000,-0.021000,-0.967000,27.557000,147.435000,-1.252000,26.46
9.829684,0.582000,0.108000,-1.060000,23.130000,180.305000,4.748000,26.51
9.842122,0.720000,0.139000,-1.039000,22.672000,209.588000,17.588000,26.46
9.848956,0.808000,0.247000,-1.081000,32.641000,225.588000,26.824000,26.41
9.861197,0.776000,0.224000,-1.048000,42.046000,236.015000,36.015000,26.51
9.868231,0.909000,0.148000,-1.096000,51.908000,256.473000,44.870000,26.46
9.880512,0.966000,0.103000,-1.201000,64.809000,261.924000,50.214000,26.65
9.892466,1.163000,-0.119000,-1.069000,35.008000,234.183000,46.992000,26.51
9.899643,0.811000,0.068000,-0.932000,27.176000,236.824000,41.679000,26.55
9.911728,0.900000,0.431000,-1.527000,35.557000,208.611000,29.069000,26.51
9.918918,0.198000,0.908000,-2.202000,48.443000,109.130000,-0.137000,26.41
9.930665,-0.571000,0.795000,-2.126000,56.137000,50.000000,-15.939000,26.55
9.937815,-0.493000,0.344000,-1.895000,21.206000,12.458000,-11.115000,26.46
9.949741,-0.374000,0.339000,-1.903000,-6.901000,-47.618000,2.214000,26.51
9.961665,-0.364000,0.321000,-1.691000,-24.275000,-68.977000,26.489000,26.55
9.968828,-0.278000,0.227000,-1.494000,-42.198000,-99.603000,48.489000,26.51
9.980537,-0.146000,0.228000,-1.352000,-61.969000,-114.931000,65.939000,26.51
9.987305,0.006000,0.276000,-1.277000,-75.740000,-124.794000,76.550000,26.46
9.999323,0.169000,0.322000,-1.201000,-86.244000,-133.115000,80.031000,26.46
10.011385,0.304000,0.386000,-1.135000,-90.137000,-138.595000,77.496000,26.41
