timestamp,ax,ay,az,gx,gy,gz,temp
0.026976,0.674000,-0.087000,-0.733000,-7.145000,1.328000,-4.534000,28.67
0.028002,0.677000,-0.088000,-0.716000,-5.298000,1.618000,-4.412000,28.62
0.029121,0.673000,-0.076000,-0.715000,-5.053000,0.733000,-3.527000,28.67
0.029865,0.688000,-0.074000,-0.703000,-5.634000,2.061000,-3.023000,28.67
0.030713,0.682000,-0.078000,-0.716000,-4.840000,1.740000,-2.534000,28.62
0.031436,0.680000,-0.077000,-0.720000,-4.321000,1.878000,-2.000000,28.72
0.032111,0.673000,-0.084000,-0.719000,-3.053000,1.145000,-1.328000,28.58
0.032768,0.690000,-0.073000,-0.709000,-2.550000,1.679000,-0.992000,28.67
0.033396,0.688000,-0.079000,-0.701000,-2.885000,2.153000,0.000000,28.62
0.034070,0.687000,-0.076000,-0.708000,-1.924000,1.557000,0.076000,28.77
0.034814,0.677000,-0.084000,-0.725000,-2.244000,2.015000,0.412000,28.67
0.035588,0.690000,-0.075000,-0.711000,-2.260000,2.107000,0.855000,28.67
0.036361,0.681000,-0.082000,-0.723000,-2.076000,2.412000,0.840000,28.72
0.036999,0.681000,-0.100000,-0.721000,-2.153000,2.519000,0.580000,28.62
0.037555,0.684000,-0.093000,-0.717000,-2.137000,2.473000,0.504000,28.58
0.038168,0.689000,-0.096000,-0.722000,-2.947000,3.221000,0.473000,28.67
0.038748,0.676000,-0.083000,-0.723000,-3.160000,2.687000,0.641000,28.62
0.039292,0.688000,-0.090000,-0.717000,-3.191000,3.115000,0.672000,28.62
0.039827,0.684000,-0.095000,-0.722000,-4.015000,4.031000,-0.122000,28.67
0.040370,0.678000,-0.089000,-0.723000,-4.046000,4.076000,-0.397000,28.67
0.040907,0.688000,-0.099000,-0.726000,-4.046000,4.183000,-0.382000,28.62
0.041436,0.681000,-0.091000,-0.722000,-4.244000,3.771000,-0.870000,28.62
0.042046,0.698000,-0.090000,-0.712000,-4.305000,4.046000,-0.870000,28.77
0.042624,0.694000,-0.089000,-0.724000,-4.916000,4.031000,-1.298000,28.67
0.043165,0.689000,-0.095000,-0.725000,-5.603000,2.916000,-1.695000,28.72
0.043715,0.706000,-0.100000,-0.710000,-6.519000,3.084000,-2.183000,28.77
0.044256,0.689000,-0.113000,-0.726000,-7.817000,3.771000,-3.237000,28.67
0.044816,0.751000,-0.163000,-0.761000,-11.771000,3.191000,-6.351000,28.67
0.045353,0.752000,-0.152000,-0.745000,-16.824000,0.580000,-9.756000,28.62
0.045864,0.705000,-0.106000,-0.722000,-20.672000,-0.519000,-11.023000,28.72
0.046365,0.701000,-0.068000,-0.726000,-21.588000,-0.534000,-10.641000,28.67
0.046911,0.726000,-0.082000,-0.744000,-22.427000,-0.885000,-10.550000,28.67
0.047460,0.711000,-0.101000,-0.756000,-23.145000,-1.115000,-11.924000,28.72
0.047980,0.822000,-0.146000,-0.767000,-26.336000,-2.947000,-13.695000,28.62
0.048487,0.787000,-0.137000,-0.760000,-30.412000,-8.031000,-15.557000,28.77
0.049000,0.612000,0.003000,-0.780000,-28.382000,-10.290000,-14.855000,28.67
0.049503,0.697000,-0.046000,-0.742000,-25.542000,-11.267000,-15.450000,28.81
0.050018,0.859000,-0.119000,-0.739000,-25.939000,-18.275000,-15.008000,28.67
0.050519,0.872000,-0.131000,-0.719000,-29.099000,-25.634000,-14.458000,28.67
0.051023,0.811000,-0.101000,-0.734000,-30.824000,-33.023000,-13.282000,28.62
0.051519,0.903000,-0.011000,-0.763000,-29.557000,-40.855000,-10.473000,28.62
0.052026,1.012000,-0.025000,-0.788000,-30.198000,-56.580000,-12.611000,28.67
0.052531,0.819000,-0.086000,-0.749000,-29.527000,-64.427000,-14.366000,28.67
0.053032,0.712000,-0.162000,-0.798000,-33.053000,-66.794000,-14.626000,28.72
0.053532,0.708000,-0.174000,-0.835000,-39.450000,-67.084000,-14.183000,28.72
0.054025,0.763000,-0.200000,-0.828000,-46.947000,-66.947000,-14.626000,28.67
0.054528,0.723000,-0.308000,-0.822000,-54.550000,-68.290000,-12.687000,28.67
0.055027,0.687000,-0.354000,-0.853000,-65.176000,-64.977000,-9.313000,28.72
0.055523,0.675000,-0.333000,-0.886000,-76.550000,-63.802000,-6.763000,28.72
0.056014,0.627000,-0.305000,-0.901000,-85.969000,-64.931000,-1.802000,28.67
0.056635,0.550000,-0.276000,-0.849000,-95.221000,-63.084000,2.107000,28.67
0.057279,0.489000,-0.302000,-0.813000,-105.588000,-57.084000,5.557000,28.72
0.057759,0.444000,-0.266000,-0.836000,-113.145000,-53.954000,7.756000,28.72
0.058264,0.381000,-0.205000,-0.830000,-118.412000,-49.588000,11.924000,28.67
0.058736,0.330000,-0.207000,-0.733000,-122.565000,-41.542000,18.412000,28.67
0.059205,0.400000,-0.159000,-0.651000,-124.947000,-32.153000,27.313000,28.62
0.059675,0.539000,-0.092000,-0.417000,-111.359000,-20.076000,42.244000,28.72
0.060134,0.733000,-0.008000,-0.140000,-66.840000,-4.763000,58.595000,28.67
0.060587,0.934000,-0.225000,-0.261000,-10.687000,5.328000,65.252000,28.67
0.061050,0.868000,-0.256000,-0.222000,-7.008000,14.626000,51.603000,28.72
0.061508,0.839000,-0.156000,-0.275000,-6.580000,21.023000,39.282000,28.62
0.061958,0.811000,-0.078000,-0.261000,6.336000,27.603000,31.130000,28.58
0.062411,0.802000,-0.093000,-0.310000,23.145000,35.924000,22.427000,28.67
0.062862,0.829000,-0.097000,-0.380000,40.031000,41.725000,13.847000,28.72
0.063316,0.817000,-0.110000,-0.424000,56.748000,47.588000,5.298000,28.62
0.063765,0.818000,-0.105000,-0.451000,73.145000,51.359000,-1.756000,28.67
0.064219,0.805000,-0.119000,-0.481000,85.542000,56.275000,-7.710000,28.67
0.064683,0.781000,-0.119000,-0.493000,93.634000,62.580000,-12.473000,28.72
0.065152,0.792000,-0.130000,-0.549000,98.687000,70.275000,-15.802000,28.67
0.065607,0.798000,-0.143000,-0.603000,102.962000,73.313000,-17.649000,28.77
0.066072,0.799000,-0.138000,-0.650000,104.443000,72.718000,-18.794000,28.67
0.066647,0.777000,-0.120000,-0.699000,107.740000,74.336000,-20.061000,28.72
0.067312,0.763000,-0.126000,-0.714000,107.176000,77.786000,-20.885000,28.72
0.067824,0.729000,-0.143000,-0.740000,109.038000,76.947000,-21.435000,28.67
0.068299,0.694000,-0.178000,-0.811000,106.763000,75.023000,-23.023000,28.77
0.068762,0.754000,-0.141000,-0.803000,104.687000,65.313000,-23.450000,28.62
0.069222,0.709000,-0.082000,-0.797000,103.603000,76.198000,-22.748000,28.72
0.071270,0.667000,-0.132000,-0.799000,103.893000,74.260000,-20.916000,28.67
0.071725,0.659000,-0.111000,-0.823000,103.710000,72.794000,-19.176000,28.77
0.072174,0.663000,-0.089000,-0.842000,97.878000,72.687000,-18.198000,28.62
0.072616,0.655000,-0.075000,-0.859000,97.282000,65.374000,-17.176000,28.72
0.073058,0.629000,-0.051000,-0.882000,93.466000,64.260000,-17.130000,28.67
0.073500,0.616000,-0.007000,-0.906000,88.305000,60.870000,-16.473000,28.58
0.073953,0.658000,-0.009000,-0.899000,81.252000,60.366000,-17.115000,28.72
0.074404,0.641000,0.008000,-0.949000,78.504000,53.130000,-18.748000,28.58
0.074844,0.652000,0.021000,-0.937000,73.038000,52.015000,-20.015000,28.67
0.075267,0.685000,0.036000,-0.997000,65.313000,48.550000,-23.435000,28.67
0.075692,0.727000,0.014000,-0.962000,60.198000,39.084000,-26.382000,28.62
0.076115,0.658000,0.075000,-0.955000,59.863000,28.794000,-29.084000,28.72
0.076653,0.646000,0.096000,-0.910000,59.588000,24.656000,-32.733000,28.67
0.077238,0.634000,0.104000,-0.873000,59.313000,19.099000,-36.702000,28.67
0.077708,0.618000,0.129000,-0.817000,60.092000,15.084000,-41.740000,28.62
0.078157,0.610000,0.130000,-0.792000,65.099000,18.137000,-48.275000,28.72
0.078606,0.595000,0.118000,-0.761000,71.756000,12.656000,-54.382000,28.77
0.079051,0.585000,0.108000,-0.753000,69.221000,18.458000,-59.237000,28.77
0.079494,0.603000,0.094000,-0.761000,69.893000,21.053000,-63.450000,28.72
0.079964,0.608000,0.068000,-0.741000,71.069000,17.267000,-65.221000,28.72
0.080552,1.414000,-0.079000,-1.033000,50.321000,6.061000,-77.802000,28.67
0.081029,0.470000,0.262000,-0.836000,58.321000,-16.824000,-66.733000,28.62
0.081484,0.552000,0.002000,-0.914000,59.954000,-11.450000,-65.145000,28.72
0.081945,0.411000,0.074000,-0.983000,53.603000,-26.137000,-65.786000,28.67
0.082412,0.345000,0.097000,-1.076000,47.603000,-33.374000,-62.046000,28.67
0.082880,0.302000,0.077000,-1.169000,44.153000,-45.237000,-57.588000,28.72
0.083333,0.295000,0.163000,-1.340000,42.763000,-64.931000,-52.198000,28.72
0.083792,0.309000,0.196000,-1.308000,45.374000,-80.260000,-52.718000,28.77
0.084247,0.552000,-0.069000,-0.751000,29.511000,-78.412000,-43.695000,28.67
0.084692,0.868000,-0.059000,-0.751000,9.115000,-71.908000,-15.664000,28.62
0.085167,0.756000,0.295000,-0.891000,-10.290000,-57.450000,-3.221000,28.72
0.085601,0.420000,0.099000,-0.826000,7.863000,-48.107000,6.824000,28.67
0.086047,0.497000,-0.189000,-0.940000,13.191000,-28.504000,12.687000,28.67
0.086481,0.651000,-0.231000,-0.822000,2.473000,-18.061000,6.992000,28.62
0.086919,0.704000,-0.203000,-0.717000,-2.992000,-9.191000,-3.527000,28.67
0.087382,0.679000,-0.200000,-0.732000,-6.534000,-6.321000,-9.328000,28.77
0.087860,0.689000,-0.079000,-0.701000,-10.015000,-4.107000,-11.053000,28.58
0.088351,0.763000,-0.080000,-0.639000,-9.115000,-0.748000,-11.191000,28.72
0.088803,0.779000,-0.112000,-0.598000,-5.557000,-9.985000,-10.397000,28.62
0.089241,0.781000,-0.127000,-0.608000,-4.855000,-16.763000,-9.985000,28.77
0.089664,0.710000,-0.077000,-0.654000,-5.084000,-14.168000,-9.695000,28.67
0.090090,0.699000,-0.011000,-0.704000,-1.786000,-26.397000,-6.565000,28.72
0.090504,0.665000,-0.061000,-0.717000,-5.328000,-22.534000,-3.084000,28.72
0.090941,0.684000,-0.130000,-0.736000,-4.595000,-16.504000,-3.618000,28.67
0.091376,0.644000,-0.118000,-0.758000,-4.809000,-21.328000,-2.931000,28.67
0.091796,0.646000,-0.129000,-0.743000,-6.000000,-13.893000,-3.634000,28.72
0.092236,0.684000,-0.180000,-0.734000,-8.931000,-11.954000,-6.489000,28.62
0.092668,0.656000,-0.120000,-0.744000,-10.092000,-11.038000,-8.183000,28.67
0.093083,0.679000,-0.083000,-0.718000,-10.885000,-8.061000,-9.282000,28.67
0.093516,0.698000,-0.076000,-0.715000,-10.962000,-2.153000,-10.244000,28.62
0.093931,0.685000,-0.040000,-0.720000,-9.649000,-0.916000,-10.351000,28.62
0.094350,0.710000,-0.059000,-0.726000,-9.832000,3.878000,-10.107000,28.67
0.094769,0.721000,-0.079000,-0.713000,-9.939000,0.107000,-9.038000,28.67
0.095200,0.701000,-0.072000,-0.710000,-10.366000,0.366000,-9.038000,28.72
0.095641,0.685000,-0.061000,-0.709000,-10.473000,1.466000,-8.519000,28.72
0.096060,0.677000,-0.065000,-0.720000,-8.931000,0.977000,-7.863000,28.67
0.096493,0.698000,-0.089000,-0.702000,-8.412000,1.145000,-7.756000,28.58
0.096953,0.680000,-0.074000,-0.707000,-7.206000,1.008000,-7.389000,28.62
0.097524,0.718000,-0.092000,-0.717000,-7.634000,0.519000,-7.344000,28.62
0.098154,0.722000,-0.087000,-0.711000,-9.985000,-1.145000,-8.779000,28.67
0.098621,0.707000,-0.063000,-0.727000,-11.542000,-2.351000,-9.481000,28.67
0.099081,0.710000,-0.089000,-0.718000,-13.817000,-3.053000,-10.641000,28.62
0.099547,0.701000,-0.049000,-0.714000,-14.046000,-3.969000,-10.824000,28.62
0.099995,0.700000,-0.062000,-0.727000,-13.649000,-3.099000,-11.038000,28.58
0.100554,0.702000,-0.079000,-0.705000,-13.405000,-3.832000,-11.420000,28.67
0.100995,0.680000,-0.079000,-0.713000,-12.534000,-2.565000,-11.527000,28.62
0.101418,0.660000,-0.064000,-0.713000,-11.511000,-0.794000,-10.824000,28.62
0.101829,0.645000,-0.048000,-0.720000,-10.076000,0.840000,-9.664000,28.67
0.102680,0.681000,-0.117000,-0.698000,-1.542000,2.489000,-0.885000,28.67
0.103090,0.690000,-0.123000,-0.691000,-1.588000,2.260000,-0.901000,28.72
0.103496,0.690000,-0.117000,-0.699000,-1.664000,1.771000,-0.931000,28.67
0.103929,0.686000,-0.117000,-0.700000,-1.542000,1.389000,-0.718000,28.67
0.104365,0.693000,-0.123000,-0.702000,-1.679000,1.267000,-0.962000,28.67
0.104796,0.690000,-0.122000,-0.706000,-1.374000,0.473000,-0.687000,28.62
0.113118,0.686000,-0.121000,-0.706000,-1.237000,0.321000,-0.672000,28.72
0.120355,0.688000,-0.123000,-0.703000,-1.069000,0.031000,-0.580000,28.67
0.132778,0.691000,-0.115000,-0.704000,-1.221000,0.015000,-0.519000,28.58
0.138454,0.682000,-0.115000,-0.708000,-1.206000,0.443000,-0.656000,28.62
0.152242,0.685000,-0.119000,-0.707000,-1.145000,0.672000,-0.427000,28.72
0.164755,0.686000,-0.124000,-0.706000,-1.099000,0.977000,-0.458000,28.58
0.172029,0.686000,-0.133000,-0.705000,-1.496000,0.687000,-0.336000,28.77
0.184668,0.681000,-0.129000,-0.706000,-1.542000,0.779000,-0.763000,28.72
0.191887,0.694000,-0.119000,-0.698000,-1.664000,0.611000,-0.641000,28.53
0.204248,0.691000,-0.117000,-0.700000,-1.435000,0.244000,-0.427000,28.67
0.211310,0.691000,-0.113000,-0.711000,-1.282000,0.046000,-0.427000,28.77
0.223774,0.695000,-0.121000,-0.710000,-1.740000,0.809000,-0.519000,28.72
0.231050,0.685000,-0.125000,-0.717000,-2.519000,1.145000,-0.779000,28.72
0.243655,0.676000,-0.118000,-0.707000,-2.672000,0.855000,-1.221000,28.77
0.250945,0.677000,-0.136000,-0.700000,-3.115000,1.023000,-1.344000,28.77
0.263385,0.679000,-0.125000,-0.712000,-3.359000,0.962000,-1.969000,28.72
0.270766,0.669000,-0.112000,-0.702000,-2.718000,1.542000,-1.649000,28.62
0.282771,0.671000,-0.124000,-0.709000,-2.290000,1.863000,-1.649000,28.67
0.289981,0.678000,-0.115000,-0.710000,-1.802000,1.863000,-1.374000,28.67
0.302479,0.680000,-0.102000,-0.714000,-1.649000,2.412000,-1.145000,28.72
0.315071,0.676000,-0.105000,-0.714000,-1.511000,3.206000,-0.824000,28.72
0.322292,0.680000,-0.114000,-0.708000,-1.344000,3.863000,-0.580000,28.77
0.334818,0.681000,-0.106000,-0.720000,-1.130000,4.061000,-0.260000,28.67
0.342230,0.674000,-0.112000,-0.726000,-0.962000,4.992000,0.137000,28.62
0.354608,0.677000,-0.115000,-0.724000,-1.237000,6.275000,0.015000,28.72
0.361937,0.682000,-0.126000,-0.724000,-1.924000,8.015000,-0.260000,28.67
0.374068,0.671000,-0.115000,-0.734000,-2.992000,11.023000,-0.565000,28.58
0.381459,0.676000,-0.105000,-0.744000,-3.878000,15.160000,-0.931000,28.62
0.393658,0.661000,-0.111000,-0.773000,-5.099000,22.015000,-1.176000,28.77
0.401119,0.663000,-0.082000,-0.771000,-6.168000,28.366000,-2.107000,28.77
0.413233,0.634000,-0.062000,-0.798000,-7.099000,36.885000,-2.183000,28.67
0.420711,0.688000,-0.088000,-0.766000,-9.069000,46.748000,-3.221000,28.62
0.432722,0.695000,-0.070000,-0.810000,-9.405000,53.954000,-0.336000,28.72
0.445154,0.645000,-0.035000,-0.796000,-11.099000,57.969000,3.756000,28.67
0.452709,0.665000,0.068000,-0.825000,-4.534000,67.328000,14.763000,28.67
0.464780,0.708000,-0.014000,-0.871000,-3.786000,76.931000,20.702000,28.62
0.471880,0.727000,-0.084000,-0.830000,-10.321000,80.275000,26.076000,28.62
0.484315,0.705000,0.023000,-0.883000,-14.229000,79.282000,35.786000,28.67
0.491523,0.649000,0.136000,-0.943000,-14.840000,77.771000,40.137000,28.67
0.503824,0.529000,0.189000,-1.034000,-14.901000,76.214000,38.748000,28.72
0.511106,0.481000,0.284000,-1.074000,-10.824000,69.832000,32.977000,28.81
0.523379,0.388000,0.379000,-1.123000,-5.176000,60.733000,23.374000,28.67
0.530751,0.358000,0.433000,-1.152000,-0.748000,51.649000,9.160000,28.67
0.543249,0.406000,0.428000,-1.212000,-0.321000,38.305000,-8.626000,28.72
0.550680,0.454000,0.387000,-1.251000,-0.183000,16.137000,-25.313000,28.77
0.562930,0.407000,0.356000,-1.234000,2.702000,-4.504000,-37.237000,28.67
0.575062,0.345000,0.273000,-1.196000,6.107000,-19.786000,-46.000000,28.67
0.582531,0.310000,0.148000,-1.187000,4.214000,-28.351000,-54.565000,28.62
0.594614,0.317000,0.058000,-1.163000,0.534000,-36.565000,-61.344000,28.72
0.601997,0.366000,0.010000,-1.144000,1.328000,-46.260000,-64.244000,28.77
0.614090,0.424000,-0.034000,-1.125000,4.489000,-54.809000,-63.878000,28.77
0.621137,0.480000,-0.075000,-1.096000,11.634000,-66.122000,-60.412000,28.72
0.633144,0.532000,-0.111000,-1.054000,16.672000,-77.191000,-56.794000,28.81
0.638709,0.569000,-0.125000,-1.006000,19.008000,-84.000000,-53.023000,28.67
0.652037,0.591000,-0.106000,-0.935000,18.000000,-88.260000,-49.420000,28.77
0.664286,0.652000,-0.072000,-0.871000,15.176000,-88.504000,-47.176000,28.62
0.671488,0.712000,-0.019000,-0.803000,12.321000,-88.351000,-46.214000,28.72
0.683610,0.754000,0.024000,-0.740000,10.641000,-86.580000,-45.695000,28.67
0.690875,0.792000,0.052000,-0.656000,9.939000,-82.321000,-46.137000,28.67
0.703092,0.829000,0.050000,-0.579000,10.290000,-76.168000,-46.519000,28.62
0.710250,0.834000,0.013000,-0.501000,10.550000,-67.603000,-46.214000,28.67
0.722323,0.858000,-0.063000,-0.447000,7.237000,-58.122000,-45.023000,28.67
0.734705,0.932000,-0.150000,-0.447000,-1.985000,-50.260000,-43.466000,28.67
0.741637,1.016000,-0.229000,-0.426000,-16.076000,-48.305000,-39.893000,28.62
0.753671,1.031000,-0.231000,-0.419000,-28.183000,-49.695000,-33.252000,28.72
0.760758,1.010000,-0.220000,-0.384000,-33.756000,-48.504000,-23.863000,28.67
0.772544,0.937000,-0.225000,-0.311000,-35.130000,-44.137000,-14.000000,28.67
0.784995,0.910000,-0.231000,-0.237000,-37.221000,-37.588000,-6.702000,28.72
0.792623,0.910000,-0.207000,-0.207000,-40.702000,-27.832000,-2.183000,28.72
0.804104,0.935000,-0.188000,-0.161000,-45.313000,-20.947000,-0.855000,28.77
0.811134,0.919000,-0.166000,-0.181000,-48.794000,-17.313000,-1.069000,28.77
0.823328,0.880000,-0.130000,-0.146000,-48.443000,-13.710000,-1.038000,28.62
0.830490,0.806000,-0.122000,-0.145000,-44.733000,-9.328000,-1.634000,28.72
0.843062,0.906000,-0.066000,0.443000,20.779000,9.344000,22.031000,28.67
0.850241,0.983000,-0.466000,0.570000,48.519000,57.771000,25.832000,28.67
0.862645,1.167000,-0.672000,0.639000,49.725000,78.534000,21.405000,28.72
0.874936,0.899000,-0.541000,0.065000,44.260000,107.878000,18.076000,28.58
0.882185,1.333000,-0.157000,-1.617000,22.366000,69.053000,9.664000,28.67
0.894702,0.840000,-0.208000,-0.878000,13.496000,19.267000,20.901000,28.77
0.901911,0.502000,-0.205000,-0.605000,18.840000,66.321000,22.473000,28.72
0.914333,0.997000,-0.249000,-0.982000,15.527000,82.534000,7.771000,28.62
0.921566,1.252000,0.177000,-0.967000,18.519000,62.916000,8.214000,28.67
0.934264,1.460000,0.125000,-0.703000,20.779000,37.191000,13.267000,28.77
0.941495,0.901000,0.117000,-0.698000,35.969000,16.275000,16.550000,28.62
0.953878,0.715000,-0.111000,-0.747000,36.137000,14.275000,20.351000,28.72
0.960992,0.820000,-0.121000,-0.725000,35.450000,14.290000,23.237000,28.58
0.973455,0.913000,-0.045000,-0.672000,35.710000,1.115000,22.992000,28.67
0.980487,0.844000,-0.203000,-0.722000,31.679000,-9.664000,22.351000,28.62
0.992680,0.778000,-0.224000,-0.781000,27.298000,-14.672000,18.275000,28.72
1.005020,0.777000,-0.240000,-0.792000,15.832000,-13.435000,10.962000,28.77
1.016453,0.709000,-0.194000,-0.763000,7.832000,-9.511000,5.634000,28.67
1.024635,0.708000,-0.153000,-0.752000,4.137000,-10.595000,1.893000,28.62
1.031571,0.680000,-0.115000,-0.745000,0.244000,-7.542000,-0.504000,28.77
1.043991,0.689000,-0.085000,-0.740000,-0.794000,-2.672000,-1.298000,28.67
1.051131,0.723000,-0.087000,-0.732000,-0.183000,-2.290000,-1.344000,28.67
1.063507,0.677000,-0.076000,-0.721000,-0.137000,-0.687000,-1.985000,28.72
1.070834,0.691000,-0.068000,-0.723000,0.779000,-0.840000,-0.550000,28.62
1.083373,0.690000,-0.077000,-0.716000,0.718000,-0.779000,0.351000,28.67
1.090553,0.698000,-0.072000,-0.716000,0.641000,-0.412000,0.992000,28.67
1.103590,0.676000,-0.057000,-0.733000,0.702000,0.443000,1.542000,28.72
1.110731,0.660000,-0.095000,-0.729000,1.069000,1.221000,2.305000,28.62
1.123353,0.640000,-0.093000,-0.741000,0.168000,2.794000,1.069000,28.67
1.130353,0.657000,-0.126000,-0.731000,-1.527000,5.298000,-0.427000,28.67
1.142845,0.642000,-0.091000,-0.744000,-2.260000,6.656000,-1.389000,28.72
1.150218,0.667000,-0.105000,-0.735000,-2.885000,7.145000,-1.511000,28.72
1.162620,0.681000,-0.084000,-0.718000,-3.298000,7.603000,-1.740000,28.67
1.181344,0.637000,-0.032000,-0.709000,-3.160000,6.565000,-0.885000,28.58
1.182116,0.661000,-0.086000,-0.753000,-1.267000,7.786000,0.672000,28.72
1.194753,0.682000,-0.058000,-0.696000,-2.107000,12.061000,0.565000,28.67
1.202151,0.657000,-0.115000,-0.733000,-1.588000,7.435000,0.763000,28.67
1.215513,0.671000,-0.099000,-0.721000,-1.878000,9.267000,0.015000,28.62
1.227852,0.639000,-0.070000,-0.721000,-2.260000,10.366000,-0.122000,28.72
1.234556,0.644000,-0.062000,-0.727000,-2.519000,12.870000,0.794000,28.77
1.241551,0.673000,-0.067000,-0.720000,-2.580000,14.458000,1.389000,28.67
1.253935,0.666000,-0.102000,-0.740000,-1.313000,15.145000,1.817000,28.62
1.261010,0.751000,-0.097000,-0.688000,-1.863000,17.359000,1.069000,28.72
1.273682,0.668000,-0.130000,-0.716000,-1.130000,20.183000,0.061000,28.67
1.280539,0.692000,-0.103000,-0.712000,-1.756000,22.489000,-1.313000,28.77
1.293239,0.697000,-0.102000,-0.723000,-3.389000,27.160000,-1.557000,28.62
1.300106,0.671000,-0.102000,-0.745000,-2.122000,28.443000,-2.046000,28.72
1.312724,0.705000,-0.110000,-0.737000,-1.298000,33.573000,-1.405000,28.67
1.325300,0.681000,-0.101000,-0.725000,-3.649000,37.771000,-0.672000,28.67
1.332055,0.712000,-0.078000,-0.722000,-3.740000,40.870000,0.198000,28.72
1.344706,0.703000,-0.103000,-0.720000,-1.221000,45.053000,1.817000,28.72
1.351966,0.677000,-0.096000,-0.753000,-4.351000,49.344000,2.489000,28.67
1.364641,0.581000,0.092000,-0.830000,1.099000,58.153000,5.893000,28.77
1.372037,0.736000,-0.118000,-0.739000,0.214000,65.939000,7.466000,28.72
1.384412,0.709000,-0.145000,-0.747000,4.061000,74.443000,7.267000,28.62
1.391618,0.736000,-0.145000,-0.714000,7.496000,82.947000,6.046000,28.67
1.404044,0.737000,-0.124000,-0.735000,10.397000,93.237000,5.038000,28.67
1.411287,0.724000,-0.102000,-0.742000,12.137000,103.130000,4.366000,28.62
1.423588,0.755000,-0.087000,-0.807000,12.504000,117.832000,5.008000,28.62
1.430629,0.763000,-0.085000,-0.831000,15.695000,134.733000,6.382000,28.67
1.443162,0.759000,-0.018000,-0.817000,14.092000,162.656000,9.069000,28.77
1.450166,0.759000,-0.028000,-0.848000,18.595000,189.725000,15.496000,28.62
1.462317,0.770000,-0.018000,-0.836000,14.763000,219.588000,19.679000,28.77
1.474839,0.845000,0.038000,-0.924000,37.908000,245.435000,20.901000,28.77
1.481787,0.916000,0.056000,-0.991000,54.550000,280.550000,26.305000,28.72
1.494409,0.875000,-0.059000,-0.884000,74.595000,300.519000,34.916000,28.72
1.501450,0.938000,-0.066000,-0.887000,95.252000,331.542000,42.351000,28.77
1.513559,1.169000,-0.266000,-0.882000,103.084000,362.885000,46.473000,28.67
1.520648,1.456000,-0.406000,-1.075000,83.344000,366.198000,41.084000,28.62
1.539930,1.414000,-0.597000,-0.792000,44.763000,346.061000,23.542000,28.53
1.545338,1.616000,-0.270000,-0.802000,29.130000,340.061000,18.534000,28.67
1.553640,1.589000,0.117000,-0.570000,45.679000,324.351000,34.046000,28.67
1.565176,1.901000,0.081000,-1.040000,61.221000,281.130000,45.710000,28.72
1.572578,1.828000,0.036000,-0.751000,66.947000,230.015000,58.046000,28.77
1.587988,1.342000,0.019000,-0.765000,67.191000,195.725000,50.580000,28.67
1.591612,0.476000,0.068000,-1.529000,29.802000,116.519000,43.802000,28.77
1.604047,1.284000,-0.146000,-1.658000,2.489000,77.740000,24.061000,28.72
1.610931,0.502000,0.284000,-1.252000,-21.344000,4.198000,27.069000,28.72
1.623279,0.418000,0.246000,-1.072000,-13.176000,-18.718000,36.458000,28.67
1.630320,0.266000,0.157000,-0.855000,-21.634000,-46.748000,43.466000,28.67
1.642843,0.087000,0.076000,-0.751000,-38.534000,-56.504000,42.763000,28.72
1.654907,0.084000,0.091000,-0.638000,-56.809000,-59.267000,39.466000,28.62
1.661896,0.141000,0.166000,-0.591000,-66.901000,-57.160000,36.290000,28.77
1.674322,0.237000,0.238000,-0.565000,-73.802000,-52.275000,33.023000,28.67
1.681336,0.364000,0.263000,-0.584000,-73.695000,-65.511000,27.389000,28.72
1.693700,0.432000,0.260000,-0.631000,-71.252000,-79.267000,17.786000,28.62
1.700704,0.499000,0.253000,-0.619000,-62.015000,-102.198000,5.832000,28.77
1.712815,0.561000,0.227000,-0.598000,-64.290000,-106.687000,-9.115000,28.67
1.725270,0.645000,0.174000,-0.622000,-64.870000,-119.939000,-24.489000,28.62
1.731863,0.759000,0.152000,-0.633000,-72.534000,-136.534000,-37.954000,28.67
1.744045,0.865000,0.071000,-0.627000,-76.916000,-158.489000,-49.099000,28.67
1.750888,0.906000,0.003000,-0.607000,-85.282000,-176.382000,-56.992000,28.67
1.762873,0.925000,-0.069000,-0.600000,-78.962000,-187.252000,-63.267000,28.62
1.775525,0.893000,-0.115000,-0.581000,-85.893000,-196.107000,-64.489000,28.72
1.781889,0.920000,-0.164000,-0.564000,-80.519000,-192.336000,-64.473000,28.67
1.794075,0.969000,-0.254000,-0.661000,-89.145000,-179.496000,-62.687000,28.67
1.800707,1.027000,-0.280000,-0.571000,-89.191000,-180.962000,-59.695000,28.62
1.812651,1.102000,-0.305000,-0.597000,-89.588000,-190.870000,-54.779000,28.72
1.824877,1.200000,-0.307000,-0.577000,-91.908000,-200.382000,-49.206000,28.67
1.831670,1.279000,-0.300000,-0.583000,-95.298000,-205.695000,-43.878000,28.77
1.843720,1.379000,-0.255000,-0.556000,-103.099000,-210.137000,-40.061000,28.62
1.850303,1.460000,-0.204000,-0.526000,-111.206000,-210.336000,-38.840000,28.72
1.862448,1.436000,-0.093000,-0.447000,-109.435000,-210.885000,-40.992000,28.67
1.874429,1.458000,-0.009000,-0.361000,-98.458000,-208.489000,-48.580000,28.77
1.881456,1.473000,0.068000,-0.370000,-103.893000,-197.954000,-59.389000,28.72
1.893412,1.467000,0.124000,-0.375000,-90.366000,-169.191000,-79.573000,28.58
1.899131,1.488000,0.195000,-0.394000,-69.374000,-173.863000,-100.412000,28.67
1.913130,1.518000,0.142000,-0.358000,-46.321000,-173.878000,-125.267000,28.58
1.924487,1.480000,0.032000,-0.390000,-24.427000,-163.237000,-149.740000,28.72
1.931015,1.425000,-0.094000,-0.386000,3.573000,-163.359000,-167.618000,28.72
1.943333,1.383000,-0.265000,-0.412000,30.427000,-155.466000,-176.580000,28.67
1.955307,1.395000,-0.390000,-0.347000,50.977000,-153.771000,-173.420000,28.67
1.962100,1.363000,-0.496000,-0.298000,72.931000,-154.992000,-160.519000,28.72
1.974158,1.343000,-0.527000,-0.222000,81.023000,-153.664000,-140.443000,28.62
1.980758,1.319000,-0.520000,-0.161000,83.374000,-145.527000,-118.718000,28.67
1.993265,1.452000,-0.531000,0.074000,85.374000,-123.542000,-90.733000,28.67
2.010176,1.258000,-0.516000,0.171000,73.145000,-111.359000,-65.435000,28.62
2.012077,1.446000,-0.702000,0.150000,41.969000,-94.748000,-57.664000,28.72
2.024495,1.422000,-0.603000,0.273000,13.221000,-74.824000,-50.626000,28.77
2.031545,1.297000,-0.564000,0.464000,4.687000,-57.878000,-34.519000,28.62
2.043963,1.202000,-0.568000,0.667000,8.779000,-22.885000,-15.954000,28.72
2.051347,1.158000,-0.596000,0.787000,13.206000,12.885000,4.412000,28.77
2.063806,1.188000,-0.611000,0.873000,18.763000,59.847000,23.618000,28.67
2.071053,1.354000,-0.666000,0.938000,20.000000,101.908000,40.718000,28.62
2.083535,1.581000,-0.636000,1.350000,31.313000,145.679000,62.244000,28.62
2.090428,0.898000,-0.185000,0.093000,32.855000,196.855000,66.840000,28.67
2.102796,1.822000,0.415000,-1.716000,14.916000,156.137000,42.794000,28.67
2.108856,0.653000,0.524000,-0.971000,31.573000,88.550000,34.733000,28.62
2.122398,0.173000,-0.072000,-0.442000,50.366000,157.008000,23.389000,28.62
2.134763,1.235000,-0.252000,-0.817000,35.695000,176.504000,15.603000,28.67
2.141747,1.580000,-0.364000,-0.807000,23.679000,145.176000,24.107000,28.67
2.154140,2.214000,-0.031000,-0.704000,48.061000,49.985000,32.214000,28.62
2.161468,1.587000,-0.224000,-0.601000,62.031000,-15.740000,39.298000,28.67
2.173380,0.856000,-0.332000,-0.977000,54.916000,-22.840000,33.084000,28.58
2.180705,0.960000,-0.297000,-0.733000,35.496000,-21.527000,25.420000,28.58
2.192939,1.071000,-0.227000,-0.735000,15.771000,3.618000,7.435000,28.62
2.200258,0.689000,-0.256000,-0.725000,4.153000,-4.397000,3.863000,28.62
2.213036,0.717000,-0.075000,-0.697000,0.427000,-7.115000,0.641000,28.58
2.225445,0.732000,-0.054000,-0.734000,17.634000,46.443000,-9.573000,28.67
2.232549,0.717000,-0.045000,-0.615000,-0.779000,-21.466000,2.366000,28.62
2.244609,0.746000,-0.080000,-0.697000,12.931000,-23.863000,0.137000,28.62
2.251973,0.666000,-0.103000,-0.721000,-5.481000,-11.115000,-0.519000,28.77
2.264228,0.652000,-0.036000,-0.729000,1.924000,-5.725000,-3.573000,28.67
2.271523,0.697000,-0.063000,-0.686000,-6.031000,6.000000,-3.130000,28.62
2.283845,0.700000,-0.058000,-0.708000,-16.427000,23.130000,-3.954000,28.72
2.291029,0.712000,-0.037000,-0.697000,5.603000,14.229000,-4.947000,28.67
2.303684,0.711000,-0.046000,-0.695000,-0.015000,-1.786000,-2.137000,28.67
2.310655,0.751000,-0.071000,-0.679000,2.473000,-0.855000,-1.496000,28.72
2.323338,0.754000,-0.059000,-0.673000,0.137000,7.069000,-1.679000,28.67
2.330685,0.715000,-0.042000,-0.708000,-1.817000,6.763000,-0.702000,28.67
2.342635,0.697000,-0.043000,-0.709000,-0.198000,9.328000,-0.687000,28.67
2.348521,0.696000,-0.049000,-0.697000,-0.382000,4.885000,0.229000,28.62
2.362615,0.672000,-0.044000,-0.726000,5.603000,6.641000,0.137000,28.72
2.375201,0.687000,-0.052000,-0.700000,-1.740000,4.092000,0.824000,28.67
2.382751,0.722000,-0.078000,-0.682000,1.252000,2.382000,1.038000,28.67
2.395622,0.710000,-0.070000,-0.676000,-1.206000,-0.947000,0.748000,28.62
2.402753,0.727000,-0.069000,-0.693000,-2.718000,-8.443000,1.359000,28.72
2.415015,0.684000,-0.045000,-0.693000,1.008000,-1.389000,1.099000,28.67
2.422360,0.705000,-0.059000,-0.707000,-0.336000,0.046000,2.153000,28.58
2.435006,0.694000,-0.046000,-0.693000,-4.702000,3.695000,2.931000,28.62
2.442235,0.648000,-0.028000,-0.720000,-5.481000,10.061000,4.000000,28.72
2.454608,0.689000,-0.050000,-0.712000,-4.473000,8.305000,3.695000,28.58
2.462061,0.645000,-0.041000,-0.707000,-2.092000,12.687000,1.924000,28.67
2.474461,0.704000,-0.069000,-0.713000,-3.740000,14.198000,1.863000,28.62
2.481498,0.736000,-0.092000,-0.686000,-1.252000,10.366000,0.641000,28.67
2.493906,0.742000,-0.083000,-0.695000,-1.710000,15.069000,-2.305000,28.67
2.501014,0.649000,-0.056000,-0.720000,-3.893000,14.626000,-3.832000,28.77
2.517988,0.756000,-0.025000,-0.695000,-3.695000,20.198000,-4.901000,28.72
2.520074,0.714000,-0.016000,-0.706000,-1.817000,25.664000,-2.748000,28.62
2.532588,0.677000,-0.056000,-0.761000,-1.267000,31.847000,-0.382000,28.67
2.545197,0.718000,-0.044000,-0.721000,-2.351000,39.145000,0.137000,28.67
2.552493,0.712000,-0.102000,-0.718000,-3.145000,46.885000,0.397000,28.62
2.565021,0.735000,-0.046000,-0.740000,-0.458000,46.473000,0.427000,28.62
2.572588,0.647000,0.037000,-0.797000,-9.878000,63.450000,5.374000,28.77
2.584818,0.585000,0.351000,-0.934000,5.038000,81.588000,12.290000,28.67
2.592082,0.670000,-0.039000,-0.893000,1.725000,105.008000,18.473000,28.72
2.604203,0.646000,-0.085000,-0.897000,7.588000,122.290000,18.718000,28.81
2.611647,0.717000,-0.145000,-0.884000,20.458000,145.618000,15.908000,28.77
2.623613,0.728000,-0.229000,-0.877000,27.053000,167.145000,10.031000,28.58
2.630972,0.629000,-0.197000,-1.104000,40.702000,191.023000,5.328000,28.62
2.643056,0.654000,-0.229000,-1.105000,47.237000,243.695000,-4.153000,28.58
2.655412,0.628000,-0.147000,-1.471000,56.870000,323.786000,-14.168000,28.67
2.662507,0.892000,-0.024000,-1.479000,69.832000,394.840000,-16.947000,28.58
2.674491,1.032000,0.010000,-1.653000,76.382000,433.115000,-6.000000,28.72
2.681947,1.087000,-0.086000,-1.410000,71.588000,499.237000,7.084000,28.62
2.694056,2.441000,-0.660000,-2.288000,7.771000,485.817000,-7.267000,28.67
2.701267,1.704000,-0.208000,-1.619000,-22.550000,461.160000,7.145000,28.67
2.714132,1.516000,0.265000,-2.138000,-69.985000,431.649000,1.405000,28.62
2.720875,2.429000,0.859000,-3.673000,-95.359000,239.252000,-0.840000,28.62
2.732826,-0.407000,0.994000,-3.726000,-27.160000,49.664000,19.084000,28.77
2.745282,-0.780000,0.815000,-2.817000,5.145000,19.710000,16.275000,28.67
2.752491,-0.142000,0.635000,-3.233000,-58.763000,-61.511000,2.748000,28.72
2.764427,-0.077000,0.790000,-2.848000,-101.359000,-149.756000,3.542000,28.62
2.771723,-0.006000,0.717000,-2.453000,-73.649000,-209.679000,-6.168000,28.67
2.783734,0.054000,0.583000,-1.819000,-70.076000,-214.550000,-21.252000,28.67
2.790555,-0.074000,0.454000,-1.950000,-60.534000,-269.618000,-36.076000,28.62
2.802997,0.084000,0.408000,-1.704000,-73.160000,-339.344000,-40.931000,28.67
2.814775,0.283000,0.308000,-1.639000,-97.664000,-332.489000,-50.611000,28.67
2.821711,0.504000,0.207000,-1.519000,-97.740000,-369.740000,-61.679000,28.77
2.833681,0.886000,0.208000,-1.388000,-98.794000,-401.221000,-70.702000,28.53
2.840761,1.277000,0.359000,-1.231000,-78.870000,-412.321000,-87.511000,28.72
2.852680,1.664000,0.369000,-0.889000,-48.504000,-447.389000,-110.229000,28.67
2.864594,2.007000,0.144000,-0.671000,-31.634000,-439.893000,-143.771000,28.58
2.871777,2.406000,-0.051000,-0.234000,4.031000,-410.519000,-178.855000,28.72
2.883649,2.794000,-0.402000,0.387000,28.427000,-380.168000,-197.145000,28.62
2.890458,3.757000,0.614000,-1.846000,172.137000,-128.931000,-128.519000,28.67
2.902715,1.321000,-0.513000,3.999000,204.916000,-220.092000,23.099000,28.67
2.915040,4.000000,-3.300000,3.798000,77.618000,112.489000,14.962000,28.62
2.922166,4.000000,-2.042000,3.876000,-109.649000,25.802000,12.153000,28.62
2.934577,4.000000,-0.387000,4.000000,5.481000,-1.863000,105.053000,28.67
2.942062,2.689000,-0.835000,4.000000,46.931000,50.122000,164.351000,28.67
2.954011,1.166000,1.900000,1.169000,-22.137000,302.534000,62.656000,28.72
2.962510,4.000000,2.648000,-2.343000,169.053000,-43.893000,94.870000,28.77
2.973165,-1.189000,-2.815000,-0.407000,132.840000,-106.718000,118.260000,28.77
2.979093,1.577000,-1.052000,-1.321000,4.611000,-86.214000,25.481000,28.67
2.992678,1.282000,-0.217000,-1.150000,-16.198000,22.504000,-10.550000,28.62
3.008613,0.961000,-0.098000,-0.712000,-15.267000,36.855000,-10.748000,28.72
3.012084,0.917000,-0.254000,-0.625000,0.305000,24.153000,-18.916000,28.58
3.024257,0.846000,0.102000,-0.647000,-0.076000,31.115000,-10.443000,28.58
3.031262,0.685000,-0.179000,-0.776000,-11.893000,46.397000,-12.901000,28.62
3.043677,0.859000,0.058000,-0.649000,-5.237000,34.290000,-11.176000,28.62
3.051090,0.786000,-0.037000,-0.614000,2.656000,22.916000,-3.969000,28.67
3.063291,0.837000,-0.175000,-0.558000,-2.275000,16.794000,-4.092000,28.62
3.069058,0.759000,-0.000000,-0.630000,-6.336000,18.672000,-3.206000,28.62
3.082688,0.752000,-0.012000,-0.665000,-2.672000,15.893000,-1.145000,28.77
3.095066,0.753000,-0.073000,-0.658000,-4.076000,11.038000,0.992000,28.77
3.102595,0.750000,-0.084000,-0.635000,-4.595000,8.214000,-0.198000,28.72
3.114665,0.728000,-0.026000,-0.640000,-5.221000,5.115000,0.107000,28.72
3.122322,0.729000,-0.017000,-0.668000,-4.550000,4.107000,1.405000,28.67
3.134426,0.713000,-0.035000,-0.676000,-6.137000,2.061000,2.519000,28.67
3.142194,0.690000,-0.044000,-0.708000,-4.947000,6.962000,2.031000,28.62
3.154546,0.720000,-0.052000,-0.698000,-3.511000,5.221000,1.832000,28.62
3.162182,0.722000,-0.050000,-0.681000,-3.450000,7.573000,1.282000,28.67
3.174467,0.731000,-0.037000,-0.675000,-0.626000,7.374000,1.099000,28.67
3.181904,0.741000,-0.028000,-0.672000,0.489000,8.885000,1.282000,28.62
3.194270,0.744000,-0.032000,-0.663000,1.893000,6.290000,1.954000,28.62
3.201716,0.708000,-0.059000,-0.732000,-10.366000,52.901000,-0.733000,28.67
3.213868,0.751000,-0.042000,-0.634000,4.580000,16.214000,0.275000,28.58
3.221383,0.726000,-0.064000,-0.721000,-3.710000,33.115000,-0.870000,28.72
3.233763,0.756000,-0.049000,-0.636000,-9.145000,10.672000,4.321000,28.67
3.240808,0.744000,-0.062000,-0.655000,-10.748000,8.779000,5.359000,28.67
3.253427,0.728000,-0.053000,-0.671000,-4.305000,0.748000,4.458000,28.58
3.260894,0.745000,-0.082000,-0.674000,-2.336000,-2.214000,3.771000,28.62
3.273067,0.735000,-0.071000,-0.680000,0.534000,-2.321000,2.198000,28.72
3.280719,0.730000,-0.069000,-0.669000,2.763000,-1.023000,0.794000,28.67
3.293177,0.734000,-0.076000,-0.682000,3.267000,-4.275000,0.855000,28.67
3.305293,0.722000,-0.048000,-0.685000,2.870000,-3.420000,0.061000,28.72
3.314202,0.735000,-0.053000,-0.662000,2.137000,1.450000,-0.611000,28.62
3.325085,0.714000,-0.055000,-0.674000,-3.130000,5.038000,-0.779000,28.67
3.332655,0.728000,-0.036000,-0.635000,2.580000,-0.321000,-0.901000,28.67
3.345130,0.732000,-0.048000,-0.682000,0.947000,2.641000,-1.344000,28.62
3.352381,0.736000,-0.050000,-0.669000,-2.015000,5.359000,-0.794000,28.62
3.364516,0.737000,-0.048000,-0.638000,-1.878000,5.542000,-0.672000,28.67
3.372025,0.743000,-0.057000,-0.681000,-1.191000,0.794000,-0.260000,28.67
3.393611,0.737000,-0.049000,-0.656000,-1.618000,-1.221000,0.076000,28.62
3.394988,0.740000,-0.060000,-0.659000,1.267000,-7.496000,0.183000,28.67
3.404100,0.750000,-0.070000,-0.659000,1.832000,-9.405000,-0.198000,28.67
3.411855,0.763000,-0.076000,-0.645000,1.160000,-12.382000,-0.260000,28.67
3.423785,0.741000,-0.043000,-0.638000,0.137000,-12.305000,0.534000,28.72
3.430989,0.711000,0.015000,-0.680000,-2.366000,-5.863000,1.282000,28.62
3.443319,0.671000,-0.007000,-0.728000,-2.290000,-2.397000,2.382000,28.67
3.450813,0.689000,-0.052000,-0.724000,-3.802000,2.977000,1.771000,28.67
3.463057,0.740000,-0.055000,-0.666000,-0.595000,2.626000,0.427000,28.62
3.470705,0.737000,-0.071000,-0.691000,-5.588000,13.282000,-0.534000,28.62
3.482735,0.722000,-0.071000,-0.647000,-4.977000,11.099000,-0.748000,28.67
3.495266,0.725000,-0.047000,-0.675000,-1.389000,7.435000,-0.870000,28.58
3.502492,0.724000,-0.062000,-0.654000,-2.000000,8.580000,-1.405000,28.62
3.514820,0.722000,-0.052000,-0.664000,-3.389000,13.221000,-1.634000,28.62
3.521777,0.723000,-0.043000,-0.661000,-2.824000,10.061000,-1.481000,28.77
3.534302,0.739000,-0.041000,-0.644000,-3.038000,5.145000,-0.916000,28.62
3.541789,0.733000,-0.053000,-0.649000,-1.893000,5.847000,-1.008000,28.72
3.553944,0.738000,-0.056000,-0.670000,0.885000,6.885000,-1.588000,28.58
3.561405,0.730000,-0.054000,-0.671000,-0.931000,7.863000,-1.481000,28.58
3.573789,0.740000,-0.034000,-0.674000,-0.672000,4.366000,-0.901000,28.72
3.580925,0.735000,-0.044000,-0.678000,-0.580000,5.145000,-0.672000,28.62
3.593253,0.738000,-0.048000,-0.619000,-0.168000,3.511000,-0.611000,28.58
3.600801,0.737000,-0.052000,-0.710000,0.046000,3.588000,-0.702000,28.58
3.613018,0.730000,-0.072000,-0.677000,3.160000,-8.580000,-0.351000,28.62
3.620505,0.740000,-0.051000,-0.642000,-0.107000,-3.023000,-0.198000,28.62
3.632982,0.723000,-0.041000,-0.648000,-2.763000,1.069000,0.000000,28.67
3.645140,0.733000,-0.050000,-0.640000,-3.664000,-1.115000,0.504000,28.58
3.652409,0.735000,-0.069000,-0.681000,-1.450000,-1.878000,-0.504000,28.72
3.664726,0.729000,-0.055000,-0.651000,-1.863000,1.969000,-0.748000,28.67
3.672085,0.717000,-0.052000,-0.691000,-3.313000,9.710000,-1.573000,28.58
3.684730,0.731000,-0.052000,-0.663000,-3.267000,1.344000,-0.901000,28.58
3.691967,0.732000,-0.052000,-0.661000,-3.786000,2.611000,-0.824000,28.62
3.704330,0.732000,-0.047000,-0.673000,-3.130000,4.687000,-0.901000,28.72
3.711724,0.729000,-0.062000,-0.683000,-2.809000,6.244000,-1.267000,28.67
3.723919,0.731000,-0.058000,-0.673000,-2.534000,3.267000,-1.405000,28.58
3.731145,0.740000,-0.041000,-0.658000,-1.328000,2.977000,-1.588000,28.62
3.743744,0.733000,-0.033000,-0.656000,-0.901000,3.695000,-1.206000,28.62
3.751102,0.735000,-0.035000,-0.652000,0.718000,2.733000,-0.870000,28.67
3.763213,0.734000,-0.046000,-0.650000,1.405000,2.687000,-0.595000,28.67
3.770805,0.740000,-0.047000,-0.658000,2.412000,1.450000,-0.305000,28.53
3.785656,0.741000,-0.067000,-0.661000,1.389000,2.779000,-0.321000,28.62
3.790576,0.744000,-0.068000,-0.665000,0.443000,4.626000,-0.580000,28.67
3.803025,0.754000,-0.071000,-0.651000,1.313000,1.359000,-0.672000,28.62
3.810369,0.769000,-0.069000,-0.638000,4.229000,-1.710000,-1.145000,28.72
3.822872,0.769000,-0.056000,-0.659000,-0.046000,5.618000,-0.977000,28.67
3.835212,0.760000,-0.021000,-0.610000,3.160000,0.809000,0.366000,28.58
3.842760,0.766000,-0.012000,-0.636000,2.702000,-2.763000,2.046000,28.62
3.855177,0.733000,-0.053000,-0.659000,1.664000,1.023000,2.870000,28.62
3.862796,0.740000,-0.063000,-0.659000,1.756000,-0.504000,2.550000,28.67
3.875309,0.732000,-0.062000,-0.676000,3.466000,-1.786000,2.641000,28.67
3.882597,0.671000,-0.034000,-0.673000,0.794000,4.794000,1.939000,28.72
3.894864,0.654000,-0.039000,-0.748000,0.962000,8.458000,1.954000,28.62
3.902705,0.707000,-0.077000,-0.686000,3.023000,6.626000,1.863000,28.67
3.914974,0.694000,-0.095000,-0.694000,0.366000,9.939000,0.260000,28.67
3.922420,0.719000,-0.085000,-0.671000,-2.947000,11.298000,0.031000,28.62
3.934838,0.711000,-0.073000,-0.657000,-0.397000,6.733000,-0.794000,28.58
3.942063,0.748000,-0.082000,-0.645000,-0.748000,4.641000,-0.840000,28.58
3.954536,0.756000,-0.064000,-0.642000,-0.733000,3.176000,-1.145000,28.67
3.961943,0.741000,-0.051000,-0.653000,-1.298000,2.824000,-1.053000,28.62
3.974116,0.727000,-0.062000,-0.669000,-2.092000,3.069000,-0.580000,28.72
3.982080,0.730000,-0.076000,-0.664000,-2.198000,2.840000,-0.840000,28.67
3.993830,0.670000,-0.030000,-0.643000,-2.870000,2.855000,-1.237000,28.58
4.001644,0.658000,-0.043000,-0.733000,-1.893000,3.542000,-0.260000,28.72
4.013765,0.725000,-0.090000,-0.682000,-2.962000,6.366000,-0.092000,28.53
4.020997,0.730000,-0.115000,-0.678000,-2.550000,6.748000,-1.634000,28.58
4.033607,0.731000,-0.087000,-0.665000,-3.954000,6.427000,-2.809000,28.67
4.040733,0.748000,-0.049000,-0.649000,-4.718000,5.496000,-2.626000,28.62
4.053022,0.767000,-0.033000,-0.627000,-3.969000,3.557000,-2.305000,28.62
4.065418,0.729000,-0.021000,-0.634000,-3.191000,1.084000,-1.573000,28.58
4.072666,0.753000,-0.044000,-0.648000,-2.992000,0.244000,-0.809000,28.67
4.084841,0.743000,-0.062000,-0.660000,-2.443000,-0.260000,-0.595000,28.62
4.092390,0.735000,-0.084000,-0.674000,-2.947000,0.550000,-1.389000,28.67
4.104576,0.728000,-0.074000,-0.675000,-3.298000,1.527000,-2.336000,28.58
4.115846,0.704000,-0.034000,-0.638000,-3.924000,1.023000,-2.122000,28.77
4.124410,0.708000,-0.016000,-0.685000,-4.000000,1.649000,-1.267000,28.62
4.131636,0.742000,-0.079000,-0.685000,-3.588000,2.595000,-0.977000,28.62
4.143843,0.740000,-0.075000,-0.665000,-3.557000,3.237000,-1.664000,28.67
4.151446,0.736000,-0.081000,-0.674000,-3.771000,2.656000,-2.305000,28.67
4.163608,0.748000,-0.072000,-0.662000,-3.618000,2.473000,-2.489000,28.72
4.171304,0.748000,-0.078000,-0.666000,-3.527000,2.443000,-2.748000,28.72
4.183550,0.752000,-0.068000,-0.671000,-3.542000,3.130000,-2.504000,28.67
4.190760,0.739000,-0.064000,-0.678000,-4.153000,4.427000,-2.061000,28.58
4.204317,0.744000,-0.057000,-0.662000,-3.374000,5.466000,-1.252000,28.62
4.215171,0.741000,-0.047000,-0.659000,-3.191000,6.076000,-0.763000,28.72
4.222455,0.744000,-0.032000,-0.659000,-3.405000,6.351000,-0.473000,28.67
4.235303,0.727000,-0.027000,-0.635000,-2.855000,6.534000,0.229000,28.67
4.242133,0.755000,-0.054000,-0.605000,-1.649000,3.649000,1.817000,28.62
4.254780,0.784000,-0.046000,-0.574000,1.069000,-1.160000,2.000000,28.58
4.262009,0.762000,-0.050000,-0.694000,2.458000,-1.252000,1.420000,28.58
4.274624,0.722000,-0.067000,-0.687000,3.176000,-2.168000,0.885000,28.67
4.281829,0.716000,-0.064000,-0.669000,1.969000,-0.412000,-0.076000,28.62
4.294386,0.710000,-0.078000,-0.704000,1.374000,0.244000,-0.595000,28.62
4.302032,0.737000,-0.086000,-0.695000,-0.473000,2.290000,-1.771000,28.67
4.314038,0.727000,-0.074000,-0.666000,-1.573000,3.985000,-2.779000,28.67
4.321025,0.755000,-0.049000,-0.621000,-1.847000,1.664000,-3.145000,28.62
4.333684,0.771000,-0.025000,-0.603000,0.580000,-4.779000,-1.863000,28.67
4.340823,0.774000,-0.009000,-0.610000,2.275000,-7.603000,-0.397000,28.67
4.353342,0.790000,-0.025000,-0.599000,5.069000,-12.412000,1.145000,28.58
4.360752,0.781000,-0.022000,-0.622000,7.756000,-16.580000,2.977000,28.53
4.373190,0.744000,-0.084000,-0.665000,9.924000,-18.198000,3.695000,28.77
4.380238,0.733000,-0.085000,-0.667000,9.969000,-16.794000,2.153000,28.67
4.394768,0.708000,-0.100000,-0.696000,10.382000,-15.038000,0.870000,28.72
4.405177,0.685000,-0.100000,-0.730000,8.992000,-13.435000,-0.275000,28.72
4.412255,0.682000,-0.099000,-0.713000,6.977000,-10.824000,-0.901000,28.67
4.424760,0.689000,-0.095000,-0.722000,5.405000,-9.206000,-1.603000,28.67
4.431753,0.678000,-0.102000,-0.741000,3.099000,-8.458000,-1.985000,28.62
4.444326,0.703000,-0.081000,-0.730000,0.565000,-7.405000,-1.771000,28.62
4.451664,0.723000,-0.059000,-0.693000,-0.580000,-6.137000,-1.527000,28.67
4.463450,0.685000,-0.039000,-0.706000,-0.489000,-5.710000,-0.397000,28.67
4.471110,0.685000,-0.047000,-0.728000,-0.275000,-4.046000,0.382000,28.72
4.483134,0.720000,-0.083000,-0.739000,-2.931000,1.573000,-0.672000,28.62
4.488981,0.716000,-0.052000,-0.682000,-3.221000,1.557000,-0.916000,28.58
4.502849,0.699000,-0.040000,-0.682000,-1.786000,0.092000,0.107000,28.67
4.515156,0.715000,-0.051000,-0.681000,-3.649000,3.008000,1.130000,28.62
4.522255,0.664000,-0.058000,-0.702000,1.130000,-0.214000,1.145000,28.58
4.534773,0.687000,-0.061000,-0.692000,2.534000,1.038000,2.046000,28.67
4.542214,0.667000,-0.057000,-0.714000,-1.695000,12.947000,2.489000,28.67
4.554445,0.678000,-0.087000,-0.733000,3.023000,4.870000,2.153000,28.62
4.562173,0.713000,-0.100000,-0.710000,0.824000,3.206000,1.664000,28.62
4.574398,0.698000,-0.116000,-0.755000,-2.244000,10.565000,0.763000,28.67
4.581469,0.713000,-0.101000,-0.694000,-1.679000,-5.725000,1.145000,28.67
4.593827,0.696000,-0.095000,-0.698000,-4.076000,3.420000,1.145000,28.53
4.601594,0.670000,-0.062000,-0.706000,-3.740000,5.649000,1.847000,28.72
4.613536,0.672000,-0.060000,-0.689000,0.076000,1.405000,2.992000,28.67
4.621474,0.671000,-0.063000,-0.695000,-0.214000,1.847000,4.351000,28.67
4.633550,0.685000,-0.062000,-0.689000,2.382000,3.282000,4.779000,28.62
4.640788,0.697000,-0.053000,-0.667000,1.695000,3.771000,4.885000,28.62
4.653260,0.683000,-0.061000,-0.675000,2.809000,2.641000,5.618000,28.58
4.660621,0.701000,-0.074000,-0.687000,2.473000,4.901000,5.771000,28.67
4.673076,0.695000,-0.059000,-0.684000,2.901000,4.473000,5.740000,28.62
4.680485,0.694000,-0.045000,-0.666000,6.366000,3.023000,5.527000,28.67
4.692933,0.699000,-0.079000,-0.690000,4.672000,4.046000,5.405000,28.67
4.705211,0.685000,-0.070000,-0.690000,2.702000,4.641000,4.427000,28.72
4.712604,0.683000,-0.078000,-0.677000,6.137000,1.664000,2.656000,28.62
4.725252,0.687000,-0.096000,-0.697000,2.794000,5.557000,0.260000,28.67
4.732458,0.682000,-0.101000,-0.728000,-0.031000,9.481000,-0.198000,28.58
4.744789,0.709000,-0.073000,-0.697000,2.382000,4.412000,0.061000,28.62
4.755540,0.699000,-0.083000,-0.700000,3.344000,3.374000,0.840000,28.53
4.764738,0.708000,-0.079000,-0.710000,3.115000,9.832000,1.328000,28.58
4.771726,0.681000,-0.079000,-0.748000,0.076000,16.260000,3.099000,28.67
4.784558,0.717000,-0.069000,-0.706000,-0.565000,14.443000,4.305000,28.62
4.791468,0.709000,-0.067000,-0.725000,-1.160000,11.985000,5.679000,28.62
4.803794,0.727000,-0.063000,-0.724000,-1.282000,20.519000,5.985000,28.67
4.811399,0.707000,-0.113000,-0.726000,-1.664000,28.519000,5.374000,28.67
4.823565,0.758000,-0.089000,-0.710000,-2.153000,33.221000,6.611000,28.53
4.831091,0.727000,-0.042000,-0.755000,1.130000,40.947000,8.351000,28.62
4.843152,0.719000,-0.034000,-0.772000,4.550000,52.397000,10.122000,28.67
4.855289,0.713000,-0.065000,-0.804000,12.611000,65.863000,10.092000,28.58
4.862340,0.642000,-0.257000,-0.959000,30.901000,80.153000,13.023000,28.62
4.874437,0.731000,0.027000,-0.922000,13.176000,125.298000,17.496000,28.62
4.881907,0.725000,-0.118000,-0.956000,28.015000,146.198000,19.511000,28.58
4.893835,0.609000,-0.181000,-1.005000,22.702000,179.985000,20.183000,28.58
4.900983,0.679000,-0.042000,-0.967000,29.145000,208.702000,17.893000,28.62
4.913211,0.877000,-0.049000,-0.954000,42.595000,230.153000,21.573000,28.72
4.925221,0.800000,-0.073000,-1.029000,47.405000,252.275000,23.985000,28.58
4.932115,0.918000,-0.068000,-1.012000,60.305000,270.183000,30.916000,28.67
4.944601,0.975000,-0.149000,-0.907000,62.412000,274.443000,35.008000,28.62
4.951628,1.161000,-0.212000,-1.046000,42.885000,281.603000,34.061000,28.67
4.963713,1.377000,-0.274000,-0.870000,3.252000,266.611000,24.534000,28.58
4.970846,1.307000,-0.031000,-0.857000,-9.252000,260.336000,27.420000,28.58
4.983040,1.428000,-0.026000,-0.812000,-3.130000,252.122000,38.336000,28.72
4.995474,1.262000,0.238000,-0.974000,-1.863000,239.374000,42.107000,28.58
5.002211,0.901000,0.157000,-1.453000,-1.954000,192.076000,47.099000,28.67
5.014331,0.297000,0.001000,-1.711000,-28.718000,121.832000,67.450000,28.72
5.021594,0.660000,0.052000,-1.551000,-56.092000,88.244000,82.198000,28.72
5.033655,0.483000,0.294000,-1.516000,-65.267000,32.046000,89.634000,28.58
5.040866,0.512000,0.369000,-1.364000,-70.992000,-5.069000,90.336000,28.58
5.052818,0.315000,0.439000,-1.097000,-68.779000,-45.740000,81.405000,28.62
5.065035,0.119000,0.438000,-0.895000,-62.626000,-56.198000,67.420000,28.72
5.072086,0.058000,0.391000,-0.749000,-64.763000,-57.328000,49.374000,28.67
5.084329,0.123000,0.380000,-0.713000,-66.366000,-55.863000,29.924000,28.67
5.091450,0.242000,0.390000,-0.734000,-64.214000,-60.733000,12.321000,28.53
5.103568,0.371000,0.391000,-0.741000,-57.756000,-71.710000,-4.092000,28.62
5.110577,0.471000,0.338000,-0.756000,-50.275000,-84.885000,-20.550000,28.58
5.122645,0.551000,0.276000,-0.738000,-43.405000,-97.649000,-38.153000,28.67
5.134578,0.599000,0.222000,-0.690000,-37.802000,-111.588000,-53.802000,28.62
5.141517,0.615000,0.164000,-0.673000,-31.374000,-116.107000,-67.130000,28.72
5.153237,0.658000,0.082000,-0.734000,-30.107000,-118.382000,-78.473000,28.58
5.165325,0.774000,-0.029000,-0.736000,-28.290000,-128.198000,-88.076000,28.67
5.172234,0.835000,-0.114000,-0.730000,-28.901000,-132.565000,-90.962000,28.62
5.184197,0.861000,-0.208000,-0.708000,-27.099000,-140.275000,-89.603000,28.62
5.190926,0.896000,-0.270000,-0.663000,-25.038000,-142.076000,-81.130000,28.67
5.202841,0.940000,-0.311000,-0.640000,-26.489000,-141.893000,-66.794000,28.67
5.214965,0.977000,-0.343000,-0.663000,-30.397000,-142.336000,-50.275000,28.53
5.221681,1.025000,-0.316000,-0.680000,-40.351000,-145.557000,-35.115000,28.67
5.233405,1.099000,-0.231000,-0.698000,-47.466000,-142.443000,-24.641000,28.67
5.245179,1.146000,-0.127000,-0.682000,-52.473000,-139.313000,-18.611000,28.67
5.252298,1.212000,-0.031000,-0.604000,-55.496000,-146.489000,-16.901000,28.62
5.266161,1.269000,0.024000,-0.615000,-59.603000,-142.473000,-22.947000,28.72
5.271075,1.266000,0.078000,-0.543000,-55.786000,-125.191000,-37.069000,28.67
5.283469,1.250000,0.095000,-0.492000,-46.168000,-129.252000,-53.527000,28.72
5.295110,1.233000,0.090000,-0.455000,-34.275000,-129.511000,-70.840000,28.62
5.302224,1.192000,0.038000,-0.466000,-31.466000,-113.405000,-86.947000,28.62
5.313880,1.125000,-0.039000,-0.496000,-26.855000,-104.214000,-98.214000,28.77
5.321035,1.128000,-0.122000,-0.513000,-19.847000,-99.008000,-105.954000,28.58
5.332580,1.149000,-0.189000,-0.558000,-9.084000,-97.771000,-108.137000,28.62
5.344542,1.159000,-0.226000,-0.594000,-0.565000,-101.649000,-104.504000,28.67
5.351461,1.108000,-0.286000,-0.595000,7.740000,-106.779000,-96.763000,28.67
5.363849,1.049000,-0.315000,-0.521000,11.634000,-106.855000,-87.664000,28.62
5.371147,0.948000,-0.337000,-0.542000,13.328000,-99.389000,-76.122000,28.72
5.382673,0.889000,-0.341000,-0.496000,10.809000,-98.550000,-64.641000,28.58
5.394686,0.894000,-0.320000,-0.483000,5.328000,-89.405000,-54.794000,28.67
5.401968,0.871000,-0.298000,-0.593000,-4.107000,-70.153000,-48.885000,28.62
5.414135,0.905000,-0.273000,-0.558000,-9.664000,-74.916000,-43.008000,28.62
5.424041,0.997000,-0.244000,-0.456000,-16.611000,-77.374000,-39.863000,28.67
5.432510,1.048000,-0.247000,-0.438000,-36.779000,-66.443000,-37.511000,28.67
5.444742,1.037000,-0.210000,-0.379000,-39.130000,-67.847000,-37.084000,28.62
5.453832,0.933000,-0.139000,-0.390000,-46.122000,-64.473000,-35.954000,28.62
5.463610,1.005000,-0.175000,-0.155000,-28.000000,-71.221000,-25.969000,28.67
5.470700,1.114000,-0.283000,-0.111000,-26.962000,-53.344000,-19.466000,28.67
5.482508,1.105000,-0.290000,-0.037000,-16.458000,-40.687000,-13.618000,28.62
5.494689,1.134000,-0.298000,0.046000,-1.450000,-40.626000,-5.695000,28.72
5.502433,1.191000,-0.349000,0.143000,1.527000,-25.053000,-1.588000,28.67
5.514400,1.253000,-0.418000,0.230000,8.901000,-21.374000,4.382000,28.67
5.521632,1.313000,-0.468000,0.436000,18.290000,-9.496000,12.916000,28.53
5.534000,1.302000,-0.520000,0.700000,17.725000,28.916000,31.679000,28.62
5.540867,1.292000,-0.585000,1.074000,26.229000,71.649000,51.221000,28.67
5.553034,1.376000,-0.741000,1.310000,45.664000,109.588000,65.618000,28.58
5.565099,1.140000,-0.043000,-0.394000,30.687000,190.458000,56.397000,28.62
5.572107,1.562000,0.428000,-1.683000,27.634000,132.458000,37.130000,28.53
5.584525,0.396000,0.387000,-0.731000,54.855000,101.221000,50.153000,28.58
5.591668,0.693000,0.024000,-0.523000,40.076000,188.977000,29.817000,28.48
5.603812,1.682000,-0.130000,-0.756000,62.748000,157.954000,13.374000,28.62
5.610630,1.215000,-0.444000,-0.792000,38.031000,168.198000,22.397000,28.62
5.622941,1.875000,-0.127000,-0.735000,37.145000,100.885000,50.076000,28.67
5.628776,1.651000,-0.097000,-0.571000,66.626000,47.649000,57.802000,28.58
5.642502,0.994000,-0.360000,-0.788000,66.244000,5.832000,49.802000,28.62
5.654676,1.027000,-0.484000,-0.837000,61.847000,-4.992000,39.496000,28.67
5.661982,1.129000,-0.259000,-0.653000,38.504000,-1.115000,18.198000,28.67
5.674225,0.844000,-0.319000,-0.624000,12.870000,1.893000,7.954000,28.58
5.681590,0.793000,-0.163000,-0.593000,25.847000,5.802000,-5.069000,28.62
5.693801,0.809000,-0.145000,-0.689000,-3.771000,19.908000,-5.084000,28.62
5.701106,0.766000,-0.097000,-0.723000,-8.977000,20.305000,-5.969000,28.67
5.713161,0.774000,-0.045000,-0.656000,-10.122000,9.069000,-3.237000,28.58
5.720495,0.719000,-0.024000,-0.763000,-6.901000,1.725000,-2.504000,28.53
5.732627,0.695000,-0.011000,-0.685000,0.031000,-7.603000,-1.038000,28.62
5.744948,0.727000,-0.054000,-0.660000,1.267000,-2.015000,-0.550000,28.58
5.752059,0.730000,-0.057000,-0.675000,-0.382000,4.137000,-0.718000,28.58
5.764437,0.759000,-0.042000,-0.647000,2.763000,-2.656000,-0.031000,28.62
5.771995,0.734000,-0.055000,-0.689000,-0.443000,3.466000,0.321000,28.62
5.784373,0.740000,-0.058000,-0.677000,1.099000,3.511000,0.244000,28.67
5.791804,0.721000,-0.053000,-0.675000,0.611000,3.481000,0.214000,28.67
5.804032,0.723000,-0.062000,-0.688000,1.511000,1.328000,0.275000,28.62
5.811490,0.719000,-0.061000,-0.669000,-0.641000,1.344000,0.229000,28.67
5.823906,0.713000,-0.072000,-0.690000,-2.229000,1.664000,0.473000,28.67
5.831289,0.721000,-0.064000,-0.675000,-1.786000,1.359000,0.229000,28.58
5.843297,0.723000,-0.064000,-0.674000,-1.664000,1.817000,-0.092000,28.62
5.850849,0.739000,-0.063000,-0.654000,-0.504000,0.977000,-0.092000,28.62
5.863059,0.719000,-0.045000,-0.671000,0.351000,1.008000,0.092000,28.67
5.870549,0.717000,-0.040000,-0.654000,1.832000,-2.687000,0.885000,28.67
5.882992,0.730000,-0.052000,-0.663000,2.840000,-4.626000,1.527000,28.62
5.895331,0.706000,-0.040000,-0.669000,2.595000,-6.626000,2.885000,28.62
5.902359,0.693000,-0.035000,-0.662000,0.702000,-5.191000,3.756000,28.67
5.914881,0.712000,-0.065000,-0.671000,-2.427000,-2.641000,4.366000,28.62
5.922067,0.709000,-0.076000,-0.674000,2.397000,-1.740000,2.840000,28.62
5.934768,0.719000,-0.064000,-0.707000,3.023000,3.511000,1.557000,28.58
5.941503,0.693000,-0.075000,-0.728000,-4.244000,12.122000,1.328000,28.67
5.953908,0.723000,-0.098000,-0.695000,-0.198000,7.817000,0.031000,28.53
5.961375,0.739000,-0.075000,-0.682000,5.511000,4.916000,-1.405000,28.62
5.973644,0.691000,-0.088000,-0.791000,-2.794000,27.908000,-3.267000,28.58
5.982921,0.700000,-0.064000,-0.637000,2.336000,18.565000,-4.000000,28.58
5.993053,0.732000,-0.084000,-0.730000,-1.893000,16.855000,-3.313000,28.62
6.005392,0.728000,-0.083000,-0.663000,-1.954000,27.954000,-3.221000,28.53
6.012727,0.783000,-0.081000,-0.710000,-0.947000,31.160000,-3.405000,28.67
6.027956,0.700000,-0.057000,-0.787000,-2.595000,45.038000,-3.740000,28.67
6.031523,0.731000,-0.140000,-0.766000,3.344000,48.076000,-5.038000,28.62
6.043775,0.712000,-0.085000,-0.787000,-1.023000,53.313000,-3.756000,28.62
6.051171,0.689000,0.024000,-0.825000,-7.069000,66.031000,0.305000,28.67
6.063654,0.717000,-0.176000,-0.831000,10.443000,85.053000,2.931000,28.67
6.070672,0.729000,-0.041000,-0.767000,16.061000,94.122000,2.702000,28.62
6.083141,0.743000,-0.158000,-0.770000,15.588000,99.435000,2.489000,28.77
6.088687,0.752000,-0.140000,-0.818000,15.664000,141.145000,-2.809000,28.67
6.101991,0.762000,-0.106000,-0.806000,24.534000,151.008000,-4.168000,28.58
6.114282,0.636000,-0.121000,-0.860000,30.107000,188.031000,-5.328000,28.72
6.121331,0.799000,-0.050000,-0.837000,27.008000,213.557000,-3.420000,28.62
6.133578,0.836000,-0.020000,-0.909000,37.405000,255.038000,-1.603000,28.58
6.140527,0.776000,-0.050000,-0.917000,40.031000,299.878000,4.641000,28.67
6.153036,0.905000,0.091000,-0.938000,58.779000,328.885000,6.260000,28.72
6.160107,0.812000,0.045000,-1.013000,67.649000,357.267000,22.244000,28.62
6.172253,1.017000,0.038000,-0.962000,96.229000,403.802000,38.046000,28.58
6.184546,1.168000,-0.171000,-1.041000,109.695000,438.733000,39.786000,28.67
6.191348,2.146000,-0.585000,-1.352000,37.893000,425.130000,16.519000,28.53
6.203828,1.647000,-0.429000,-0.950000,23.389000,405.695000,0.092000,28.53
6.210861,2.061000,-0.341000,-0.964000,4.290000,371.038000,-5.176000,28.58
6.223063,2.125000,-0.187000,-1.023000,-2.275000,356.824000,6.550000,28.67
6.230012,2.104000,0.224000,-0.857000,18.305000,301.405000,28.748000,28.62
6.242357,1.996000,0.287000,-0.850000,14.916000,212.198000,41.145000,28.58
6.254621,0.694000,0.147000,-1.505000,-14.046000,159.099000,34.458000,28.67
6.261669,0.965000,-0.534000,-1.583000,-31.939000,94.733000,60.244000,28.58
6.274083,0.636000,0.065000,-1.984000,-93.313000,9.573000,62.473000,28.62
6.280775,0.298000,0.312000,-1.351000,-97.725000,-15.496000,82.672000,28.58
6.293326,0.222000,0.361000,-1.210000,-100.885000,-61.237000,94.275000,28.58
6.298568,0.085000,0.267000,-0.983000,-121.725000,-64.641000,90.580000,28.53
6.312123,-0.033000,0.321000,-0.893000,-131.832000,-69.542000,74.214000,28.62
6.324107,0.087000,0.452000,-0.721000,-114.061000,-111.099000,58.748000,28.67
6.330709,0.157000,0.527000,-0.615000,-99.023000,-104.351000,39.237000,28.67
6.343149,0.280000,0.512000,-0.604000,-83.176000,-113.893000,18.840000,28.62
6.348607,0.410000,0.447000,-0.557000,-70.809000,-125.863000,-6.260000,28.67
6.362033,0.510000,0.370000,-0.526000,-62.702000,-132.397000,-31.145000,28.67
6.373993,0.640000,0.316000,-0.573000,-58.611000,-144.183000,-52.626000,28.58
6.380756,0.883000,0.244000,-0.623000,-57.634000,-161.344000,-73.664000,28.72
6.400411,1.095000,0.192000,-0.690000,-55.023000,-187.206000,-92.855000,28.62
6.404782,1.175000,0.178000,-0.717000,-44.656000,-213.084000,-106.076000,28.58
6.413819,1.134000,0.172000,-0.690000,-30.641000,-225.008000,-113.969000,28.58
6.424429,1.060000,0.148000,-0.655000,-18.061000,-229.817000,-114.977000,28.72
6.431144,1.088000,0.053000,-0.652000,-11.878000,-226.916000,-114.580000,28.53
6.442036,1.101000,-0.019000,-0.645000,-16.641000,-231.038000,-115.389000,28.58
6.456991,1.120000,-0.020000,-0.685000,-21.176000,-228.489000,-117.099000,28.58
6.461171,1.103000,0.082000,-0.755000,-22.916000,-233.405000,-115.893000,28.72
6.474124,1.095000,0.188000,-0.901000,-15.618000,-231.725000,-114.443000,28.53
6.492329,1.147000,0.246000,-1.045000,-9.924000,-232.718000,-116.137000,28.58
6.492910,1.463000,-0.090000,-1.230000,-16.092000,-249.511000,-97.252000,28.58
6.507565,1.267000,-0.061000,-1.148000,-23.634000,-268.275000,-94.565000,28.53
6.510124,1.290000,0.112000,-1.219000,-42.351000,-255.527000,-117.511000,28.58
6.523141,1.857000,0.261000,-1.056000,-43.695000,-266.672000,-134.809000,28.58
6.534227,2.307000,0.068000,-0.853000,-33.191000,-296.641000,-152.443000,28.53
6.540746,2.574000,-0.239000,-0.444000,-23.328000,-326.916000,-171.786000,28.62
6.552592,2.960000,-0.712000,-0.000000,-21.328000,-293.817000,-174.565000,28.58
6.564753,1.701000,-1.099000,2.382000,52.412000,-300.809000,-70.351000,28.58
6.571628,3.201000,-2.857000,3.675000,38.641000,-202.229000,-39.527000,28.72
6.593249,3.063000,-2.337000,3.779000,-101.817000,-25.252000,11.252000,28.62
6.593842,2.394000,-1.574000,4.000000,15.328000,165.893000,62.794000,28.67
6.602970,2.371000,-1.598000,4.000000,94.947000,234.870000,181.679000,28.67
6.610264,3.667000,0.862000,-1.957000,25.405000,103.313000,49.420000,28.62
6.622225,4.000000,3.723000,-1.054000,94.901000,-103.985000,123.710000,28.67
6.634511,-0.479000,-2.868000,-0.846000,199.802000,12.748000,153.893000,28.58
6.641491,2.818000,-1.866000,-1.787000,15.985000,-23.053000,46.275000,28.67
6.655974,1.288000,0.115000,-0.865000,0.656000,-13.786000,4.641000,28.62
6.660846,0.873000,-0.133000,-0.548000,-7.145000,25.618000,5.420000,28.62
6.673784,1.082000,0.076000,-0.527000,4.153000,7.328000,0.947000,28.58
6.680448,0.798000,0.012000,-0.705000,12.565000,-0.534000,5.893000,28.58
6.698836,0.728000,0.002000,-0.794000,17.924000,-4.611000,7.908000,28.53
6.702984,0.703000,-0.188000,-0.835000,2.580000,24.031000,3.405000,28.62
6.713496,0.750000,-0.090000,-0.731000,6.901000,25.573000,-0.733000,28.58
6.732357,0.815000,-0.102000,-0.533000,23.695000,-41.389000,2.718000,28.58
6.733574,0.713000,-0.108000,-0.752000,-13.557000,48.565000,1.099000,28.62
6.744645,0.731000,-0.089000,-0.697000,-0.885000,-4.046000,3.115000,28.62
6.751537,0.686000,-0.077000,-0.711000,-11.832000,35.481000,0.687000,28.48
6.763740,0.701000,-0.059000,-0.743000,-15.023000,69.252000,-1.969000,28.58
6.771291,0.682000,-0.050000,-0.713000,-2.504000,22.931000,1.389000,28.72
6.787050,0.671000,-0.058000,-0.734000,-1.786000,47.130000,-1.634000,28.58
6.790265,0.669000,-0.023000,-0.776000,-0.809000,26.458000,0.809000,28.67
6.802720,0.758000,-0.033000,-0.441000,14.809000,25.679000,-0.641000,28.58
6.814822,0.657000,-0.031000,-0.641000,-0.504000,36.901000,-1.344000,28.62
6.822057,0.682000,-0.010000,-0.751000,-8.275000,25.679000,2.748000,28.53
6.834333,0.707000,-0.022000,-0.623000,-7.527000,19.893000,5.374000,28.67
6.841608,0.762000,-0.055000,-0.689000,-2.168000,-2.702000,7.496000,28.58
6.853938,0.762000,-0.077000,-0.591000,-5.878000,1.603000,6.534000,28.62
6.861247,0.729000,-0.054000,-0.711000,1.053000,13.130000,5.145000,28.62
6.873504,0.705000,-0.065000,-0.666000,3.634000,18.962000,3.115000,28.67
6.886668,0.727000,-0.049000,-0.654000,5.008000,17.298000,3.008000,28.67
6.893261,0.694000,-0.023000,-0.657000,-2.458000,15.298000,5.557000,28.62
6.900571,0.690000,-0.010000,-0.722000,0.611000,17.771000,5.802000,28.62
6.913467,0.743000,-0.057000,-0.675000,5.405000,17.618000,6.550000,28.58
6.922339,0.789000,-0.106000,-0.569000,11.084000,13.786000,4.366000,28.53
6.932454,0.808000,-0.138000,-0.585000,3.344000,12.443000,3.527000,28.53
6.944993,0.793000,-0.110000,-0.563000,-3.344000,5.237000,2.061000,28.67
6.960832,0.760000,-0.071000,-0.616000,-2.672000,1.695000,1.282000,28.67
6.964976,0.755000,-0.065000,-0.683000,-1.664000,4.229000,1.145000,28.62
6.973093,0.739000,-0.068000,-0.677000,-3.145000,9.878000,1.115000,28.62
6.989491,0.744000,-0.062000,-0.684000,-2.916000,11.023000,0.977000,28.58
6.995978,0.751000,-0.059000,-0.663000,-1.191000,-0.504000,1.313000,28.67
7.004004,0.744000,-0.079000,-0.659000,-1.435000,1.496000,1.099000,28.62
7.010978,0.753000,-0.080000,-0.649000,-3.832000,7.069000,-0.321000,28.62
7.023266,0.750000,-0.089000,-0.637000,-3.817000,7.099000,-1.221000,28.67
7.030489,0.753000,-0.070000,-0.637000,-4.183000,6.336000,-1.405000,28.58
7.042797,0.765000,-0.045000,-0.630000,-5.710000,7.511000,-1.466000,28.62
7.048399,0.760000,-0.039000,-0.630000,-3.786000,1.893000,-0.687000,28.62
7.062310,0.762000,-0.040000,-0.616000,-4.443000,-0.565000,0.046000,28.58
7.074971,0.765000,-0.043000,-0.638000,-2.031000,-1.069000,0.550000,28.58
7.081776,0.765000,-0.061000,-0.619000,-0.718000,-6.076000,1.450000,28.72
7.094528,0.771000,-0.060000,-0.623000,0.595000,-10.290000,2.061000,28.62
7.101413,0.756000,-0.055000,-0.601000,1.298000,-11.847000,2.702000,28.67
7.113923,0.745000,-0.035000,-0.639000,0.870000,-13.023000,3.420000,28.67
7.120905,0.739000,-0.043000,-0.656000,0.595000,-12.687000,4.290000,28.53
7.133309,0.710000,-0.008000,-0.677000,-1.771000,-8.962000,4.153000,28.62
7.140324,0.684000,-0.061000,-0.739000,-2.260000,-3.924000,4.794000,28.58
7.153011,0.722000,-0.090000,-0.700000,-1.542000,-0.290000,3.786000,28.48
7.158601,0.723000,-0.097000,-0.694000,-1.496000,5.985000,1.924000,28.53
7.172373,0.719000,-0.079000,-0.677000,-1.603000,7.344000,1.313000,28.62
7.184805,0.731000,-0.088000,-0.685000,-0.992000,8.748000,0.977000,28.58
7.192092,0.735000,-0.084000,-0.647000,-0.305000,0.168000,0.641000,28.58
7.204651,0.651000,-0.091000,-0.965000,2.977000,75.756000,-6.305000,28.62
7.211630,0.746000,-0.067000,-0.586000,3.695000,28.000000,-4.901000,28.58
7.224007,0.761000,-0.074000,-0.657000,-2.992000,1.145000,-0.183000,28.67
7.230953,0.746000,-0.072000,-0.688000,-0.748000,6.061000,-0.260000,28.58
7.243657,0.758000,-0.071000,-0.708000,0.519000,-2.061000,0.687000,28.62
7.251250,0.757000,-0.063000,-0.627000,0.321000,-6.656000,0.931000,28.53
7.263371,0.760000,-0.075000,-0.663000,0.137000,-3.176000,0.718000,28.67
7.270314,0.763000,-0.087000,-0.722000,-2.519000,2.931000,0.901000,28.58
7.282772,0.760000,-0.098000,-0.671000,-3.664000,-8.718000,1.130000,28.53
7.290041,0.698000,-0.029000,-0.590000,2.046000,-8.336000,0.824000,28.67
7.302244,0.749000,-0.050000,-0.649000,-0.504000,-9.588000,1.725000,28.58
7.315223,0.726000,-0.074000,-0.678000,0.214000,-4.626000,0.504000,28.72
7.323294,0.666000,-0.070000,-0.814000,-1.206000,1.527000,-0.366000,28.62
7.334345,0.718000,-0.075000,-0.714000,-0.840000,0.916000,-0.427000,28.58
7.341534,0.722000,-0.089000,-0.665000,0.763000,-1.847000,-1.115000,28.67
7.353729,0.738000,-0.079000,-0.685000,-1.053000,5.038000,-1.634000,28.62
7.361119,0.715000,-0.070000,-0.691000,-2.672000,7.725000,-1.847000,28.62
7.373196,0.740000,-0.070000,-0.649000,-4.580000,3.450000,-1.328000,28.58
7.380948,0.738000,-0.052000,-0.654000,-3.206000,4.595000,-1.542000,28.58
7.396167,0.750000,-0.061000,-0.635000,-4.779000,6.595000,-0.962000,28.53
7.400008,0.742000,-0.071000,-0.658000,-5.450000,8.794000,-0.855000,28.62
7.412987,0.750000,-0.056000,-0.627000,-1.634000,-2.840000,-0.458000,28.58
7.424871,0.723000,-0.070000,-0.670000,-1.786000,4.626000,-1.023000,28.58
7.432211,0.732000,-0.075000,-0.664000,-4.092000,7.389000,-1.557000,28.62
7.444287,0.747000,-0.067000,-0.663000,-0.733000,0.000000,-1.191000,28.62
7.451412,0.744000,-0.067000,-0.655000,0.061000,-1.405000,-0.947000,28.58
7.464291,0.735000,-0.065000,-0.667000,-0.641000,0.473000,-0.656000,28.48
7.473359,0.732000,-0.068000,-0.674000,-0.885000,0.855000,-0.244000,28.53
7.487521,0.740000,-0.087000,-0.648000,0.122000,-0.809000,-0.275000,28.53
7.490173,0.737000,-0.074000,-0.652000,0.779000,-3.679000,-0.534000,28.58
7.502808,0.749000,-0.077000,-0.661000,0.885000,-4.107000,-0.794000,28.58
7.515125,0.747000,-0.068000,-0.648000,0.565000,-4.366000,-0.855000,28.62
7.522845,0.740000,-0.059000,-0.654000,0.412000,-3.176000,-0.702000,28.62
7.536304,0.737000,-0.053000,-0.679000,0.382000,-2.122000,-0.443000,28.67
7.541860,0.729000,-0.068000,-0.680000,0.534000,-0.931000,-0.153000,28.58
7.554160,0.732000,-0.080000,-0.665000,-0.351000,0.687000,-0.733000,28.62
7.561287,0.735000,-0.080000,-0.672000,-1.832000,1.206000,-1.145000,28.62
7.573570,0.735000,-0.082000,-0.669000,-2.595000,2.122000,-1.481000,28.67
7.581427,0.724000,-0.066000,-0.669000,-2.901000,2.763000,-1.908000,28.58
7.593273,0.724000,-0.062000,-0.659000,-2.824000,2.550000,-1.878000,28.62
7.600438,0.724000,-0.046000,-0.652000,-3.115000,2.595000,-1.389000,28.62
7.612881,0.739000,-0.061000,-0.671000,-2.565000,1.252000,-0.855000,28.58
7.631064,0.716000,-0.042000,-0.655000,-2.565000,3.802000,-0.702000,28.58
7.633944,0.697000,-0.074000,-0.689000,-1.679000,0.840000,-0.153000,28.53
7.645878,0.710000,-0.096000,-0.680000,-2.458000,0.977000,-0.824000,28.53
7.651706,0.697000,-0.100000,-0.696000,-2.534000,1.206000,-2.031000,28.58
7.664312,0.627000,-0.008000,-0.752000,-4.153000,6.336000,-2.992000,28.67
7.671192,0.700000,-0.088000,-0.734000,-3.099000,6.076000,-2.168000,28.62
7.683854,0.773000,-0.095000,-0.645000,-6.611000,12.260000,-3.939000,28.53
7.690653,0.729000,-0.088000,-0.680000,-5.649000,12.443000,-4.885000,28.67
7.702872,0.755000,-0.076000,-0.647000,-3.756000,10.031000,-5.344000,28.48
7.708574,0.749000,-0.048000,-0.652000,-4.107000,9.725000,-4.473000,28.58
7.722318,0.767000,-0.058000,-0.625000,-3.374000,6.641000,-3.405000,28.62
7.734949,0.752000,-0.045000,-0.626000,-3.023000,4.611000,-2.641000,28.62
7.741957,0.746000,-0.047000,-0.620000,-3.527000,2.931000,-2.031000,28.58
7.754268,0.724000,-0.044000,-0.636000,-2.901000,2.550000,-2.534000,28.58
7.761736,0.712000,-0.060000,-0.683000,-3.527000,3.038000,-3.328000,28.62
7.773868,0.732000,-0.082000,-0.676000,-3.374000,1.221000,-3.374000,28.53
7.781059,0.737000,-0.086000,-0.660000,-4.305000,2.229000,-4.244000,28.58
7.793533,0.739000,-0.075000,-0.664000,-4.198000,1.740000,-4.534000,28.67
7.800612,0.743000,-0.074000,-0.658000,-3.649000,1.038000,-4.687000,28.62
7.812977,0.751000,-0.065000,-0.650000,-2.901000,0.137000,-4.824000,28.62
7.825389,0.745000,-0.039000,-0.648000,-2.565000,-0.809000,-4.824000,28.58
7.832245,0.736000,-0.061000,-0.656000,-2.260000,-2.229000,-3.496000,28.67
7.844462,0.737000,-0.028000,-0.657000,-1.573000,-3.084000,-2.443000,28.62
7.851683,0.701000,-0.010000,-0.702000,-0.931000,-2.168000,-0.779000,28.58
7.864019,0.741000,-0.057000,-0.678000,-0.382000,-1.008000,-0.504000,28.58
7.871250,0.741000,-0.054000,-0.657000,-0.672000,0.198000,-1.115000,28.58
7.883647,0.737000,-0.055000,-0.659000,-0.122000,0.290000,-1.099000,28.62
7.890722,0.736000,-0.056000,-0.660000,0.687000,0.000000,-1.282000,28.48
7.903225,0.740000,-0.070000,-0.654000,0.427000,-0.229000,-1.481000,28.67
7.909069,0.741000,-0.081000,-0.662000,0.427000,-1.038000,-1.695000,28.62
7.922770,0.735000,-0.067000,-0.673000,0.183000,-0.656000,-2.107000,28.53
7.934794,0.734000,-0.063000,-0.675000,-0.122000,-1.053000,-2.214000,28.58
7.942079,0.735000,-0.076000,-0.673000,-0.489000,-1.053000,-2.198000,28.58
7.954283,0.728000,-0.060000,-0.679000,-1.603000,-1.115000,-1.649000,28.62
7.961631,0.732000,-0.064000,-0.661000,-1.740000,-1.603000,-1.450000,28.58
7.973606,0.742000,-0.054000,-0.651000,-1.710000,-2.519000,-1.603000,28.58
7.980533,0.710000,-0.023000,-0.688000,-0.809000,-2.382000,-1.191000,28.58
7.992832,0.723000,-0.054000,-0.700000,-0.809000,-1.756000,-0.382000,28.62
8.005097,0.723000,-0.066000,-0.704000,-0.977000,0.092000,-0.244000,28.62
8.012473,0.725000,-0.064000,-0.690000,-0.916000,1.832000,-0.580000,28.58
8.024828,0.725000,-0.068000,-0.684000,-0.992000,2.840000,-0.840000,28.58
8.032054,0.728000,-0.070000,-0.681000,-0.855000,3.038000,-1.298000,28.53
8.044192,0.728000,-0.049000,-0.664000,-0.840000,2.641000,-1.023000,28.62
8.051562,0.722000,-0.038000,-0.654000,-0.092000,2.000000,-0.565000,28.58
8.063945,0.726000,-0.038000,-0.651000,0.458000,0.809000,0.397000,28.67
8.071131,0.722000,-0.031000,-0.638000,1.282000,-0.183000,0.901000,28.53
8.083564,0.715000,-0.026000,-0.647000,2.595000,-0.611000,1.145000,28.72
8.091063,0.723000,-0.043000,-0.648000,3.588000,-0.198000,0.672000,28.58
8.103589,0.718000,-0.064000,-0.675000,3.786000,-0.168000,0.672000,28.58
8.110782,0.721000,-0.070000,-0.682000,3.328000,0.534000,0.076000,28.62
8.123112,0.704000,-0.061000,-0.688000,3.603000,-0.519000,0.031000,28.58
8.130648,0.712000,-0.066000,-0.691000,3.160000,-0.626000,0.137000,28.48
8.142919,0.718000,-0.057000,-0.679000,2.687000,0.718000,0.321000,28.58
8.155076,0.702000,-0.054000,-0.692000,3.725000,-0.092000,0.580000,28.62
8.163457,0.700000,-0.070000,-0.709000,2.855000,1.695000,1.099000,28.62
8.174881,0.720000,-0.081000,-0.706000,1.740000,3.496000,1.542000,28.58
8.182685,0.708000,-0.070000,-0.701000,1.359000,5.160000,0.992000,28.58
8.194689,0.698000,-0.067000,-0.699000,0.595000,10.336000,1.038000,28.53
8.202260,0.707000,-0.073000,-0.701000,1.832000,8.931000,1.206000,28.72
8.214606,0.732000,-0.067000,-0.661000,0.290000,11.786000,0.962000,28.67
8.222087,0.710000,-0.072000,-0.685000,2.840000,10.107000,1.267000,28.58
8.234639,0.714000,-0.087000,-0.717000,1.740000,14.565000,1.221000,28.62
8.241976,0.725000,-0.056000,-0.713000,1.176000,17.924000,1.313000,28.62
8.253942,0.689000,-0.067000,-0.740000,-0.489000,23.481000,2.168000,28.58
8.261248,0.700000,-0.076000,-0.752000,-1.099000,29.725000,2.061000,28.53
8.273676,0.728000,-0.037000,-0.720000,7.145000,24.046000,0.916000,28.62
8.280786,0.583000,-0.049000,-0.840000,-1.496000,44.183000,2.061000,28.67
8.292987,0.698000,0.004000,-0.768000,5.252000,39.099000,3.023000,28.48
8.300292,0.746000,-0.089000,-0.724000,6.290000,55.450000,2.458000,28.62
8.312847,0.656000,0.007000,-0.878000,28.473000,58.779000,1.267000,28.62
8.325328,0.628000,-0.010000,-0.869000,7.740000,94.473000,5.008000,28.67
8.332225,0.699000,-0.125000,-0.821000,13.954000,111.969000,5.115000,28.67
8.344673,0.716000,-0.035000,-0.853000,18.779000,126.794000,4.611000,28.62
8.351904,0.708000,-0.119000,-0.806000,20.504000,145.634000,7.191000,28.53
8.364088,0.837000,-0.004000,-0.809000,18.504000,158.916000,9.511000,28.48
8.370935,0.882000,-0.009000,-0.831000,20.427000,172.489000,12.840000,28.58
8.383248,0.764000,-0.027000,-0.835000,25.374000,170.336000,17.664000,28.62
8.395228,0.905000,-0.057000,-0.834000,23.802000,187.481000,21.084000,28.62
8.402561,0.885000,-0.044000,-0.803000,23.649000,192.794000,26.336000,28.48
8.420712,1.205000,-0.165000,-0.897000,8.092000,190.794000,18.183000,28.58
8.421794,0.860000,-0.064000,-0.984000,-5.695000,177.847000,14.718000,28.62
8.433894,0.643000,0.263000,-1.379000,-4.550000,155.221000,13.115000,28.62
8.440838,0.243000,0.301000,-1.747000,-6.260000,117.985000,10.260000,28.67
8.453004,-0.062000,0.234000,-1.874000,-17.405000,77.893000,10.641000,28.58
8.464980,-0.135000,0.167000,-1.899000,-23.710000,43.069000,16.977000,28.62
8.472169,-0.023000,0.043000,-1.869000,-31.740000,-0.611000,29.466000,28.53
8.484395,0.197000,0.139000,-1.534000,-30.916000,-70.260000,44.641000,28.58
8.491502,0.048000,0.146000,-1.594000,-59.466000,-60.870000,53.985000,28.58
8.503570,0.101000,0.192000,-1.378000,-64.260000,-58.458000,55.298000,28.53
8.510566,0.241000,0.243000,-1.261000,-68.366000,-85.481000,54.244000,28.53
8.522677,0.383000,0.277000,-1.219000,-69.053000,-96.351000,47.847000,28.58
8.534856,0.542000,0.270000,-1.212000,-72.137000,-102.885000,39.328000,28.58
8.542022,0.689000,0.257000,-1.171000,-70.885000,-115.466000,27.786000,28.53
8.553910,0.782000,0.239000,-1.090000,-71.908000,-121.573000,14.198000,28.67
8.561143,0.801000,0.248000,-0.966000,-64.794000,-130.794000,0.412000,28.58
8.572969,0.793000,0.219000,-0.895000,-57.221000,-129.511000,-14.000000,28.58
8.585339,0.844000,0.202000,-0.829000,-47.252000,-121.145000,-29.634000,28.53
8.591945,0.879000,0.185000,-0.816000,-32.977000,-119.176000,-43.038000,28.62
8.604000,0.896000,0.128000,-0.800000,-20.473000,-114.962000,-55.008000,28.58
8.610838,0.910000,0.041000,-0.753000,-15.954000,-103.221000,-66.046000,28.58
8.622789,0.868000,-0.043000,-0.754000,-6.351000,-108.718000,-73.542000,28.53
8.634559,0.882000,-0.138000,-0.814000,-13.176000,-100.992000,-75.695000,28.53
8.641499,1.023000,-0.217000,-0.914000,-26.748000,-67.008000,-83.160000,28.67
8.653389,1.194000,-0.229000,-0.843000,-30.550000,-106.947000,-74.565000,28.58
8.660187,1.190000,-0.143000,-0.786000,-27.069000,-129.282000,-59.725000,28.62
8.672171,1.059000,-0.189000,-0.735000,-22.687000,-123.969000,-44.351000,28.62
8.684235,0.938000,-0.259000,-0.647000,-24.122000,-127.420000,-32.015000,28.67
8.690521,0.898000,-0.241000,-0.615000,-32.366000,-124.260000,-23.237000,28.67
8.702595,0.950000,-0.178000,-0.564000,-37.557000,-116.809000,-16.153000,28.53
8.714787,0.969000,-0.119000,-0.597000,-39.786000,-96.275000,-13.023000,28.48
8.727553,0.998000,-0.093000,-0.539000,-41.557000,-105.084000,-9.405000,28.67
8.733507,0.957000,-0.079000,-0.429000,-40.046000,-88.534000,-10.473000,28.58
8.740280,0.928000,-0.093000,-0.356000,-43.313000,-75.008000,-11.939000,28.62
8.752237,0.992000,-0.096000,-0.281000,-36.779000,-63.206000,-19.740000,28.53
8.764556,1.148000,-0.172000,-0.052000,-43.603000,-33.695000,-27.863000,28.67
8.773410,1.160000,-0.229000,-0.438000,-37.435000,-9.924000,-37.557000,28.58
8.785430,1.322000,-0.169000,-0.315000,-30.137000,-40.382000,-34.153000,28.62
8.789981,1.248000,-0.176000,-0.256000,-27.237000,-36.031000,-31.435000,28.62
8.802388,1.234000,-0.192000,0.175000,-18.000000,-69.985000,-24.733000,28.58
8.815213,1.053000,-0.221000,0.183000,-1.191000,-70.962000,-26.031000,28.67
8.823229,1.133000,-0.146000,0.521000,10.626000,-97.969000,-25.725000,28.53
8.833729,1.046000,-0.150000,0.209000,0.168000,-28.885000,-32.504000,28.53
8.841522,1.072000,-0.130000,0.193000,13.237000,-35.679000,-36.397000,28.48
8.852976,1.175000,-0.111000,0.638000,39.618000,-5.634000,-30.809000,28.67
8.862350,0.797000,-0.139000,0.652000,57.588000,30.748000,-19.908000,28.53
8.872486,1.149000,-0.410000,0.838000,54.763000,65.710000,-23.115000,28.58
8.885055,1.428000,-0.377000,1.421000,64.489000,120.137000,-32.321000,28.58
8.894471,1.442000,-0.493000,1.990000,97.420000,163.817000,-22.076000,28.58
8.903810,1.033000,-0.133000,-0.467000,74.855000,271.420000,-25.618000,28.53
8.910665,2.609000,-0.813000,-1.926000,60.214000,203.939000,10.321000,28.62
8.923086,1.703000,-1.022000,-0.625000,63.115000,51.038000,76.931000,28.58
8.928947,0.944000,-0.680000,-0.549000,40.702000,136.046000,69.603000,28.58
8.944758,2.755000,0.361000,-1.066000,39.618000,131.969000,69.786000,28.62
8.954753,1.651000,-0.318000,-0.515000,35.679000,45.756000,41.695000,28.58
8.962882,1.043000,-0.407000,-0.646000,58.931000,3.786000,45.939000,28.58
8.974115,0.948000,-0.126000,-0.701000,31.771000,6.992000,30.305000,28.53
8.982067,1.363000,-0.612000,-0.880000,13.008000,-7.298000,3.328000,28.62
8.994088,0.773000,-0.013000,-0.610000,2.260000,5.252000,3.237000,28.58
9.001250,0.736000,-0.031000,-0.649000,11.084000,-10.992000,1.221000,28.58
9.013439,0.843000,-0.232000,-0.612000,3.450000,-18.809000,0.473000,28.53
9.026639,0.669000,-0.172000,-0.831000,-1.527000,-7.405000,-4.855000,28.62
9.032837,0.704000,-0.092000,-0.739000,-5.740000,-9.893000,-5.282000,28.58
9.045096,0.744000,-0.051000,-0.692000,-4.458000,-2.198000,-7.115000,28.48
9.052349,0.740000,-0.031000,-0.695000,-5.374000,4.611000,-6.336000,28.62
9.064482,0.758000,-0.006000,-0.663000,-2.443000,1.298000,-3.878000,28.62
9.072062,0.771000,-0.048000,-0.652000,4.336000,-11.695000,-1.893000,28.58
9.084307,0.727000,-0.057000,-0.702000,0.244000,-0.183000,-1.802000,28.48
9.091346,0.739000,-0.033000,-0.697000,1.435000,-5.420000,-0.275000,28.53
9.103717,0.736000,-0.016000,-0.653000,3.008000,1.847000,0.611000,28.53
9.111099,0.711000,-0.023000,-0.707000,1.206000,11.435000,1.847000,28.58
9.128848,0.724000,-0.079000,-0.683000,2.977000,10.534000,1.725000,28.67
9.131863,0.691000,-0.078000,-0.707000,3.985000,8.641000,0.244000,28.62
9.143013,0.693000,-0.078000,-0.694000,1.053000,12.687000,0.595000,28.67
9.154927,0.693000,-0.080000,-0.726000,-0.351000,18.534000,-0.260000,28.48
9.162134,0.727000,-0.072000,-0.670000,-3.435000,21.496000,-0.779000,28.58
9.174469,0.744000,-0.074000,-0.637000,-0.504000,13.527000,-0.229000,28.62
9.181695,0.746000,-0.053000,-0.644000,-0.473000,9.649000,0.611000,28.53
9.198768,0.732000,-0.037000,-0.640000,-1.496000,7.344000,2.504000,28.48
9.201642,0.708000,-0.042000,-0.651000,-2.656000,5.466000,3.710000,28.58
9.217797,0.716000,-0.029000,-0.666000,-2.214000,4.198000,4.870000,28.62
9.221381,0.727000,-0.053000,-0.661000,0.076000,2.809000,4.565000,28.62
9.233827,0.750000,-0.090000,-0.662000,0.824000,4.550000,3.802000,28.58
9.244082,0.731000,-0.092000,-0.701000,0.244000,9.130000,2.611000,28.58
9.253536,0.735000,-0.058000,-0.706000,-4.916000,19.817000,1.634000,28.62
9.265698,0.810000,-0.062000,-0.611000,2.794000,13.771000,-0.992000,28.62
9.272921,0.729000,-0.093000,-0.662000,0.702000,12.763000,1.237000,28.58
9.280655,0.778000,-0.031000,-0.679000,1.695000,16.595000,2.336000,28.48
9.292957,0.716000,-0.036000,-0.684000,-1.618000,22.870000,3.969000,28.62
9.305235,0.744000,-0.010000,-0.701000,-2.977000,26.809000,6.779000,28.48
9.312420,0.716000,-0.047000,-0.747000,-3.328000,35.649000,8.000000,28.48
9.324924,0.635000,0.057000,-0.849000,-1.695000,50.229000,10.931000,28.58
9.331964,0.660000,-0.091000,-0.815000,0.687000,64.473000,14.031000,28.53
9.344019,0.666000,-0.135000,-0.832000,4.840000,74.687000,12.809000,28.62
9.351605,0.740000,-0.211000,-0.791000,7.542000,86.947000,9.145000,28.48
9.363626,0.758000,-0.208000,-0.793000,10.336000,104.412000,2.275000,28.58
9.370882,0.773000,-0.167000,-0.968000,18.122000,128.687000,-6.275000,28.62
9.382842,0.606000,-0.073000,-1.084000,29.847000,169.603000,-7.740000,28.53
9.395378,0.715000,0.114000,-0.999000,14.260000,212.519000,2.321000,28.58
9.402553,0.810000,0.180000,-1.021000,39.160000,213.466000,15.450000,28.58
9.414651,1.028000,0.082000,-0.994000,42.351000,235.313000,28.031000,28.53
9.421483,1.030000,-0.131000,-0.777000,42.092000,246.977000,33.130000,28.48
9.433775,0.999000,-0.097000,-0.773000,28.580000,231.740000,34.260000,28.58
9.440661,1.551000,-0.137000,-0.952000,-1.191000,208.214000,24.550000,28.62
9.453275,0.805000,0.109000,-0.888000,3.786000,192.626000,28.977000,28.62
9.468089,0.727000,0.459000,-1.799000,-5.084000,155.954000,20.504000,28.67
9.472398,0.056000,0.631000,-2.197000,-6.443000,84.137000,13.145000,28.48
9.484492,-0.254000,0.535000,-2.186000,-10.214000,35.863000,14.443000,28.62
9.491576,-0.202000,0.256000,-2.102000,-36.626000,3.145000,19.084000,28.62
9.504002,0.123000,0.300000,-1.954000,-57.695000,-36.519000,26.183000,28.58
9.510823,0.057000,0.280000,-1.658000,-67.603000,-73.176000,36.015000,28.58
9.522976,0.119000,0.188000,-1.435000,-81.099000,-85.099000,43.756000,28.53
9.535035,0.217000,0.136000,-1.295000,-92.366000,-89.939000,45.267000,28.62
9.542494,0.342000,0.142000,-1.191000,-102.107000,-93.847000,45.542000,28.58
9.554822,0.467000,0.137000,-1.122000,-101.527000,-100.794000,41.145000,28.58
9.561463,0.563000,0.121000,-1.046000,-96.092000,-106.351000,33.405000,28.53
9.573329,0.676000,0.135000,-1.005000,-88.504000,-110.214000,22.931000,28.48
9.579098,0.771000,0.108000,-0.941000,-79.557000,-116.672000,11.359000,28.48
9.592481,0.790000,0.091000,-0.849000,-70.916000,-129.511000,-0.504000,28.58
9.604559,0.832000,0.049000,-0.788000,-73.878000,-55.145000,-19.481000,28.53
9.611409,0.907000,0.026000,-0.742000,-40.550000,-131.023000,-25.176000,28.53
9.623524,0.878000,-0.011000,-0.759000,-45.954000,-106.458000,-31.511000,28.58
9.635193,0.851000,-0.055000,-0.774000,-31.176000,-118.168000,-37.817000,28.58
9.642020,0.877000,-0.091000,-0.718000,-20.260000,-123.221000,-42.855000,28.62
9.654298,0.892000,-0.072000,-0.724000,-9.954000,-127.405000,-47.298000,28.53
9.660863,0.947000,-0.069000,-0.776000,-10.412000,-107.496000,-50.870000,28.58
9.672957,0.995000,-0.069000,-0.790000,0.046000,-109.282000,-54.885000,28.48
9.684830,0.985000,-0.036000,-0.715000,-1.176000,-121.069000,-53.206000,28.62
9.692352,0.955000,-0.057000,-0.716000,5.359000,-119.053000,-55.573000,28.62
9.704118,0.925000,-0.071000,-0.747000,2.046000,-110.534000,-56.718000,28.58
9.710868,0.942000,-0.075000,-0.690000,-1.145000,-103.374000,-56.061000,28.58
9.722907,0.969000,-0.066000,-0.627000,-4.336000,-104.000000,-54.595000,28.62
9.738633,0.974000,-0.074000,-0.680000,-4.183000,-92.611000,-54.351000,28.48
9.742568,1.000000,-0.088000,-0.733000,-6.229000,-72.198000,-55.817000,28.58
9.754723,1.077000,-0.101000,-0.674000,-13.145000,-87.496000,-50.977000,28.58
9.763101,1.117000,-0.110000,-0.637000,-20.824000,-84.534000,-47.160000,28.62
9.772307,1.035000,-0.039000,-0.500000,-10.947000,-53.664000,-34.748000,28.62
9.784607,1.307000,-0.367000,-0.345000,-18.458000,-89.695000,-31.573000,28.58
9.791299,1.355000,-0.266000,-0.326000,-38.489000,-51.405000,-41.527000,28.58
9.809485,1.275000,-0.157000,-0.451000,-47.908000,-81.389000,-38.153000,28.62
9.810101,1.271000,-0.051000,-0.414000,-48.061000,-90.015000,-33.191000,28.53
9.821887,1.146000,-0.116000,-0.347000,-30.290000,-64.580000,-27.359000,28.67
9.834174,1.057000,-0.213000,-0.100000,-3.282000,11.115000,-47.038000,28.58
9.841289,1.092000,-0.193000,0.113000,-7.740000,-68.534000,-35.359000,28.62
9.853639,1.099000,-0.166000,0.010000,-28.473000,-44.809000,-26.366000,28.53
9.860250,1.128000,-0.152000,0.128000,-30.305000,-50.076000,-20.763000,28.58
9.872617,1.096000,-0.174000,0.069000,-25.130000,-35.221000,-21.466000,28.58
9.884717,1.174000,-0.094000,0.055000,-14.855000,-29.008000,-21.985000,28.62
9.891792,1.295000,-0.064000,0.168000,-1.099000,-8.641000,-28.443000,28.58
9.904115,1.160000,-0.102000,0.001000,-1.908000,16.336000,-40.656000,28.58
9.911064,1.258000,0.023000,-0.102000,1.588000,-14.809000,-40.229000,28.67
9.923519,1.513000,0.458000,1.686000,9.756000,-251.817000,6.076000,28.53
9.930320,0.314000,-0.433000,-1.623000,63.832000,89.878000,-30.748000,28.62
9.942892,1.135000,-0.246000,0.700000,71.374000,-50.565000,-9.130000,28.48
9.955140,1.111000,-0.374000,0.843000,88.351000,42.244000,-23.115000,28.48
9.961896,1.339000,-0.448000,1.013000,111.588000,120.977000,-36.305000,28.53
9.974093,0.915000,-0.563000,-0.418000,100.748000,143.298000,-34.824000,28.72
9.981061,1.684000,-0.459000,-1.514000,103.847000,124.977000,-5.252000,28.58
9.993196,0.891000,-1.139000,-1.292000,61.634000,103.023000,48.916000,28.58
10.000169,0.601000,-0.802000,-0.624000,7.374000,135.878000,67.237000,28.53
