# Gait Analysis Data - MPU6050 IMU
# Duration: 10 seconds
# Format: timestamp(s),ax(g),ay(g),az(g),gx(deg/s),gy(deg/s),gz(deg/s),temp(C)
# Note: Document sensor placement (ankle/wrist) separately
timestamp,ax,ay,az,gx,gy,gz,temp
0.000427,0.926000,0.673000,-2.089000,121.878000,65.176000,372.046000,25.47
0.001916,0.172000,0.753000,-0.803000,-104.870000,71.847000,236.519000,25.42
0.002636,0.571000,0.024000,0.120000,-155.634000,-56.061000,343.328000,25.38
0.003148,0.869000,-0.677000,-0.684000,-117.771000,9.969000,309.771000,25.42
0.003628,0.391000,-0.556000,-1.457000,-52.550000,26.092000,124.473000,25.42
0.004077,0.124000,0.051000,-1.167000,27.786000,3.298000,-12.366000,25.47
0.004611,0.664000,0.007000,-0.605000,-13.542000,-79.359000,265.130000,25.33
0.005249,1.113000,-0.236000,-0.787000,-7.634000,-32.061000,251.664000,25.42
0.005764,0.331000,0.052000,-1.084000,-23.038000,-66.122000,-24.992000,25.47
0.006235,0.718000,-0.406000,-0.774000,-29.634000,-178.061000,189.969000,25.42
0.006735,0.986000,-0.764000,-1.527000,62.046000,-136.565000,-56.168000,25.47
0.007252,0.970000,-0.047000,-1.477000,142.931000,-143.756000,-139.695000,25.38
0.007724,0.969000,0.584000,-1.328000,159.328000,-185.099000,-62.916000,25.42
0.008203,0.996000,0.614000,-1.176000,127.664000,-245.710000,-136.763000,25.38
0.008660,1.497000,0.370000,-1.092000,92.504000,-254.672000,21.359000,25.52
0.009123,1.295000,0.171000,-1.248000,92.305000,-222.000000,26.214000,25.38
0.009586,0.807000,0.498000,-1.470000,81.008000,-179.588000,114.916000,25.38
0.010043,0.815000,0.070000,-0.993000,27.313000,-186.229000,320.626000,25.52
0.010493,0.945000,-0.467000,-0.939000,13.145000,-163.176000,97.832000,25.38
0.010947,0.807000,-0.459000,-1.149000,2.107000,-171.176000,112.855000,25.47
0.011412,0.494000,-0.579000,-0.923000,7.878000,-205.023000,-53.374000,25.42
0.011942,1.018000,-0.949000,-1.147000,62.015000,-202.687000,9.527000,25.38
0.012558,1.042000,-0.210000,-0.786000,130.336000,-84.107000,-43.588000,25.42
0.013161,0.784000,0.702000,-0.630000,123.023000,-115.863000,-13.038000,25.52
0.013666,1.597000,1.400000,-0.284000,100.260000,-51.008000,121.649000,25.38
0.014198,1.395000,1.340000,-0.250000,-64.931000,-24.687000,221.939000,25.52
0.014669,1.421000,0.974000,-0.193000,-152.336000,67.679000,180.947000,25.42
0.015133,0.991000,0.523000,-0.441000,-194.733000,64.977000,273.221000,25.28
0.015595,0.995000,-0.097000,-0.411000,-181.985000,100.443000,237.924000,25.52
0.016055,0.702000,-0.304000,-0.224000,-121.756000,119.145000,114.168000,25.47
0.016512,0.567000,-0.383000,-0.414000,-76.885000,96.901000,172.153000,25.38
0.016965,0.815000,-0.408000,-0.409000,-118.641000,168.626000,-51.847000,25.52
0.017414,0.687000,-0.181000,-0.467000,-38.718000,144.244000,23.939000,25.38
0.017872,0.587000,-0.043000,-0.499000,-56.809000,167.786000,-42.947000,25.42
0.018319,0.756000,-0.060000,-0.760000,-46.702000,168.076000,-13.466000,25.47
0.018787,0.706000,-0.092000,-0.926000,-50.519000,216.473000,-27.282000,25.47
0.019246,0.614000,-0.064000,-0.893000,-60.763000,225.344000,-41.191000,25.42
0.019702,0.668000,-0.082000,-0.969000,-61.481000,235.924000,-50.962000,25.47
0.020352,0.578000,-0.064000,-1.026000,-57.924000,238.840000,-59.206000,25.57
0.021043,0.600000,-0.061000,-1.125000,-56.214000,239.618000,-62.885000,25.52
0.021571,0.586000,-0.122000,-1.208000,-51.588000,245.344000,-67.206000,25.38
0.022067,0.555000,-0.151000,-1.253000,-46.489000,244.718000,-79.435000,25.42
0.022649,0.510000,-0.139000,-1.321000,-46.550000,230.473000,-94.382000,25.42
0.023182,0.651000,-0.256000,-1.411000,-50.046000,246.229000,-100.947000,25.47
0.023752,0.547000,-0.253000,-1.414000,-51.664000,242.458000,-107.542000,25.33
0.024268,0.561000,-0.328000,-1.464000,-55.237000,239.786000,-101.115000,25.47
0.024879,0.537000,-0.415000,-1.477000,-54.763000,247.908000,-99.298000,25.38
0.025370,0.412000,-0.480000,-1.452000,-52.840000,244.260000,-93.176000,25.42
0.025856,0.350000,-0.477000,-1.567000,-52.534000,244.794000,-97.450000,25.38
0.026345,0.208000,-0.441000,-1.607000,-56.489000,249.511000,-84.046000,25.42
0.026941,0.066000,-0.450000,-1.466000,-18.107000,234.763000,-59.511000,25.42
0.027512,0.053000,-0.301000,-1.728000,-84.824000,253.038000,-48.916000,25.38
0.027993,-0.053000,-0.789000,-1.159000,-76.794000,168.687000,-79.969000,25.42
0.028554,-0.598000,-0.398000,-1.909000,-80.580000,286.427000,100.611000,25.38
0.029260,-0.754000,-0.144000,-2.524000,-115.328000,355.130000,242.489000,25.57
0.029744,-1.106000,0.036000,-1.995000,-123.725000,274.702000,276.840000,25.42
0.030219,-1.700000,-0.167000,-1.815000,-107.267000,151.969000,134.107000,25.47
0.030679,-1.485000,-0.396000,-2.156000,-102.198000,26.794000,-206.885000,25.38
0.031138,-0.524000,-0.208000,-2.725000,-81.710000,180.702000,-347.542000,25.52
0.031589,-1.058000,-1.955000,-2.427000,-125.725000,162.473000,1.893000,25.28
0.032038,-1.266000,-1.315000,0.573000,65.420000,-309.084000,-219.466000,25.33
0.032576,-0.459000,-0.824000,-2.082000,338.107000,-330.336000,-500.275000,25.42
0.033174,-0.432000,0.528000,-2.552000,47.313000,-409.099000,-500.275000,25.47
0.033701,0.170000,-0.885000,-2.687000,67.557000,-371.374000,139.435000,25.42
0.034174,0.471000,0.323000,-0.139000,136.733000,-322.550000,311.954000,25.38
0.034631,1.163000,0.015000,-0.826000,205.313000,-444.870000,43.298000,25.47
0.035111,1.241000,0.144000,-1.181000,266.290000,-298.809000,-203.176000,25.38
0.035557,2.720000,2.603000,-1.611000,163.237000,-306.702000,-133.176000,25.28
0.036011,1.350000,0.612000,-1.822000,-62.931000,119.573000,-144.977000,25.42
0.036461,0.279000,0.340000,-0.927000,52.748000,98.137000,54.580000,25.33
0.036912,0.203000,0.742000,-0.488000,-4.809000,26.534000,157.160000,25.38
0.037352,0.310000,0.024000,-0.634000,19.450000,47.893000,17.099000,25.33
0.037805,0.183000,0.405000,-0.530000,34.565000,51.344000,-12.947000,25.38
0.038266,0.265000,-0.033000,-0.562000,-75.924000,76.580000,96.076000,25.38
0.038709,0.063000,-0.225000,-0.621000,-80.718000,-178.779000,122.565000,25.42
0.039172,0.968000,-0.529000,-1.253000,20.550000,36.809000,-203.756000,25.38
0.039619,0.413000,0.021000,-0.602000,-6.275000,-58.412000,25.038000,25.42
0.040074,0.437000,-0.087000,-0.735000,47.603000,7.405000,22.122000,25.52
0.040536,0.138000,0.108000,-0.761000,15.282000,-34.153000,96.901000,25.47
0.040969,0.311000,0.325000,-0.814000,-0.840000,-70.290000,132.031000,25.42
0.041395,1.165000,0.166000,-0.952000,-28.840000,-64.916000,-12.412000,25.38
0.041818,1.220000,0.310000,-1.036000,2.611000,-10.901000,-23.405000,25.47
0.042249,0.791000,0.081000,-1.096000,43.084000,11.863000,23.282000,25.33
0.042800,0.559000,0.116000,-0.639000,31.710000,-7.221000,-50.840000,25.47
0.043384,0.523000,0.093000,-0.675000,37.679000,-18.443000,-99.985000,25.42
0.043852,0.530000,0.073000,-0.802000,30.122000,-17.130000,-115.924000,25.47
0.044333,0.533000,0.143000,-0.866000,18.336000,-20.031000,-90.458000,25.38
0.044816,0.546000,0.219000,-0.765000,17.771000,-12.336000,-70.809000,25.42
0.045269,0.526000,0.150000,-0.944000,6.061000,-14.183000,-42.611000,25.47
0.045715,0.404000,0.251000,-0.767000,1.893000,4.443000,8.443000,25.38
0.046179,0.474000,0.180000,-0.759000,6.672000,-38.397000,21.969000,25.42
0.046638,0.475000,0.168000,-0.737000,18.702000,-3.557000,63.344000,25.38
0.047105,0.390000,0.059000,-0.390000,38.733000,-27.985000,80.443000,25.42
0.047560,0.548000,-0.256000,-0.889000,32.672000,-108.366000,-72.855000,25.42
0.048003,0.596000,0.058000,-0.412000,97.298000,-58.809000,-116.153000,25.38
0.048455,0.506000,0.079000,-0.594000,47.496000,-81.634000,-141.695000,25.33
0.048905,0.900000,0.342000,-1.170000,132.305000,-69.527000,-136.901000,25.47
0.049339,-0.220000,0.489000,0.034000,57.802000,-36.687000,-39.023000,25.47
0.049882,0.099000,0.063000,-0.997000,61.802000,-49.496000,115.985000,25.42
0.050472,0.377000,0.323000,-1.111000,57.878000,-78.641000,63.115000,25.47
0.050950,0.494000,0.190000,-0.952000,37.481000,-118.626000,21.282000,25.42
0.051477,0.993000,0.208000,-0.892000,55.802000,-65.771000,-122.794000,25.42
0.051933,0.259000,0.294000,-1.004000,79.344000,-99.328000,60.305000,25.38
0.052445,0.695000,0.662000,-1.268000,76.824000,-69.817000,43.176000,25.33
0.053091,0.919000,0.663000,-0.831000,69.634000,-129.389000,62.580000,25.28
0.053595,0.838000,0.385000,-0.994000,90.687000,-124.809000,22.351000,25.47
0.054055,0.161000,0.287000,-1.375000,110.641000,-84.137000,163.511000,25.42
0.054522,0.099000,0.476000,-1.272000,103.130000,-131.420000,156.824000,25.47
0.054977,0.652000,0.366000,-0.855000,108.718000,-117.664000,184.809000,25.38
0.055441,0.290000,0.241000,-1.018000,90.870000,-153.496000,84.977000,25.42
0.055892,0.417000,0.144000,-1.667000,44.794000,-24.763000,20.092000,25.47
0.056358,-0.039000,-0.147000,-0.983000,53.664000,-121.344000,269.649000,25.42
0.056817,0.231000,-0.097000,-1.169000,85.099000,-65.603000,-36.534000,25.52
0.057282,-0.014000,0.017000,-1.048000,66.412000,-78.382000,-109.023000,25.38
0.057727,0.096000,-0.104000,-0.954000,78.901000,-81.679000,-44.885000,25.42
0.058189,0.214000,0.053000,-0.211000,101.969000,-116.489000,-107.725000,25.38
0.058654,0.632000,0.487000,-0.365000,135.008000,-116.107000,-301.557000,25.47
0.059097,0.720000,1.344000,-0.623000,36.015000,-41.282000,-292.794000,25.38
0.059547,0.360000,1.306000,-0.418000,-68.321000,-16.702000,-75.740000,25.47
0.060011,0.980000,0.864000,-0.366000,-106.885000,43.908000,-101.466000,25.42
0.060458,0.638000,0.729000,-0.555000,-86.244000,22.840000,-178.855000,25.42
0.060947,0.478000,0.655000,-0.530000,-150.000000,43.725000,104.458000,25.38
0.061461,0.646000,0.090000,-0.466000,-166.931000,54.305000,-100.061000,25.42
0.061948,0.448000,0.031000,-0.703000,-125.267000,61.756000,-188.962000,25.38
0.062523,0.610000,-0.290000,-0.639000,-172.107000,50.275000,-98.702000,25.38
0.063161,0.919000,-0.754000,-0.758000,-144.824000,94.443000,-201.740000,25.42
0.063644,0.573000,-0.774000,-0.872000,-91.099000,123.405000,-261.206000,25.38
0.064119,0.695000,-0.776000,-0.919000,-54.290000,123.740000,-276.885000,25.42
0.064609,0.554000,-0.898000,-0.848000,-7.756000,119.664000,-383.603000,25.42
0.065101,0.683000,-1.131000,-0.805000,47.206000,136.779000,-500.275000,25.38
0.065588,0.447000,-0.822000,-0.936000,64.779000,179.893000,-500.275000,25.42
0.066075,0.200000,-0.881000,-0.743000,74.137000,138.947000,-500.275000,25.47
0.066563,0.393000,-1.055000,-1.009000,103.893000,144.183000,-500.275000,25.38
0.067056,0.484000,-0.655000,-1.766000,160.565000,182.565000,-500.275000,25.42
0.067526,0.097000,0.151000,-1.413000,1.786000,244.076000,-467.634000,25.38
0.068012,0.355000,-0.748000,-1.724000,-38.763000,189.145000,-151.756000,25.42
0.068499,-0.111000,-2.083000,-1.699000,-19.237000,150.107000,-359.176000,25.47
0.068974,-0.296000,-1.474000,-1.410000,89.313000,187.405000,-385.817000,25.47
0.069522,-0.260000,-0.760000,-0.996000,90.595000,139.725000,-397.053000,25.42
0.070072,-0.398000,-0.928000,-0.250000,58.672000,2.641000,-224.290000,25.47
0.070576,-0.009000,-1.335000,0.122000,125.588000,-294.489000,-488.718000,25.42
0.071079,1.064000,-0.574000,-1.196000,270.931000,-251.786000,-500.275000,25.42
0.071562,1.198000,-1.332000,-0.058000,-190.885000,69.221000,500.260000,25.38
0.072035,0.176000,-0.228000,-1.185000,-144.611000,290.779000,259.221000,25.42
0.072585,0.372000,-0.427000,-1.542000,6.519000,33.466000,492.336000,25.38
0.073225,-0.283000,-0.346000,-0.401000,224.840000,57.573000,-190.427000,25.38
0.073730,1.273000,1.322000,-3.099000,220.260000,272.687000,-368.779000,25.42
0.074200,-0.442000,0.573000,-0.968000,146.076000,-24.870000,75.176000,25.47
0.074656,-0.065000,0.385000,-0.846000,73.298000,3.557000,-12.534000,25.33
0.075118,1.365000,1.489000,-1.257000,-3.405000,111.847000,36.718000,25.47
0.075579,0.103000,0.911000,-0.556000,-75.802000,57.588000,224.015000,25.38
0.076029,0.715000,-0.058000,-0.589000,-73.664000,19.130000,218.046000,25.33
0.076458,0.606000,-0.575000,-0.864000,7.191000,23.802000,-37.771000,25.47
0.076904,0.323000,0.316000,-0.814000,-10.870000,23.710000,-56.672000,25.38
0.077354,0.462000,0.178000,-0.895000,-19.664000,15.374000,79.405000,25.42
0.077796,0.557000,0.115000,-0.878000,-12.504000,26.672000,34.290000,25.38
0.078247,0.448000,0.102000,-0.894000,-10.504000,23.740000,-1.542000,25.33
0.078699,0.527000,0.146000,-0.842000,0.763000,18.626000,-45.328000,25.42
0.079135,0.509000,0.268000,-0.806000,1.053000,26.412000,-22.962000,25.38
0.079587,0.509000,0.218000,-0.888000,-7.542000,21.008000,2.275000,25.33
0.080003,0.548000,0.125000,-0.768000,3.405000,8.565000,-11.603000,25.47
0.080429,0.470000,0.121000,-0.840000,14.183000,-2.198000,-53.115000,25.38
0.080872,0.481000,0.212000,-0.850000,9.985000,13.450000,-50.031000,25.38
0.081300,0.527000,0.204000,-0.830000,-1.038000,6.611000,3.893000,25.38
0.081722,0.475000,0.155000,-0.797000,5.679000,12.061000,10.397000,25.42
0.082142,0.461000,0.144000,-0.806000,1.145000,6.656000,-7.832000,25.42
0.082673,0.504000,0.176000,-0.837000,2.031000,-1.252000,-13.573000,25.38
0.083246,0.477000,0.201000,-0.836000,-8.229000,3.130000,-7.176000,25.42
0.083699,0.545000,0.144000,-0.876000,-3.374000,7.908000,3.023000,25.38
0.084137,0.544000,0.148000,-0.762000,-2.565000,5.725000,-8.794000,25.47
0.084590,0.570000,0.088000,-0.766000,2.718000,20.443000,-12.000000,25.42
0.085040,0.467000,0.107000,-0.833000,7.344000,14.611000,-28.229000,25.38
0.085508,0.500000,0.179000,-0.892000,3.878000,18.397000,12.641000,25.42
0.086400,0.474000,0.158000,-0.845000,-2.901000,3.420000,-23.053000,25.47
0.086897,0.460000,0.186000,-0.852000,-3.573000,2.977000,-9.954000,25.47
0.087330,0.514000,0.169000,-0.840000,-5.160000,4.534000,6.824000,25.42
0.087756,0.463000,0.140000,-0.842000,4.015000,0.519000,-3.679000,25.42
0.088183,0.479000,0.126000,-0.863000,4.076000,3.450000,-18.153000,25.47
0.092616,0.520000,0.170000,-0.854000,3.420000,-1.252000,-14.382000,25.42
0.099805,0.453000,0.160000,-0.882000,5.710000,7.359000,-10.412000,25.38
0.112119,0.454000,0.161000,-0.853000,7.695000,9.710000,-5.435000,25.47
0.119294,0.448000,0.175000,-0.812000,-3.298000,5.481000,3.679000,25.42
0.131817,0.433000,0.144000,-0.844000,-6.840000,7.817000,-7.344000,25.47
0.138549,0.487000,0.170000,-0.808000,-4.214000,5.160000,-1.496000,25.42
0.151071,0.481000,0.136000,-0.805000,-3.710000,6.443000,-12.260000,25.42
0.163310,0.494000,0.162000,-0.841000,1.069000,6.229000,-22.580000,25.38
0.170320,0.467000,0.193000,-0.842000,-2.595000,5.939000,-12.779000,25.42
0.182823,0.481000,0.167000,-0.814000,-4.840000,6.443000,-2.702000,25.38
0.189803,0.486000,0.158000,-0.840000,-6.351000,6.840000,-2.595000,25.38
0.202296,0.505000,0.193000,-0.878000,-5.481000,8.382000,7.481000,25.42
0.209394,0.486000,0.228000,-0.928000,-2.809000,12.092000,19.008000,25.38
0.221859,0.447000,0.170000,-0.938000,-7.099000,13.359000,27.481000,25.38
0.228954,0.431000,0.114000,-0.970000,2.290000,16.000000,9.038000,25.38
0.241330,0.432000,0.198000,-0.905000,-4.641000,10.580000,8.672000,25.38
0.253617,0.384000,0.095000,-0.810000,13.618000,15.573000,-23.756000,25.42
0.260609,0.591000,0.111000,-0.733000,6.076000,5.802000,-31.893000,25.42
0.272846,0.549000,0.157000,-0.715000,10.092000,-0.718000,-28.092000,25.38
0.280315,0.421000,0.151000,-0.766000,2.763000,0.733000,-27.893000,25.42
0.292298,0.493000,0.186000,-0.748000,-5.588000,0.931000,-1.542000,25.47
0.299761,0.542000,0.109000,-0.726000,-2.489000,0.183000,-7.237000,25.38
0.311995,0.519000,0.139000,-0.838000,1.252000,-1.191000,-24.718000,25.33
0.319074,0.412000,0.229000,-0.940000,-0.931000,5.664000,-11.450000,25.47
0.331246,0.488000,0.221000,-0.829000,-13.649000,3.634000,27.664000,25.52
0.343552,0.531000,0.091000,-0.829000,-1.435000,0.580000,6.534000,25.42
0.350932,0.483000,0.163000,-0.846000,1.084000,1.282000,-19.725000,25.47
0.363098,0.497000,0.180000,-0.795000,-4.626000,-1.756000,0.641000,25.42
0.370344,0.515000,0.111000,-0.791000,-4.351000,-3.573000,-6.656000,25.33
0.382462,0.467000,0.155000,-0.827000,-7.069000,-1.771000,-15.664000,25.38
0.389547,0.495000,0.205000,-0.850000,-10.519000,-1.344000,-7.115000,25.42
0.401620,0.471000,0.207000,-0.887000,-8.901000,-0.244000,-1.511000,25.47
0.409311,0.486000,0.198000,-0.846000,-8.519000,0.580000,12.458000,25.47
0.421376,0.506000,0.129000,-0.839000,-4.901000,-2.534000,-6.260000,25.38
0.433657,0.483000,0.177000,-0.841000,-4.626000,-2.672000,-19.954000,25.38
0.440577,0.460000,0.208000,-0.851000,-9.756000,-1.740000,3.771000,25.33
0.453115,0.468000,0.165000,-0.821000,-15.435000,-3.557000,0.947000,25.52
0.459968,0.490000,0.121000,-0.815000,-14.244000,-2.641000,-2.687000,25.28
0.472040,0.485000,0.161000,-0.789000,-15.069000,-5.649000,-7.618000,25.33
0.479109,0.465000,0.192000,-0.825000,-17.832000,-7.282000,-10.137000,25.47
0.491358,0.456000,0.223000,-0.807000,-19.069000,-4.992000,-5.481000,25.38
0.503588,0.511000,0.207000,-0.870000,-20.397000,-5.099000,-7.725000,25.42
0.510896,0.453000,0.127000,-0.878000,-15.786000,-3.176000,3.618000,25.38
0.522707,0.498000,0.181000,-0.815000,-11.252000,-8.702000,-12.977000,25.42
0.529737,0.475000,0.183000,-0.832000,-8.336000,-6.992000,-23.450000,25.33
0.541939,0.444000,0.212000,-0.831000,-10.794000,-9.084000,-17.985000,25.47
0.553798,0.476000,0.200000,-0.789000,-12.794000,-10.366000,-7.725000,25.42
0.560679,0.464000,0.166000,-0.807000,-10.336000,-13.466000,-13.145000,25.47
0.573070,0.469000,0.187000,-0.801000,-7.725000,-13.634000,-18.153000,25.38
0.579759,0.486000,0.198000,-0.807000,-3.053000,-15.802000,-18.015000,25.42
0.591993,0.482000,0.188000,-0.797000,3.252000,-18.550000,-27.679000,25.38
0.598975,0.480000,0.186000,-0.775000,2.015000,-26.931000,-32.947000,25.52
0.611019,0.477000,0.199000,-0.751000,6.947000,-36.137000,-35.954000,25.47
0.623042,0.463000,0.201000,-0.996000,16.641000,-43.863000,-68.885000,25.47
0.629875,0.485000,0.314000,-0.849000,4.641000,-51.084000,-36.489000,25.52
0.642242,0.622000,0.227000,-0.821000,8.855000,-53.679000,-33.542000,25.38
0.649409,0.649000,0.194000,-0.809000,37.649000,-61.924000,-83.893000,25.38
0.661244,0.494000,0.348000,-0.987000,23.771000,-97.313000,-73.389000,25.42
0.673519,0.376000,0.478000,-0.723000,18.962000,-84.321000,-39.069000,25.47
0.680072,0.658000,0.481000,-0.894000,32.443000,-115.618000,-44.977000,25.33
0.692510,0.720000,0.772000,-1.012000,34.076000,-95.267000,-55.405000,25.42
0.699181,0.780000,-0.035000,-0.569000,69.664000,-138.000000,70.916000,25.47
0.711121,1.176000,0.285000,-1.632000,33.389000,-135.008000,-73.115000,25.42
0.723320,0.365000,0.292000,-1.907000,49.573000,-187.847000,-24.626000,25.47
0.729977,1.023000,0.144000,-1.136000,47.588000,-189.282000,-97.511000,25.38
0.741940,0.784000,0.330000,-1.253000,88.183000,-202.290000,-122.824000,25.42
0.748990,1.021000,0.374000,-1.420000,78.763000,-155.206000,-20.076000,25.47
0.760832,1.536000,-0.122000,-1.063000,67.710000,-104.901000,51.847000,25.42
0.773016,1.752000,-0.471000,-0.703000,119.206000,-91.145000,37.588000,25.42
0.779392,1.721000,-0.394000,-0.746000,127.374000,-38.641000,-209.939000,25.38
0.791406,1.440000,-0.344000,-0.632000,152.397000,-14.534000,-109.282000,25.52
0.803398,1.457000,-0.549000,-0.778000,184.473000,56.779000,-312.611000,25.38
0.810161,1.172000,0.421000,-0.458000,195.267000,75.557000,-406.824000,25.38
0.822156,0.969000,0.598000,-0.467000,187.908000,80.534000,-330.489000,25.42
0.828937,0.805000,1.172000,-0.189000,108.305000,100.275000,-308.305000,25.47
0.841364,0.691000,0.921000,-0.344000,79.435000,91.924000,-256.931000,25.33
0.853196,0.674000,0.805000,-0.432000,65.450000,90.076000,-150.580000,25.42
0.860335,0.689000,0.899000,-0.494000,31.084000,91.542000,-129.802000,25.38
0.872208,0.749000,1.173000,-0.244000,-24.840000,83.160000,-151.435000,25.52
0.879049,0.640000,0.821000,-0.688000,-20.168000,51.817000,-90.290000,25.38
0.891446,0.601000,0.663000,-0.743000,-91.221000,83.282000,-51.557000,25.38
0.903715,0.734000,0.633000,-0.624000,-97.878000,69.725000,-25.542000,25.42
0.910308,0.469000,0.519000,-0.829000,-111.954000,73.405000,69.359000,25.47
0.928263,0.792000,0.312000,-0.900000,-125.802000,95.511000,133.313000,25.33
0.929260,0.814000,-0.129000,-1.018000,-121.221000,110.336000,96.489000,25.38
0.940943,0.882000,-0.173000,-1.091000,-114.214000,123.771000,14.046000,25.38
0.952855,0.722000,-0.190000,-1.180000,-116.534000,134.137000,44.718000,25.42
0.959695,0.761000,-0.246000,-1.206000,-108.244000,153.679000,37.863000,25.42
0.971652,0.724000,-0.230000,-1.198000,-99.756000,159.664000,0.718000,25.47
0.977677,0.704000,-0.322000,-1.163000,-75.282000,172.076000,-6.916000,25.42
0.990639,0.689000,-0.406000,-1.294000,-56.702000,190.092000,-69.282000,25.47
1.002516,0.735000,-0.321000,-1.291000,-53.618000,193.130000,-119.771000,25.38
1.009038,0.592000,-0.365000,-1.281000,-23.313000,190.046000,-122.321000,25.33
1.021017,0.618000,-0.366000,-1.318000,-1.954000,195.344000,-144.397000,25.38
1.033188,0.622000,-0.222000,-1.353000,0.076000,220.489000,-124.763000,25.42
1.040217,0.393000,-0.035000,-1.225000,2.031000,246.779000,-149.939000,25.38
1.051646,-0.001000,-0.119000,-0.838000,27.466000,165.710000,-116.534000,25.38
1.063598,0.493000,-0.448000,-1.564000,-7.328000,188.076000,-331.893000,25.42
1.070342,0.423000,0.196000,-1.981000,-53.374000,288.290000,129.725000,25.38
1.082491,-0.531000,0.088000,-1.599000,-134.580000,348.397000,269.878000,25.42
1.088842,-1.145000,-0.433000,-1.484000,-48.092000,293.756000,173.084000,25.33
1.101253,-0.963000,-0.476000,-1.352000,-3.832000,155.985000,114.580000,25.38
1.112868,-0.764000,-0.516000,-1.861000,-6.137000,126.229000,-33.863000,25.33
1.119742,-0.596000,-0.326000,-1.257000,4.168000,130.397000,-23.420000,25.38
1.132074,-0.740000,0.053000,-1.668000,-24.626000,97.313000,-41.374000,25.28
1.143638,-0.726000,-0.719000,-1.233000,-56.611000,113.282000,257.756000,25.42
1.150539,-1.184000,-0.634000,-0.828000,-114.046000,113.023000,213.679000,25.28
1.162105,-1.167000,-0.497000,-1.829000,-45.237000,65.649000,197.145000,25.33
1.168875,-1.467000,-0.604000,-1.251000,-17.847000,-129.206000,75.847000,25.42
1.180648,-1.170000,-1.198000,-0.156000,119.557000,-407.008000,-364.198000,25.38
1.192442,-0.255000,-0.976000,-1.740000,370.046000,-500.275000,-500.275000,25.52
1.199229,0.804000,1.764000,-1.848000,154.687000,-318.733000,-391.786000,25.38
1.210900,1.538000,0.139000,-0.172000,-10.412000,-500.275000,182.061000,25.47
1.222880,1.820000,-1.254000,-2.494000,-2.092000,-218.779000,-425.176000,25.42
1.229724,1.224000,0.326000,-3.229000,14.794000,-33.405000,-160.870000,25.28
1.241735,1.341000,2.928000,-1.828000,254.748000,-42.092000,-64.244000,25.52
1.247196,0.078000,1.079000,-1.161000,206.107000,-7.908000,190.382000,25.47
1.260794,0.476000,0.554000,-1.083000,145.542000,33.664000,207.130000,25.47
1.272918,0.396000,0.100000,-1.010000,-66.366000,76.412000,79.969000,25.33
1.279781,0.050000,0.258000,-0.768000,-3.099000,102.947000,347.221000,25.47
1.292106,0.206000,0.086000,-0.455000,-21.313000,14.565000,287.221000,25.38
1.298839,0.582000,-0.369000,-0.548000,13.145000,-157.786000,-36.885000,25.33
1.310743,0.490000,0.124000,-0.909000,49.237000,-2.351000,-314.107000,25.38
1.322938,0.480000,-0.138000,-0.904000,4.763000,-48.947000,167.191000,25.42
1.329832,0.374000,-0.067000,-0.713000,-11.145000,-98.809000,-18.763000,25.33
1.341829,0.899000,-0.073000,-1.018000,25.176000,-55.618000,56.626000,25.38
1.349073,1.785000,0.281000,-1.729000,40.748000,16.122000,19.466000,25.33
1.361030,0.164000,-0.056000,-0.476000,64.321000,-61.695000,54.366000,25.38
1.373703,0.580000,0.033000,-1.032000,36.305000,2.290000,33.878000,25.47
1.380518,0.627000,0.061000,-0.843000,15.099000,-33.527000,0.733000,25.52
1.392565,0.515000,0.152000,-0.597000,32.733000,-15.649000,-48.626000,25.38
1.399960,0.490000,0.079000,-0.951000,48.824000,-21.588000,-88.290000,25.42
1.411675,0.543000,0.162000,-0.924000,38.382000,-22.626000,-94.076000,25.42
1.423899,0.483000,0.168000,-0.859000,26.534000,-55.267000,-94.321000,25.47
1.430657,0.502000,0.163000,-0.850000,30.641000,-25.038000,-105.939000,25.42
1.443466,0.540000,0.180000,-0.842000,21.740000,-46.473000,-83.099000,25.28
1.449887,0.460000,0.187000,-0.908000,11.786000,-35.618000,-92.504000,25.38
1.462016,0.381000,0.205000,-0.953000,-1.405000,-14.519000,-29.740000,25.42
1.467487,0.814000,0.299000,-0.899000,-23.038000,25.878000,11.756000,25.38
1.480732,0.253000,0.256000,-0.628000,-2.550000,39.405000,140.687000,25.33
1.492843,0.418000,-0.207000,-0.968000,27.557000,-79.985000,5.450000,25.42
1.499993,0.813000,0.187000,-1.531000,11.115000,66.397000,-130.229000,25.47
1.512028,0.423000,0.224000,-0.811000,34.198000,-38.321000,-73.802000,25.33
1.519052,0.395000,0.231000,-0.891000,24.962000,-2.901000,-32.046000,25.38
1.531197,0.319000,0.198000,-0.797000,28.336000,-35.176000,-7.817000,25.38
1.543343,0.612000,-0.024000,-0.942000,37.802000,-23.588000,-0.962000,25.33
1.550399,0.533000,0.193000,-0.838000,52.092000,-31.786000,-25.420000,25.47
1.562502,0.368000,0.125000,-0.971000,47.053000,-62.702000,-24.366000,25.38
1.569346,0.500000,0.128000,-0.988000,43.466000,-36.595000,-57.954000,25.47
1.581521,0.485000,0.100000,-0.937000,39.664000,-49.878000,-9.344000,25.38
1.593588,0.443000,0.134000,-0.679000,51.786000,-77.969000,16.580000,25.42
1.600865,0.509000,0.175000,-0.829000,80.015000,-69.969000,-29.618000,25.42
1.612800,0.567000,0.403000,-0.938000,51.527000,-53.527000,-15.130000,25.28
1.620282,0.574000,0.410000,-1.143000,57.023000,-85.328000,-4.153000,25.33
1.632103,0.386000,0.266000,-1.082000,63.023000,-91.710000,48.672000,25.38
1.639001,0.407000,0.323000,-1.144000,69.863000,-101.756000,44.214000,25.28
1.651334,0.511000,0.266000,-1.131000,70.870000,-113.374000,32.595000,25.33
1.663623,0.529000,0.392000,-1.056000,76.092000,-124.427000,9.557000,25.38
1.670215,0.602000,0.414000,-1.219000,72.046000,-150.718000,49.969000,25.33
1.682408,0.778000,0.428000,-1.183000,54.473000,-194.427000,63.527000,25.33
1.688936,0.955000,0.240000,-0.898000,111.527000,-235.527000,-26.809000,25.47
1.700990,0.874000,0.284000,-1.006000,149.206000,-284.046000,-97.985000,25.33
1.712776,0.945000,0.347000,-1.290000,178.260000,-250.137000,-174.626000,25.38
1.719629,1.382000,1.074000,-1.937000,256.046000,-131.389000,33.328000,25.38
1.731807,0.595000,0.612000,-1.300000,185.832000,-198.473000,142.336000,25.42
1.743999,0.661000,0.812000,-1.909000,153.023000,-198.565000,68.733000,25.47
1.750467,0.594000,0.442000,-1.773000,101.664000,-225.038000,168.611000,25.33
1.762539,0.971000,-0.027000,-1.648000,66.580000,-201.282000,136.962000,25.38
1.769265,0.959000,-0.087000,-1.528000,75.725000,-146.809000,208.931000,25.47
1.781368,0.321000,-0.501000,-1.443000,47.206000,-150.565000,188.061000,25.42
1.792961,0.837000,-0.646000,-1.505000,56.153000,-151.710000,194.046000,25.47
1.800191,0.868000,0.347000,-0.796000,124.504000,-23.557000,296.214000,25.38
1.811972,0.562000,1.321000,-0.329000,123.679000,-44.779000,283.466000,25.42
1.823629,1.001000,0.461000,-0.906000,-0.351000,-105.466000,331.481000,25.38
1.830960,1.583000,-0.672000,-0.297000,-115.420000,3.481000,37.542000,25.42
1.843054,1.898000,-0.160000,-0.207000,67.160000,15.664000,39.267000,25.42
1.850024,1.401000,0.162000,-0.260000,1.344000,96.168000,-248.061000,25.38
1.862109,0.786000,0.746000,-0.152000,-2.397000,178.794000,-98.366000,25.42
1.868932,0.196000,0.442000,-0.054000,-73.832000,123.206000,-57.893000,25.28
1.881337,0.460000,0.215000,-0.270000,-83.481000,98.565000,-38.168000,25.38
1.892993,0.973000,-0.021000,-0.587000,-46.885000,146.122000,-45.206000,25.28
1.900023,0.631000,0.223000,-0.612000,-64.198000,172.962000,-82.366000,25.38
1.911806,0.529000,0.246000,-0.880000,-77.679000,191.206000,-43.374000,25.33
1.923609,0.654000,0.326000,-0.855000,-107.695000,214.351000,-38.290000,25.33
1.930604,0.443000,0.474000,-0.731000,-114.382000,287.374000,143.267000,25.38
1.942835,0.459000,0.324000,-0.862000,-146.092000,232.046000,46.412000,25.42
1.949743,0.703000,0.184000,-0.944000,-130.748000,252.137000,16.260000,25.38
1.961553,0.620000,0.320000,-0.958000,-141.557000,294.092000,3.145000,25.47
1.973657,0.453000,0.401000,-1.368000,-145.893000,305.466000,50.153000,25.33
1.983446,0.355000,0.515000,-1.069000,-213.191000,332.702000,135.847000,25.38
1.992980,0.458000,0.375000,-1.485000,-220.947000,351.832000,280.534000,25.33
1.998961,0.378000,0.211000,-0.958000,-206.595000,318.885000,337.313000,25.33
2.010729,1.054000,-0.672000,-1.729000,-199.695000,308.137000,-44.763000,25.38
2.022798,0.589000,-0.464000,-1.983000,-134.214000,346.366000,-67.649000,25.33
2.029178,0.682000,-0.410000,-2.094000,-84.244000,370.794000,-179.832000,25.38
2.041286,0.297000,-0.409000,-2.350000,-37.939000,352.305000,-212.763000,25.38
2.052820,0.232000,-0.113000,-2.103000,-27.695000,347.847000,-231.405000,25.33
2.059738,0.019000,-0.145000,-2.237000,-45.496000,330.824000,-203.695000,25.47
2.071332,-0.177000,-0.607000,-1.596000,-50.260000,92.611000,-239.084000,25.42
2.083333,0.317000,-0.688000,-2.660000,-53.939000,285.603000,-500.275000,25.28
2.090290,-0.232000,0.481000,-2.600000,-82.779000,410.366000,230.550000,25.38
2.101924,-1.680000,0.117000,-1.853000,-230.763000,427.832000,500.260000,25.33
2.107856,-2.171000,-0.145000,-2.361000,-176.107000,298.565000,500.260000,25.38
2.120712,-1.908000,-0.352000,-3.312000,-86.718000,157.160000,197.817000,25.38
2.132722,-1.120000,-0.454000,-3.168000,10.382000,306.992000,-55.725000,25.33
2.139093,-2.211000,0.159000,-2.192000,-128.198000,154.611000,452.305000,25.38
2.150968,-2.010000,-0.441000,-2.452000,-151.313000,59.023000,500.260000,25.42
2.162717,-1.250000,-1.613000,-0.586000,-12.473000,-344.748000,-500.275000,25.33
2.169149,-0.504000,-1.393000,-0.778000,323.695000,-336.656000,-500.275000,25.38
2.181068,-0.258000,-0.195000,-0.886000,414.947000,-500.275000,-500.275000,25.42
2.192543,0.402000,0.157000,-2.662000,330.992000,-500.275000,-379.511000,25.38
2.199608,1.540000,0.623000,-1.435000,215.725000,-223.481000,291.450000,25.38
2.211842,1.270000,0.167000,-0.380000,272.718000,-243.053000,4.489000,25.33
2.223810,1.465000,1.207000,-1.165000,200.366000,-113.298000,38.061000,25.28
2.230499,0.722000,1.136000,-0.772000,-10.076000,-51.573000,89.481000,25.42
2.242825,1.334000,1.381000,-1.067000,106.870000,-44.611000,174.977000,25.42
2.250084,1.201000,1.047000,-1.514000,69.756000,9.832000,93.023000,25.38
2.261944,0.503000,0.716000,-0.836000,26.519000,62.458000,66.580000,25.33
2.269002,0.467000,0.423000,-0.737000,-8.916000,16.687000,21.939000,25.28
2.281469,0.275000,0.484000,-0.671000,-28.550000,5.618000,75.389000,25.38
2.293278,0.285000,0.259000,-0.780000,-52.870000,16.763000,118.580000,25.42
2.300597,0.042000,0.037000,-0.785000,-64.214000,6.534000,217.740000,25.38
2.312895,-0.028000,-0.086000,-0.885000,-101.344000,-23.115000,333.344000,25.42
2.319363,0.148000,-0.470000,-0.980000,-33.740000,-97.557000,253.557000,25.42
2.334250,0.510000,-0.980000,-1.075000,0.870000,-125.099000,2.611000,25.47
2.343263,1.708000,-0.334000,-1.000000,54.794000,-111.237000,41.084000,25.33
2.350160,1.436000,0.018000,-0.951000,33.664000,59.756000,-125.832000,25.28
2.362174,0.329000,0.277000,-0.655000,84.198000,-91.038000,-194.534000,25.47
2.368876,0.725000,0.201000,-1.198000,72.458000,-60.748000,-245.939000,25.33
2.381070,0.671000,0.324000,-1.037000,49.878000,-56.565000,-252.427000,25.38
2.393071,0.925000,0.297000,-1.096000,69.649000,-16.443000,-268.290000,25.33
2.399974,0.999000,0.518000,-0.739000,30.244000,-10.718000,-334.473000,25.38
2.412095,0.256000,0.726000,-1.360000,45.099000,151.160000,-69.557000,25.38
2.418602,-0.276000,0.632000,-0.541000,-62.275000,71.817000,175.038000,25.42
2.431045,-0.161000,0.147000,-0.790000,-89.130000,7.389000,144.489000,25.38
2.442821,-0.060000,-0.243000,-0.654000,-71.450000,-67.023000,16.748000,25.38
2.449723,0.414000,-0.204000,-0.558000,-19.115000,-90.901000,48.137000,25.33
2.461806,0.696000,-0.213000,-0.713000,16.107000,-51.130000,1.878000,25.47
2.468638,0.571000,-0.122000,-0.895000,79.847000,-42.916000,-50.122000,25.42
2.480953,0.416000,0.192000,-0.744000,47.908000,-6.107000,-28.733000,25.33
2.493025,0.305000,0.238000,-0.825000,84.397000,-51.328000,23.313000,25.38
2.500250,0.488000,0.387000,-0.823000,61.542000,-68.458000,2.504000,25.33
2.512559,0.542000,0.473000,-1.043000,48.656000,-25.191000,5.420000,25.38
2.520643,0.319000,0.520000,-0.757000,24.885000,-45.786000,76.824000,25.38
2.531772,1.472000,0.135000,-1.609000,31.740000,13.832000,110.443000,25.38
2.538879,0.469000,0.250000,-0.668000,31.374000,-60.931000,33.038000,25.47
2.550876,0.453000,-0.106000,-0.602000,28.214000,-48.122000,6.351000,25.42
2.563091,0.525000,0.127000,-1.057000,49.603000,-47.252000,40.092000,25.38
2.569830,0.268000,0.423000,-1.180000,24.198000,-74.595000,75.237000,25.38
2.585257,0.510000,0.223000,-0.620000,24.031000,-42.489000,115.191000,25.42
2.589049,0.561000,0.044000,-0.739000,15.511000,-76.458000,78.901000,25.38
2.601380,0.582000,0.229000,-0.880000,5.832000,-67.557000,73.756000,25.33
2.613572,0.718000,0.148000,-0.998000,26.031000,-78.870000,11.924000,25.42
2.620467,0.803000,0.200000,-1.052000,43.206000,-126.626000,34.626000,25.38
2.632589,0.472000,0.353000,-1.190000,45.344000,-143.664000,33.450000,25.42
2.639401,0.602000,0.310000,-1.117000,41.282000,-180.702000,55.389000,25.38
2.651669,0.698000,0.330000,-0.779000,52.443000,-212.290000,82.443000,25.38
2.663336,0.821000,-0.214000,-1.072000,112.931000,-214.458000,-113.389000,25.38
2.670167,0.488000,0.518000,-1.482000,60.076000,-169.725000,-159.130000,25.38
2.682732,0.311000,0.426000,-0.936000,73.252000,-162.153000,16.122000,25.33
2.689472,0.457000,0.427000,-1.036000,40.687000,-172.718000,87.908000,25.33
2.701572,0.662000,0.215000,-1.610000,71.099000,-107.954000,47.450000,25.38
2.713390,0.401000,0.142000,-1.017000,17.969000,-149.649000,58.443000,25.33
2.720159,0.901000,-0.122000,-0.826000,31.145000,-137.969000,48.580000,25.38
2.732394,1.017000,0.199000,-0.050000,42.473000,-98.519000,100.107000,25.38
2.739700,2.964000,0.818000,0.135000,58.550000,13.542000,-224.092000,25.42
2.751715,2.891000,2.196000,1.520000,53.405000,58.519000,-286.824000,25.38
2.757674,1.596000,1.635000,0.248000,3.466000,174.885000,-276.855000,25.33
2.771076,1.019000,1.702000,-0.201000,-88.412000,198.947000,-38.534000,25.42
2.782850,0.611000,0.537000,-1.097000,-147.160000,254.840000,141.115000,25.38
2.789504,0.243000,-0.154000,-1.485000,-146.656000,215.344000,165.542000,25.33
2.801505,-0.216000,0.060000,-2.091000,-164.046000,338.656000,-4.565000,25.28
2.813363,-0.765000,-0.798000,-1.545000,-125.252000,184.366000,167.511000,25.38
2.820023,-0.273000,-0.860000,-1.805000,-109.969000,201.176000,88.977000,25.42
2.831697,-0.146000,-0.639000,-0.943000,-137.420000,174.885000,-117.954000,25.28
2.843153,-0.366000,0.242000,-1.358000,-224.122000,243.008000,-361.099000,25.33
2.850526,-0.521000,0.337000,-1.518000,-252.427000,139.069000,61.847000,25.38
2.861989,-0.461000,-0.395000,-2.257000,-271.313000,217.893000,183.206000,25.38
2.873559,-0.545000,-0.411000,-2.438000,-199.069000,218.000000,305.099000,25.42
2.884371,-1.036000,-0.411000,-2.323000,-194.580000,264.611000,355.740000,25.38
2.892099,-1.639000,-0.447000,-1.616000,-188.198000,196.198000,458.977000,25.38
2.903704,-1.627000,-0.417000,-1.357000,-141.924000,69.969000,240.794000,25.42
2.910346,-1.461000,-0.764000,-1.377000,-63.267000,-52.244000,-16.046000,25.38
2.922157,-0.787000,-0.885000,-1.252000,-7.771000,-132.779000,-258.534000,25.33
2.929085,-0.301000,-0.551000,-1.338000,44.351000,-138.672000,-211.511000,25.42
2.940951,-0.198000,-0.508000,-1.283000,81.878000,-114.641000,-36.153000,25.28
2.952454,-0.128000,-0.629000,-1.136000,174.504000,-159.344000,-179.176000,25.33
2.959251,-0.077000,-0.360000,-0.586000,243.191000,-236.824000,-477.634000,25.38
2.970999,0.806000,0.646000,-0.728000,213.252000,-212.718000,-292.260000,25.38
2.982719,4.000000,2.143000,-2.943000,-23.160000,311.649000,-500.275000,25.38
2.989909,0.055000,0.282000,0.434000,162.779000,-306.321000,81.634000,25.28
3.001760,-0.328000,0.097000,-0.617000,-10.763000,58.824000,17.145000,25.33
3.008907,0.078000,0.675000,-1.065000,59.878000,32.168000,123.176000,25.33
3.020933,0.199000,0.635000,-0.941000,51.008000,-12.641000,2.336000,25.47
3.032970,0.250000,0.817000,-0.877000,-10.519000,-14.489000,-36.198000,25.33
3.040685,0.219000,0.390000,-0.789000,-40.931000,-26.565000,6.580000,25.28
3.052101,0.830000,-0.098000,-1.223000,-2.565000,-19.618000,62.901000,25.38
3.059424,0.369000,0.199000,-0.726000,-4.336000,5.221000,-45.634000,25.33
3.071458,0.171000,0.207000,-0.741000,4.947000,-3.740000,22.672000,25.47
3.083512,0.286000,0.053000,-0.947000,-12.275000,-6.427000,18.031000,25.33
3.090838,0.417000,-0.024000,-0.893000,12.489000,-0.397000,-13.542000,25.33
3.102836,0.343000,0.137000,-0.865000,12.168000,0.779000,-15.893000,25.38
3.109924,0.333000,0.140000,-0.914000,2.977000,-0.290000,-21.206000,25.33
3.122109,0.227000,0.160000,-0.915000,-8.000000,-5.405000,-61.313000,25.38
3.129039,0.325000,0.156000,-0.880000,-20.992000,-7.908000,-17.893000,25.38
3.141254,0.359000,0.044000,-0.873000,-27.725000,-4.733000,-7.008000,25.42
3.153722,0.431000,-0.094000,-0.921000,-13.603000,2.855000,7.481000,25.38
3.160860,0.359000,0.054000,-0.908000,0.260000,11.664000,-31.344000,25.33
3.172950,0.362000,0.203000,-0.929000,-1.573000,8.214000,-13.756000,25.47
3.180293,0.419000,0.209000,-0.889000,-7.649000,8.000000,3.908000,25.38
3.192454,0.346000,0.190000,-0.904000,-9.771000,4.198000,10.321000,25.33
3.199937,0.403000,0.185000,-0.975000,-12.244000,6.000000,3.206000,25.28
3.211972,0.362000,0.156000,-0.899000,-11.450000,2.122000,5.313000,25.28
3.219334,0.392000,0.150000,-0.911000,-7.954000,-0.198000,7.771000,25.42
3.231554,0.346000,0.156000,-0.891000,-4.397000,0.031000,-2.290000,25.38
3.237254,0.356000,0.185000,-0.861000,-7.267000,-3.023000,-2.763000,25.24
3.251123,0.368000,0.106000,-0.912000,-8.382000,-0.107000,-1.069000,25.38
3.263186,0.314000,0.085000,-0.884000,-3.939000,2.092000,-0.336000,25.38
3.270408,0.326000,0.115000,-0.876000,-3.267000,0.489000,-18.779000,25.33
3.282788,0.354000,0.126000,-0.942000,0.656000,2.290000,-6.382000,25.38
3.290264,0.327000,0.129000,-0.897000,3.130000,4.733000,-15.618000,25.33
3.302318,0.338000,0.178000,-0.903000,-2.763000,4.916000,-18.916000,25.38
3.310000,0.357000,0.153000,-0.849000,-11.298000,2.305000,-25.206000,25.38
3.321651,0.371000,0.115000,-0.878000,-9.511000,1.908000,-22.977000,25.33
3.333760,0.377000,0.147000,-0.917000,-1.252000,1.496000,-28.870000,25.38
3.341101,0.371000,0.192000,-0.911000,-3.710000,3.771000,-20.275000,25.38
3.353215,0.364000,0.190000,-0.909000,-12.672000,14.962000,-13.359000,25.42
3.360203,0.295000,0.188000,-0.859000,-12.092000,3.603000,-1.420000,25.38
3.372847,0.356000,0.154000,-0.907000,-10.565000,2.977000,6.168000,25.33
3.379819,0.408000,0.190000,-0.878000,-3.664000,7.969000,9.191000,25.33
3.392148,0.365000,0.150000,-0.833000,10.702000,4.916000,-6.382000,25.38
3.399229,0.390000,0.246000,-1.013000,-9.634000,16.244000,-7.985000,25.33
3.411719,0.328000,0.203000,-0.916000,2.305000,2.015000,22.718000,25.24
3.417213,0.381000,0.182000,-0.890000,-3.298000,8.107000,11.084000,25.47
3.433583,0.387000,0.144000,-0.873000,0.031000,3.908000,6.092000,25.42
3.443656,0.386000,0.159000,-0.894000,1.145000,6.061000,-6.015000,25.28
3.450988,0.327000,0.150000,-0.902000,-0.046000,4.962000,4.992000,25.28
3.463618,0.347000,0.145000,-0.891000,0.076000,6.229000,2.504000,25.33
3.475169,0.349000,0.144000,-0.865000,0.672000,4.153000,-8.855000,25.38
3.483118,0.356000,0.172000,-0.923000,2.336000,6.656000,-3.557000,25.33
3.490371,0.349000,0.159000,-0.897000,3.252000,5.939000,-10.611000,25.38
3.506395,0.373000,0.173000,-0.876000,1.573000,5.817000,-12.397000,25.38
3.509787,0.362000,0.203000,-0.892000,1.481000,4.504000,-3.618000,25.33
3.525993,0.392000,0.173000,-0.875000,1.756000,3.954000,-1.328000,25.38
3.529486,0.366000,0.169000,-0.899000,0.580000,6.870000,0.748000,25.38
3.541844,0.365000,0.174000,-0.887000,-0.687000,3.939000,7.206000,25.33
3.549195,0.366000,0.154000,-0.887000,-1.908000,4.214000,4.382000,25.28
3.561573,0.366000,0.139000,-0.882000,-1.053000,4.794000,0.092000,25.33
3.568680,0.357000,0.151000,-0.871000,-0.931000,4.229000,-7.618000,25.42
3.581135,0.364000,0.146000,-0.886000,-0.290000,3.389000,-6.061000,25.38
3.593360,0.395000,0.151000,-0.868000,-2.076000,7.710000,-7.252000,25.33
3.600872,0.362000,0.161000,-0.891000,-1.725000,3.817000,-4.366000,25.38
3.613016,0.360000,0.161000,-0.887000,0.198000,2.321000,-6.931000,25.28
3.619996,0.388000,0.156000,-0.908000,5.710000,0.916000,-14.000000,25.33
3.632659,0.367000,0.161000,-0.878000,1.557000,4.718000,-14.366000,25.28
3.639686,0.341000,0.179000,-0.923000,-4.458000,3.786000,-0.260000,25.33
3.652075,0.394000,0.136000,-0.959000,-2.840000,5.664000,-3.466000,25.33
3.659224,0.361000,0.130000,-0.917000,0.748000,1.389000,-6.901000,25.38
3.671674,0.370000,0.158000,-0.885000,0.366000,3.420000,-7.328000,25.33
3.678868,0.388000,0.133000,-0.876000,2.397000,1.374000,-9.115000,25.28
3.691346,0.336000,0.143000,-0.910000,3.786000,4.992000,-11.130000,25.38
3.698699,0.360000,0.158000,-0.909000,3.954000,7.389000,2.840000,25.33
3.710804,0.382000,0.215000,-0.897000,4.122000,7.542000,-13.939000,25.38
3.723338,0.303000,0.196000,-0.875000,-0.305000,2.794000,3.481000,25.42
3.730709,0.378000,0.148000,-0.871000,-0.718000,3.740000,6.061000,25.33
3.743160,0.368000,0.154000,-0.884000,4.122000,5.374000,-10.153000,25.38
3.750403,0.340000,0.178000,-0.858000,1.618000,6.000000,1.282000,25.33
3.762869,0.350000,0.130000,-0.880000,3.496000,4.519000,5.939000,25.47
3.772994,0.465000,0.149000,-0.880000,6.550000,4.840000,-5.160000,25.38
3.782480,0.351000,0.144000,-0.902000,10.565000,3.725000,-5.328000,25.42
3.792344,0.343000,0.167000,-0.915000,7.206000,11.344000,9.084000,25.38
3.802255,0.367000,0.161000,-0.956000,6.931000,9.634000,0.840000,25.33
3.809562,0.363000,0.148000,-0.904000,5.511000,11.298000,-3.023000,25.28
3.821714,0.279000,0.160000,-0.820000,-2.992000,8.107000,-6.229000,25.38
3.828828,0.435000,0.174000,-0.897000,11.511000,9.588000,-13.374000,25.42
3.841241,0.466000,0.186000,-0.928000,9.466000,10.473000,-9.527000,25.38
3.853637,0.431000,0.208000,-0.982000,8.229000,7.282000,-6.763000,25.33
3.861089,0.406000,0.202000,-0.920000,5.435000,1.282000,12.290000,25.33
3.873944,0.408000,0.161000,-0.901000,5.405000,-1.786000,5.557000,25.38
3.880470,0.421000,0.163000,-0.893000,6.962000,-3.527000,-4.183000,25.42
3.892960,0.406000,0.170000,-0.906000,6.336000,-6.473000,-0.137000,25.38
3.900111,0.396000,0.159000,-0.892000,6.443000,-8.458000,2.061000,25.28
3.912597,0.445000,0.177000,-0.881000,7.130000,-12.015000,-1.298000,25.33
3.919670,0.377000,0.201000,-0.935000,5.267000,-14.794000,9.573000,25.38
3.932051,0.428000,0.190000,-0.926000,3.786000,-20.290000,10.763000,25.42
3.939050,0.401000,0.225000,-0.934000,1.145000,-23.725000,-5.267000,25.38
3.951471,0.391000,0.249000,-0.948000,6.641000,-33.985000,-2.198000,25.28
3.963779,0.418000,0.271000,-0.882000,2.061000,-41.847000,-25.939000,25.33
3.970466,0.504000,0.241000,-0.733000,-28.305000,-43.069000,-8.641000,25.47
3.982794,0.417000,0.217000,-0.897000,-2.550000,-55.313000,-24.565000,25.38
3.989562,0.328000,0.348000,-0.635000,-5.969000,-68.931000,27.924000,25.42
4.001784,0.529000,0.148000,-0.930000,-10.046000,-49.191000,13.267000,25.38
4.014050,0.391000,0.185000,-0.871000,3.954000,-47.328000,20.794000,25.33
4.021097,0.477000,0.130000,-0.912000,26.794000,-64.000000,23.298000,25.33
4.033227,0.456000,0.184000,-0.906000,20.183000,-61.435000,24.153000,25.38
4.040256,0.547000,0.068000,-0.882000,19.847000,-76.916000,11.939000,25.42
4.052159,0.498000,0.125000,-0.969000,37.420000,-63.221000,42.351000,25.28
4.059277,0.466000,0.217000,-0.791000,28.168000,-78.122000,56.947000,25.38
4.071296,0.551000,0.053000,-0.784000,21.878000,-83.313000,29.771000,25.38
4.087312,1.878000,0.654000,0.124000,-7.740000,68.809000,151.328000,25.38
4.090659,1.957000,0.561000,-0.159000,-12.855000,30.321000,6.824000,25.33
4.102965,1.680000,1.030000,0.065000,8.992000,100.061000,-26.748000,25.33
4.109700,1.538000,0.951000,-0.213000,-18.275000,116.214000,-81.084000,25.38
4.121674,1.227000,0.825000,-0.401000,-32.198000,130.107000,-102.916000,25.33
4.133593,0.905000,0.615000,-0.604000,-44.977000,137.069000,-78.977000,25.38
4.140748,0.648000,0.849000,-0.802000,-41.221000,127.221000,-41.130000,25.38
4.152734,0.231000,0.425000,-1.116000,-66.046000,93.893000,19.771000,25.42
4.160050,0.241000,0.150000,-0.979000,-105.618000,112.168000,18.672000,25.47
4.171575,0.111000,0.135000,-1.104000,-125.832000,112.672000,142.962000,25.33
4.183685,-0.213000,0.149000,-1.627000,-195.038000,180.321000,148.244000,25.38
4.190307,-0.090000,0.281000,-2.526000,-259.160000,316.824000,500.260000,25.47
4.202433,-1.022000,0.091000,-2.956000,-303.557000,351.191000,500.260000,25.33
4.207997,-1.421000,-1.063000,-1.360000,-64.595000,109.725000,299.328000,25.47
4.220499,-1.365000,-0.715000,-0.977000,148.656000,-116.794000,-500.275000,25.52
4.232556,-0.646000,0.062000,-0.361000,146.107000,-195.221000,-500.275000,25.24
4.239106,-0.368000,0.072000,-0.414000,129.115000,-250.489000,-162.076000,25.38
4.250926,0.404000,-0.184000,-1.099000,142.565000,-157.252000,-23.969000,25.42
4.262760,0.102000,0.430000,-0.533000,118.702000,-87.618000,11.405000,25.38
4.270105,0.210000,0.283000,-1.160000,79.359000,16.687000,50.107000,25.38
4.282242,2.443000,0.368000,-2.917000,-32.061000,120.519000,65.771000,25.33
4.289136,-0.807000,0.142000,-1.111000,-98.947000,1.038000,275.924000,25.38
4.301178,-0.136000,-0.606000,-1.519000,-98.824000,48.214000,-5.786000,25.38
4.312834,-0.210000,-0.643000,-0.808000,55.511000,-89.099000,-350.855000,25.33
4.319389,-0.102000,-0.168000,-0.729000,156.916000,-124.244000,-386.641000,25.38
4.331613,0.309000,0.417000,-1.050000,6.092000,-58.153000,-190.534000,25.33
4.343384,0.209000,-0.058000,-0.506000,10.779000,-71.145000,99.908000,25.33
4.350634,0.238000,-0.038000,-0.644000,18.244000,-70.153000,-60.534000,25.38
4.362582,0.314000,0.158000,-0.781000,-4.763000,-17.466000,-23.328000,25.33
4.369421,1.912000,1.359000,-1.730000,-29.069000,84.137000,-12.198000,25.38
4.381485,0.451000,-0.128000,-0.863000,11.450000,-51.420000,-106.489000,25.28
4.393184,0.389000,0.121000,-0.798000,42.107000,-28.779000,-135.832000,25.38
4.400323,0.542000,0.229000,-0.753000,20.183000,-22.550000,-118.702000,25.38
4.412335,0.490000,0.283000,-0.902000,38.061000,-26.489000,-44.550000,25.42
4.419554,0.394000,0.505000,-0.850000,15.588000,-10.580000,35.374000,25.33
4.431798,0.457000,0.428000,-0.917000,16.519000,-48.489000,78.855000,25.38
4.443523,0.368000,0.290000,-0.935000,41.145000,-39.053000,-15.038000,25.33
4.450692,0.457000,0.487000,-1.038000,41.115000,-46.489000,13.389000,25.28
4.462931,0.656000,0.558000,-1.039000,65.420000,-68.107000,14.214000,25.33
4.469909,0.741000,0.509000,-1.079000,83.069000,-97.466000,21.969000,25.33
4.482000,0.911000,0.432000,-1.042000,95.924000,-108.290000,-4.198000,25.38
4.493634,0.832000,0.552000,-0.927000,116.702000,-121.496000,-24.687000,25.42
4.500391,0.688000,0.793000,-1.129000,111.466000,-126.870000,83.115000,25.28
4.512796,0.808000,0.593000,-0.890000,94.275000,-158.168000,107.344000,25.38
4.519514,0.630000,0.591000,-1.229000,73.252000,-100.947000,102.427000,25.33
4.531459,0.780000,0.399000,-0.497000,73.450000,-144.672000,201.832000,25.38
4.543570,1.144000,0.215000,0.021000,-24.107000,-3.710000,80.076000,25.42
4.550737,2.001000,0.530000,-0.174000,27.817000,7.282000,-67.573000,25.33
4.563119,1.993000,1.492000,-0.096000,-1.893000,94.550000,74.672000,25.38
4.570407,1.704000,1.797000,0.148000,-71.252000,99.389000,27.267000,25.42
4.582323,1.557000,1.152000,-0.060000,-96.962000,127.847000,56.580000,25.38
4.588991,1.427000,0.768000,-0.426000,-102.366000,149.435000,35.237000,25.28
4.601245,1.372000,0.538000,-0.604000,-79.954000,169.710000,5.756000,25.33
4.613251,1.083000,0.706000,-0.718000,-115.237000,206.580000,103.786000,25.47
4.620308,0.982000,0.147000,-0.797000,-55.893000,168.198000,-9.420000,25.42
4.632383,0.919000,0.386000,-1.269000,-89.878000,222.947000,-34.321000,25.42
4.639091,0.902000,0.115000,-1.456000,-91.053000,192.916000,40.931000,25.38
4.651499,0.180000,-0.185000,-0.892000,-89.618000,155.115000,-62.656000,25.33
4.663096,0.312000,-0.065000,-1.781000,-68.962000,145.527000,-242.534000,25.38
4.669895,0.286000,0.322000,-1.527000,-89.038000,199.115000,-47.023000,25.38
4.681969,0.094000,-0.147000,-1.091000,-182.015000,127.176000,173.008000,25.33
4.693699,0.109000,-0.155000,-1.904000,-72.977000,258.763000,105.878000,25.38
4.700458,-1.001000,0.406000,-2.793000,-225.389000,394.718000,500.260000,25.42
4.712382,-1.129000,-1.203000,-2.358000,-88.122000,269.328000,500.260000,25.28
4.720710,-1.762000,-0.699000,-1.149000,153.023000,47.740000,-206.855000,25.38
4.730523,-0.244000,-0.382000,-2.179000,136.198000,-151.389000,-500.275000,25.33
4.742537,-0.035000,-0.005000,-1.053000,117.939000,58.336000,-341.237000,25.38
4.749886,0.219000,0.601000,0.010000,-4.962000,35.038000,280.901000,25.38
4.761616,-0.125000,-0.465000,0.453000,18.290000,-111.481000,55.206000,25.42
4.773480,0.191000,-0.023000,-0.577000,-10.244000,54.809000,-357.511000,25.47
4.780228,-0.271000,0.464000,-0.881000,-5.328000,-34.092000,98.061000,25.42
4.792373,-0.307000,-0.622000,-0.828000,-13.450000,12.076000,-54.366000,25.33
4.799149,-0.110000,-0.038000,-1.571000,-28.137000,15.237000,-15.695000,25.38
4.811060,-0.828000,0.233000,-2.619000,-171.145000,144.366000,268.656000,25.42
4.822948,-1.521000,-0.459000,-2.501000,-302.748000,-66.947000,372.229000,25.28
4.829344,-0.587000,-0.860000,-4.000000,-354.305000,-114.153000,170.519000,25.38
4.841253,0.141000,-2.140000,-1.047000,-106.962000,189.542000,-500.275000,25.47
4.852781,-0.674000,-0.330000,0.179000,220.153000,-199.084000,-169.481000,25.28
4.859522,-0.622000,-0.209000,0.477000,112.733000,-312.397000,-500.275000,25.33
4.871767,2.539000,1.106000,-0.559000,2.183000,-285.008000,104.351000,25.33
4.883862,1.579000,-0.376000,-0.610000,38.366000,52.183000,-34.763000,25.38
4.890468,4.000000,3.570000,-1.261000,137.496000,-141.298000,323.237000,25.33
4.902417,0.367000,-0.355000,-1.627000,114.626000,105.740000,-40.412000,25.38
4.909415,-0.256000,-0.327000,-1.289000,88.122000,-56.244000,294.046000,25.28
4.921066,0.039000,-0.306000,-1.423000,220.947000,-97.725000,54.977000,25.33
4.933325,0.514000,0.935000,-0.612000,192.626000,-145.695000,32.626000,25.28
4.946510,0.383000,0.695000,-0.242000,19.466000,-45.588000,-135.267000,25.42
4.951950,0.510000,-0.696000,-1.013000,23.145000,76.366000,-53.069000,25.33
4.959029,0.485000,0.588000,-0.960000,-7.863000,-22.748000,81.008000,25.38
4.971294,0.399000,0.056000,-0.716000,-10.809000,33.115000,96.656000,25.33
4.983409,0.727000,-0.005000,-0.862000,10.534000,25.725000,32.473000,25.38
4.990529,0.574000,0.063000,-0.716000,0.641000,50.595000,-43.725000,25.38
5.002901,0.126000,0.049000,-0.377000,38.748000,-93.664000,-52.931000,25.33
5.010042,0.736000,0.113000,-1.036000,58.305000,-7.298000,-120.351000,25.28
5.021755,0.416000,0.212000,-0.765000,40.275000,-12.565000,-103.832000,25.42
5.034546,0.334000,0.178000,-0.803000,20.779000,-1.237000,-37.282000,25.28
5.041210,0.421000,0.202000,-0.904000,12.992000,-14.870000,4.916000,25.38
5.053050,0.468000,0.072000,-0.930000,-2.382000,-12.275000,27.191000,25.33
5.060593,0.532000,0.078000,-0.815000,-21.786000,-22.977000,4.809000,25.38
5.072229,0.448000,0.118000,-0.734000,-9.832000,-19.985000,-3.695000,25.28
5.079058,0.528000,0.120000,-0.854000,-17.527000,-23.023000,-29.618000,25.42
5.091267,0.602000,0.176000,-0.850000,4.534000,-11.099000,-64.962000,25.47
5.103317,0.501000,0.269000,-0.842000,4.107000,-14.351000,-61.542000,25.33
5.110668,0.373000,0.261000,-0.931000,-1.756000,1.878000,-27.557000,25.42
5.123230,0.438000,0.300000,-0.898000,-8.809000,-5.634000,6.656000,25.28
5.129892,0.385000,0.224000,-0.901000,-29.511000,31.924000,51.924000,25.42
5.142225,0.580000,-0.130000,-0.658000,5.023000,-59.359000,85.740000,25.38
5.148785,0.593000,-0.076000,-0.697000,42.427000,-42.794000,-16.779000,25.38
5.161031,0.624000,0.005000,-0.787000,56.763000,-43.359000,-97.130000,25.33
5.173381,0.422000,0.089000,-0.775000,59.252000,-47.252000,-113.756000,25.28
5.180076,0.478000,0.258000,-0.889000,39.832000,-45.786000,-110.656000,25.33
5.192528,0.282000,0.155000,-1.053000,75.282000,-64.305000,-87.588000,25.33
5.197766,0.450000,-0.009000,-0.800000,70.015000,-105.176000,-125.557000,25.38
5.215243,0.760000,0.499000,-0.659000,15.221000,32.809000,-138.397000,25.24
5.222943,0.319000,0.062000,-1.160000,78.809000,-71.817000,-83.695000,25.38
5.229942,0.206000,0.430000,-0.810000,-38.244000,-28.443000,2.885000,25.38
5.242366,0.596000,-0.032000,-1.230000,42.046000,-88.794000,-80.305000,25.42
5.249286,0.390000,0.247000,-1.012000,51.802000,-32.779000,-64.031000,25.38
5.261137,0.450000,0.267000,-0.961000,41.573000,-68.611000,-8.260000,25.33
5.273541,0.438000,-0.016000,-1.050000,34.489000,-57.328000,37.924000,25.42
5.280338,0.378000,0.193000,-0.988000,68.794000,-67.511000,-10.580000,25.38
5.292337,0.395000,0.351000,-1.067000,62.840000,-78.351000,-37.145000,25.33
5.299200,0.355000,0.299000,-1.044000,68.870000,-82.168000,-4.427000,25.38
5.311455,0.380000,0.308000,-0.955000,73.374000,-111.038000,-9.466000,25.38
5.323578,0.434000,0.386000,-1.084000,74.885000,-103.344000,-4.824000,25.33
5.330839,0.499000,0.349000,-0.985000,74.397000,-122.397000,-33.756000,25.38
5.342815,0.612000,0.517000,-1.433000,101.084000,-66.229000,14.000000,25.42
5.349295,0.343000,0.486000,-1.005000,111.053000,-139.053000,69.099000,25.38
5.361410,0.408000,0.423000,-0.926000,90.641000,-141.618000,7.939000,25.47
5.373526,0.640000,0.560000,-1.605000,192.611000,-233.985000,24.550000,25.33
5.380152,1.142000,0.362000,-1.128000,151.221000,-162.260000,-100.229000,25.38
5.392146,1.001000,0.449000,-0.780000,150.550000,-182.611000,-45.145000,25.38
5.399317,0.953000,0.523000,-2.333000,309.481000,-144.458000,178.473000,25.42
5.411110,0.694000,0.572000,-0.186000,77.466000,-122.397000,-174.397000,25.38
5.423115,0.116000,0.509000,-1.508000,108.718000,-54.947000,21.542000,25.33
5.429744,-0.045000,0.269000,-1.889000,132.855000,-123.664000,54.733000,25.33
5.441798,0.311000,0.130000,-1.377000,122.366000,-205.924000,178.168000,25.38
5.453536,0.645000,0.094000,-1.423000,97.939000,-196.351000,94.870000,25.33
5.460526,0.771000,-0.202000,-1.155000,18.916000,-217.252000,29.069000,25.38
5.472444,0.765000,-0.677000,-1.550000,28.611000,-239.374000,-79.099000,25.38
5.479127,0.868000,-0.285000,-1.401000,86.641000,-170.214000,-62.153000,25.38
5.491322,0.859000,0.376000,-0.938000,66.916000,-78.809000,7.634000,25.38
5.503321,-0.366000,0.930000,-1.330000,132.947000,-39.282000,93.939000,25.33
5.510288,0.484000,1.231000,-0.864000,30.779000,-138.229000,270.916000,25.33
5.522053,1.603000,0.428000,-0.706000,-57.908000,-112.076000,163.679000,25.38
5.528974,1.444000,0.245000,-0.631000,-63.710000,-12.427000,58.351000,25.33
5.541193,0.801000,0.377000,-0.327000,-91.802000,26.947000,35.847000,25.38
5.553379,0.588000,0.315000,-0.396000,-132.275000,41.725000,90.000000,25.28
5.560352,0.659000,-0.094000,-0.417000,-84.947000,41.710000,61.282000,25.33
5.572507,0.654000,-0.183000,-0.285000,-74.962000,56.031000,-31.893000,25.38
5.579460,0.579000,-0.058000,-0.227000,-42.366000,88.214000,-88.977000,25.42
5.591229,0.638000,-0.175000,-0.364000,-15.145000,113.206000,-112.565000,25.33
5.602875,0.582000,-0.029000,-0.361000,-45.710000,135.099000,-160.046000,25.28
5.609714,0.537000,0.080000,-0.377000,-29.328000,156.275000,-63.679000,25.42
5.621880,0.470000,0.335000,-0.823000,-79.649000,270.336000,128.840000,25.28
5.633666,0.825000,0.591000,-2.583000,-141.908000,500.260000,339.542000,25.28
5.640768,-0.959000,0.617000,-0.643000,-206.366000,116.137000,500.260000,25.33
5.652211,1.687000,-0.251000,-1.577000,-163.145000,212.031000,-62.000000,25.28
5.659080,0.934000,0.270000,-1.012000,-54.473000,297.802000,125.511000,25.42
5.671527,0.256000,0.323000,-0.965000,-72.962000,319.725000,68.794000,25.38
5.683768,0.059000,0.458000,-0.932000,-78.046000,222.198000,90.229000,25.38
5.690386,0.463000,0.169000,-1.028000,-104.366000,205.710000,-29.878000,25.33
5.702238,0.505000,0.210000,-1.372000,-91.389000,257.786000,-17.511000,25.38
5.709058,0.171000,0.326000,-1.263000,-126.351000,250.229000,-29.649000,25.28
5.721045,0.168000,0.239000,-1.397000,-145.115000,232.305000,25.191000,25.33
5.732824,0.414000,0.152000,-1.506000,-160.702000,234.458000,4.687000,25.38
5.739937,0.383000,-0.025000,-1.498000,-157.878000,251.344000,15.115000,25.33
5.751677,0.384000,-0.099000,-1.643000,-145.008000,263.053000,33.282000,25.42
5.763568,0.350000,-0.232000,-1.524000,-116.565000,251.450000,60.656000,25.28
5.770444,0.402000,-0.290000,-1.462000,-109.664000,245.847000,12.550000,25.33
5.782578,0.545000,-0.334000,-1.580000,-76.672000,258.107000,-1.191000,25.47
5.789507,0.521000,-0.287000,-1.489000,-60.336000,262.641000,-22.779000,25.33
5.801377,0.539000,-0.334000,-1.563000,-50.733000,272.214000,-56.397000,25.38
5.813297,0.490000,-0.354000,-1.810000,-30.718000,284.427000,-69.527000,25.38
5.820297,0.376000,-0.320000,-1.939000,-4.931000,302.718000,-47.038000,25.24
5.832097,0.215000,-0.220000,-1.938000,18.366000,311.191000,-19.435000,25.28
5.839228,0.066000,-0.304000,-1.824000,54.107000,301.740000,-64.580000,25.28
5.850997,0.019000,-0.326000,-1.790000,88.748000,268.305000,-134.672000,25.42
5.862862,0.031000,-0.286000,-1.891000,78.168000,249.817000,-146.733000,25.28
5.869883,-0.451000,0.016000,-1.751000,31.740000,329.634000,-38.489000,25.42
5.881739,-0.494000,-0.037000,-1.471000,-2.519000,190.519000,81.405000,25.28
5.893514,-0.297000,-0.533000,-1.344000,71.084000,151.969000,-159.573000,25.28
5.900220,-0.272000,-0.279000,-1.173000,140.550000,88.565000,-338.870000,25.33
5.912205,-0.272000,0.383000,-1.597000,44.901000,176.137000,-315.664000,25.19
5.919378,-0.615000,0.615000,-1.228000,-6.641000,277.176000,409.130000,25.24
5.930991,-0.575000,-0.145000,-0.939000,-169.130000,270.855000,500.260000,25.28
5.942606,-0.503000,-0.379000,-2.199000,-146.305000,235.267000,412.107000,25.38
5.949349,-1.650000,-0.170000,-1.249000,-138.992000,155.664000,370.275000,25.24
5.961595,-0.768000,-0.647000,-1.422000,22.977000,213.802000,-288.947000,25.28
5.973306,-1.862000,-0.453000,0.962000,64.473000,-317.389000,-312.840000,25.33
5.979356,-0.649000,-0.791000,-0.734000,99.954000,-500.275000,-500.275000,25.24
5.991534,-0.206000,0.040000,-1.781000,112.183000,-431.802000,-500.275000,25.38
6.003232,0.298000,0.044000,-2.426000,75.420000,-436.748000,48.916000,25.33
6.010437,0.295000,-0.378000,-2.030000,68.061000,-443.252000,90.901000,25.38
6.022104,-0.204000,-0.270000,-1.384000,249.237000,-316.489000,305.481000,25.38
6.029168,1.205000,0.411000,-1.737000,34.366000,-394.718000,500.260000,25.24
6.040757,4.000000,3.669000,-1.279000,-151.740000,-276.702000,500.260000,25.28
6.052412,2.498000,-1.783000,-2.427000,198.137000,58.031000,-295.817000,25.33
6.059159,0.556000,0.342000,-1.059000,271.618000,60.122000,-254.076000,25.28
6.071553,0.102000,0.207000,-0.609000,223.710000,-47.053000,-209.527000,25.28
6.083122,0.011000,0.437000,-0.253000,142.885000,-33.908000,-297.557000,25.33
6.090380,0.282000,0.427000,-0.673000,53.160000,-4.626000,-105.099000,25.28
6.104598,0.125000,0.281000,-0.889000,-1.969000,32.458000,186.779000,25.33
6.109311,0.050000,0.297000,-0.761000,-43.359000,31.099000,230.534000,25.33
6.121370,0.190000,0.400000,-0.814000,-96.214000,12.840000,251.557000,25.38
6.133440,0.077000,0.043000,-0.764000,-53.771000,-74.427000,192.672000,25.33
6.146474,1.006000,-0.329000,-1.054000,-110.473000,-130.519000,-58.809000,25.38
6.151654,1.221000,-0.439000,-0.901000,92.870000,-113.374000,-232.305000,25.33
6.158668,1.391000,0.098000,-0.886000,95.756000,-27.313000,-215.466000,25.42
6.171064,0.834000,0.293000,-0.957000,16.168000,23.038000,-96.015000,25.28
6.183107,0.529000,0.227000,-0.615000,62.824000,-19.924000,-68.931000,25.42
6.190422,0.771000,0.069000,-1.646000,58.901000,77.740000,-91.023000,25.38
6.202357,0.252000,0.435000,-0.678000,32.534000,-32.229000,-25.725000,25.24
6.209325,0.553000,0.203000,-0.898000,-2.214000,-34.687000,-32.687000,25.33
6.221505,0.614000,0.114000,-0.863000,21.206000,-15.740000,-52.229000,25.38
6.233481,0.589000,0.187000,-0.962000,13.511000,-14.153000,-45.053000,25.42
6.240522,0.372000,0.121000,-0.508000,0.733000,-31.160000,-20.550000,25.38
6.252588,0.513000,0.012000,-0.679000,9.893000,-38.305000,-28.641000,25.24
6.259651,0.556000,0.014000,-0.643000,21.481000,-33.069000,-12.229000,25.28
6.271528,0.506000,0.066000,-0.763000,18.687000,-12.992000,28.168000,25.28
6.283985,0.385000,0.142000,-0.556000,20.061000,-33.023000,32.885000,25.33
6.291022,0.457000,0.116000,-0.717000,11.863000,-45.252000,26.458000,25.38
6.303098,0.605000,0.022000,-0.784000,19.038000,-51.573000,28.855000,25.33
6.310400,0.699000,0.017000,-0.765000,30.565000,-37.344000,7.740000,25.33
6.322421,0.678000,0.079000,-0.869000,37.985000,-21.878000,-10.885000,25.28
6.329297,0.561000,0.134000,-0.686000,46.229000,-26.427000,-12.626000,25.42
6.341586,0.512000,0.115000,-0.829000,48.458000,-39.008000,-2.275000,25.19
6.353480,0.533000,0.147000,-0.791000,44.534000,-38.947000,-14.198000,25.38
6.360517,0.484000,0.133000,-0.830000,46.397000,-36.962000,-8.031000,25.42
6.372711,0.480000,0.155000,-0.768000,40.534000,-46.412000,-9.298000,25.28
6.379959,0.457000,0.145000,-0.876000,36.473000,-52.702000,2.214000,25.33
6.391988,0.482000,0.069000,-0.920000,74.137000,-75.206000,-13.496000,25.28
6.397814,0.512000,0.121000,-0.759000,74.794000,-99.176000,-86.153000,25.28
6.411052,0.746000,0.253000,-1.089000,77.084000,-133.908000,-35.298000,25.33
6.422984,0.971000,0.172000,-1.150000,63.374000,-64.275000,-85.191000,25.38
6.430039,0.375000,0.413000,-0.855000,79.160000,-86.183000,39.542000,25.33
6.442365,0.229000,0.443000,-0.862000,47.588000,-117.496000,82.305000,25.33
6.450423,0.535000,0.260000,-1.212000,62.855000,-165.634000,77.878000,25.38
6.461024,0.931000,0.319000,-1.267000,84.611000,-178.565000,109.252000,25.33
6.473258,1.005000,0.413000,-1.227000,100.153000,-159.863000,84.931000,25.28
6.479945,0.874000,0.343000,-1.234000,127.634000,-225.511000,81.496000,25.38
6.493556,1.135000,0.587000,-1.217000,129.176000,-237.603000,72.748000,25.42
6.503726,1.147000,0.484000,-0.946000,132.885000,-289.221000,116.565000,25.38
6.510891,1.250000,0.509000,-1.258000,166.947000,-249.924000,37.191000,25.33
6.522624,0.942000,0.296000,-1.198000,133.237000,-247.084000,58.611000,25.28
6.529426,0.875000,0.232000,-2.308000,122.321000,-179.008000,95.695000,25.28
6.541801,0.719000,-0.003000,-1.603000,93.237000,-137.221000,76.687000,25.33
6.553246,0.510000,-0.327000,-1.273000,127.756000,-165.985000,150.305000,25.38
6.560260,1.081000,-0.017000,-0.802000,73.954000,-151.817000,-38.244000,25.28
6.572450,1.248000,0.204000,-0.400000,41.420000,-79.802000,131.298000,25.24
6.579388,0.937000,0.316000,0.410000,135.496000,-167.145000,161.832000,25.38
6.591187,3.310000,2.088000,-0.529000,52.565000,-40.824000,419.847000,25.42
6.603381,3.413000,3.055000,0.430000,-52.366000,199.191000,284.489000,25.33
6.612310,1.633000,1.486000,-0.200000,-229.710000,235.542000,282.000000,25.38
6.621905,1.983000,-0.709000,-0.210000,-166.550000,200.290000,149.130000,25.33
6.627448,1.051000,0.188000,-0.373000,-133.893000,279.450000,82.214000,25.28
6.640716,1.169000,0.038000,-0.585000,-91.969000,329.786000,50.550000,25.28
6.652823,1.045000,0.304000,-0.614000,-92.366000,343.206000,12.382000,25.24
6.659426,0.876000,-0.228000,-0.775000,-45.466000,326.443000,-59.649000,25.28
6.671356,0.773000,-0.012000,-1.006000,-31.511000,309.298000,-187.527000,25.24
6.683444,1.083000,-0.043000,-2.324000,-86.519000,360.962000,-68.916000,25.33
6.690028,0.529000,-0.694000,-1.516000,-144.198000,329.145000,-192.305000,25.28
6.701656,0.678000,-0.338000,-1.878000,-114.427000,352.260000,-208.489000,25.33
6.713611,0.454000,0.371000,-1.967000,-127.969000,375.282000,-232.153000,25.38
6.720240,-0.152000,-0.018000,-1.799000,-199.328000,338.824000,-128.244000,25.38
6.731964,0.059000,-0.389000,-2.288000,-295.038000,294.305000,-115.863000,25.33
6.737591,0.053000,-0.561000,-2.908000,-274.870000,342.229000,-75.863000,25.38
6.750230,-0.679000,-0.485000,-2.535000,-176.824000,269.954000,-101.847000,25.33
6.762170,-0.711000,-0.153000,-3.343000,-303.450000,295.969000,160.672000,25.33
6.768870,-1.052000,-0.126000,-3.866000,-279.160000,467.252000,500.260000,25.28
6.780594,-1.861000,-0.956000,-4.000000,-150.763000,303.252000,500.260000,25.33
6.792150,-1.840000,-1.095000,-3.771000,-302.031000,366.870000,-166.809000,25.28
6.798866,-1.420000,-1.314000,-2.474000,-134.366000,146.656000,75.527000,25.28
6.810874,-2.029000,-1.029000,-1.539000,-162.565000,310.718000,107.802000,25.33
6.822748,-1.636000,-1.018000,-3.205000,-28.137000,142.229000,305.771000,25.28
6.829175,-2.604000,-0.963000,-1.163000,-24.229000,-292.122000,-179.847000,25.33
6.840939,-1.420000,-1.471000,0.160000,317.985000,-178.076000,-500.275000,25.38
6.852672,-1.106000,-0.521000,0.959000,500.260000,-500.275000,-500.275000,25.28
6.859392,0.070000,0.209000,-1.221000,414.305000,-429.221000,-500.275000,25.33
6.871414,0.904000,0.047000,-1.218000,500.260000,-381.221000,-228.672000,25.28
6.883266,0.541000,0.653000,-0.887000,416.290000,-157.664000,-68.519000,25.38
6.889869,0.701000,1.303000,-1.435000,500.260000,-127.221000,297.191000,25.33
6.902046,0.310000,1.490000,-0.791000,379.802000,-174.137000,-108.519000,25.38
6.913819,4.000000,4.000000,-0.220000,16.153000,199.099000,-140.397000,25.33
6.921020,0.200000,1.336000,-1.327000,-54.611000,27.099000,353.817000,25.24
6.932805,0.254000,0.563000,-0.619000,-140.031000,10.534000,-125.786000,25.28
6.939941,0.572000,0.600000,-0.372000,-160.519000,-5.145000,134.229000,25.33
6.951968,0.174000,0.417000,-0.705000,-247.527000,117.450000,305.847000,25.28
6.963512,-0.099000,-0.246000,-0.842000,-188.687000,49.252000,377.405000,25.38
6.970042,0.222000,-0.735000,-1.159000,-122.427000,25.588000,215.481000,25.24
6.982091,0.339000,-0.441000,-1.100000,-90.107000,-19.573000,179.191000,25.38
6.988910,0.666000,-0.742000,-1.037000,-36.779000,-49.985000,48.214000,25.24
7.000863,1.206000,-0.345000,-0.835000,-2.260000,-84.687000,-88.489000,25.24
7.017703,1.449000,-0.107000,-0.982000,18.076000,-33.557000,-297.481000,25.28
7.019328,0.581000,0.980000,-1.219000,109.466000,-69.832000,-500.275000,25.33
7.031597,0.612000,-0.031000,-1.159000,144.397000,-47.099000,-334.672000,25.28
7.043392,0.592000,0.196000,-0.396000,118.504000,-46.336000,-240.992000,25.28
7.050167,0.238000,0.918000,0.230000,86.153000,89.069000,-379.099000,25.24
7.062337,0.315000,1.418000,-0.691000,-75.664000,56.885000,236.855000,25.28
7.069269,0.157000,0.295000,-0.691000,-163.893000,9.725000,168.275000,25.33
7.081183,0.428000,0.037000,-0.948000,-68.748000,-89.542000,-221.832000,25.28
7.093038,0.702000,0.240000,-0.690000,-93.771000,-71.450000,-151.878000,25.28
7.100410,0.714000,0.109000,-0.872000,-74.076000,6.947000,152.046000,25.33
7.112372,0.460000,-0.146000,-0.593000,-58.824000,-2.031000,61.313000,25.19
7.119192,0.429000,-0.016000,-0.616000,-13.252000,-6.626000,-3.069000,25.24
7.131525,0.226000,0.079000,-0.587000,-28.763000,-1.603000,175.221000,25.33
7.143285,0.450000,-0.344000,-0.982000,51.802000,-40.870000,123.084000,25.28
7.150193,0.361000,0.007000,-0.854000,93.053000,-23.313000,-22.565000,25.33
7.162499,0.392000,0.202000,-0.831000,78.718000,-22.458000,78.351000,25.28
7.169371,0.386000,-0.057000,-0.768000,102.076000,-59.084000,34.229000,25.19
7.181457,0.281000,0.171000,-0.706000,106.046000,-66.031000,-57.206000,25.24
7.193346,0.752000,0.613000,-0.833000,62.687000,-61.038000,206.565000,25.28
7.200667,0.732000,0.430000,-1.004000,88.977000,-65.679000,-18.382000,25.33
7.212987,0.710000,0.752000,-0.492000,90.229000,-44.901000,15.344000,25.24
7.219626,0.852000,0.705000,-0.727000,30.229000,-28.733000,31.069000,25.38
7.232347,1.005000,0.733000,-0.455000,-20.107000,2.763000,45.130000,25.33
7.239009,0.893000,0.458000,-0.484000,-18.901000,1.756000,-22.382000,25.28
7.251841,0.782000,0.535000,-0.487000,-49.481000,37.557000,-12.000000,25.28
7.263500,0.552000,0.455000,-0.672000,-77.344000,47.053000,10.321000,25.33
7.270170,0.506000,0.302000,-0.783000,-104.870000,41.221000,24.260000,25.28
7.282391,0.426000,0.209000,-0.748000,-111.618000,78.427000,52.473000,25.33
7.289185,0.287000,0.284000,-0.801000,-146.534000,84.382000,126.427000,25.38
7.301347,0.142000,0.104000,-1.000000,-165.756000,85.939000,189.771000,25.28
7.313145,0.115000,-0.067000,-1.355000,-182.092000,104.015000,226.595000,25.24
7.319602,-0.214000,-0.166000,-1.479000,-238.611000,55.618000,204.305000,25.28
7.331629,-0.385000,-0.632000,-2.265000,-103.374000,64.595000,246.397000,25.38
7.343741,-0.374000,-0.600000,-1.449000,0.611000,-40.000000,32.000000,25.33
7.350594,0.322000,-0.108000,-0.876000,109.282000,-126.656000,64.931000,25.28
7.362817,0.455000,0.145000,-0.425000,124.901000,-47.496000,-91.542000,25.33
7.369531,0.382000,0.480000,-0.068000,49.435000,-51.634000,73.603000,25.33
7.381659,0.434000,0.139000,-0.580000,-14.641000,-16.901000,52.733000,25.28
7.393734,0.536000,0.025000,-0.938000,-38.244000,33.939000,63.221000,25.33
7.400827,0.606000,-0.157000,-0.702000,-16.000000,-199.481000,48.076000,25.28
7.412654,1.643000,-0.130000,-1.116000,53.618000,4.885000,-143.160000,25.33
7.419778,1.028000,0.154000,-0.858000,83.084000,-43.160000,-73.924000,25.38
7.435526,0.614000,0.279000,-0.808000,64.550000,20.397000,-62.229000,25.19
7.438794,0.593000,0.226000,-0.775000,5.679000,3.374000,-126.382000,25.33
7.450841,0.384000,0.279000,-0.584000,43.725000,22.244000,-100.641000,25.28
7.462968,0.224000,0.547000,-0.857000,36.641000,25.649000,-55.863000,25.28
7.470266,0.263000,0.399000,-0.923000,-2.351000,-4.611000,26.244000,25.24
7.482381,0.435000,0.267000,-0.766000,-10.168000,-22.076000,23.466000,25.28
7.489986,0.594000,0.201000,-0.768000,-3.267000,-29.053000,-6.885000,25.24
7.501510,0.697000,0.131000,-0.658000,-3.420000,-52.137000,-15.252000,25.33
7.513835,0.902000,0.096000,-0.741000,-5.969000,-31.130000,-12.885000,25.28
7.520736,0.997000,0.204000,-0.635000,19.954000,-34.595000,15.542000,25.33
7.532627,1.067000,0.392000,-0.464000,26.427000,-19.237000,-13.053000,25.28
7.539935,0.882000,0.514000,-0.385000,8.748000,-7.649000,-11.649000,25.28
7.552081,0.862000,0.565000,-0.522000,-0.198000,-9.695000,35.771000,25.33
7.559139,0.910000,0.518000,-0.431000,-9.771000,-11.664000,50.198000,25.38
7.571408,1.077000,0.627000,-0.431000,-25.740000,2.351000,35.817000,25.33
7.583635,1.085000,0.580000,-0.478000,-10.473000,0.351000,62.992000,25.33
7.591615,1.271000,0.596000,-0.604000,-21.359000,22.702000,86.794000,25.28
7.602812,1.283000,0.610000,-0.598000,-14.336000,58.748000,73.237000,25.33
7.609815,1.090000,0.545000,-0.594000,-50.366000,72.244000,59.313000,25.28
7.621953,0.998000,0.269000,-0.591000,-30.198000,72.122000,86.397000,25.28
7.629159,1.021000,0.119000,-0.637000,-21.267000,78.168000,51.405000,25.33
7.641269,0.996000,0.193000,-0.702000,-6.550000,79.084000,12.702000,25.28
7.653481,0.594000,0.136000,-0.579000,14.290000,59.389000,50.443000,25.33
7.660961,0.372000,0.121000,-0.788000,25.481000,57.847000,34.321000,25.24
7.673030,0.292000,0.098000,-0.967000,22.336000,50.336000,11.969000,25.28
7.679905,0.200000,0.135000,-1.047000,3.679000,92.504000,64.122000,25.33
7.692285,0.087000,0.128000,-0.922000,20.427000,84.382000,150.473000,25.38
7.699094,0.281000,0.349000,-1.002000,-22.351000,-40.901000,-101.450000,25.28
7.711003,1.031000,-0.165000,-1.612000,-14.321000,60.397000,-49.618000,25.33
7.723273,0.979000,0.319000,-1.231000,-16.412000,101.038000,11.939000,25.28
7.729960,0.974000,0.456000,-0.729000,-22.382000,106.382000,12.519000,25.33
7.743256,0.435000,0.385000,-0.120000,-7.191000,76.489000,-9.969000,25.38
7.749082,0.298000,0.366000,-0.432000,-26.031000,66.977000,-102.168000,25.28
7.761221,0.246000,0.576000,-0.540000,-21.588000,37.069000,-36.473000,25.33
7.773399,0.486000,0.469000,-0.793000,-44.748000,36.763000,-5.832000,25.38
7.780460,0.676000,0.299000,-0.867000,-25.649000,12.443000,15.053000,25.38
7.792923,0.801000,0.181000,-0.953000,-2.473000,39.771000,7.298000,25.33
7.799787,0.629000,0.318000,-0.960000,-3.359000,23.099000,-29.053000,25.28
7.811929,0.646000,0.351000,-1.031000,-24.351000,12.809000,-8.580000,25.33
7.819083,0.606000,0.307000,-0.915000,-24.397000,54.290000,23.740000,25.28
7.831419,0.429000,0.324000,-0.808000,-35.954000,70.229000,38.397000,25.28
7.843233,0.364000,0.280000,-0.736000,-35.832000,67.405000,69.618000,25.33
7.850518,0.405000,0.142000,-0.717000,-34.702000,69.145000,67.481000,25.38
7.862660,0.364000,0.112000,-0.722000,-33.679000,75.237000,57.145000,25.33
7.869529,0.244000,0.046000,-0.755000,-30.962000,66.901000,58.214000,25.28
7.881661,0.200000,-0.054000,-0.806000,-26.763000,55.481000,80.321000,25.28
7.893678,0.302000,-0.086000,-0.845000,-39.603000,-0.748000,23.924000,25.33
7.900843,0.385000,-0.071000,-0.936000,-11.206000,38.412000,-40.489000,25.33
7.912572,0.151000,-0.065000,-0.782000,-19.344000,-0.504000,51.985000,25.28
7.919719,0.198000,-0.206000,-0.942000,-11.847000,-5.786000,38.214000,25.33
7.934371,0.154000,-0.245000,-0.981000,-19.206000,-17.099000,3.145000,25.28
7.943710,0.134000,-0.310000,-1.058000,-31.206000,-35.740000,-1.008000,25.28
7.950657,0.177000,-0.246000,-1.161000,-37.542000,-12.382000,15.130000,25.24
7.962843,-0.068000,-0.123000,-0.940000,-56.015000,-11.618000,42.718000,25.28
7.969361,-0.510000,-0.227000,-0.766000,-76.198000,-46.718000,112.244000,25.33
7.981256,-0.242000,-0.545000,-0.840000,-99.710000,-155.649000,19.115000,25.24
7.992707,0.517000,-1.339000,-0.581000,-75.695000,-142.397000,-62.260000,25.28
8.001287,1.095000,-1.018000,-0.441000,-10.977000,-149.756000,-22.351000,25.24
8.011632,1.068000,-0.229000,-0.369000,7.130000,-108.122000,27.511000,25.38
8.023915,0.809000,-0.762000,-0.795000,22.061000,-81.405000,-82.580000,25.19
8.030387,0.452000,-0.341000,-0.719000,165.511000,-41.466000,-274.122000,25.24
8.042850,-0.233000,0.922000,-0.722000,149.832000,-85.649000,-79.481000,25.28
8.052981,0.350000,0.218000,-1.064000,-21.817000,-139.695000,32.397000,25.33
8.060992,1.151000,-0.272000,-1.812000,-13.985000,-78.137000,58.565000,25.28
8.072853,1.090000,0.107000,-1.084000,121.511000,-47.160000,-100.382000,25.28
8.079921,0.653000,0.249000,-1.130000,104.229000,-0.901000,-133.679000,25.33
8.092353,0.439000,0.465000,-0.938000,50.779000,38.687000,72.519000,25.38
8.099070,0.219000,0.155000,-0.868000,13.252000,0.534000,109.740000,25.28
8.111321,0.353000,0.255000,-0.802000,26.656000,-5.618000,-5.176000,25.33
8.123625,0.500000,0.406000,-1.012000,26.718000,-21.985000,-62.458000,25.28
8.130703,0.534000,0.236000,-1.037000,22.992000,-38.275000,5.802000,25.24
8.142845,0.854000,0.263000,-0.932000,13.313000,-9.176000,-30.275000,25.24
8.149988,0.920000,0.189000,-0.805000,5.939000,5.939000,-67.771000,25.28
8.162077,0.544000,0.087000,-0.790000,20.427000,12.534000,-34.733000,25.33
8.169248,0.474000,0.113000,-0.790000,33.420000,21.939000,3.634000,25.28
8.182877,0.501000,0.175000,-0.872000,-2.794000,4.611000,3.023000,25.33
8.188540,0.346000,0.056000,-0.726000,12.122000,-18.870000,53.496000,25.28
8.201019,0.633000,0.071000,-0.874000,6.412000,-7.237000,30.641000,25.28
8.213254,0.613000,0.063000,-0.779000,-3.206000,-10.092000,40.992000,25.33
8.220376,0.696000,0.104000,-0.798000,0.931000,3.267000,36.641000,25.38
8.232944,0.582000,0.012000,-0.739000,1.985000,-2.214000,11.634000,25.28
8.239856,0.576000,0.024000,-0.791000,12.824000,-8.977000,-0.489000,25.33
8.252407,0.557000,0.052000,-0.795000,5.664000,-2.565000,3.893000,25.38
8.259769,0.535000,0.061000,-0.860000,8.046000,-0.809000,11.679000,25.14
8.272069,0.509000,0.102000,-0.798000,5.084000,-7.405000,1.237000,25.24
8.279567,0.551000,0.071000,-0.827000,4.305000,-2.122000,8.092000,25.28
8.292135,0.538000,0.074000,-0.811000,5.084000,-3.649000,4.840000,25.24
8.299199,0.526000,0.055000,-0.818000,1.924000,-4.214000,-1.557000,25.28
8.311463,0.530000,0.053000,-0.803000,6.046000,-2.687000,2.611000,25.28
8.323791,0.570000,0.089000,-0.790000,-2.473000,2.992000,-9.023000,25.33
8.330760,0.515000,0.047000,-0.794000,16.947000,-17.450000,0.550000,25.28
8.343218,0.629000,0.093000,-0.835000,5.191000,2.794000,-21.802000,25.24
8.350308,0.526000,0.084000,-0.767000,16.229000,-8.855000,-9.939000,25.33
8.362516,0.567000,0.095000,-0.759000,6.870000,-16.397000,-12.718000,25.38
8.369433,0.612000,0.068000,-0.799000,19.985000,-20.656000,-19.969000,25.33
8.381549,0.603000,0.088000,-0.801000,11.878000,-9.771000,-36.656000,25.28
8.393584,0.537000,0.150000,-0.838000,19.221000,-7.435000,-18.580000,25.28
8.400936,0.485000,0.119000,-0.693000,15.573000,-9.771000,-11.573000,25.24
8.412958,0.502000,0.063000,-0.747000,24.290000,-34.840000,-9.954000,25.28
8.419992,0.599000,0.030000,-0.767000,27.802000,-32.992000,-23.588000,25.33
8.432096,0.576000,0.066000,-0.850000,34.977000,-37.237000,-25.969000,25.33
8.438907,0.572000,0.107000,-0.790000,27.649000,-37.053000,-25.771000,25.28
8.451095,0.484000,0.088000,-0.806000,18.977000,-32.885000,0.046000,25.33
8.463363,0.469000,0.081000,-0.808000,21.817000,-49.496000,21.603000,25.28
8.470575,0.473000,0.085000,-0.777000,16.885000,-53.359000,-1.267000,25.38
8.483365,0.508000,0.096000,-0.889000,23.191000,-59.008000,-1.115000,25.33
8.490140,0.484000,0.059000,-0.780000,24.046000,-82.672000,2.275000,25.28
8.501772,0.577000,-0.022000,-0.948000,32.901000,-83.481000,-18.244000,25.33
8.513813,0.549000,0.015000,-0.825000,33.237000,-77.435000,-25.573000,25.19
8.521092,0.490000,0.175000,-0.937000,37.954000,-83.252000,11.389000,25.19
8.533293,0.683000,0.135000,-1.231000,39.786000,-99.649000,24.550000,25.24
8.539802,0.545000,0.203000,-0.933000,40.183000,-88.183000,18.901000,25.38
8.552072,0.487000,0.166000,-1.080000,46.214000,-91.786000,13.481000,25.19
8.559172,0.451000,0.158000,-1.013000,48.580000,-113.679000,25.954000,25.24
8.570956,0.577000,0.173000,-1.022000,49.344000,-130.366000,22.412000,25.28
8.583093,0.756000,0.194000,-1.289000,72.183000,-118.427000,7.069000,25.24
8.589953,0.660000,0.317000,-1.283000,78.489000,-140.550000,-18.061000,25.24
8.602073,0.637000,0.363000,-1.356000,89.130000,-163.221000,6.687000,25.28
8.609077,0.727000,0.357000,-1.128000,82.214000,-165.191000,10.870000,25.24
8.621052,0.936000,0.334000,-1.115000,78.763000,-175.038000,67.344000,25.28
8.633385,0.929000,0.390000,-0.951000,59.954000,-163.924000,66.611000,25.28
8.640131,0.930000,0.658000,-0.985000,60.534000,-182.076000,86.824000,25.38
8.652398,0.683000,-0.065000,-1.436000,81.786000,-190.366000,38.198000,25.19
8.659118,0.613000,0.389000,-1.188000,88.840000,-128.275000,26.168000,25.24
8.671079,0.340000,0.264000,-1.428000,101.130000,-165.817000,12.061000,25.28
8.683011,0.609000,-0.104000,-1.147000,84.641000,-195.084000,-38.122000,25.38
8.689938,0.529000,0.081000,-0.864000,29.099000,-141.038000,-143.588000,25.24
8.701774,0.365000,-0.468000,-1.096000,51.145000,-153.634000,-31.740000,25.38
8.708866,0.653000,-0.208000,-0.999000,-2.992000,-84.305000,24.962000,25.24
8.721361,0.529000,0.102000,-0.696000,51.878000,8.382000,107.237000,25.33
8.738165,0.919000,0.519000,-0.005000,157.084000,-101.038000,103.603000,25.28
8.739822,0.415000,0.874000,-0.171000,41.893000,-99.603000,139.053000,25.33
8.751815,0.892000,0.519000,-0.593000,-29.359000,-68.534000,250.183000,25.19
8.758929,0.672000,0.420000,-0.229000,-103.496000,0.458000,268.015000,25.28
8.796734,0.976000,0.448000,-0.210000,-53.863000,-58.153000,133.954000,25.33
8.799749,2.445000,0.768000,-0.796000,-101.939000,99.435000,120.672000,25.19
8.800385,0.757000,0.364000,-0.425000,-121.344000,175.847000,48.336000,25.14
8.801751,0.463000,0.103000,-0.362000,-144.397000,156.458000,86.015000,25.33
8.807623,0.489000,-0.020000,-0.622000,-108.550000,128.000000,35.191000,25.28
8.820401,0.687000,-0.064000,-0.598000,-124.046000,145.985000,-34.229000,25.24
8.832376,0.524000,-0.204000,-1.108000,-99.466000,184.260000,52.840000,25.28
8.839238,0.557000,-0.365000,-0.956000,-89.985000,183.374000,40.840000,25.28
8.851408,0.562000,-0.008000,-0.998000,-56.626000,193.481000,-2.550000,25.33
8.863369,0.652000,0.232000,-0.937000,-72.779000,193.817000,-1.206000,25.28
8.870437,0.634000,0.169000,-1.122000,-92.595000,214.855000,9.374000,25.33
8.882686,0.359000,0.087000,-1.157000,-93.069000,223.542000,-7.115000,25.33
8.889572,0.289000,0.108000,-1.234000,-104.061000,217.908000,-4.366000,25.28
8.901491,0.402000,0.042000,-1.245000,-108.519000,215.573000,6.901000,25.14
8.913818,0.452000,0.001000,-1.303000,-110.672000,213.084000,8.992000,25.28
8.920695,0.423000,0.082000,-1.309000,-113.908000,217.496000,-5.145000,25.28
8.932725,0.389000,0.113000,-1.345000,-124.015000,222.580000,26.763000,25.33
8.939726,0.429000,0.004000,-1.445000,-141.557000,229.908000,54.580000,25.28
8.951462,0.343000,-0.202000,-1.501000,-107.435000,221.267000,77.969000,25.24
8.963660,0.354000,-0.179000,-1.437000,-99.374000,217.588000,66.137000,25.28
8.970394,0.377000,-0.365000,-1.410000,-77.542000,216.794000,57.069000,25.28
8.982453,0.310000,-0.339000,-1.403000,-57.145000,200.824000,69.740000,25.33
8.989268,0.353000,-0.288000,-1.446000,-29.252000,201.969000,73.282000,25.28
9.002546,0.302000,-0.381000,-1.324000,-23.008000,199.649000,58.168000,25.33
9.016037,0.324000,-0.472000,-1.192000,33.710000,190.656000,12.824000,25.24
9.020484,0.625000,-0.186000,-1.382000,5.924000,149.282000,-187.710000,25.28
9.032129,0.179000,-0.290000,-1.324000,44.687000,199.115000,-106.107000,25.33
9.038636,0.229000,-0.122000,-1.334000,9.038000,183.099000,-80.504000,25.19
9.050857,0.111000,-0.174000,-1.183000,38.977000,160.824000,-68.336000,25.19
9.062801,0.142000,0.003000,-0.972000,39.969000,147.099000,-106.382000,25.33
9.069705,0.182000,0.109000,-0.966000,31.344000,123.908000,-67.496000,25.19
9.081974,0.288000,0.096000,-0.996000,11.221000,117.252000,-53.191000,25.24
9.088588,0.312000,0.109000,-0.988000,11.084000,118.260000,-44.366000,25.28
9.101070,0.232000,0.182000,-1.007000,3.023000,110.840000,-34.519000,25.28
9.113293,0.236000,0.163000,-1.005000,4.550000,86.595000,-10.702000,25.24
9.120329,0.267000,0.111000,-0.910000,-4.489000,82.137000,4.336000,25.28
9.132667,0.250000,0.109000,-0.892000,-12.672000,73.435000,16.626000,25.28
9.139743,0.200000,0.116000,-0.964000,-20.336000,69.206000,33.863000,25.33
9.151907,0.148000,0.108000,-1.019000,-45.756000,57.969000,66.046000,25.28
9.158963,0.244000,-0.047000,-1.026000,-54.229000,51.053000,94.366000,25.14
9.170938,0.321000,-0.117000,-1.021000,-50.824000,44.382000,77.450000,25.24
9.183008,0.316000,-0.148000,-0.916000,-37.008000,49.206000,52.473000,25.19
9.190241,0.240000,-0.172000,-0.850000,-26.122000,36.687000,47.435000,25.24
9.202204,0.216000,-0.181000,-0.838000,-8.611000,31.695000,32.290000,25.19
9.209252,0.185000,-0.199000,-0.824000,-9.771000,27.725000,27.237000,25.28
9.221668,0.137000,-0.200000,-0.870000,-5.893000,22.916000,11.740000,25.19
9.233279,-0.026000,-0.300000,-0.562000,-5.237000,-36.687000,-22.351000,25.28
9.240210,0.487000,-0.668000,-0.920000,-5.160000,-51.618000,-183.756000,25.24
9.252102,0.115000,-0.399000,-1.192000,25.695000,12.137000,-211.725000,25.24
9.258893,0.154000,-0.121000,-1.839000,66.305000,130.672000,-70.229000,25.28
9.271162,-0.660000,0.158000,-0.751000,20.870000,-33.527000,-17.191000,25.24
9.284459,0.628000,-0.058000,-0.334000,38.519000,-146.840000,-208.015000,25.28
9.289387,0.718000,-0.158000,-0.097000,196.656000,-147.725000,-398.305000,25.38
9.301418,1.371000,1.282000,-1.831000,325.282000,156.809000,-373.542000,25.24
9.313235,-0.590000,1.300000,-0.556000,316.229000,-104.977000,180.031000,25.28
9.320151,0.312000,1.772000,-1.063000,177.985000,-148.275000,57.435000,25.24
9.334142,0.553000,1.342000,-0.974000,117.435000,-204.229000,-32.931000,25.28
9.338866,0.884000,1.155000,-0.296000,16.748000,-224.595000,-24.687000,25.19
9.350890,3.462000,0.454000,-2.046000,-46.718000,-24.794000,391.603000,25.42
9.363158,0.394000,-0.557000,-0.650000,-0.763000,8.916000,-231.298000,25.28
9.369833,0.084000,0.362000,-0.799000,58.794000,-88.427000,-186.779000,25.24
9.384763,0.783000,0.346000,-0.722000,28.229000,-96.473000,81.969000,25.33
9.388804,0.751000,0.217000,-0.601000,-32.733000,-54.611000,-141.466000,25.28
9.401558,0.771000,-0.284000,-1.171000,-75.847000,-107.481000,-71.863000,25.24
9.412708,0.813000,-1.082000,-1.305000,-79.802000,-51.496000,-98.672000,25.28
9.419463,1.044000,-0.089000,-1.513000,47.603000,48.015000,-0.687000,25.28
9.432235,0.155000,0.038000,-0.717000,70.885000,-15.313000,-81.206000,25.24
9.443620,0.409000,0.210000,-0.538000,58.962000,-33.328000,-122.992000,25.19
9.450730,0.391000,0.321000,-0.988000,52.565000,-27.282000,-71.481000,25.33
9.462895,0.322000,0.338000,-0.909000,36.840000,-41.176000,14.534000,25.19
9.469967,0.543000,0.303000,-0.850000,28.366000,-50.656000,11.588000,25.28
9.482234,0.807000,0.266000,-0.830000,16.794000,-28.198000,-3.038000,25.24
9.489323,0.628000,0.146000,-0.921000,15.252000,-3.023000,-21.008000,25.28
9.501519,0.418000,0.206000,-0.874000,20.305000,-5.145000,-11.237000,25.33
9.513561,0.497000,0.292000,-0.846000,14.733000,-20.550000,-0.076000,25.24
9.520547,0.638000,0.186000,-0.874000,7.405000,-14.244000,1.466000,25.28
9.532893,0.585000,0.154000,-0.804000,10.489000,1.023000,-28.336000,25.24
9.539963,0.543000,0.230000,-0.780000,8.397000,-5.420000,-27.176000,25.19
9.552415,0.563000,0.198000,-0.830000,2.275000,-5.771000,-18.000000,25.19
9.559214,0.555000,0.190000,-0.861000,-0.702000,-0.977000,-12.870000,25.33
9.571637,0.519000,0.220000,-0.848000,-4.412000,2.855000,-14.748000,25.28
9.583684,0.550000,0.229000,-0.822000,-7.282000,0.092000,-10.458000,25.33
9.591830,0.566000,0.203000,-0.814000,-7.481000,5.084000,-13.328000,25.24
9.603340,0.567000,0.215000,-0.810000,-7.527000,6.947000,-9.069000,25.28
9.610449,0.573000,0.215000,-0.768000,-6.748000,1.756000,-20.382000,25.24
9.622776,0.560000,0.190000,-0.776000,-3.710000,8.076000,-21.481000,25.28
9.629574,0.553000,0.176000,-0.792000,-3.679000,6.107000,-26.031000,25.38
9.641605,0.571000,0.182000,-0.733000,-1.145000,-1.069000,-34.855000,25.33
9.648861,0.610000,0.183000,-0.807000,0.489000,-2.870000,-45.527000,25.28
9.661057,0.747000,0.110000,-0.911000,-13.679000,31.053000,-70.718000,25.33
9.673335,0.381000,0.077000,-0.669000,15.847000,-10.595000,-2.885000,25.38
9.680412,0.640000,0.191000,-0.793000,9.099000,-2.153000,-45.649000,25.28
9.692615,0.566000,0.255000,-0.784000,18.000000,2.366000,-13.008000,25.33
9.700042,0.523000,0.327000,-0.820000,8.916000,1.679000,-8.458000,25.28
9.712157,0.490000,0.278000,-0.906000,10.473000,-10.122000,7.954000,25.28
9.718662,0.569000,0.252000,-0.714000,23.282000,-13.863000,-11.527000,25.33
9.731229,0.494000,0.328000,-0.750000,11.618000,-7.008000,-5.618000,25.28
9.743300,0.563000,0.310000,-0.754000,9.160000,-19.832000,-36.672000,25.24
9.750331,0.605000,0.336000,-0.757000,11.496000,-17.603000,-39.618000,25.24
9.762460,0.492000,0.377000,-0.819000,7.618000,-19.954000,-7.710000,25.19
9.769577,0.328000,0.547000,-0.742000,-13.282000,6.397000,-32.458000,25.33
9.781934,0.322000,0.490000,-0.680000,-83.832000,-31.328000,55.374000,25.28
9.787687,0.510000,0.185000,-0.623000,-96.290000,-45.023000,7.481000,25.24
9.800758,0.731000,-0.070000,-0.724000,-55.405000,-49.420000,18.489000,25.28
9.812780,0.793000,-0.253000,-0.862000,-30.855000,17.939000,-74.992000,25.38
9.819752,0.688000,0.094000,-1.009000,-15.053000,21.771000,-34.641000,25.33
9.832240,0.440000,0.108000,-0.933000,0.718000,14.473000,38.427000,25.28
9.839372,0.374000,0.146000,-0.856000,22.840000,11.206000,-6.489000,25.28
9.851967,0.331000,0.298000,-0.754000,17.374000,-3.679000,-18.763000,25.24
9.863740,0.380000,0.317000,-0.836000,-0.656000,-17.237000,26.840000,25.28
9.870634,0.653000,0.321000,-0.849000,-2.076000,-8.275000,32.718000,25.14
9.883100,0.754000,0.333000,-0.908000,10.153000,0.290000,24.687000,25.24
9.890047,0.594000,0.355000,-0.800000,-3.313000,18.687000,-30.290000,25.38
9.902458,0.416000,0.307000,-0.826000,-13.649000,11.649000,4.565000,25.24
9.909483,0.393000,0.258000,-0.858000,-13.450000,2.443000,3.588000,25.38
9.921576,0.524000,0.259000,-0.825000,-13.481000,-0.733000,12.534000,25.28
9.933824,0.569000,0.226000,-0.820000,-11.817000,1.985000,-5.542000,25.28
9.940980,0.537000,0.231000,-0.818000,-11.160000,9.908000,-9.679000,25.28
9.953260,0.497000,0.253000,-0.808000,-8.351000,6.260000,4.229000,25.33
9.960671,0.504000,0.251000,-0.772000,-6.031000,5.374000,-2.855000,25.19
9.973127,0.521000,0.284000,-0.780000,-6.427000,6.626000,4.885000,25.28
9.980219,0.521000,0.290000,-0.793000,-11.664000,6.489000,3.160000,25.24
9.992268,0.518000,0.285000,-0.777000,-17.954000,8.275000,10.916000,25.28
9.999720,0.512000,0.241000,-0.794000,-21.160000,6.061000,14.336000,25.33
10.011901,0.510000,0.226000,-0.764000,-19.573000,4.076000,17.160000,25.24
