# Gait Analysis Data - MPU6050 IMU
# Duration: 10 seconds
# Format: timestamp(s),ax(g),ay(g),az(g),gx(deg/s),gy(deg/s),gz(deg/s),temp(C)
# Note: Document sensor placement (ankle/wrist) separately
timestamp,ax,ay,az,gx,gy,gz,temp
0.000677,1.523000,0.022000,-0.803000,17.176000,132.443000,25.740000,28.53
0.001346,2.295000,0.441000,-0.864000,54.626000,113.145000,29.359000,28.58
0.001944,1.830000,-0.173000,-0.300000,14.534000,109.832000,26.595000,28.48
0.002501,1.087000,-0.315000,-0.813000,44.214000,58.122000,37.847000,28.53
0.003112,1.003000,-0.137000,-0.791000,43.954000,29.206000,36.687000,28.67
0.003842,0.939000,-0.208000,-0.870000,58.809000,-69.496000,40.458000,28.48
0.004553,1.043000,-0.229000,-0.679000,22.382000,-40.733000,30.107000,28.58
0.005131,0.940000,-0.173000,-0.580000,15.252000,-18.015000,15.038000,28.53
0.005682,0.897000,-0.194000,-0.469000,11.160000,-30.855000,7.557000,28.53
0.006229,0.821000,-0.115000,-0.625000,1.282000,-23.252000,3.176000,28.58
0.006773,0.773000,-0.084000,-0.716000,-6.840000,1.191000,-0.565000,28.48
0.007319,0.631000,-0.015000,-1.396000,-3.405000,32.305000,-4.366000,28.53
0.007856,0.706000,-0.042000,-0.724000,-2.458000,16.122000,-2.397000,28.53
0.008402,0.696000,-0.036000,-0.716000,-2.290000,19.176000,-1.511000,28.58
0.008959,0.637000,-0.109000,-0.942000,-2.153000,29.008000,-2.824000,28.58
0.009590,0.764000,-0.055000,-0.477000,5.374000,-8.305000,-0.458000,28.53
0.010287,0.727000,-0.076000,-0.694000,-5.924000,22.779000,-2.412000,28.53
0.010881,0.733000,-0.058000,-0.673000,-1.496000,15.298000,-1.618000,28.58
0.011447,0.737000,-0.055000,-0.665000,-0.122000,9.496000,-0.641000,28.58
0.012006,0.729000,-0.054000,-0.666000,1.420000,3.771000,0.290000,28.62
0.012546,0.720000,-0.054000,-0.667000,-0.031000,0.748000,1.267000,28.58
0.013087,0.724000,-0.041000,-0.650000,0.733000,-5.481000,2.321000,28.58
0.013627,0.700000,-0.044000,-0.677000,1.206000,-10.183000,3.374000,28.58
0.014172,0.716000,-0.058000,-0.665000,-0.183000,-6.855000,4.229000,28.62
0.014712,0.744000,-0.065000,-0.625000,-0.412000,-8.656000,4.550000,28.67
0.015334,0.698000,-0.045000,-0.687000,-2.763000,-3.496000,3.740000,28.48
0.016134,0.714000,-0.062000,-0.614000,-0.351000,-4.275000,4.015000,28.62
0.016785,0.689000,-0.052000,-0.683000,3.130000,-4.992000,3.695000,28.53
0.017329,0.719000,-0.075000,-0.660000,0.504000,-2.809000,3.969000,28.48
0.017878,0.705000,-0.084000,-0.697000,3.756000,-4.382000,2.794000,28.39
0.018433,0.708000,-0.071000,-0.688000,-0.672000,-0.901000,4.275000,28.53
0.019026,0.740000,-0.082000,-0.677000,1.313000,-3.450000,3.618000,28.72
0.019642,0.690000,-0.023000,-0.715000,0.229000,1.252000,3.924000,28.58
0.020520,0.674000,-0.022000,-0.712000,3.679000,-0.473000,5.176000,28.48
0.021082,0.689000,-0.058000,-0.733000,4.031000,2.550000,6.137000,28.62
0.021627,0.649000,-0.099000,-0.773000,0.458000,11.435000,6.031000,28.62
0.022174,0.655000,-0.065000,-0.768000,-2.168000,19.344000,4.916000,28.58
0.022767,0.637000,-0.085000,-0.773000,-5.542000,31.298000,2.107000,28.58
0.023387,0.659000,-0.129000,-0.759000,-8.382000,37.954000,-2.214000,28.53
0.023983,0.755000,-0.073000,-0.773000,-5.557000,51.939000,-5.649000,28.53
0.024560,0.712000,-0.073000,-0.852000,-8.916000,66.687000,-7.969000,28.58
0.025130,0.686000,-0.074000,-0.923000,-13.985000,87.099000,-6.809000,28.58
0.025686,0.590000,-0.116000,-1.141000,21.985000,131.176000,5.710000,28.62
0.026227,0.806000,-0.059000,-0.782000,10.870000,163.374000,8.397000,28.62
0.026820,0.771000,-0.138000,-1.111000,27.069000,194.626000,9.649000,28.67
0.027427,0.784000,-0.174000,-0.988000,26.718000,226.275000,8.763000,28.58
0.028061,0.853000,-0.085000,-0.971000,32.351000,255.084000,9.817000,28.62
0.029401,0.873000,-0.095000,-0.976000,48.840000,259.511000,12.702000,28.48
0.030131,1.029000,-0.231000,-0.962000,48.076000,270.672000,12.015000,28.58
0.030693,1.154000,-0.271000,-1.069000,39.450000,275.969000,9.817000,28.58
0.031385,1.364000,-0.249000,-0.964000,11.176000,252.382000,-3.145000,28.62
0.032073,0.926000,-0.077000,-0.865000,2.947000,242.458000,1.832000,28.62
0.032633,1.110000,0.040000,-0.824000,2.122000,256.214000,4.534000,28.67
0.033291,0.894000,0.090000,-1.594000,0.748000,185.099000,15.267000,28.48
0.033871,0.355000,-0.206000,-1.680000,-11.511000,135.053000,47.771000,28.62
0.034449,0.419000,-0.341000,-1.488000,-34.855000,75.038000,73.924000,28.53
0.035064,0.135000,-0.100000,-1.323000,-51.145000,30.580000,84.718000,28.58
0.035678,0.123000,0.014000,-1.168000,-57.679000,20.351000,89.374000,28.67
0.036279,0.194000,0.071000,-1.045000,-62.015000,-4.519000,84.366000,28.62
0.036890,0.289000,0.171000,-0.947000,-56.931000,-24.351000,71.038000,28.53
0.037554,0.248000,0.188000,-0.988000,-50.122000,-31.191000,51.298000,28.58
0.038165,0.310000,0.191000,-0.766000,-21.847000,-96.779000,32.427000,28.58
0.038710,0.312000,0.132000,-0.806000,-24.427000,-75.313000,13.160000,28.53
0.039261,0.397000,0.049000,-0.848000,-26.168000,-80.626000,-3.069000,28.48
0.039828,0.513000,-0.015000,-0.842000,-17.679000,-103.588000,-14.947000,28.48
0.040393,0.591000,-0.060000,-0.878000,-17.374000,-121.664000,-21.588000,28.53
0.040958,0.617000,-0.091000,-0.850000,-15.069000,-146.870000,-24.427000,28.53
0.041523,0.624000,-0.091000,-0.795000,-12.504000,-153.969000,-27.420000,28.67
0.042071,0.666000,-0.093000,-0.723000,-8.580000,-158.992000,-31.389000,28.58
0.042670,0.771000,-0.095000,-0.720000,-3.420000,-171.847000,-36.076000,28.53
0.043336,0.893000,-0.076000,-0.794000,13.802000,-116.107000,-55.252000,28.44
0.044101,1.044000,-0.057000,-0.636000,-6.443000,-101.695000,-52.901000,28.58
0.044711,1.058000,-0.040000,-0.590000,0.061000,-116.656000,-59.298000,28.58
0.045286,1.142000,0.016000,-0.596000,20.244000,-149.817000,-64.244000,28.44
0.045840,1.293000,0.063000,-0.562000,25.557000,-140.443000,-71.237000,28.62
0.046390,1.441000,0.116000,-0.476000,38.000000,-150.427000,-77.954000,28.58
0.046946,1.511000,0.133000,-0.366000,68.519000,-207.008000,-84.122000,28.58
0.047497,1.505000,0.105000,-0.304000,61.634000,-188.076000,-92.137000,28.53
0.048054,1.395000,-0.070000,-0.249000,72.565000,-184.534000,-104.275000,28.62
0.048570,1.240000,-0.209000,-0.007000,77.618000,-195.878000,-108.870000,28.58
0.049101,1.289000,-0.285000,-0.237000,72.351000,-127.176000,-110.992000,28.48
0.049612,1.373000,-0.263000,-0.008000,79.191000,-125.695000,-99.069000,28.58
0.050116,1.237000,-0.283000,-0.346000,77.221000,-105.130000,-81.908000,28.62
0.050625,1.234000,-0.300000,-0.448000,74.565000,-115.893000,-63.053000,28.53
0.051138,1.194000,-0.246000,-0.328000,64.733000,-119.695000,-49.679000,28.58
0.051642,1.515000,-0.459000,-0.674000,23.252000,-35.603000,-59.878000,28.53
0.052141,1.061000,-0.030000,0.163000,51.603000,-115.588000,-54.504000,28.44
0.052639,1.317000,0.049000,-0.040000,4.153000,-70.275000,-48.840000,28.48
0.053235,1.377000,0.028000,0.026000,28.901000,-49.221000,-54.916000,28.58
0.053923,1.325000,0.113000,-0.229000,60.260000,-60.809000,-57.374000,28.62
0.054449,1.051000,-0.057000,-0.370000,81.557000,0.412000,-69.145000,28.62
0.054977,0.908000,-0.007000,-0.560000,71.588000,-63.939000,-62.260000,28.53
0.055511,1.011000,-0.018000,-0.086000,83.160000,-34.137000,-67.084000,28.48
0.056048,0.953000,-0.051000,-0.274000,88.443000,6.153000,-71.939000,28.72
0.056579,1.091000,0.010000,0.349000,86.916000,-76.290000,-60.809000,28.62
0.057082,0.979000,-0.004000,-0.173000,85.695000,6.458000,-69.389000,28.58
0.057585,1.084000,-0.041000,-0.120000,79.954000,15.679000,-66.473000,28.48
0.058063,1.008000,0.022000,-0.087000,74.779000,19.908000,-68.321000,28.53
0.058524,1.229000,0.101000,0.148000,61.420000,41.969000,-70.809000,28.53
0.058986,0.985000,0.049000,-0.106000,44.504000,42.000000,-74.351000,28.58
0.059451,0.948000,-0.046000,-0.061000,17.008000,43.282000,-76.397000,28.48
0.059914,0.839000,0.115000,-0.116000,-1.847000,49.832000,-79.206000,28.53
0.060384,0.763000,0.237000,-0.075000,-29.618000,68.962000,-83.344000,28.53
0.060847,0.662000,0.393000,0.081000,-55.313000,79.893000,-83.939000,28.58
0.061316,0.276000,0.642000,-0.608000,-35.511000,119.939000,-71.023000,28.67
0.061783,0.816000,0.312000,-1.069000,-10.611000,149.023000,-32.534000,28.62
0.062233,1.310000,0.049000,-0.631000,2.351000,94.275000,9.084000,28.53
0.062724,1.409000,-0.076000,-0.601000,23.527000,76.336000,31.481000,28.48
0.063298,1.738000,-0.122000,-0.984000,32.931000,88.122000,35.618000,28.48
0.063973,1.631000,-0.214000,-0.813000,20.870000,2.626000,28.626000,28.58
0.064472,0.970000,-0.258000,-0.023000,41.023000,52.672000,17.603000,28.53
0.064955,0.804000,-0.278000,-0.318000,52.916000,-103.023000,7.344000,28.48
0.065432,0.918000,-0.327000,-0.720000,-4.504000,-28.092000,-9.450000,28.48
0.065940,0.969000,-0.093000,-0.560000,-17.206000,8.641000,-16.229000,28.48
0.066489,0.786000,-0.044000,-0.604000,-5.649000,-42.885000,-12.718000,28.53
0.067042,0.788000,-0.097000,-0.702000,-6.855000,-34.260000,-13.420000,28.53
0.067511,0.685000,-0.012000,-0.638000,-9.817000,-9.405000,-16.611000,28.58
0.067967,0.635000,0.028000,-0.741000,-10.305000,-13.802000,-14.519000,28.48
0.068416,0.787000,-0.020000,-0.713000,-10.214000,-9.878000,-12.702000,28.44
0.068863,0.852000,-0.068000,-0.653000,-11.710000,1.176000,-12.153000,28.53
0.069308,0.820000,0.010000,-0.610000,-10.382000,1.771000,-11.511000,28.48
0.069756,0.795000,-0.053000,-0.637000,-10.382000,6.137000,-9.542000,28.58
0.070290,0.789000,-0.073000,-0.536000,0.168000,-20.855000,-9.237000,28.53
0.070810,0.839000,-0.082000,-0.404000,9.939000,-57.969000,-7.557000,28.62
0.071268,0.738000,-0.083000,-0.717000,-13.282000,15.603000,-12.305000,28.48
0.071719,0.763000,-0.049000,-0.676000,1.099000,-16.229000,-11.908000,28.48
0.072169,0.717000,-0.026000,-0.678000,-8.916000,6.305000,-11.420000,28.53
0.072606,0.745000,0.002000,-0.646000,-11.496000,5.374000,-8.748000,28.48
0.073044,0.752000,-0.036000,-0.634000,-9.878000,0.443000,-7.725000,28.58
0.073588,0.760000,-0.036000,-0.648000,-5.695000,-5.588000,-7.008000,28.48
0.074084,0.750000,-0.008000,-0.650000,-2.885000,-7.664000,-7.191000,28.53
0.074566,0.746000,-0.041000,-0.671000,-1.588000,-6.794000,-6.366000,28.53
0.075044,0.735000,-0.037000,-0.679000,-2.122000,-7.542000,-6.290000,28.48
0.075508,0.725000,-0.038000,-0.667000,-3.481000,-4.702000,-6.321000,28.48
0.075959,0.729000,-0.033000,-0.667000,-4.702000,-1.252000,-7.038000,28.53
0.076382,0.722000,-0.020000,-0.660000,-5.664000,0.916000,-7.802000,28.53
0.076811,0.723000,-0.010000,-0.668000,-5.740000,2.412000,-7.802000,28.58
0.077390,0.735000,-0.010000,-0.663000,-5.496000,3.924000,-7.389000,28.48
0.077906,0.753000,-0.023000,-0.646000,-4.885000,4.473000,-7.099000,28.62
0.078341,0.740000,-0.015000,-0.661000,-3.985000,4.595000,-6.321000,28.53
0.078804,0.739000,-0.018000,-0.653000,-2.840000,5.481000,-4.977000,28.58
0.079288,0.735000,-0.020000,-0.642000,-3.115000,5.954000,-4.809000,28.53
0.079753,0.749000,-0.037000,-0.663000,-3.328000,5.420000,-4.977000,28.53
0.080196,0.752000,-0.038000,-0.652000,-3.557000,5.420000,-4.656000,28.48
0.080655,0.738000,-0.040000,-0.663000,-3.191000,4.931000,-5.389000,28.48
0.081099,0.723000,-0.018000,-0.663000,-3.466000,3.817000,-6.046000,28.72
0.081541,0.747000,-0.033000,-0.673000,-2.779000,3.618000,-6.260000,28.53
0.081978,0.733000,-0.034000,-0.683000,-7.405000,10.595000,-6.962000,28.48
0.082419,0.725000,-0.004000,-0.673000,-1.863000,0.794000,-6.779000,28.58
0.082861,0.743000,-0.018000,-0.678000,-2.595000,4.336000,-6.611000,28.53
0.083320,0.741000,-0.028000,-0.666000,-1.847000,4.489000,-6.397000,28.53
0.083768,0.741000,-0.059000,-0.664000,-2.046000,2.076000,-6.595000,28.48
0.084279,0.756000,-0.077000,-0.659000,-3.038000,2.427000,-7.313000,28.48
0.084822,0.754000,-0.024000,-0.677000,-4.473000,3.725000,-7.298000,28.62
0.085276,0.756000,-0.026000,-0.665000,-5.069000,4.260000,-6.901000,28.48
0.085729,0.747000,-0.015000,-0.677000,-4.656000,4.672000,-6.412000,28.58
0.086164,0.741000,-0.036000,-0.684000,-3.832000,6.015000,-6.397000,28.48
0.086586,0.746000,-0.045000,-0.687000,-4.473000,8.885000,-6.137000,28.53
0.087002,0.759000,-0.046000,-0.680000,-4.656000,12.458000,-6.504000,28.62
0.087416,0.754000,-0.032000,-0.715000,-9.542000,26.687000,-6.290000,28.58
0.087830,0.755000,-0.056000,-0.716000,-5.832000,28.076000,-6.809000,28.48
0.088248,0.753000,-0.075000,-0.729000,-5.649000,34.855000,-7.389000,28.53
0.088664,0.790000,-0.092000,-0.711000,-4.366000,42.168000,-11.313000,28.53
0.089104,0.796000,-0.135000,-0.726000,-4.198000,49.725000,-16.550000,28.58
0.089527,0.829000,-0.260000,-0.808000,-11.756000,53.603000,-27.771000,28.58
0.089949,0.860000,-0.188000,-0.719000,-21.786000,63.786000,-42.382000,28.53
0.090396,0.887000,-0.173000,-0.686000,-27.481000,62.290000,-59.954000,28.53
0.090848,1.043000,-0.067000,-0.580000,-13.832000,42.092000,-77.573000,28.58
0.091281,1.043000,-0.099000,-0.457000,8.000000,48.824000,-97.298000,28.53
0.091739,1.198000,-0.305000,-0.543000,18.947000,41.710000,-121.969000,28.53
0.092192,1.094000,-0.353000,-0.518000,18.351000,53.710000,-140.565000,28.58
0.092631,1.158000,-0.241000,-0.528000,27.817000,54.275000,-162.702000,28.58
0.093088,1.038000,-0.288000,-0.515000,43.282000,64.305000,-185.359000,28.53
0.093520,0.949000,-0.138000,-0.426000,63.786000,66.840000,-213.939000,28.53
0.094047,1.243000,0.247000,-0.392000,100.824000,23.603000,-158.397000,28.48
0.094678,1.208000,-0.220000,-0.539000,158.183000,-6.718000,-110.702000,28.58
0.095139,0.976000,-0.695000,-0.435000,174.626000,-30.901000,-88.580000,28.53
0.096207,0.746000,-0.093000,-0.633000,-0.290000,-1.099000,-0.473000,28.48
0.096629,0.728000,-0.093000,-0.667000,-1.908000,2.595000,-0.962000,28.44
0.097072,0.735000,-0.083000,-0.674000,-1.359000,1.282000,-0.885000,28.48
0.097493,0.730000,-0.073000,-0.639000,-1.939000,2.626000,-0.855000,28.48
0.097930,0.724000,-0.074000,-0.683000,-2.656000,7.053000,-0.855000,28.58
0.098343,0.735000,-0.086000,-0.666000,-3.267000,6.809000,-0.779000,28.53
0.103968,0.757000,-0.080000,-0.646000,-2.809000,4.672000,-0.458000,28.53
0.116311,0.750000,-0.076000,-0.648000,-2.565000,5.160000,-0.489000,28.48
0.123270,0.749000,-0.080000,-0.660000,-2.794000,9.847000,-1.099000,28.48
0.135800,0.754000,-0.076000,-0.639000,-0.794000,3.649000,-0.947000,28.53
0.142820,0.759000,-0.074000,-0.625000,-0.107000,-0.351000,-0.305000,28.53
0.155050,0.744000,-0.073000,-0.657000,-1.405000,8.656000,-1.282000,28.48
0.167470,0.765000,-0.068000,-0.604000,1.038000,-2.931000,0.046000,28.53
0.174775,0.741000,-0.076000,-0.671000,-2.198000,5.679000,-0.626000,28.44
0.187049,0.746000,-0.088000,-0.663000,-1.237000,5.481000,-0.824000,28.58
0.194335,0.742000,-0.079000,-0.659000,-2.244000,9.191000,-0.840000,28.48
0.206605,0.760000,-0.087000,-0.652000,-2.519000,9.573000,-1.023000,28.53
0.213806,0.745000,-0.100000,-0.643000,-2.702000,9.679000,-1.450000,28.53
0.226061,0.755000,-0.083000,-0.634000,-2.870000,9.160000,-1.557000,28.48
0.233272,0.750000,-0.078000,-0.650000,-2.458000,7.267000,-1.527000,28.58
0.245666,0.760000,-0.073000,-0.630000,-2.046000,6.656000,-1.527000,28.53
0.252751,0.766000,-0.081000,-0.631000,-2.061000,7.939000,-1.313000,28.53
0.265327,0.770000,-0.078000,-0.631000,-1.603000,8.870000,-1.573000,28.48
0.278694,0.767000,-0.079000,-0.625000,-1.466000,9.679000,-1.985000,28.58
0.289130,0.778000,-0.087000,-0.630000,-1.130000,7.069000,-1.740000,28.53
0.297004,0.779000,-0.079000,-0.634000,-0.931000,5.511000,-1.969000,28.53
0.306276,0.766000,-0.086000,-0.631000,-1.481000,3.084000,-1.511000,28.58
0.316494,0.787000,-0.082000,-0.638000,-2.534000,3.328000,-2.412000,28.48
0.323532,0.818000,-0.080000,-0.519000,4.260000,-28.519000,-2.641000,28.53
0.335740,0.771000,-0.097000,-0.584000,-0.046000,-11.130000,-4.580000,28.48
0.342696,0.748000,-0.092000,-0.649000,-3.618000,1.466000,-4.733000,28.58
0.355268,0.732000,-0.073000,-0.654000,-3.466000,-1.954000,-3.817000,28.58
0.367676,0.741000,-0.064000,-0.616000,0.122000,-15.481000,-2.321000,28.62
0.374543,0.747000,-0.088000,-0.596000,6.504000,-16.550000,-2.611000,28.48
0.386812,0.749000,-0.091000,-0.624000,-0.611000,-0.885000,-2.885000,28.48
0.394005,0.746000,-0.059000,-0.648000,1.145000,-1.649000,-2.870000,28.53
0.406248,0.766000,-0.080000,-0.690000,-0.244000,0.214000,-4.672000,28.53
0.413596,0.701000,-0.050000,-0.720000,0.351000,0.748000,-5.359000,28.48
0.425791,0.751000,-0.077000,-0.662000,2.794000,-10.260000,-5.130000,28.48
0.432764,0.772000,-0.093000,-0.641000,-2.061000,-4.962000,-5.771000,28.53
0.445394,0.772000,-0.068000,-0.600000,0.840000,-12.198000,-6.412000,28.48
0.457441,0.773000,-0.124000,-0.629000,-0.046000,-16.122000,-6.397000,28.48
0.464334,0.750000,-0.107000,-0.616000,-3.908000,-10.076000,-7.695000,28.58
0.476452,0.705000,-0.106000,-0.649000,-2.687000,-11.649000,-8.626000,28.53
0.483535,0.694000,-0.065000,-0.687000,-4.214000,-7.221000,-8.122000,28.44
0.495940,0.725000,-0.053000,-0.652000,-2.336000,-14.962000,-6.412000,28.48
0.502962,0.715000,-0.071000,-0.680000,-2.901000,-9.634000,-5.771000,28.53
0.515396,0.762000,-0.106000,-0.686000,-5.145000,-5.679000,-7.084000,28.53
0.527694,0.752000,-0.094000,-0.657000,-6.015000,-7.344000,-8.336000,28.48
0.534738,0.704000,-0.052000,-0.683000,-6.198000,-5.695000,-8.458000,28.48
0.547013,0.698000,-0.075000,-0.700000,-6.519000,-2.122000,-7.802000,28.53
0.554390,0.697000,-0.079000,-0.698000,-7.038000,0.260000,-7.282000,28.58
0.566342,0.678000,-0.014000,-0.688000,-6.412000,4.015000,-5.496000,28.58
0.574163,0.665000,-0.013000,-0.695000,-4.870000,7.939000,-3.206000,28.58
0.585967,0.719000,-0.023000,-0.680000,-3.344000,9.160000,-0.794000,28.53
0.593381,0.722000,-0.014000,-0.670000,-2.000000,11.405000,0.779000,28.53
0.605289,0.744000,-0.035000,-0.665000,-0.885000,11.863000,1.588000,28.48
0.612585,0.728000,-0.037000,-0.657000,1.863000,9.450000,3.023000,28.53
0.625231,0.708000,-0.042000,-0.662000,4.718000,7.496000,4.595000,28.53
0.632823,0.669000,-0.026000,-0.651000,7.649000,7.160000,6.947000,28.58
0.645249,0.665000,-0.017000,-0.637000,10.107000,9.038000,9.924000,28.58
0.657253,0.710000,-0.061000,-0.655000,12.458000,9.496000,11.038000,28.53
0.664528,0.739000,-0.070000,-0.645000,13.389000,9.344000,11.328000,28.48
0.677058,0.720000,-0.085000,-0.708000,14.031000,6.137000,8.061000,28.58
0.684086,0.770000,-0.081000,-0.668000,13.573000,6.748000,6.275000,28.58
0.696467,0.679000,-0.059000,-0.698000,12.656000,11.695000,6.214000,28.53
0.703876,0.732000,-0.085000,-0.707000,11.756000,9.023000,5.725000,28.48
0.716429,0.741000,-0.110000,-0.675000,8.824000,9.405000,4.260000,28.39
0.723532,0.718000,-0.072000,-0.687000,8.305000,7.878000,3.985000,28.44
0.736029,0.728000,-0.066000,-0.728000,6.489000,10.855000,4.290000,28.53
0.743382,0.740000,-0.061000,-0.672000,9.695000,-2.214000,5.008000,28.48
0.755763,0.739000,-0.117000,-0.693000,4.962000,13.740000,4.580000,28.48
0.762880,0.630000,-0.086000,-0.725000,6.718000,19.863000,1.405000,28.44
0.775425,0.726000,-0.125000,-0.732000,2.061000,29.466000,0.229000,28.48
0.782601,0.691000,-0.180000,-0.782000,2.947000,39.634000,-1.908000,28.58
0.794959,0.715000,-0.100000,-0.781000,9.634000,46.824000,-3.557000,28.58
0.807368,0.742000,-0.137000,-0.789000,16.000000,66.748000,-5.374000,28.53
0.814500,0.695000,-0.307000,-0.981000,16.779000,90.290000,-5.542000,28.53
0.826703,0.744000,-0.073000,-0.852000,24.000000,113.802000,0.061000,28.48
0.833770,0.792000,-0.162000,-0.874000,27.710000,146.794000,-2.473000,28.53
0.845850,0.686000,-0.069000,-1.068000,35.802000,176.168000,1.817000,28.44
0.853216,0.640000,-0.025000,-1.006000,22.153000,216.824000,8.458000,28.48
0.865213,0.741000,0.049000,-0.964000,24.947000,273.924000,10.992000,28.48
0.878457,0.739000,0.126000,-1.054000,47.008000,300.351000,25.969000,28.53
0.884702,0.937000,-0.067000,-1.057000,83.130000,332.885000,31.878000,28.48
0.896754,1.000000,-0.031000,-1.002000,77.344000,372.198000,44.183000,28.58
0.903839,1.251000,-0.133000,-1.067000,100.443000,385.374000,60.412000,28.58
0.916258,1.533000,-0.119000,-1.300000,89.435000,354.733000,54.656000,28.53
0.923265,1.954000,0.047000,-0.913000,70.015000,316.901000,59.420000,28.53
0.935567,1.812000,0.339000,-0.946000,85.069000,305.130000,79.221000,28.48
0.947484,1.750000,0.529000,-0.632000,110.092000,270.504000,130.473000,28.58
0.954383,1.373000,0.336000,-1.129000,123.725000,226.336000,111.557000,28.53
0.966278,0.831000,0.514000,-1.516000,105.924000,159.420000,81.038000,28.44
0.973668,1.107000,0.548000,-1.439000,89.481000,131.542000,23.557000,28.48
0.985969,0.806000,0.546000,-1.399000,69.695000,2.840000,-11.847000,28.48
0.993146,0.393000,0.630000,-1.418000,37.710000,24.092000,-17.450000,28.53
1.005216,0.487000,0.530000,-1.175000,41.695000,-36.458000,-15.145000,28.48
1.017445,0.129000,0.416000,-1.067000,39.771000,-93.481000,-13.359000,28.58
1.024155,0.028000,0.298000,-0.932000,22.260000,-105.954000,-13.160000,28.53
1.036571,0.011000,0.246000,-0.784000,7.099000,-112.870000,-14.748000,28.53
1.043091,0.096000,0.242000,-0.719000,-6.427000,-125.053000,-14.611000,28.58
1.055264,0.254000,0.271000,-0.666000,-19.008000,-126.443000,-13.908000,28.48
1.067322,0.403000,0.264000,-0.668000,-28.977000,-135.618000,-13.740000,28.53
1.073984,0.557000,0.258000,-0.638000,-41.634000,-144.092000,-16.122000,28.53
1.086052,0.692000,0.281000,-0.603000,-50.397000,-157.191000,-21.969000,28.48
1.092769,0.798000,0.303000,-0.575000,-57.466000,-169.099000,-29.557000,28.58
1.105040,0.861000,0.331000,-0.537000,-60.626000,-174.321000,-38.931000,28.53
1.117024,0.927000,0.300000,-0.516000,-61.008000,-178.061000,-48.885000,28.53
1.123799,1.006000,0.243000,-0.500000,-62.443000,-182.198000,-57.420000,28.48
1.135872,1.073000,0.178000,-0.486000,-67.557000,-183.069000,-63.298000,28.48
1.142711,1.156000,0.123000,-0.481000,-73.695000,-189.130000,-66.779000,28.44
1.154851,1.200000,0.098000,-0.504000,-81.481000,-190.885000,-68.397000,28.48
1.166809,1.240000,0.048000,-0.514000,-88.031000,-190.718000,-69.985000,28.58
1.173508,1.274000,0.035000,-0.497000,-93.588000,-194.519000,-70.901000,28.44
1.185507,1.281000,-0.001000,-0.551000,-99.206000,-192.046000,-72.015000,28.53
1.197482,1.344000,-0.072000,-0.527000,-104.534000,-193.313000,-75.847000,28.48
1.204033,1.383000,-0.125000,-0.512000,-113.282000,-190.962000,-80.076000,28.58
1.216025,1.358000,-0.133000,-0.512000,-113.649000,-190.000000,-83.115000,28.53
1.222609,1.340000,-0.131000,-0.505000,-111.496000,-183.481000,-84.489000,28.44
1.234730,1.307000,-0.119000,-0.467000,-103.863000,-177.176000,-86.229000,28.48
1.246559,1.323000,-0.098000,-0.500000,-93.527000,-166.718000,-91.115000,28.48
1.253531,1.392000,-0.052000,-0.445000,-78.733000,-163.603000,-95.588000,28.53
1.266015,1.389000,-0.048000,-0.547000,-62.122000,-150.702000,-106.092000,28.58
1.277094,1.364000,-0.084000,-0.519000,-41.282000,-146.382000,-121.176000,28.58
1.283674,1.348000,-0.123000,-0.459000,-15.145000,-151.084000,-135.725000,28.48
1.295514,1.365000,-0.172000,-0.393000,12.916000,-136.260000,-147.588000,28.53
1.307518,1.399000,-0.231000,-0.307000,43.740000,-128.275000,-152.107000,28.53
1.314476,1.281000,-0.267000,0.241000,114.260000,-91.969000,-113.603000,28.48
1.326459,1.699000,-0.615000,0.419000,142.412000,-92.580000,-107.023000,28.48
1.333279,1.823000,-0.850000,0.447000,126.718000,-92.000000,-116.901000,28.62
1.345575,1.868000,-0.746000,0.569000,102.046000,-70.153000,-123.725000,28.44
1.357308,1.872000,-0.729000,0.757000,93.008000,-61.130000,-108.229000,28.48
1.364468,1.804000,-0.795000,0.955000,93.145000,-66.656000,-76.076000,28.48
1.376772,1.559000,-0.934000,1.243000,97.099000,-55.313000,-37.099000,28.53
1.383801,1.294000,-1.066000,1.626000,94.290000,-20.840000,1.893000,28.58
1.396139,1.389000,-1.094000,1.970000,91.679000,64.595000,34.916000,28.48
1.403447,0.347000,-0.581000,1.045000,107.191000,126.565000,69.237000,28.44
1.415584,1.764000,0.078000,-1.982000,44.275000,228.763000,54.061000,28.62
1.421419,1.014000,0.416000,-1.333000,45.557000,77.634000,55.252000,28.48
1.434830,0.166000,-0.016000,-0.192000,28.443000,107.557000,62.275000,28.58
1.446790,1.450000,-0.264000,-0.808000,43.420000,201.664000,10.244000,28.44
1.454308,1.706000,-0.669000,-0.846000,32.885000,119.969000,7.710000,28.53
1.467019,1.590000,0.201000,-0.884000,6.763000,121.634000,30.550000,28.48
1.473877,2.030000,0.168000,-0.717000,37.405000,-15.603000,24.366000,28.58
1.485783,1.097000,-0.058000,-0.658000,50.809000,15.802000,32.916000,28.62
1.492835,0.972000,-0.358000,-0.857000,35.802000,-11.771000,28.840000,28.53
1.505177,0.937000,-0.313000,-0.729000,27.893000,-0.962000,21.802000,28.48
1.517422,0.959000,-0.127000,-0.680000,16.275000,-6.595000,11.511000,28.48
1.524705,0.897000,-0.027000,-0.697000,16.885000,-19.496000,10.321000,28.53
1.537249,0.780000,-0.054000,-0.702000,12.489000,-15.618000,9.954000,28.58
1.544000,0.793000,-0.155000,-0.713000,5.344000,-8.031000,6.992000,28.48
1.556047,0.649000,-0.118000,-0.801000,-18.809000,78.855000,-6.168000,28.48
1.563250,0.656000,-0.015000,-0.795000,-1.298000,28.702000,-3.206000,28.53
1.575675,0.760000,-0.058000,-0.652000,-4.015000,38.626000,-6.351000,28.53
1.587819,0.767000,-0.059000,-0.831000,5.817000,53.405000,-9.282000,28.48
1.595429,0.856000,0.015000,-0.484000,2.397000,-18.580000,1.053000,28.48
1.607269,0.726000,-0.013000,-0.671000,-16.473000,62.687000,-1.542000,28.62
1.614695,0.767000,-0.044000,-0.630000,-0.672000,7.191000,1.756000,28.53
1.626786,0.744000,-0.051000,-0.632000,8.519000,-35.832000,3.832000,28.39
1.634223,0.728000,-0.056000,-0.701000,1.954000,-23.786000,3.588000,28.34
1.646263,0.725000,-0.038000,-0.673000,-0.458000,-2.916000,1.191000,28.53
1.653820,0.705000,-0.016000,-0.729000,-2.183000,-0.992000,1.496000,28.48
1.665667,0.671000,-0.009000,-0.748000,-5.313000,12.763000,0.855000,28.48
1.673122,0.739000,-0.032000,-0.618000,0.412000,-6.229000,2.198000,28.44
1.685444,0.724000,-0.054000,-0.666000,-1.664000,4.840000,0.733000,28.44
1.692943,0.708000,-0.037000,-0.670000,-0.885000,4.855000,0.366000,28.48
1.705084,0.700000,-0.023000,-0.720000,7.130000,-22.076000,2.702000,28.48
1.717471,0.739000,-0.047000,-0.613000,-0.061000,2.840000,1.634000,28.53
1.725008,0.708000,-0.033000,-0.762000,-4.809000,5.924000,1.542000,28.53
1.737289,0.727000,-0.057000,-0.676000,0.290000,-0.443000,2.198000,28.48
1.744254,0.718000,-0.064000,-0.630000,-5.817000,-8.947000,3.634000,28.48
1.756829,0.752000,-0.009000,-0.600000,-5.176000,0.092000,2.183000,28.44
1.765307,0.710000,-0.024000,-0.637000,-0.275000,-3.481000,2.198000,28.34
1.776449,0.673000,-0.007000,-0.696000,-1.817000,4.382000,2.687000,28.48
1.783850,0.690000,-0.044000,-0.679000,1.053000,4.244000,2.046000,28.48
1.796269,0.714000,-0.064000,-0.707000,-2.916000,7.954000,1.099000,28.44
1.803522,0.778000,-0.055000,-0.704000,-6.031000,19.405000,-0.412000,28.48
1.815675,0.692000,-0.080000,-0.714000,-5.679000,24.611000,-1.374000,28.39
1.827778,0.694000,-0.043000,-0.675000,-6.992000,23.130000,-2.855000,28.53
1.834727,0.745000,-0.124000,-0.727000,-6.015000,25.099000,-2.779000,28.53
1.847422,0.687000,-0.055000,-0.732000,-5.802000,37.313000,-4.412000,28.48
1.854284,0.749000,-0.016000,-0.709000,-6.595000,50.977000,-3.298000,28.48
1.866654,0.724000,-0.042000,-0.745000,-7.939000,56.244000,-1.939000,28.44
1.873720,0.693000,-0.105000,-0.833000,-20.382000,66.702000,1.649000,28.34
1.886126,0.666000,0.263000,-0.786000,0.305000,87.252000,6.382000,28.39
1.893727,0.769000,-0.119000,-0.762000,-1.725000,97.313000,6.809000,28.48
1.905514,0.761000,-0.131000,-0.746000,7.191000,111.252000,4.397000,28.44
1.913134,0.805000,-0.140000,-0.723000,4.947000,130.870000,0.656000,28.39
1.924991,0.778000,-0.046000,-0.791000,9.023000,140.534000,0.443000,28.48
1.937533,0.727000,0.022000,-0.837000,15.359000,169.786000,1.710000,28.48
1.944483,0.810000,-0.050000,-0.804000,18.427000,196.992000,2.534000,28.44
1.956869,0.783000,0.019000,-0.858000,24.397000,234.748000,4.504000,28.53
1.964245,0.726000,0.006000,-0.903000,29.695000,281.160000,5.695000,28.48
1.976217,0.885000,-0.023000,-0.861000,39.771000,312.153000,3.771000,28.48
1.983292,0.892000,0.065000,-0.956000,49.649000,334.519000,10.794000,28.53
1.995795,0.915000,0.060000,-0.941000,72.550000,379.176000,22.977000,28.62
2.001417,1.135000,-0.018000,-1.018000,87.557000,429.145000,33.573000,28.39
2.014644,2.157000,-0.562000,-1.419000,48.015000,418.244000,15.115000,28.48
2.026996,1.589000,-0.371000,-0.982000,32.137000,398.046000,6.473000,28.53
2.034103,1.830000,-0.464000,-1.123000,6.611000,409.008000,-4.840000,28.53
2.046346,1.551000,0.009000,-0.955000,15.084000,383.038000,2.382000,28.58
2.053530,1.857000,0.235000,-0.749000,4.198000,370.687000,16.809000,28.58
2.065849,2.064000,0.313000,-0.659000,41.298000,328.901000,39.511000,28.53
2.072918,1.526000,0.150000,-0.735000,37.206000,224.366000,38.931000,28.48
2.085067,0.322000,-0.595000,-1.948000,-29.603000,136.214000,50.366000,28.58
2.097320,1.476000,-0.433000,-1.925000,-70.489000,88.198000,53.664000,28.34
2.106123,0.483000,0.193000,-1.085000,-91.038000,30.061000,67.939000,28.53
2.116326,0.244000,0.313000,-1.276000,-100.427000,-76.214000,104.718000,28.58
2.123393,0.112000,0.259000,-1.042000,-81.450000,-22.641000,99.725000,28.48
2.135513,0.167000,0.348000,-0.389000,-80.489000,-29.863000,93.435000,28.53
2.141251,0.158000,0.401000,-0.635000,-80.855000,-83.237000,85.817000,28.53
2.154549,0.241000,0.490000,-0.656000,-71.359000,-70.336000,63.832000,28.58
2.166868,0.328000,0.568000,-0.623000,-56.718000,-82.779000,43.420000,28.48
2.173834,0.441000,0.586000,-0.612000,-35.115000,-116.137000,22.137000,28.44
2.185792,0.556000,0.542000,-0.647000,-20.580000,-130.443000,-3.099000,28.39
2.192555,0.656000,0.488000,-0.627000,-13.252000,-147.282000,-27.053000,28.48
2.204788,0.680000,0.418000,-0.646000,-0.992000,-174.626000,-48.427000,28.58
2.216944,0.744000,0.354000,-0.535000,-1.008000,-198.779000,-63.817000,28.53
2.223839,0.766000,0.256000,-0.609000,-1.435000,-204.611000,-77.359000,28.44
2.236023,0.833000,0.174000,-0.574000,-6.290000,-222.183000,-83.908000,28.48
2.242767,0.868000,0.077000,-0.599000,-11.053000,-235.221000,-89.176000,28.58
2.255116,0.937000,-0.017000,-0.615000,-18.076000,-243.237000,-91.221000,28.53
2.266794,0.990000,-0.125000,-0.701000,-30.763000,-247.527000,-90.244000,28.53
2.273416,1.102000,-0.207000,-0.604000,-37.771000,-261.160000,-84.534000,28.58
2.285252,1.185000,-0.283000,-0.551000,-50.931000,-273.740000,-76.763000,28.53
2.297280,1.198000,-0.361000,-0.636000,-61.908000,-263.389000,-70.641000,28.53
2.304142,1.253000,-0.429000,-0.674000,-73.435000,-260.061000,-63.466000,28.58
2.315935,1.348000,-0.466000,-0.718000,-84.107000,-253.252000,-56.122000,28.39
2.322896,1.482000,-0.470000,-0.743000,-97.053000,-260.534000,-45.496000,28.44
2.334472,1.611000,-0.410000,-0.713000,-106.748000,-259.573000,-35.267000,28.53
2.346420,1.737000,-0.295000,-0.429000,-109.160000,-299.603000,-22.916000,28.48
2.353125,1.777000,-0.137000,-0.619000,-118.947000,-274.183000,-20.153000,28.48
2.365072,1.857000,-0.004000,-0.446000,-119.160000,-243.557000,-27.740000,28.53
2.376977,1.900000,0.090000,-0.410000,-112.947000,-241.710000,-42.809000,28.53
2.383853,2.006000,0.147000,-0.359000,-104.336000,-225.069000,-66.931000,28.58
2.395925,2.144000,0.095000,-0.218000,-90.015000,-223.237000,-95.603000,28.48
2.401477,2.189000,-0.023000,-0.075000,-69.466000,-218.595000,-126.763000,28.44
2.414764,2.806000,-0.273000,1.060000,10.076000,-171.405000,-129.618000,28.44
2.426492,1.760000,-0.298000,0.956000,40.336000,-169.145000,-116.779000,28.48
2.433512,2.548000,-0.983000,1.190000,71.603000,-165.191000,-115.878000,28.48
2.445382,2.641000,-0.982000,1.690000,72.092000,-107.893000,-106.366000,28.53
2.457457,2.607000,-1.262000,2.523000,93.649000,-188.214000,-58.519000,28.58
2.464702,2.314000,-1.514000,3.006000,85.847000,-83.679000,-16.763000,28.48
2.476822,2.293000,-1.359000,3.535000,79.435000,25.176000,35.115000,28.39
2.483998,1.134000,-0.721000,2.623000,189.557000,77.298000,80.290000,28.44
2.496299,2.741000,-0.748000,-1.902000,113.847000,317.649000,79.191000,28.48
2.503056,1.475000,-0.448000,-3.091000,-58.000000,194.595000,67.282000,28.48
2.515589,-0.535000,0.162000,-0.335000,-60.656000,-17.664000,46.947000,28.53
2.527355,-0.367000,0.049000,-0.013000,9.420000,-20.427000,22.305000,28.62
2.534739,1.074000,-0.252000,-1.107000,-2.687000,79.573000,3.450000,28.48
2.556501,1.401000,-0.396000,-1.009000,-16.305000,33.496000,2.015000,28.48
2.557391,0.939000,-0.008000,-0.209000,-29.954000,73.435000,4.519000,28.53
2.566560,0.975000,0.747000,-0.359000,-5.649000,76.672000,11.435000,28.48
2.573339,1.038000,0.814000,-0.723000,35.023000,69.099000,8.672000,28.48
2.585808,1.760000,0.173000,-0.892000,63.466000,83.740000,45.282000,28.39
2.592922,1.433000,-0.917000,-0.840000,61.160000,13.985000,33.603000,28.44
2.605371,0.700000,-0.734000,-0.910000,30.656000,4.046000,30.504000,28.53
2.611148,1.064000,0.229000,-0.925000,32.916000,7.847000,22.443000,28.48
2.624871,0.844000,0.039000,-0.718000,37.023000,5.893000,20.153000,28.48
2.637471,0.947000,-0.376000,-0.816000,26.809000,15.282000,16.107000,28.44
2.644282,0.806000,-0.096000,-0.624000,16.137000,8.321000,8.473000,28.44
2.657061,0.812000,0.001000,-0.729000,10.305000,8.519000,8.412000,28.58
2.664496,0.706000,-0.006000,-0.703000,5.420000,9.282000,10.366000,28.48
2.676647,0.743000,-0.079000,-0.709000,0.565000,11.863000,9.038000,28.44
2.684089,0.677000,-0.028000,-0.706000,-1.954000,16.290000,7.328000,28.48
2.696288,0.689000,-0.070000,-0.725000,-2.107000,14.366000,7.328000,28.39
2.703752,0.715000,-0.150000,-0.683000,-6.443000,18.031000,3.267000,28.44
2.715717,0.733000,-0.156000,-0.887000,-37.618000,152.855000,-17.038000,28.53
2.727648,0.794000,-0.019000,-0.544000,-12.840000,33.771000,-5.313000,28.58
2.734845,0.841000,-0.018000,-0.528000,-5.298000,53.954000,-10.229000,28.48
2.746949,0.781000,-0.043000,-0.524000,5.786000,75.954000,-16.718000,28.53
2.754311,0.825000,-0.060000,-0.562000,-0.565000,49.496000,-6.275000,28.44
2.766528,0.777000,-0.011000,-0.693000,9.084000,7.038000,0.565000,28.48
2.773810,0.554000,-0.004000,-1.020000,-38.031000,112.748000,1.160000,28.58
2.786006,0.772000,-0.110000,-0.648000,-11.649000,34.275000,4.107000,28.44
2.792871,0.720000,-0.146000,-0.849000,-2.550000,47.832000,-3.847000,28.44
2.805184,0.808000,-0.018000,-0.563000,-24.473000,110.519000,-8.092000,28.48
2.817467,0.848000,0.034000,-0.411000,8.794000,13.725000,-6.611000,28.48
2.824705,0.695000,-0.050000,-0.649000,18.427000,16.260000,-9.618000,28.44
2.837169,0.740000,0.016000,-0.786000,1.221000,4.412000,-1.496000,28.58
2.844051,0.728000,-0.040000,-0.780000,-18.794000,26.992000,9.588000,28.58
2.856574,0.737000,0.024000,-0.893000,-1.435000,34.580000,15.588000,28.48
2.867070,0.585000,-0.149000,-0.900000,-2.366000,68.687000,10.550000,28.53
2.875894,0.633000,-0.139000,-0.864000,-6.168000,95.573000,4.305000,28.44
2.883237,0.775000,-0.052000,-0.832000,0.641000,129.344000,4.229000,28.58
2.895405,0.857000,-0.138000,-0.946000,8.031000,164.947000,0.412000,28.48
2.907518,0.811000,-0.034000,-1.002000,-0.718000,186.229000,-4.641000,28.44
2.914616,0.740000,0.117000,-0.946000,-1.618000,170.901000,-1.405000,28.53
2.926933,0.811000,0.112000,-0.633000,17.695000,145.664000,7.145000,28.39
2.934382,0.282000,0.382000,-1.537000,13.084000,149.008000,5.908000,28.53
2.946346,-0.493000,0.229000,-1.745000,18.519000,27.328000,8.031000,28.44
2.953647,-0.779000,0.387000,-1.631000,16.351000,-24.565000,1.954000,28.48
2.965954,-0.453000,0.273000,-1.568000,-9.939000,-82.458000,2.718000,28.39
2.972952,0.743000,-0.042000,-1.315000,-38.397000,-124.901000,1.160000,28.34
2.984959,0.873000,-0.022000,-0.691000,-52.351000,-152.977000,8.427000,28.34
2.996986,1.172000,-0.023000,-0.396000,-55.450000,-150.290000,17.328000,28.58
3.003866,1.382000,-0.035000,-0.326000,-50.809000,-131.740000,19.237000,28.48
3.015834,1.062000,-0.024000,-0.377000,-44.947000,-112.153000,19.344000,28.44
3.023081,0.954000,0.021000,-0.427000,-37.359000,-110.031000,15.252000,28.44
3.034876,0.939000,-0.129000,-0.443000,-32.779000,-106.824000,12.840000,28.48
3.047182,1.001000,-0.354000,-0.212000,-30.336000,-92.733000,17.527000,28.48
3.054317,1.304000,-0.629000,0.022000,-34.031000,-74.656000,27.420000,28.44
3.066197,1.859000,-0.617000,0.855000,-20.107000,-30.672000,30.489000,28.44
3.073349,2.319000,-0.355000,0.893000,9.359000,-18.824000,18.321000,28.39
3.085941,1.553000,-0.226000,0.378000,15.313000,1.084000,3.985000,28.48
3.092931,1.213000,-0.143000,-0.101000,24.809000,-5.481000,-6.931000,28.53
3.105170,0.937000,-0.109000,-0.302000,25.954000,-5.450000,-11.298000,28.48
3.117062,0.944000,-0.108000,-0.305000,22.061000,-9.328000,-8.076000,28.48
3.124274,1.061000,-0.097000,-0.197000,13.145000,-2.122000,-2.443000,28.44
3.137524,1.237000,-0.062000,-0.029000,4.641000,4.809000,4.107000,28.53
3.144349,1.321000,0.061000,0.045000,-2.260000,2.534000,9.496000,28.48
3.156722,0.904000,0.062000,-0.502000,8.336000,-3.374000,3.710000,28.48
3.163779,0.769000,-0.092000,-0.509000,-2.382000,-15.985000,9.817000,28.44
3.176224,0.823000,0.018000,-0.602000,12.031000,-16.702000,4.412000,28.53
3.183403,0.748000,-0.118000,-0.720000,-8.473000,-8.580000,9.359000,28.39
3.195804,0.722000,-0.071000,-0.756000,-7.115000,-1.206000,5.939000,28.48
3.203046,0.716000,-0.095000,-0.771000,-3.725000,-5.710000,3.893000,28.34
3.215293,0.715000,-0.138000,-0.748000,-9.145000,3.740000,2.229000,28.39
3.227777,0.719000,-0.166000,-0.711000,-7.634000,9.710000,-1.832000,28.48
3.234836,0.727000,-0.143000,-0.670000,-9.359000,14.290000,-5.344000,28.39
3.247028,0.762000,-0.104000,-0.643000,-11.115000,21.664000,-7.756000,28.44
3.254118,0.774000,-0.060000,-0.641000,-13.496000,27.969000,-8.656000,28.53
3.266235,0.817000,-0.018000,-0.569000,0.595000,-5.481000,-8.000000,28.48
3.273747,0.789000,-0.025000,-0.604000,-7.252000,3.771000,-4.763000,28.48
3.285851,0.808000,-0.001000,-0.584000,0.931000,-10.947000,-3.771000,28.44
3.292912,0.783000,-0.014000,-0.616000,-2.687000,0.626000,-2.748000,28.53
3.305305,0.780000,-0.021000,-0.593000,0.931000,-5.038000,-1.969000,28.48
3.317686,0.760000,-0.028000,-0.605000,2.397000,-7.863000,-1.298000,28.58
3.325220,0.772000,-0.042000,-0.607000,3.725000,-8.473000,-1.588000,28.53
3.337387,0.764000,-0.064000,-0.624000,4.489000,-9.679000,-2.427000,28.44
3.344466,0.761000,-0.069000,-0.630000,3.985000,-8.565000,-2.733000,28.48
3.356829,0.750000,-0.081000,-0.647000,5.008000,-9.389000,-2.992000,28.48
3.363821,0.758000,-0.080000,-0.645000,4.702000,-9.176000,-3.023000,28.44
3.376403,0.750000,-0.069000,-0.662000,4.473000,-9.008000,-3.176000,28.39
3.383089,0.755000,-0.053000,-0.628000,11.191000,-15.649000,-4.061000,28.48
3.395745,0.751000,-0.063000,-0.656000,2.580000,-0.550000,-3.573000,28.53
3.407607,0.846000,-0.079000,-0.318000,45.282000,13.328000,-16.168000,28.44
3.414682,0.702000,-0.030000,-0.709000,34.000000,-43.389000,-13.573000,28.29
3.427090,0.738000,-0.071000,-0.702000,-0.504000,9.969000,-4.809000,28.39
3.434067,0.689000,-0.035000,-0.687000,-1.511000,7.771000,-4.855000,28.44
3.446837,0.701000,-0.044000,-0.693000,-12.840000,12.595000,0.305000,28.44
3.453830,0.754000,-0.058000,-0.643000,-6.107000,2.015000,-0.015000,28.39
3.465825,0.721000,-0.071000,-0.641000,-20.122000,-3.649000,4.122000,28.48
3.473039,0.765000,-0.065000,-0.630000,-3.924000,9.740000,-2.565000,28.53
3.485433,0.752000,-0.062000,-0.669000,-3.802000,1.466000,-1.221000,28.48
3.497687,0.774000,-0.057000,-0.635000,-5.786000,4.519000,-0.122000,28.48
3.505167,0.753000,-0.051000,-0.636000,-5.679000,5.557000,0.336000,28.48
3.517474,0.729000,-0.046000,-0.637000,-5.496000,2.656000,0.244000,28.44
3.524577,0.732000,-0.058000,-0.668000,-6.687000,6.061000,-0.168000,28.44
3.537019,0.746000,-0.054000,-0.660000,-5.542000,6.321000,-0.611000,28.48
3.544119,0.754000,-0.082000,-0.646000,-6.046000,7.267000,-1.221000,28.48
3.556784,0.762000,-0.063000,-0.651000,-6.122000,6.885000,-1.695000,28.44
3.563754,0.728000,-0.035000,-0.658000,-6.366000,7.710000,-1.420000,28.58
3.576204,0.748000,-0.056000,-0.652000,-5.405000,8.412000,-0.992000,28.39
3.583384,0.758000,-0.058000,-0.647000,-5.084000,8.733000,-1.191000,28.53
3.597718,0.760000,-0.053000,-0.648000,-4.458000,9.069000,-1.176000,28.44
3.607770,0.760000,-0.049000,-0.630000,-3.908000,8.046000,-1.084000,28.39
3.614794,0.754000,-0.054000,-0.635000,-3.389000,8.275000,-1.420000,28.58
3.626984,0.779000,-0.064000,-0.613000,-1.389000,5.420000,-1.069000,28.44
3.634026,0.750000,-0.053000,-0.673000,-4.275000,10.565000,-1.679000,28.53
3.646544,0.767000,-0.058000,-0.645000,-3.389000,8.733000,-1.756000,28.39
3.653547,0.762000,-0.064000,-0.633000,-0.107000,0.321000,-1.573000,28.48
3.665979,0.760000,-0.052000,-0.641000,-0.794000,3.481000,-1.878000,28.44
3.673023,0.759000,-0.053000,-0.644000,-0.229000,1.573000,-1.328000,28.53
3.685472,0.751000,-0.052000,-0.654000,0.092000,1.756000,-1.237000,28.39
3.692787,0.749000,-0.051000,-0.662000,-0.183000,2.321000,-1.008000,28.39
3.705115,0.765000,-0.058000,-0.631000,-0.626000,3.511000,-0.489000,28.53
3.717521,0.764000,-0.058000,-0.629000,-0.794000,2.061000,-0.718000,28.34
3.724647,0.763000,-0.058000,-0.626000,-0.916000,0.611000,-0.870000,28.48
3.736774,0.778000,-0.064000,-0.613000,10.290000,-13.069000,-0.885000,28.48
3.743978,0.749000,-0.056000,-0.652000,-2.214000,1.084000,-0.595000,28.44
3.756309,0.753000,-0.051000,-0.631000,-4.107000,2.534000,-0.397000,28.48
3.763673,0.750000,-0.057000,-0.640000,-3.405000,6.153000,-1.130000,28.39
3.775884,0.749000,-0.057000,-0.655000,-4.092000,2.595000,-0.519000,28.44
3.783311,0.749000,-0.042000,-0.652000,-3.588000,0.611000,0.351000,28.53
3.795570,0.746000,-0.044000,-0.652000,-3.069000,1.893000,0.183000,28.58
3.802687,0.749000,-0.060000,-0.648000,-3.588000,4.458000,-0.244000,28.58
3.815078,0.750000,-0.057000,-0.656000,-3.191000,4.840000,-0.565000,28.53
3.827486,0.747000,-0.063000,-0.651000,-3.038000,2.321000,-0.443000,28.34
3.834638,0.755000,-0.056000,-0.640000,-2.794000,3.679000,-0.748000,28.39
3.847206,0.765000,-0.060000,-0.639000,-2.244000,2.427000,-1.176000,28.48
3.854220,0.771000,-0.049000,-0.624000,-1.344000,1.130000,-0.992000,28.44
3.866613,0.754000,-0.054000,-0.637000,-0.824000,0.183000,-1.145000,28.39
3.873959,0.766000,-0.056000,-0.627000,-0.122000,-0.504000,-1.252000,28.58
3.886003,0.752000,-0.053000,-0.632000,0.763000,-1.649000,-1.328000,28.39
3.893279,0.742000,-0.038000,-0.644000,1.008000,-1.817000,-0.977000,28.44
3.905437,0.752000,-0.051000,-0.651000,1.237000,-1.252000,-1.099000,28.39
3.913005,0.751000,-0.062000,-0.639000,0.947000,-0.824000,-1.130000,28.39
3.925174,0.749000,-0.060000,-0.637000,0.550000,-1.053000,-1.221000,28.34
3.937318,0.752000,-0.063000,-0.632000,0.336000,-0.870000,-1.344000,28.53
3.944457,0.754000,-0.063000,-0.633000,0.260000,-1.313000,-1.481000,28.39
3.957235,0.755000,-0.051000,-0.631000,0.183000,-2.397000,-1.679000,28.48
3.964196,0.741000,-0.072000,-0.644000,0.260000,-3.191000,-2.031000,28.44
3.976580,0.743000,-0.059000,-0.638000,-0.229000,-3.847000,-2.214000,28.48
3.983904,0.720000,-0.031000,-0.661000,-0.519000,-2.947000,-2.061000,28.48
3.995881,0.741000,-0.042000,-0.660000,-0.458000,-2.275000,-1.542000,28.48
4.002886,0.747000,-0.052000,-0.660000,-0.366000,-1.344000,-1.527000,28.44
4.015315,0.728000,-0.036000,-0.666000,-0.183000,-0.382000,-1.481000,28.53
4.027519,0.737000,-0.053000,-0.668000,0.076000,0.244000,-1.099000,28.48
4.034592,0.747000,-0.083000,-0.664000,-0.092000,-0.290000,-1.420000,28.48
4.047030,0.751000,-0.074000,-0.642000,-0.641000,-1.344000,-2.061000,28.44
4.056413,0.749000,-0.063000,-0.644000,-0.382000,-2.550000,-1.939000,28.34
4.066032,0.729000,-0.044000,-0.649000,0.214000,-3.420000,-1.664000,28.39
4.073405,0.720000,-0.037000,-0.678000,0.061000,-2.305000,-1.496000,28.44
4.085511,0.727000,-0.049000,-0.660000,0.504000,-1.908000,-0.702000,28.53
4.092842,0.693000,-0.036000,-0.689000,1.664000,-1.847000,0.015000,28.39
4.105633,0.731000,-0.075000,-0.672000,1.420000,-1.099000,-0.763000,28.48
4.111223,0.722000,-0.051000,-0.690000,1.313000,1.221000,-1.420000,28.44
4.124962,0.746000,-0.062000,-0.666000,1.267000,4.794000,-1.893000,28.34
4.137318,0.740000,-0.069000,-0.683000,1.160000,6.397000,-1.969000,28.48
4.144787,0.749000,-0.040000,-0.671000,1.374000,8.168000,-1.115000,28.48
4.157289,0.727000,-0.030000,-0.672000,1.695000,9.374000,0.046000,28.34
4.164840,0.737000,-0.048000,-0.667000,2.412000,10.092000,1.145000,28.44
4.177133,0.736000,-0.079000,-0.672000,1.603000,11.588000,1.115000,28.39
4.184273,0.749000,-0.067000,-0.668000,0.672000,13.710000,0.580000,28.39
4.196420,0.745000,-0.063000,-0.682000,-0.397000,15.053000,0.336000,28.53
4.203904,0.738000,-0.070000,-0.677000,-0.458000,16.595000,0.489000,28.44
4.216313,0.743000,-0.066000,-0.680000,-1.069000,19.466000,0.779000,28.48
4.223654,0.746000,-0.038000,-0.680000,-1.740000,21.954000,1.771000,28.48
4.235825,0.738000,-0.048000,-0.689000,-1.115000,24.580000,2.824000,28.44
4.242986,0.746000,-0.061000,-0.686000,-2.595000,28.718000,3.710000,28.48
4.255122,0.743000,-0.052000,-0.699000,-3.115000,33.206000,4.244000,28.48
4.267433,0.735000,-0.085000,-0.731000,-5.389000,38.779000,4.702000,28.44
4.274665,0.718000,-0.089000,-0.764000,-1.573000,56.366000,7.176000,28.44
4.287198,0.747000,-0.113000,-0.744000,2.321000,67.466000,6.565000,28.48
4.294624,0.735000,-0.081000,-0.769000,3.115000,81.145000,5.771000,28.48
4.306734,0.720000,-0.042000,-0.829000,3.328000,94.580000,5.954000,28.44
4.313864,0.759000,-0.085000,-0.898000,6.290000,113.344000,8.382000,28.53
4.326364,0.753000,-0.052000,-0.834000,7.618000,132.153000,9.359000,28.39
4.333363,0.793000,0.017000,-0.856000,9.588000,152.137000,11.817000,28.39
4.345675,0.899000,-0.003000,-0.961000,15.344000,162.519000,16.962000,28.44
4.357584,0.793000,-0.036000,-0.825000,19.160000,175.038000,20.947000,28.48
4.364817,0.928000,-0.018000,-0.897000,15.557000,182.947000,22.229000,28.48
4.377130,0.978000,-0.137000,-0.815000,10.412000,187.588000,24.687000,28.53
4.383800,1.158000,-0.091000,-0.838000,-10.580000,176.977000,19.038000,28.44
4.396419,0.829000,0.271000,-1.131000,-3.008000,166.015000,21.802000,28.39
4.403226,0.625000,0.366000,-1.423000,16.427000,139.817000,28.168000,28.39
4.415548,0.465000,0.307000,-1.518000,20.626000,110.427000,32.580000,28.44
4.421136,0.256000,0.256000,-1.614000,15.053000,89.023000,39.893000,28.44
4.435143,0.424000,0.256000,-1.598000,-0.412000,51.893000,39.725000,28.48
4.447474,0.187000,0.299000,-1.433000,-8.687000,15.511000,39.053000,28.48
4.454436,0.080000,0.296000,-1.255000,-18.611000,2.840000,40.122000,28.44
4.466937,0.085000,0.280000,-1.147000,-32.473000,2.519000,41.206000,28.48
4.473791,0.163000,0.338000,-1.112000,-41.374000,3.023000,39.084000,28.48
4.485919,0.265000,0.360000,-1.104000,-44.427000,-3.786000,30.489000,28.39
4.492959,0.390000,0.333000,-1.092000,-43.618000,-20.290000,14.992000,28.44
4.505179,0.461000,0.293000,-1.275000,-27.695000,-9.084000,-10.290000,28.44
4.517534,0.523000,0.311000,-1.023000,-46.702000,-77.771000,-12.519000,28.48
4.524376,0.586000,0.266000,-1.050000,-39.282000,-58.305000,-35.573000,28.44
4.536631,0.819000,0.190000,-0.934000,-29.710000,-54.580000,-54.046000,28.53
4.543305,0.874000,0.091000,-1.031000,-21.191000,-105.832000,-61.557000,28.48
4.555377,0.864000,0.072000,-0.993000,-22.702000,-118.244000,-67.649000,28.39
4.567359,0.805000,0.037000,-0.906000,-18.260000,-125.847000,-69.679000,28.44
4.574136,0.774000,-0.047000,-0.837000,-17.023000,-133.542000,-68.244000,28.48
4.586141,0.800000,-0.127000,-0.846000,-18.504000,-132.595000,-68.092000,28.48
4.593047,0.869000,-0.144000,-0.856000,-21.359000,-135.084000,-66.321000,28.48
4.605039,0.889000,-0.148000,-0.881000,-28.534000,-123.038000,-62.321000,28.44
4.617012,0.958000,-0.149000,-0.711000,-6.718000,-163.740000,-55.328000,28.44
4.623736,0.868000,-0.162000,-0.819000,-19.023000,-132.137000,-50.840000,28.48
4.635809,0.861000,-0.142000,-0.763000,-22.107000,-113.832000,-48.046000,28.39
4.647705,0.896000,-0.095000,-0.717000,-6.672000,-156.458000,-41.832000,28.44
4.654971,0.900000,-0.088000,-0.697000,6.611000,-167.496000,-40.244000,28.48
4.666771,0.828000,-0.081000,-0.708000,-6.611000,-126.931000,-40.626000,28.48
4.673662,0.838000,-0.056000,-0.670000,-7.389000,-125.053000,-40.260000,28.44
4.685701,0.908000,-0.061000,-0.688000,-11.160000,-106.168000,-43.237000,28.48
4.697556,0.975000,-0.068000,-0.708000,-18.198000,-97.344000,-46.275000,28.39
4.704351,1.029000,-0.031000,-0.730000,-24.840000,-88.733000,-52.061000,28.48
4.716227,1.262000,-0.031000,-0.724000,-31.450000,-95.435000,-60.412000,28.53
4.723051,1.420000,-0.055000,-0.379000,-18.076000,-82.489000,-45.359000,28.44
4.735488,1.360000,-0.057000,-0.194000,-0.382000,-80.763000,-40.702000,28.48
4.747370,1.623000,-0.298000,-0.097000,3.069000,-92.275000,-40.397000,28.48
4.754338,1.725000,-0.262000,0.105000,-1.634000,-101.023000,-47.267000,28.44
4.766518,1.631000,-0.263000,0.328000,1.313000,-111.359000,-47.160000,28.34
4.773597,1.542000,-0.299000,0.584000,5.664000,-100.595000,-46.534000,28.39
4.785997,1.504000,-0.386000,0.848000,9.542000,-81.359000,-46.809000,28.39
4.792768,1.301000,-0.452000,1.136000,17.924000,-51.740000,-39.847000,28.34
4.805067,1.361000,-0.607000,1.451000,19.557000,-1.160000,-29.069000,28.48
4.817388,1.321000,-0.803000,1.701000,27.344000,40.351000,-11.298000,28.39
4.824526,1.581000,-1.093000,2.217000,20.015000,114.763000,15.481000,28.44
4.836758,0.599000,-0.693000,1.423000,21.802000,188.779000,67.664000,28.53
4.843761,2.408000,-0.033000,-1.946000,-41.832000,340.443000,4.595000,28.48
4.856373,1.772000,1.661000,-0.522000,9.695000,27.817000,47.725000,28.39
4.863560,1.883000,1.301000,-0.680000,38.000000,114.916000,52.076000,28.44
4.875408,2.520000,-0.062000,-0.814000,57.466000,0.626000,48.565000,28.44
4.882933,1.002000,-0.949000,-0.864000,47.298000,5.374000,54.260000,28.48
4.895143,0.633000,-0.022000,-0.830000,18.794000,52.061000,39.023000,28.48
4.907315,0.917000,0.108000,-0.717000,36.351000,17.374000,39.511000,28.44
4.914585,1.040000,-0.226000,-0.774000,31.176000,27.221000,35.756000,28.39
4.926710,0.907000,-0.217000,-0.700000,38.412000,-9.893000,28.855000,28.39
4.933747,0.899000,-0.182000,-0.739000,26.427000,3.130000,16.641000,28.44
4.946347,0.875000,-0.159000,-0.740000,19.130000,-3.756000,9.435000,28.44
4.953308,0.734000,-0.055000,-0.736000,12.275000,-2.305000,5.328000,28.48
4.965780,0.838000,-0.065000,-0.703000,9.527000,-2.992000,4.015000,28.39
4.973190,0.706000,-0.070000,-0.716000,4.809000,0.290000,0.489000,28.44
4.985601,0.698000,-0.053000,-0.736000,2.351000,4.382000,-1.771000,28.44
4.992980,0.669000,-0.023000,-0.723000,0.901000,9.328000,-3.878000,28.48
5.005117,0.718000,-0.033000,-0.719000,-1.634000,13.740000,-4.366000,28.39
5.017437,0.755000,-0.015000,-0.694000,-2.641000,15.969000,-3.679000,28.44
5.024762,0.769000,-0.046000,-0.680000,-3.298000,16.107000,-2.763000,28.39
5.036925,0.752000,-0.068000,-0.672000,-5.374000,18.870000,-2.580000,28.48
5.043861,0.752000,-0.052000,-0.679000,-6.931000,20.137000,-2.412000,28.34
5.056207,0.757000,-0.027000,-0.682000,-8.321000,22.061000,-2.092000,28.44
5.063082,0.595000,-0.057000,-0.975000,-20.397000,98.977000,-10.351000,28.48
5.075375,0.775000,-0.014000,-0.606000,-1.008000,8.489000,-2.611000,28.39
5.087781,0.722000,-0.053000,-0.722000,-7.313000,66.366000,-8.794000,28.44
5.094836,0.755000,0.012000,-0.622000,1.267000,-10.656000,2.321000,28.44
5.107175,0.752000,-0.003000,-0.633000,-3.145000,11.679000,2.397000,28.39
5.114328,0.735000,-0.017000,-0.730000,-1.969000,-4.840000,4.824000,28.39
5.126749,0.762000,-0.021000,-0.619000,5.466000,-19.191000,5.649000,28.34
5.134016,0.749000,-0.030000,-0.644000,-0.977000,8.046000,2.427000,28.48
5.146398,0.732000,-0.023000,-0.672000,-2.076000,13.450000,1.420000,28.39
5.154315,0.752000,-0.021000,-0.640000,1.664000,0.092000,2.015000,28.34
5.166320,0.739000,-0.046000,-0.638000,0.733000,0.565000,2.305000,28.44
5.173364,0.731000,-0.021000,-0.655000,0.427000,-1.267000,2.458000,28.39
5.185985,0.726000,-0.012000,-0.649000,-0.595000,2.168000,2.443000,28.39
5.193065,0.720000,-0.032000,-0.671000,-0.580000,6.473000,1.863000,28.44
5.205702,0.746000,-0.051000,-0.658000,-1.282000,9.252000,1.206000,28.44
5.211206,0.739000,-0.040000,-0.667000,-1.908000,10.321000,1.053000,28.48
5.225033,0.746000,-0.048000,-0.675000,-1.847000,10.550000,0.733000,28.48
5.237637,0.747000,-0.048000,-0.672000,-2.031000,11.725000,0.107000,28.44
5.244659,0.735000,-0.031000,-0.658000,-2.244000,11.817000,-0.366000,28.44
5.256952,0.732000,-0.052000,-0.686000,-3.802000,11.328000,-0.870000,28.48
5.263768,0.689000,-0.018000,-0.720000,-4.672000,14.809000,-0.916000,28.44
5.275960,0.753000,-0.055000,-0.705000,-5.328000,18.061000,-0.458000,28.44
5.283152,0.739000,-0.052000,-0.697000,-6.321000,21.618000,-1.008000,28.48
5.295536,0.724000,-0.041000,-0.711000,-5.634000,27.176000,-0.931000,28.48
5.307604,0.733000,-0.047000,-0.746000,-6.137000,33.496000,0.061000,28.34
5.315043,0.699000,0.033000,-0.850000,-13.863000,47.191000,3.069000,28.53
5.327231,0.728000,-0.115000,-0.812000,-1.496000,63.664000,5.832000,28.48
5.334509,0.720000,-0.037000,-0.786000,-1.924000,77.847000,5.893000,28.39
5.346695,0.719000,-0.098000,-0.777000,-0.809000,93.435000,4.779000,28.44
5.354068,0.737000,-0.075000,-0.764000,-0.611000,110.992000,2.992000,28.53
5.366267,0.696000,-0.053000,-0.718000,6.168000,128.519000,3.649000,28.48
5.373478,0.767000,-0.040000,-0.842000,7.649000,153.634000,0.656000,28.39
5.385932,0.734000,-0.062000,-0.805000,17.542000,180.824000,0.718000,28.44
5.392986,0.743000,-0.003000,-0.834000,21.969000,204.901000,0.855000,28.39
5.405170,0.755000,0.051000,-0.916000,26.137000,250.519000,3.420000,28.39
5.417423,0.824000,-0.012000,-0.891000,36.824000,286.580000,2.901000,28.44
5.424590,0.963000,0.156000,-0.883000,45.985000,298.779000,11.099000,28.44
5.436854,1.000000,0.087000,-0.956000,66.840000,326.519000,25.237000,28.39
5.443915,1.343000,-0.126000,-1.007000,75.847000,343.084000,30.321000,28.48
5.456084,1.474000,-0.361000,-1.081000,33.573000,297.695000,12.046000,28.44
5.463316,1.303000,-0.229000,-0.970000,17.542000,319.084000,3.023000,28.44
5.475288,1.655000,-0.086000,-1.278000,20.748000,300.122000,0.702000,28.48
5.487734,1.488000,0.145000,-1.055000,27.893000,298.061000,4.275000,28.39
5.494796,1.948000,0.266000,-1.917000,37.511000,213.756000,10.015000,28.34
5.506923,0.729000,-0.086000,-2.162000,28.641000,97.344000,34.840000,28.39
5.513988,0.233000,-0.514000,-1.783000,-16.382000,58.382000,74.687000,28.39
5.526131,0.428000,-0.202000,-1.918000,-67.786000,24.015000,106.702000,28.44
5.533138,0.091000,0.096000,-1.386000,-86.000000,-3.588000,134.534000,28.44
5.545295,0.226000,0.225000,-1.281000,-93.450000,-26.489000,149.069000,28.39
5.557098,0.302000,0.306000,-1.127000,-97.863000,-51.863000,147.863000,28.39
5.564040,0.374000,0.424000,-1.008000,-101.130000,-68.611000,133.359000,28.34
5.576282,0.410000,0.521000,-0.916000,-99.695000,-81.084000,110.061000,28.53
5.583429,0.448000,0.578000,-0.835000,-93.099000,-91.115000,80.443000,28.48
5.595388,0.509000,0.584000,-0.790000,-85.160000,-100.489000,47.313000,28.48
5.607255,0.576000,0.575000,-0.750000,-77.252000,-109.649000,13.496000,28.44
5.614444,0.633000,0.558000,-0.708000,-67.542000,-119.695000,-17.908000,28.48
5.626419,0.764000,0.480000,-0.586000,-47.725000,-147.664000,-44.366000,28.48
5.633205,0.800000,0.419000,-0.555000,-43.863000,-158.962000,-62.000000,28.39
5.645335,0.902000,0.322000,-0.668000,-33.405000,-159.023000,-79.985000,28.25
5.657182,1.064000,0.248000,-0.641000,-18.519000,-187.695000,-92.473000,28.39
5.664063,1.171000,0.131000,-0.753000,-18.382000,-197.939000,-101.573000,28.39
5.676121,1.223000,0.040000,-0.731000,-15.740000,-225.740000,-104.397000,28.44
5.687536,1.175000,-0.042000,-0.726000,-17.969000,-217.634000,-105.008000,28.44
5.694648,1.129000,-0.115000,-0.633000,-15.313000,-230.382000,-101.053000,28.39
5.706443,1.143000,-0.177000,-0.594000,-13.954000,-238.550000,-95.206000,28.48
5.713048,1.172000,-0.212000,-0.628000,-20.412000,-232.153000,-88.733000,28.44
5.725029,1.282000,-0.184000,-0.660000,-25.344000,-225.679000,-77.985000,28.48
5.736979,1.332000,-0.119000,-0.637000,-29.863000,-229.466000,-65.878000,28.39
5.743714,1.371000,-0.087000,-0.643000,-38.595000,-223.985000,-57.481000,28.48
5.755717,1.394000,0.001000,-0.599000,-48.641000,-214.733000,-52.214000,28.44
5.761594,1.437000,0.073000,-0.529000,-54.244000,-208.687000,-50.626000,28.53
5.774962,1.436000,0.159000,-0.465000,-55.313000,-202.137000,-54.962000,28.39
5.786812,1.456000,0.229000,-0.372000,-52.366000,-191.206000,-65.328000,28.48
5.793597,1.423000,0.231000,-0.329000,-44.153000,-179.237000,-79.496000,28.44
5.805654,1.393000,0.181000,-0.310000,-35.786000,-161.389000,-94.763000,28.48
5.817464,1.375000,0.067000,-0.299000,-25.053000,-143.130000,-106.916000,28.48
5.824324,1.409000,-0.081000,-0.315000,-17.328000,-125.252000,-112.183000,28.44
5.835905,1.530000,-0.203000,-0.336000,-11.252000,-117.053000,-109.237000,28.44
5.842868,1.670000,-0.277000,-0.291000,-6.351000,-119.679000,-99.328000,28.48
5.855202,1.710000,-0.268000,-0.198000,-2.702000,-123.237000,-84.198000,28.39
5.866837,1.678000,-0.261000,0.026000,-2.076000,-111.939000,-72.214000,28.44
5.874022,1.532000,-0.269000,0.134000,-7.008000,-138.504000,-57.771000,28.53
5.885967,1.370000,-0.282000,0.308000,-12.244000,-105.237000,-54.855000,28.39
5.892749,1.253000,-0.319000,0.387000,-18.550000,-83.649000,-51.756000,28.39
5.905071,1.216000,-0.331000,0.283000,-31.206000,-57.573000,-46.992000,28.44
5.917070,1.257000,-0.359000,0.401000,-21.176000,-54.595000,-41.405000,28.44
5.924062,1.236000,-0.381000,0.360000,-17.924000,-37.023000,-33.725000,28.48
5.936272,1.113000,-0.316000,0.457000,11.771000,-6.733000,-30.168000,28.58
5.943291,1.118000,-0.424000,0.500000,34.305000,24.046000,-18.809000,28.44
5.955757,1.286000,-0.460000,0.565000,48.382000,68.351000,-9.710000,28.44
5.963296,1.311000,-0.397000,0.640000,61.389000,86.305000,6.992000,28.39
5.975257,1.367000,-0.442000,0.885000,83.023000,132.382000,19.176000,28.44
5.987487,0.437000,-0.523000,0.589000,100.504000,131.603000,22.198000,28.44
5.994288,0.843000,-0.390000,-1.505000,35.435000,253.939000,-12.122000,28.48
6.006407,0.789000,-0.270000,-1.286000,49.618000,115.649000,19.298000,28.39
6.013667,0.125000,-0.649000,-0.561000,38.580000,124.855000,51.496000,28.44
6.025728,0.967000,-0.451000,-0.891000,-7.053000,210.992000,39.588000,28.34
6.033180,2.084000,0.129000,-0.832000,-10.260000,172.763000,14.412000,28.39
6.045176,1.520000,0.158000,-0.614000,8.168000,159.496000,11.374000,28.39
6.057343,2.187000,0.365000,-0.654000,22.779000,129.710000,42.031000,28.34
6.064647,1.570000,0.220000,-0.514000,41.023000,64.901000,41.664000,28.44
6.076892,1.045000,-0.178000,-0.566000,37.160000,62.641000,46.901000,28.48
6.083943,0.930000,-0.163000,-0.835000,39.573000,55.557000,48.382000,28.48
6.096321,1.123000,-0.039000,-0.638000,40.611000,1.756000,58.611000,28.44
6.103449,1.075000,-0.200000,-0.752000,50.519000,-15.802000,47.481000,28.39
6.115553,0.957000,-0.270000,-0.778000,38.473000,-16.595000,38.901000,28.48
6.127593,0.892000,-0.257000,-0.792000,26.031000,-18.779000,22.901000,28.48
6.134590,0.784000,-0.172000,-0.724000,16.427000,-16.885000,13.802000,28.34
6.147013,0.799000,-0.104000,-0.760000,5.282000,-7.924000,5.618000,28.44
6.154406,0.715000,-0.076000,-0.747000,2.443000,-4.611000,3.527000,28.39
6.166648,0.731000,-0.086000,-0.707000,-1.145000,0.290000,0.641000,28.53
6.174143,0.749000,-0.080000,-0.700000,-2.336000,4.840000,-1.710000,28.44
6.186295,0.750000,-0.047000,-0.699000,-1.450000,5.924000,-2.275000,28.39
6.193368,0.759000,-0.052000,-0.688000,-1.099000,8.214000,-2.427000,28.39
6.205663,0.736000,-0.045000,-0.685000,-0.473000,8.229000,-2.626000,28.44
6.213247,0.735000,-0.055000,-0.683000,0.321000,6.458000,-2.824000,28.39
6.230441,0.734000,-0.039000,-0.686000,0.305000,5.863000,-2.550000,28.39
6.233520,0.718000,-0.038000,-0.690000,0.229000,6.702000,-2.015000,28.39
6.245108,0.729000,-0.047000,-0.515000,13.115000,-27.863000,-1.649000,28.44
6.256981,0.748000,-0.028000,-0.642000,-5.206000,-11.389000,3.496000,28.44
6.264282,0.675000,-0.055000,-0.727000,-0.626000,35.878000,-4.290000,28.48
6.276456,0.734000,-0.028000,-0.623000,1.634000,-8.473000,1.969000,28.48
6.283536,0.719000,-0.043000,-0.720000,4.336000,-6.519000,0.580000,28.53
6.296026,0.716000,-0.040000,-0.693000,-1.695000,4.153000,0.168000,28.44
6.303404,0.730000,-0.028000,-0.662000,2.366000,-5.649000,1.115000,28.39
6.315709,0.724000,-0.042000,-0.669000,1.878000,-3.511000,1.435000,28.39
6.322991,0.726000,-0.045000,-0.673000,-0.244000,0.779000,1.496000,28.44
6.335200,0.716000,-0.034000,-0.670000,-1.099000,-0.794000,1.924000,28.29
6.342567,0.690000,-0.013000,-0.684000,-1.420000,0.687000,1.954000,28.48
6.355169,0.675000,-0.028000,-0.704000,-1.679000,5.191000,2.321000,28.44
6.367632,0.705000,-0.041000,-0.686000,-0.656000,3.710000,2.580000,28.44
6.374838,0.695000,-0.051000,-0.683000,-0.748000,2.580000,1.847000,28.39
6.387435,0.717000,-0.069000,-0.702000,-1.008000,2.534000,1.160000,28.39
6.394352,0.716000,-0.043000,-0.684000,-1.389000,3.985000,0.122000,28.34
6.406965,0.738000,-0.025000,-0.675000,-1.344000,5.603000,0.550000,28.34
6.414274,0.706000,-0.028000,-0.680000,-1.588000,5.664000,1.328000,28.48
6.426710,0.677000,-0.023000,-0.687000,-1.527000,6.550000,1.634000,28.48
6.434018,0.681000,-0.042000,-0.702000,-0.763000,8.183000,1.847000,28.44
6.446283,0.659000,-0.027000,-0.703000,-2.092000,10.473000,1.573000,28.39
6.453650,0.745000,-0.058000,-0.681000,-2.962000,14.504000,0.718000,28.39
6.465652,0.714000,-0.070000,-0.698000,-2.015000,16.641000,-1.695000,28.34
6.472664,0.726000,-0.065000,-0.726000,-2.244000,21.802000,-3.573000,28.34
6.484980,0.761000,-0.071000,-0.745000,-1.405000,29.053000,-4.656000,28.48
6.497188,0.688000,-0.034000,-0.764000,0.275000,35.588000,-3.771000,28.39
6.504362,0.682000,-0.056000,-0.762000,-0.550000,41.725000,-4.656000,28.34
6.516934,0.721000,-0.088000,-0.756000,3.099000,48.092000,-4.855000,28.44
6.523685,0.754000,-0.054000,-0.727000,3.176000,58.076000,-5.511000,28.48
6.535986,0.615000,-0.003000,-0.946000,-1.939000,72.550000,-0.168000,28.39
6.543175,0.751000,-0.167000,-0.784000,12.397000,85.878000,1.405000,28.53
6.555510,0.736000,-0.038000,-0.771000,14.626000,100.611000,2.122000,28.44
6.562521,0.755000,-0.052000,-0.771000,16.153000,116.458000,3.847000,28.39
6.575173,0.781000,0.019000,-0.844000,19.679000,136.351000,7.603000,28.53
6.587136,0.741000,0.091000,-1.025000,20.626000,172.397000,13.878000,28.44
6.594255,0.745000,-0.075000,-1.037000,21.969000,215.282000,15.771000,28.39
6.606516,0.716000,-0.032000,-0.905000,29.878000,244.244000,18.534000,28.39
6.613368,0.779000,-0.050000,-0.917000,29.893000,280.962000,15.634000,28.44
6.625776,0.984000,0.038000,-1.005000,42.794000,303.267000,15.267000,28.53
6.632863,0.806000,0.082000,-0.916000,67.160000,326.947000,28.687000,28.48
6.645170,1.112000,-0.094000,-0.988000,84.366000,354.962000,38.198000,28.29
6.657219,1.559000,-0.316000,-1.248000,74.183000,366.397000,35.008000,28.44
6.664401,1.397000,-0.400000,-0.930000,32.565000,348.412000,18.580000,28.44
6.676315,1.363000,-0.277000,-0.904000,14.901000,349.466000,14.763000,28.39
6.683503,1.601000,-0.045000,-0.804000,13.023000,331.710000,20.809000,28.39
6.695667,1.622000,0.371000,-1.054000,25.710000,321.191000,37.344000,28.53
6.702770,1.765000,0.166000,-1.011000,55.420000,264.885000,52.198000,28.39
6.715104,1.387000,-0.146000,-1.549000,17.374000,173.481000,45.267000,28.39
6.727043,0.226000,-0.601000,-1.747000,-48.947000,105.939000,56.687000,28.48
6.734249,0.756000,-0.165000,-1.708000,-88.153000,66.061000,74.031000,28.44
6.746418,0.224000,0.155000,-1.195000,-105.420000,24.931000,91.313000,28.48
6.753244,0.252000,0.266000,-1.054000,-107.832000,10.092000,104.153000,28.48
6.765437,0.179000,0.290000,-0.865000,-111.924000,-4.427000,104.198000,28.44
6.777459,0.184000,0.365000,-0.796000,-117.160000,-12.580000,92.443000,28.44
6.784639,0.226000,0.454000,-0.746000,-117.649000,-21.985000,75.115000,28.39
6.796528,0.350000,0.501000,-0.330000,-121.695000,-50.977000,60.000000,28.48
6.803819,0.304000,0.449000,-0.797000,-107.969000,-41.191000,30.580000,28.34
6.815819,0.419000,0.470000,-0.590000,-86.672000,-48.870000,1.466000,28.39
6.821382,0.503000,0.391000,-0.573000,-68.595000,-96.595000,-19.924000,28.48
6.834910,0.553000,0.323000,-0.656000,-60.504000,-139.802000,-35.664000,28.39
6.846726,0.611000,0.276000,-0.697000,-55.511000,-147.221000,-51.634000,28.53
6.853939,0.700000,0.216000,-0.704000,-48.809000,-166.000000,-62.504000,28.44
6.865717,0.830000,0.144000,-0.789000,-47.542000,-186.947000,-70.092000,28.39
6.877699,0.977000,0.060000,-0.845000,-49.573000,-211.557000,-76.733000,28.44
6.884383,1.052000,-0.011000,-0.834000,-53.511000,-230.061000,-81.634000,28.44
6.896210,1.080000,-0.063000,-0.738000,-56.290000,-247.389000,-83.466000,28.39
6.903130,1.036000,-0.160000,-0.716000,-60.763000,-251.817000,-83.985000,28.39
6.915091,1.043000,-0.227000,-0.677000,-65.237000,-241.282000,-82.626000,28.44
6.927062,1.126000,-0.231000,-0.617000,-72.611000,-234.885000,-75.313000,28.39
6.933900,1.203000,-0.235000,-0.658000,-71.695000,-232.763000,-65.206000,28.39
6.945758,1.288000,-0.252000,-0.685000,-70.550000,-230.779000,-57.893000,28.39
6.957593,1.389000,-0.239000,-0.701000,-76.382000,-221.298000,-54.076000,28.34
6.964271,1.476000,-0.191000,-0.686000,-82.275000,-217.664000,-51.740000,28.44
6.976307,1.523000,-0.130000,-0.672000,-88.244000,-212.763000,-51.130000,28.48
6.983125,1.543000,-0.064000,-0.658000,-91.985000,-207.069000,-53.282000,28.48
6.995403,1.532000,-0.006000,-0.629000,-91.908000,-200.076000,-59.527000,28.44
7.007018,1.503000,0.044000,-0.598000,-87.084000,-192.061000,-70.427000,28.34
7.013774,1.451000,0.042000,-0.588000,-78.275000,-183.145000,-85.664000,28.48
7.025712,1.399000,0.032000,-0.588000,-65.786000,-172.992000,-102.214000,28.34
7.037718,1.378000,-0.036000,-0.612000,-49.496000,-164.260000,-116.901000,28.44
7.044260,1.398000,-0.161000,-0.652000,-29.924000,-154.473000,-128.870000,28.48
7.056418,1.677000,-0.388000,-0.153000,17.099000,-122.458000,-116.992000,28.39
7.063064,1.366000,-0.354000,-0.488000,38.916000,-128.870000,-110.214000,28.44
7.075022,1.709000,-0.680000,-0.560000,27.649000,-148.214000,-116.672000,28.44
7.087011,1.573000,-0.419000,-0.506000,12.840000,-171.756000,-122.779000,28.39
7.093828,1.348000,-0.309000,-0.388000,14.550000,-178.626000,-118.321000,28.48
7.105700,1.213000,-0.258000,-0.204000,24.962000,-169.313000,-102.779000,28.44
7.117573,1.128000,-0.404000,-0.093000,26.366000,-150.290000,-87.191000,28.44
7.124587,1.201000,-0.611000,-0.015000,11.710000,-140.107000,-79.160000,28.39
7.136739,1.203000,-0.630000,0.116000,2.458000,-137.725000,-71.313000,28.39
7.143795,1.132000,-0.593000,0.323000,1.618000,-136.702000,-55.115000,28.44
7.155830,1.029000,-0.607000,0.347000,5.878000,-94.718000,-35.450000,28.29
7.163083,0.989000,-0.646000,0.365000,3.053000,-68.855000,-13.191000,28.29
7.175251,1.106000,-0.752000,0.401000,-8.763000,-40.718000,5.008000,28.34
7.187457,1.152000,-0.712000,0.355000,-22.733000,-23.817000,21.603000,28.44
7.194476,1.090000,-0.634000,0.285000,-24.718000,-9.817000,37.008000,28.39
7.206735,0.965000,-0.445000,0.220000,-36.153000,-4.489000,60.580000,28.39
7.213752,0.860000,-0.436000,-0.109000,-0.748000,-30.443000,73.328000,28.44
7.225953,0.293000,0.021000,0.775000,-8.229000,66.687000,100.153000,28.34
7.233074,0.941000,-0.460000,0.737000,-27.282000,171.282000,106.931000,28.39
7.245311,0.637000,0.274000,-0.611000,-33.695000,220.901000,99.206000,28.48
7.257398,0.898000,0.820000,-1.198000,-12.214000,193.053000,77.664000,28.34
7.264449,0.614000,0.987000,-0.728000,19.496000,143.542000,59.603000,28.44
7.276777,0.881000,0.575000,-0.811000,19.053000,218.458000,19.908000,28.39
7.283827,2.093000,-0.042000,-0.942000,21.573000,210.733000,-2.305000,28.29
7.296210,2.396000,-0.184000,-0.990000,15.344000,152.840000,8.565000,28.44
7.303077,1.626000,-0.180000,-0.860000,30.351000,145.267000,22.458000,28.39
7.315545,1.090000,-0.192000,-0.872000,30.046000,110.336000,17.008000,28.48
7.327444,0.798000,-0.316000,-0.824000,8.885000,134.931000,8.519000,28.34
7.334537,0.632000,-0.264000,-0.741000,-0.382000,99.023000,12.427000,28.44
7.346923,0.701000,0.071000,-0.783000,-11.084000,127.420000,12.702000,28.39
7.354172,1.467000,0.624000,-0.176000,30.351000,68.672000,24.290000,28.39
7.366362,1.024000,0.445000,-0.593000,35.099000,28.794000,43.710000,28.34
7.373496,0.854000,-0.095000,-0.629000,47.221000,49.466000,50.519000,28.44
7.385970,1.016000,-0.118000,-0.697000,48.672000,26.382000,57.435000,28.39
7.393061,0.926000,-0.017000,-0.666000,46.779000,22.015000,45.176000,28.39
7.405304,0.861000,-0.257000,-0.832000,43.603000,16.733000,39.160000,28.34
7.417433,0.809000,-0.167000,-0.826000,38.550000,18.321000,31.908000,28.39
7.424494,0.812000,-0.062000,-0.711000,37.115000,11.023000,28.168000,28.39
7.437163,0.792000,-0.101000,-0.729000,34.107000,13.496000,23.038000,28.39
7.444191,0.762000,-0.063000,-0.714000,35.282000,3.130000,19.847000,28.34
7.456560,0.947000,-0.151000,-0.794000,24.168000,3.221000,11.099000,28.34
7.463491,0.901000,-0.114000,-0.504000,21.740000,-10.107000,3.344000,28.39
7.475728,0.780000,-0.029000,-0.689000,19.603000,-13.725000,2.183000,28.44
7.482647,0.787000,-0.084000,-0.690000,3.191000,17.466000,-1.481000,28.44
7.495296,0.813000,-0.094000,-0.619000,-8.214000,-7.069000,0.550000,28.39
7.507534,0.762000,-0.065000,-0.646000,-8.992000,2.885000,-2.992000,28.29
7.514864,0.716000,-0.027000,-0.694000,-6.962000,5.511000,-3.634000,28.34
7.527074,0.721000,-0.004000,-0.680000,-4.198000,-6.168000,-1.817000,28.39
7.534229,0.737000,-0.022000,-0.667000,-3.847000,-0.565000,-1.954000,28.39
7.546725,0.719000,-0.024000,-0.678000,-5.496000,3.786000,-1.206000,28.48
7.553971,0.699000,-0.011000,-0.648000,-4.076000,3.924000,0.504000,28.44
7.566310,0.699000,-0.001000,-0.647000,-0.931000,3.130000,2.779000,28.44
7.573282,0.728000,-0.054000,-0.674000,-0.962000,3.481000,2.916000,28.39
7.585870,0.737000,-0.073000,-0.676000,-1.710000,4.504000,1.588000,28.39
7.593111,0.717000,-0.048000,-0.662000,3.115000,-12.321000,2.641000,28.34
7.605340,0.719000,0.005000,-0.656000,4.962000,-8.489000,2.748000,28.34
7.612821,0.711000,-0.025000,-0.667000,2.458000,0.061000,2.733000,28.39
7.625151,0.712000,-0.047000,-0.679000,3.847000,0.748000,2.305000,28.39
7.637766,0.693000,-0.002000,-0.675000,6.565000,-4.031000,3.435000,28.44
7.645140,0.573000,0.083000,-0.674000,9.603000,-3.924000,6.244000,28.39
7.657447,0.554000,0.098000,-0.720000,16.275000,1.435000,11.481000,28.29
7.664870,0.855000,-0.175000,-0.704000,11.786000,-8.763000,6.870000,28.34
7.676945,0.712000,-0.067000,-0.719000,10.962000,-12.779000,2.611000,28.34
7.684271,0.681000,0.002000,-0.728000,8.794000,0.947000,1.954000,28.39
7.697114,0.735000,0.019000,-0.697000,8.519000,2.107000,4.260000,28.39
7.704345,0.635000,0.014000,-0.789000,10.397000,6.901000,7.450000,28.44
7.716689,0.634000,-0.032000,-0.801000,7.603000,14.443000,11.298000,28.34
7.723997,0.644000,-0.095000,-0.831000,3.038000,23.557000,10.443000,28.39
7.735964,0.615000,-0.043000,-0.897000,-4.076000,38.015000,10.672000,28.48
7.743112,0.634000,-0.021000,-0.887000,-10.366000,54.168000,10.473000,28.44
7.755290,0.690000,-0.073000,-0.945000,-12.000000,80.351000,12.580000,28.44
7.767396,0.634000,-0.213000,-0.958000,-19.084000,109.344000,11.267000,28.39
7.774357,0.502000,-0.229000,-1.294000,18.931000,163.008000,15.023000,28.44
7.786513,0.653000,-0.083000,-1.138000,12.031000,219.023000,16.137000,28.44
7.793487,0.487000,-0.172000,-1.310000,38.595000,272.122000,16.519000,28.29
7.805658,0.719000,-0.046000,-1.440000,45.649000,337.863000,10.244000,28.39
7.812862,1.079000,-0.005000,-1.732000,69.695000,388.550000,10.366000,28.34
7.825059,0.968000,-0.019000,-1.770000,86.458000,444.336000,20.733000,28.44
7.837252,2.230000,-0.349000,-2.376000,32.824000,459.588000,15.863000,28.39
7.844303,1.781000,0.058000,-1.865000,9.771000,396.427000,18.473000,28.48
7.856307,1.880000,1.164000,-3.218000,19.725000,332.458000,13.298000,28.44
7.863452,0.732000,0.889000,-3.413000,98.504000,106.626000,29.328000,28.44
7.875563,-0.446000,0.704000,-2.443000,85.954000,-11.786000,18.198000,28.29
7.882674,-1.357000,0.608000,-1.887000,50.473000,-67.802000,-9.832000,28.48
7.894605,-1.564000,0.767000,-1.571000,-0.992000,-153.313000,-14.672000,28.53
7.906476,-1.258000,0.668000,-1.576000,-32.260000,-175.527000,-15.924000,28.48
7.913494,-1.500000,0.644000,-1.429000,-23.985000,-79.084000,-44.351000,28.39
7.925680,-1.466000,0.654000,-1.015000,43.878000,-341.863000,-52.122000,28.34
7.937586,-1.083000,0.461000,-1.330000,-53.863000,-354.061000,-39.603000,28.44
7.944168,-0.396000,0.462000,-1.344000,-45.573000,-344.229000,-69.496000,28.39
7.956470,0.180000,0.433000,-1.330000,-43.786000,-361.618000,-88.000000,28.48
7.963562,0.429000,0.577000,-1.279000,-42.763000,-389.298000,-96.519000,28.44
7.975167,4.000000,-3.033000,-2.440000,-64.244000,-500.275000,-43.481000,28.44
7.987409,2.023000,0.487000,2.302000,45.481000,-500.275000,23.053000,28.39
7.994373,4.000000,-2.226000,4.000000,158.885000,-147.817000,-1.679000,28.39
8.006777,4.000000,-4.000000,4.000000,-35.206000,91.099000,-8.092000,28.34
8.013948,1.120000,-0.954000,1.854000,21.557000,50.794000,-62.595000,28.39
8.026091,1.824000,-0.196000,0.918000,24.534000,49.053000,-48.122000,28.39
8.033151,1.190000,0.155000,0.128000,81.053000,-67.710000,-51.344000,28.29
8.045052,1.700000,-0.967000,-1.787000,-95.878000,238.611000,-22.443000,28.34
8.057092,0.806000,1.299000,-0.493000,82.443000,-251.145000,-9.786000,28.34
8.064202,0.541000,0.398000,-1.129000,83.237000,-138.779000,8.809000,28.39
8.076527,0.483000,-0.493000,-1.213000,-134.458000,151.954000,32.718000,28.34
8.083346,0.409000,-0.398000,-0.996000,25.511000,-59.450000,12.870000,28.34
8.095842,0.631000,-0.274000,-0.909000,-20.397000,49.420000,0.947000,28.39
8.101592,0.636000,-0.146000,-0.840000,-53.374000,82.840000,-0.137000,28.29
8.115135,0.638000,-0.095000,-0.752000,-57.053000,87.237000,4.275000,28.44
8.127107,0.763000,-0.041000,-0.174000,-5.328000,18.305000,-3.863000,28.39
8.134538,0.762000,-0.042000,-0.593000,-54.290000,63.969000,7.221000,28.39
8.146759,0.775000,0.022000,-0.567000,-34.534000,47.939000,2.519000,28.39
8.154014,0.760000,0.060000,-0.530000,13.557000,-26.534000,-1.954000,28.44
8.166367,0.755000,-0.026000,-0.611000,1.252000,-5.466000,-0.260000,28.34
8.173435,0.708000,-0.060000,-0.783000,0.336000,7.710000,-0.855000,28.39
8.185746,0.757000,-0.050000,-0.648000,0.458000,2.763000,-0.672000,28.39
8.192937,0.740000,-0.062000,-0.674000,-7.374000,30.748000,-2.275000,28.44
8.205333,0.735000,-0.048000,-0.683000,0.489000,1.481000,-0.290000,28.34
8.217574,0.708000,-0.047000,-0.697000,-1.603000,6.855000,-0.305000,28.39
8.224772,0.803000,-0.078000,-0.451000,14.718000,-22.794000,0.931000,28.39
8.237106,0.736000,-0.078000,-0.672000,-1.389000,-23.863000,3.298000,28.34
8.244062,0.736000,-0.102000,-0.641000,-3.176000,-10.779000,1.740000,28.34
8.256581,0.738000,-0.085000,-0.659000,1.374000,-1.313000,-1.618000,28.39
8.263817,0.727000,-0.070000,-0.673000,0.473000,-4.168000,-2.305000,28.48
8.275968,0.721000,-0.051000,-0.682000,-1.435000,0.992000,-2.122000,28.44
8.283148,0.735000,-0.049000,-0.673000,-3.145000,3.237000,-1.557000,28.39
8.295428,0.741000,-0.038000,-0.655000,-3.344000,2.931000,-0.977000,28.39
8.307392,0.747000,-0.053000,-0.658000,-2.122000,3.603000,-0.519000,28.34
8.314799,0.729000,-0.054000,-0.652000,-1.252000,2.794000,0.092000,28.34
8.327362,0.732000,-0.078000,-0.662000,-0.870000,0.840000,-0.137000,28.39
8.334419,0.726000,-0.076000,-0.675000,-1.191000,2.046000,-0.565000,28.48
8.346569,0.754000,-0.081000,-0.541000,-0.672000,-4.809000,-1.099000,28.34
8.353977,0.722000,-0.085000,-0.675000,-0.565000,3.374000,-2.718000,28.34
8.366451,0.684000,-0.079000,-0.722000,-3.344000,6.519000,-4.153000,28.39
8.373658,0.729000,-0.070000,-0.660000,0.015000,6.458000,-3.924000,28.39
8.385890,0.729000,-0.078000,-0.660000,-8.855000,17.466000,-4.244000,28.34
8.392842,0.693000,-0.054000,-0.627000,5.664000,-35.023000,-1.756000,28.48
8.405108,0.725000,-0.068000,-0.679000,-15.695000,23.008000,-2.092000,28.39
8.417479,0.729000,-0.040000,-0.656000,-8.840000,6.947000,-0.672000,28.39
8.424463,0.739000,-0.062000,-0.665000,0.214000,-12.901000,0.229000,28.44
8.437022,0.747000,-0.070000,-0.662000,-2.824000,-1.985000,-0.473000,28.39
8.444053,0.721000,-0.065000,-0.690000,-1.435000,-5.160000,-0.550000,28.39
8.456191,0.730000,-0.083000,-0.675000,-3.863000,0.702000,-0.992000,28.34
8.463636,0.721000,-0.058000,-0.688000,-3.954000,3.756000,-2.000000,28.44
8.475819,0.719000,-0.050000,-0.678000,-2.290000,0.122000,-2.000000,28.48
8.483192,0.728000,-0.057000,-0.668000,-2.641000,1.893000,-1.893000,28.48
8.495342,0.737000,-0.044000,-0.666000,-2.198000,-0.076000,-1.053000,28.44
8.507563,0.729000,-0.062000,-0.652000,-2.244000,0.534000,-0.962000,28.39
8.514758,0.740000,-0.068000,-0.663000,-2.382000,0.885000,-0.870000,28.48
8.527382,0.723000,-0.071000,-0.686000,-2.305000,1.481000,-1.038000,28.44
8.535718,0.715000,-0.073000,-0.689000,-2.916000,2.718000,-1.496000,28.34
8.550545,0.717000,-0.063000,-0.689000,-3.649000,4.275000,-1.863000,28.29
8.557975,0.711000,-0.044000,-0.676000,-3.298000,4.794000,-1.817000,28.39
8.566081,0.733000,-0.036000,-0.663000,-2.824000,3.756000,-0.947000,28.44
8.575438,0.731000,-0.040000,-0.669000,-1.649000,1.679000,-0.794000,28.34
8.585536,0.732000,-0.057000,-0.678000,-1.069000,1.282000,-0.504000,28.39
8.592511,0.724000,-0.062000,-0.674000,-0.611000,0.702000,-1.008000,28.39
8.605033,0.712000,-0.052000,-0.690000,-0.366000,9.527000,-1.649000,28.34
8.617362,0.698000,-0.054000,-0.698000,-0.763000,-0.122000,-0.473000,28.39
8.624251,0.726000,-0.076000,-0.663000,-0.885000,-1.160000,-0.962000,28.20
8.636807,0.782000,-0.060000,-0.657000,5.130000,1.893000,-2.076000,28.44
8.643821,0.749000,-0.046000,-0.643000,1.786000,-3.328000,-1.450000,28.34
8.656246,0.730000,-0.057000,-0.663000,3.420000,-7.023000,-0.992000,28.39
8.663273,0.722000,-0.065000,-0.677000,0.550000,-1.649000,-1.008000,28.39
8.676044,0.721000,-0.066000,-0.673000,-0.153000,-1.573000,-1.038000,28.44
8.683256,0.710000,-0.060000,-0.701000,-2.427000,2.748000,-1.023000,28.34
8.695393,0.717000,-0.054000,-0.690000,-3.405000,4.168000,-0.840000,28.29
8.707512,0.738000,-0.053000,-0.675000,-3.588000,4.595000,-0.718000,28.39
8.714779,0.743000,-0.052000,-0.658000,-2.458000,2.443000,-0.427000,28.34
8.727001,0.731000,-0.049000,-0.672000,-2.763000,3.176000,-0.290000,28.29
8.734240,0.735000,-0.054000,-0.669000,-2.733000,3.023000,-0.107000,28.39
8.746520,0.722000,-0.068000,-0.677000,-1.313000,1.206000,-0.397000,28.34
8.754792,0.716000,-0.057000,-0.675000,-2.534000,3.618000,-0.321000,28.34
8.766080,0.711000,-0.062000,-0.684000,-2.031000,1.893000,-0.260000,28.39
8.773448,0.711000,-0.065000,-0.692000,-2.061000,4.137000,-0.412000,28.29
8.785553,0.717000,-0.071000,-0.676000,-0.748000,1.634000,-0.458000,28.44
8.792834,0.708000,-0.066000,-0.694000,-0.901000,2.718000,-0.687000,28.34
8.805321,0.716000,-0.071000,-0.693000,-2.076000,4.275000,-1.008000,28.39
8.817509,0.724000,-0.071000,-0.672000,-2.611000,5.389000,-1.405000,28.39
8.824501,0.713000,-0.045000,-0.678000,-2.962000,5.847000,-1.649000,28.34
8.837521,0.714000,-0.059000,-0.690000,-3.847000,8.061000,-1.588000,28.29
8.844201,0.735000,-0.047000,-0.662000,-4.061000,8.153000,-1.588000,28.39
8.856453,0.729000,-0.050000,-0.669000,-4.198000,7.221000,-1.420000,28.34
8.863629,0.708000,-0.052000,-0.676000,-4.366000,8.748000,-1.374000,28.44
8.875990,0.722000,-0.046000,-0.654000,-3.466000,6.427000,-0.702000,28.39
8.883179,0.732000,-0.042000,-0.664000,-2.092000,4.718000,-0.733000,28.39
8.895599,0.736000,-0.045000,-0.671000,-2.931000,7.832000,-0.382000,28.34
8.902596,0.727000,-0.073000,-0.687000,-2.427000,5.893000,-0.183000,28.34
8.914955,0.719000,-0.078000,-0.681000,-2.718000,9.557000,-0.840000,28.39
8.927667,0.719000,-0.071000,-0.713000,-5.221000,10.214000,-0.733000,28.39
8.934988,0.728000,-0.070000,-0.668000,-3.618000,5.115000,-0.733000,28.44
8.947232,0.727000,-0.055000,-0.677000,-2.305000,4.489000,-1.435000,28.39
8.954292,0.728000,-0.058000,-0.658000,-3.695000,6.031000,-1.206000,28.39
8.966304,0.736000,-0.050000,-0.660000,-2.947000,5.221000,-0.931000,28.44
8.974388,0.719000,-0.063000,-0.675000,-6.183000,9.359000,-1.237000,28.34
8.985721,0.722000,-0.052000,-0.662000,-3.496000,4.534000,-1.099000,28.39
8.992974,0.733000,-0.053000,-0.665000,-0.824000,1.695000,-1.191000,28.29
9.005377,0.732000,-0.058000,-0.665000,-2.779000,4.137000,-1.237000,28.34
9.012574,0.721000,-0.059000,-0.678000,-2.290000,3.908000,-1.466000,28.25
9.024949,0.731000,-0.062000,-0.671000,-2.122000,3.344000,-1.374000,28.29
9.037569,0.730000,-0.050000,-0.674000,-2.992000,5.588000,-1.221000,28.39
9.044271,0.727000,-0.049000,-0.662000,-3.344000,6.473000,-1.069000,28.44
9.056792,0.734000,-0.045000,-0.662000,-1.710000,3.282000,-0.672000,28.39
9.063860,0.736000,-0.061000,-0.662000,-1.527000,3.084000,-0.763000,28.48
9.076341,0.734000,-0.058000,-0.666000,-1.405000,3.160000,-0.718000,28.34
9.083230,0.735000,-0.062000,-0.655000,-1.389000,2.916000,-0.840000,28.34
9.095754,0.727000,-0.058000,-0.670000,-1.466000,2.885000,-1.221000,28.39
9.102883,0.723000,-0.067000,-0.671000,-1.618000,1.740000,-1.374000,28.39
9.115228,0.710000,-0.059000,-0.709000,-3.328000,10.183000,-2.336000,28.44
9.127440,0.706000,-0.062000,-0.682000,-3.298000,4.519000,-1.756000,28.34
9.134723,0.724000,-0.057000,-0.679000,-2.504000,4.962000,-1.954000,28.39
9.146992,0.728000,-0.043000,-0.675000,-3.237000,4.641000,-1.924000,28.44
9.154316,0.724000,-0.051000,-0.666000,-2.733000,5.237000,-1.817000,28.34
9.166501,0.724000,-0.057000,-0.649000,-1.710000,2.046000,-1.435000,28.29
9.173829,0.735000,-0.052000,-0.669000,-1.786000,1.954000,-1.328000,28.39
9.186123,0.729000,-0.052000,-0.663000,-1.786000,2.198000,-1.008000,28.34
9.193229,0.729000,-0.055000,-0.672000,-1.893000,2.641000,-0.901000,28.34
9.205590,0.720000,-0.046000,-0.680000,-1.786000,2.901000,-0.977000,28.29
9.213310,0.724000,-0.049000,-0.680000,-1.527000,2.885000,-0.779000,28.39
9.224969,0.725000,-0.046000,-0.669000,-1.603000,3.603000,-0.794000,28.44
9.237534,0.720000,-0.046000,-0.672000,-1.679000,3.817000,-0.626000,28.39
9.244600,0.725000,-0.056000,-0.680000,-1.664000,4.733000,-0.458000,28.39
9.257027,0.737000,-0.062000,-0.662000,-1.985000,4.809000,-0.763000,28.34
9.264169,0.717000,-0.055000,-0.678000,-2.198000,5.939000,-0.824000,28.44
9.276509,0.725000,-0.059000,-0.664000,-2.260000,5.435000,-0.733000,28.39
9.283817,0.731000,-0.058000,-0.662000,-2.626000,6.137000,-1.115000,28.48
9.296165,0.734000,-0.052000,-0.663000,-2.947000,7.282000,-1.069000,28.34
9.303571,0.732000,-0.042000,-0.654000,-2.595000,5.756000,-0.733000,28.39
9.315757,0.738000,-0.049000,-0.667000,-2.214000,5.649000,-0.672000,28.39
9.322805,0.743000,-0.053000,-0.654000,-2.260000,5.573000,-0.855000,28.34
9.335486,0.737000,-0.058000,-0.677000,-2.458000,5.252000,-0.885000,28.34
9.347551,0.730000,-0.058000,-0.669000,-2.656000,6.198000,-0.962000,28.29
9.355004,0.727000,-0.050000,-0.655000,-2.458000,4.290000,-0.672000,28.29
9.367207,0.713000,-0.046000,-0.697000,-3.130000,6.641000,-1.038000,28.34
9.374772,0.700000,-0.052000,-0.675000,-3.344000,7.038000,-1.191000,28.34
9.391175,0.710000,-0.038000,-0.680000,-4.519000,10.977000,-1.466000,28.39
9.393361,0.737000,-0.058000,-0.664000,-4.947000,12.718000,-1.679000,28.39
9.405997,0.757000,-0.065000,-0.637000,-4.122000,8.931000,-1.573000,28.34
9.412903,0.741000,-0.040000,-0.654000,-4.000000,8.458000,-1.344000,28.44
9.425463,0.736000,-0.061000,-0.663000,-3.985000,7.740000,-1.084000,28.29
9.431185,0.738000,-0.072000,-0.668000,-4.290000,7.405000,-1.176000,28.39
9.445621,0.750000,-0.064000,-0.666000,-4.214000,6.427000,-1.374000,28.44
9.457201,0.728000,-0.031000,-0.653000,-5.664000,7.160000,-1.145000,28.39
9.464269,0.721000,-0.043000,-0.652000,-4.840000,6.336000,-0.809000,28.29
9.476988,0.741000,-0.038000,-0.643000,-4.046000,3.939000,-0.718000,28.34
9.483910,0.733000,-0.047000,-0.647000,0.626000,-4.550000,-0.733000,28.34
9.496391,0.749000,-0.086000,-0.683000,-6.687000,6.321000,-1.008000,28.29
9.503549,0.752000,-0.055000,-0.643000,-4.885000,-1.969000,-1.328000,28.39
9.515640,0.739000,-0.040000,-0.652000,-4.321000,2.656000,-1.679000,28.34
9.523324,0.754000,-0.032000,-0.626000,-5.756000,1.985000,-0.565000,28.34
9.535174,0.759000,-0.044000,-0.668000,-6.672000,7.282000,-0.076000,28.29
9.547637,0.740000,-0.018000,-0.652000,-5.374000,4.855000,0.443000,28.39
9.554857,0.749000,-0.034000,-0.654000,-5.145000,6.779000,0.962000,28.34
9.567282,0.752000,-0.013000,-0.641000,-2.992000,4.458000,1.099000,28.29
9.574538,0.746000,-0.058000,-0.656000,-2.855000,6.183000,1.099000,28.39
9.587043,0.736000,-0.052000,-0.652000,-2.519000,3.389000,1.008000,28.34
9.594161,0.748000,-0.042000,-0.665000,-2.214000,3.634000,1.405000,28.34
9.606777,0.738000,-0.044000,-0.659000,-0.534000,0.748000,1.588000,28.39
9.613920,0.750000,-0.039000,-0.653000,-0.153000,2.107000,1.756000,28.48
9.626377,0.743000,-0.062000,-0.650000,-1.893000,4.702000,1.527000,28.34
9.633827,0.752000,-0.079000,-0.635000,1.511000,-4.947000,1.191000,28.44
9.646190,0.738000,-0.071000,-0.665000,-3.496000,6.214000,-0.198000,28.39
9.653100,0.751000,-0.056000,-0.659000,-0.809000,-1.771000,-0.412000,28.29
9.666181,0.745000,-0.078000,-0.656000,-2.580000,1.450000,-1.038000,28.34
9.670906,0.713000,-0.076000,-0.688000,-3.344000,0.214000,-1.924000,28.39
9.684712,0.741000,-0.068000,-0.670000,-4.427000,1.160000,-2.534000,28.39
9.697509,0.723000,-0.055000,-0.676000,-5.084000,1.893000,-2.702000,28.34
9.704480,0.730000,-0.031000,-0.674000,-4.962000,1.969000,-2.427000,28.44
9.716561,0.721000,-0.023000,-0.664000,-2.702000,-0.076000,-1.924000,28.39
9.724163,0.741000,0.008000,-0.634000,-2.962000,0.947000,-0.702000,28.29
9.736319,0.735000,-0.047000,-0.663000,-1.893000,1.496000,-0.672000,28.34
9.743630,0.726000,-0.042000,-0.680000,-2.595000,3.481000,-0.458000,28.44
9.756144,0.736000,-0.051000,-0.675000,-3.084000,8.244000,-0.489000,28.39
9.763869,0.733000,-0.022000,-0.672000,-1.374000,1.664000,-0.046000,28.34
9.775299,0.736000,-0.020000,-0.666000,0.214000,2.366000,0.885000,28.34
9.782668,0.744000,-0.044000,-0.670000,1.756000,0.031000,1.481000,28.39
9.795624,0.721000,-0.055000,-0.678000,0.916000,1.847000,1.542000,28.48
9.801263,0.718000,-0.034000,-0.684000,-0.382000,5.725000,2.000000,28.34
9.815306,0.730000,-0.030000,-0.674000,-0.122000,5.221000,2.565000,28.44
9.827621,0.737000,0.000000,-0.639000,0.519000,3.939000,3.420000,28.29
9.835910,0.738000,-0.005000,-0.636000,1.649000,3.893000,4.718000,28.39
9.847566,0.760000,-0.027000,-0.634000,2.336000,3.588000,5.710000,28.44
9.855005,0.731000,-0.087000,-0.679000,3.389000,2.229000,5.298000,28.34
9.867351,0.729000,-0.094000,-0.698000,3.618000,1.756000,4.748000,28.39
9.875036,0.726000,-0.056000,-0.686000,1.954000,5.847000,4.183000,28.29
9.887295,0.732000,-0.063000,-0.689000,1.023000,8.397000,4.046000,28.44
9.894279,0.738000,-0.056000,-0.666000,1.023000,6.779000,4.061000,28.34
9.906778,0.740000,-0.074000,-0.663000,0.412000,8.809000,3.786000,28.29
9.914264,0.719000,-0.069000,-0.671000,-0.046000,8.290000,3.924000,28.44
9.927026,0.711000,-0.072000,-0.685000,0.962000,6.855000,4.229000,28.34
9.934252,0.733000,-0.062000,-0.655000,1.481000,4.992000,4.153000,28.29
9.946882,0.762000,-0.071000,-0.647000,1.985000,3.847000,3.893000,28.29
9.954352,0.757000,-0.038000,-0.626000,1.588000,4.550000,4.397000,28.44
9.966779,0.769000,-0.058000,-0.622000,1.450000,5.740000,4.962000,28.34
9.974123,0.740000,-0.097000,-0.667000,3.191000,-0.305000,4.916000,28.39
9.986568,0.704000,-0.089000,-0.688000,0.534000,4.397000,3.557000,28.39
9.993707,0.740000,-0.070000,-0.665000,-0.779000,6.489000,2.519000,28.44
10.006228,0.734000,-0.073000,-0.661000,-0.901000,6.885000,2.412000,28.34
