# Gait Analysis Data - MPU6050 IMU
# Duration: 10 seconds
# Format: timestamp(s),ax(g),ay(g),az(g),gx(deg/s),gy(deg/s),gz(deg/s),temp(C)
# Note: Document sensor placement (ankle/wrist) separately
timestamp,ax,ay,az,gx,gy,gz,temp
0.001086,1.551000,-0.572000,0.420000,11.618000,-85.282000,-117.603000,26.55
0.002249,1.601000,-0.645000,0.621000,15.771000,-44.137000,-98.779000,26.55
0.003315,1.580000,-0.737000,0.794000,22.519000,-8.137000,-72.519000,26.51
0.004387,1.640000,-0.730000,0.804000,24.351000,38.260000,-48.397000,26.55
0.005526,1.709000,-0.643000,0.823000,30.794000,76.107000,-24.962000,26.55
0.006560,1.754000,-0.620000,1.045000,39.221000,127.679000,0.519000,26.51
0.007578,1.227000,-0.488000,1.270000,61.450000,184.092000,24.244000,26.65
0.008575,0.569000,0.425000,-1.162000,76.962000,158.595000,12.092000,26.55
0.009501,1.139000,0.263000,-2.114000,78.198000,165.740000,28.687000,26.51
0.010418,0.587000,-0.102000,-1.143000,67.008000,167.618000,56.061000,26.46
0.011464,1.191000,-0.381000,-0.810000,40.031000,184.382000,41.191000,26.55
0.012404,1.941000,-0.190000,-1.301000,38.076000,158.672000,35.756000,26.51
0.013218,2.470000,0.466000,-1.387000,37.695000,153.817000,40.214000,26.55
0.013985,1.586000,0.272000,-0.851000,63.389000,68.000000,37.298000,26.55
0.014759,0.539000,-0.159000,-0.926000,64.718000,73.237000,32.733000,26.51
0.015535,0.646000,-0.416000,-1.009000,45.023000,82.901000,36.992000,26.55
0.016303,1.138000,-0.072000,-0.887000,31.313000,49.038000,28.733000,26.55
0.017058,0.850000,-0.230000,-0.975000,7.481000,59.420000,17.664000,26.51
0.017829,0.616000,-0.226000,-0.897000,27.588000,-12.397000,16.443000,26.55
0.018570,0.666000,-0.200000,-0.931000,4.244000,-0.962000,4.824000,26.46
0.019317,0.575000,-0.090000,-0.905000,1.237000,1.450000,-0.489000,26.51
0.019991,0.538000,-0.019000,-0.854000,-4.962000,6.336000,-3.359000,26.55
0.020662,0.525000,-0.003000,-0.871000,-5.328000,4.718000,-3.573000,26.55
0.021472,0.570000,0.011000,-0.860000,-9.695000,14.702000,-4.107000,26.60
0.022300,0.583000,0.022000,-0.839000,-9.924000,16.733000,-4.229000,26.55
0.023039,0.552000,0.026000,-0.825000,-8.763000,19.496000,-3.435000,26.55
0.023732,0.605000,0.022000,-0.816000,-7.588000,18.092000,-3.069000,26.51
0.024638,0.579000,0.026000,-0.813000,-5.420000,12.641000,-2.092000,26.55
0.025395,0.575000,0.024000,-0.809000,-4.992000,11.374000,-1.634000,26.51
0.026086,0.588000,0.037000,-0.809000,-3.191000,6.687000,-0.595000,26.41
0.026778,0.565000,0.042000,-0.809000,-2.504000,5.527000,-0.076000,26.46
0.027453,0.546000,0.044000,-0.823000,-0.809000,5.618000,0.779000,26.55
0.028052,0.543000,0.022000,-0.818000,1.893000,4.595000,1.496000,26.60
0.028667,0.556000,-0.006000,-0.817000,-0.779000,7.328000,0.794000,26.46
0.029279,0.565000,-0.001000,-0.812000,-1.634000,5.649000,0.092000,26.60
0.029896,0.554000,0.020000,-0.804000,-5.710000,7.832000,-0.611000,26.51
0.030505,0.547000,0.028000,-0.802000,-3.435000,4.366000,-0.718000,26.55
0.031225,0.563000,0.010000,-0.787000,-4.504000,4.412000,-0.718000,26.51
0.032013,0.562000,0.036000,-0.791000,-4.763000,4.214000,-0.977000,26.60
0.032646,0.546000,0.027000,-0.799000,-5.160000,2.702000,-1.038000,26.46
0.033250,0.524000,0.075000,-0.810000,-6.443000,9.405000,-1.282000,26.60
0.033915,0.501000,0.065000,-0.805000,-4.107000,10.076000,0.092000,26.60
0.034585,0.499000,0.080000,-0.819000,-3.878000,16.519000,0.595000,26.55
0.035200,0.513000,0.021000,-0.846000,-2.656000,18.275000,1.130000,26.51
0.035959,0.546000,-0.019000,-0.811000,-6.855000,23.527000,-0.580000,26.60
0.036542,0.544000,0.000000,-0.807000,-7.740000,23.221000,-3.252000,26.55
0.037099,0.601000,-0.002000,-0.806000,-9.664000,28.580000,-5.160000,26.60
0.037727,0.555000,0.028000,-0.816000,-10.672000,30.931000,-5.511000,26.51
0.038329,0.586000,0.076000,-0.777000,-6.733000,19.008000,-4.336000,26.55
0.038901,0.554000,0.033000,-0.833000,-10.397000,39.588000,-3.374000,26.60
0.039454,0.579000,0.009000,-0.820000,2.885000,13.206000,-2.397000,26.51
0.040008,0.683000,-0.052000,-0.796000,-18.504000,52.641000,-5.298000,26.55
0.040558,0.570000,0.024000,-0.818000,-15.344000,47.710000,-7.099000,26.51
0.041160,0.599000,0.015000,-0.807000,-12.519000,44.458000,-8.061000,26.51
0.041716,0.593000,0.047000,-0.830000,-14.183000,52.779000,-7.313000,26.55
0.042270,0.606000,0.009000,-0.827000,-11.679000,50.931000,-7.649000,26.60
0.042927,0.618000,0.020000,-0.799000,-7.420000,59.847000,-8.046000,26.51
0.043502,0.611000,0.045000,-0.799000,-8.885000,62.489000,-8.290000,26.55
0.044053,0.568000,-0.039000,-0.882000,-10.718000,59.832000,0.458000,26.51
0.044593,0.645000,0.035000,-0.853000,3.099000,73.847000,3.466000,26.55
0.045130,0.603000,0.113000,-0.846000,-0.183000,80.794000,6.565000,26.51
0.045749,0.633000,0.028000,-0.863000,1.649000,90.000000,9.023000,26.51
0.046480,0.649000,0.039000,-0.891000,4.031000,97.496000,11.756000,26.46
0.047003,0.648000,0.074000,-0.932000,5.527000,103.420000,15.496000,26.55
0.047518,0.639000,0.094000,-1.013000,9.496000,109.588000,24.595000,26.51
0.048030,0.652000,0.040000,-0.967000,16.763000,127.832000,26.687000,26.55
0.048540,0.600000,0.066000,-1.012000,30.748000,141.130000,29.023000,26.51
0.049056,0.560000,0.078000,-1.038000,28.977000,163.008000,28.076000,26.51
0.049560,0.721000,0.098000,-1.255000,61.664000,159.664000,27.878000,26.55
0.050054,0.535000,0.056000,-1.126000,70.565000,206.427000,33.374000,26.46
0.050564,0.566000,-0.027000,-0.955000,42.168000,416.565000,27.344000,26.51
0.051080,1.092000,-0.263000,-1.501000,77.328000,274.198000,26.153000,26.55
0.051586,0.944000,-0.324000,-0.939000,30.031000,301.725000,15.053000,26.60
0.052082,0.807000,-0.328000,-1.046000,9.359000,315.802000,9.008000,26.51
0.052592,1.115000,-0.311000,-0.921000,-8.504000,255.267000,-3.130000,26.55
0.053105,0.984000,0.111000,-0.704000,7.511000,249.908000,-8.244000,26.55
0.053613,1.546000,0.111000,-0.773000,34.076000,169.649000,9.847000,26.51
0.054120,1.250000,0.217000,-0.655000,42.901000,221.130000,9.542000,26.55
0.054623,1.307000,0.092000,-1.105000,52.687000,164.992000,18.855000,26.51
0.055132,0.226000,-0.369000,-1.415000,14.550000,124.779000,34.275000,26.51
0.055777,0.588000,-0.794000,-1.282000,-20.977000,107.069000,77.221000,26.55
0.056508,0.228000,-0.160000,-1.326000,-58.031000,44.702000,96.809000,26.51
0.057087,0.140000,-0.064000,-1.031000,-55.679000,13.786000,115.008000,26.51
0.057599,0.107000,0.039000,-0.911000,-56.550000,-14.550000,120.137000,26.46
0.058087,0.064000,0.077000,-0.771000,-56.122000,-36.061000,117.176000,26.51
0.058601,0.049000,0.152000,-0.682000,-57.511000,-45.298000,107.740000,26.51
0.059149,0.090000,0.215000,-0.639000,-52.641000,-57.084000,93.282000,26.46
0.059671,0.115000,0.272000,-0.604000,-40.351000,-74.687000,75.695000,26.41
0.060150,0.151000,0.293000,-0.635000,-32.229000,-88.931000,54.412000,26.69
0.060623,0.300000,0.282000,-0.678000,-22.794000,-109.328000,33.573000,26.55
0.061090,0.422000,0.244000,-0.807000,-35.176000,-91.267000,8.260000,26.60
0.061569,0.540000,0.274000,-0.767000,-22.336000,-148.931000,-10.550000,26.51
0.062068,0.544000,0.241000,-0.716000,-16.061000,-158.733000,-27.634000,26.55
0.062551,0.544000,0.185000,-0.635000,-4.947000,-182.061000,-41.863000,26.51
0.063037,0.640000,0.071000,-0.602000,-15.481000,-168.290000,-56.092000,26.51
0.063523,0.735000,-0.052000,-0.645000,-3.053000,-201.908000,-62.260000,26.46
0.064010,0.872000,-0.136000,-0.654000,-9.099000,-208.397000,-65.924000,26.60
0.064499,1.016000,-0.144000,-0.652000,-11.252000,-209.924000,-65.985000,26.51
0.065124,1.148000,-0.092000,-0.614000,-3.573000,-212.550000,-66.565000,26.65
0.065757,1.241000,-0.093000,-0.552000,11.176000,-212.504000,-70.427000,26.41
0.066266,1.339000,-0.083000,-0.497000,23.985000,-207.298000,-77.023000,26.60
0.066752,1.410000,-0.063000,-0.446000,34.168000,-199.725000,-84.061000,26.55
0.067227,1.473000,-0.014000,-0.423000,41.450000,-192.443000,-91.298000,26.51
0.067714,1.517000,0.076000,-0.390000,49.237000,-183.267000,-97.267000,26.60
0.068212,1.495000,0.123000,-0.349000,58.153000,-172.809000,-104.168000,26.55
0.068676,1.431000,0.109000,-0.336000,64.229000,-160.870000,-112.443000,26.51
0.069131,1.355000,0.088000,-0.326000,67.130000,-147.939000,-122.885000,26.60
0.069591,1.278000,0.059000,-0.353000,71.374000,-133.756000,-133.053000,26.46
0.070092,1.215000,0.026000,-0.394000,75.863000,-121.618000,-139.115000,26.51
0.070583,1.190000,-0.024000,-0.447000,82.504000,-113.634000,-140.656000,26.51
0.071046,1.152000,-0.072000,-0.513000,86.382000,-107.725000,-138.687000,26.55
0.071525,1.136000,-0.094000,-0.556000,88.351000,-105.221000,-132.122000,26.69
0.072107,1.135000,-0.088000,-0.540000,88.382000,-102.397000,-120.870000,26.51
0.072707,1.089000,-0.082000,-0.522000,84.641000,-96.275000,-108.290000,26.55
0.073196,1.024000,-0.076000,-0.495000,76.198000,-88.076000,-97.252000,26.51
0.073667,0.985000,-0.040000,-0.501000,66.122000,-77.679000,-89.038000,26.55
0.074140,0.983000,-0.020000,-0.533000,57.450000,-71.527000,-82.031000,26.46
0.074608,0.955000,0.020000,-0.551000,51.008000,-67.725000,-79.527000,26.60
0.075074,0.936000,0.060000,-0.558000,51.023000,-63.969000,-81.924000,26.55
0.075578,0.883000,0.104000,-0.524000,58.489000,-61.679000,-87.893000,26.46
0.076062,0.861000,0.085000,-0.523000,65.420000,-55.771000,-94.458000,26.51
0.076526,0.862000,0.049000,-0.550000,68.321000,-48.244000,-99.817000,26.46
0.076975,0.856000,0.026000,-0.548000,70.076000,-45.542000,-101.878000,26.55
0.077425,0.846000,0.011000,-0.531000,69.649000,-45.023000,-101.008000,26.51
0.077955,0.789000,-0.021000,-0.530000,68.076000,-40.275000,-97.099000,26.46
0.078537,0.764000,-0.038000,-0.528000,64.107000,-33.756000,-92.870000,26.55
0.078996,0.771000,-0.044000,-0.513000,58.427000,-27.008000,-84.733000,26.60
0.079489,0.787000,-0.037000,-0.510000,50.901000,-22.076000,-76.626000,26.55
0.079957,0.794000,-0.015000,-0.520000,42.947000,-19.893000,-67.649000,26.46
0.080435,0.776000,0.014000,-0.492000,34.763000,-17.664000,-58.061000,26.60
0.080946,0.748000,0.042000,-0.449000,26.214000,-12.290000,-48.198000,26.46
0.081368,0.730000,0.072000,-0.440000,15.634000,-4.916000,-38.031000,26.55
0.081793,0.744000,0.114000,-0.463000,3.847000,2.901000,-28.855000,26.51
0.082218,0.758000,0.138000,-0.489000,-9.679000,8.626000,-21.038000,26.55
0.082676,1.119000,-0.102000,-0.629000,-27.450000,20.687000,-17.069000,26.46
0.083101,0.638000,0.521000,0.001000,-33.985000,41.313000,-29.328000,26.51
0.083573,1.096000,0.417000,-0.118000,-19.618000,86.626000,-54.718000,26.46
0.083999,0.905000,0.187000,-0.591000,-1.908000,46.107000,-82.656000,26.46
0.084430,0.887000,-0.115000,-1.292000,-5.710000,28.595000,-88.885000,26.60
0.084853,0.527000,-0.584000,-0.957000,-16.870000,6.870000,-64.885000,26.55
0.085278,0.354000,-0.601000,-0.783000,-12.382000,29.053000,-28.794000,26.46
0.085706,0.678000,-0.489000,-1.089000,-14.321000,33.771000,9.176000,26.51
0.086130,0.801000,0.087000,-1.085000,-31.466000,20.443000,12.183000,26.55
0.086556,0.726000,0.252000,-0.878000,-33.206000,39.893000,-7.374000,26.60
0.086999,1.077000,0.166000,-0.840000,-11.939000,-10.489000,-10.305000,26.60
0.087438,0.551000,-0.109000,-0.846000,-9.084000,5.237000,-4.763000,26.55
0.087951,0.380000,0.003000,-0.868000,-12.748000,3.863000,-5.771000,26.51
0.088567,0.611000,0.126000,-0.855000,-15.985000,19.893000,-10.473000,26.60
0.089026,0.645000,0.061000,-0.794000,-9.130000,6.519000,-12.137000,26.55
0.089505,0.549000,0.066000,-0.828000,-9.649000,5.176000,-9.588000,26.51
0.090083,0.518000,0.165000,-0.811000,-5.511000,11.298000,-7.374000,26.60
0.090543,0.623000,0.097000,-0.803000,3.573000,1.527000,-3.374000,26.46
0.090971,0.575000,0.017000,-0.809000,2.244000,4.198000,-2.534000,26.51
0.091395,0.559000,-0.003000,-0.844000,1.618000,4.015000,-3.939000,26.51
0.091813,0.578000,0.002000,-0.843000,1.374000,3.450000,-4.489000,26.55
0.092250,0.584000,0.014000,-0.848000,-0.702000,6.305000,-5.069000,26.41
0.092680,0.615000,-0.044000,-0.845000,-0.702000,-0.198000,-4.229000,26.60
0.093110,0.551000,-0.002000,-0.854000,-0.183000,-1.710000,-4.321000,26.51
0.093539,0.559000,-0.009000,-0.833000,-2.214000,-2.595000,-4.656000,26.41
0.093965,0.552000,-0.037000,-0.840000,-5.908000,4.214000,-6.565000,26.55
0.094399,0.541000,-0.010000,-0.850000,-7.374000,11.206000,-6.779000,26.55
0.094820,0.560000,-0.007000,-0.831000,-8.061000,10.107000,-6.687000,26.60
0.095240,0.564000,-0.004000,-0.823000,-6.687000,9.389000,-6.351000,26.55
0.095688,0.554000,0.012000,-0.817000,-5.832000,9.115000,-5.298000,26.51
0.096103,0.562000,0.007000,-0.820000,-4.992000,8.580000,-4.748000,26.51
0.096522,0.567000,-0.003000,-0.814000,-3.802000,7.237000,-4.046000,26.55
0.096940,0.559000,-0.001000,-0.816000,-3.344000,5.405000,-3.725000,26.55
0.097363,0.558000,-0.002000,-0.809000,-3.038000,4.718000,-3.649000,26.41
0.097782,0.542000,0.005000,-0.816000,-2.794000,5.237000,-3.588000,26.55
0.098202,0.558000,0.006000,-0.822000,-2.809000,5.435000,-3.267000,26.51
0.098623,0.552000,0.011000,-0.829000,-2.336000,5.756000,-3.206000,26.51
0.099039,0.549000,0.010000,-0.824000,-2.534000,7.023000,-3.344000,26.55
0.099466,0.544000,0.003000,-0.816000,-2.916000,8.489000,-3.359000,26.55
0.099997,0.534000,0.004000,-0.820000,-3.802000,9.740000,-3.115000,26.60
0.100621,0.527000,0.018000,-0.819000,-4.000000,12.107000,-2.611000,26.46
0.101074,0.547000,0.031000,-0.822000,-3.954000,15.496000,-1.481000,26.60
0.101520,0.545000,0.011000,-0.816000,-3.557000,12.489000,-1.084000,26.51
0.102181,0.558000,0.001000,-0.813000,-1.740000,2.656000,-1.756000,26.55
0.102620,0.562000,-0.003000,-0.806000,-1.756000,2.779000,-2.107000,26.55
0.103059,0.578000,0.006000,-0.813000,-1.374000,1.176000,-1.954000,26.60
0.103497,0.569000,0.003000,-0.809000,-2.000000,2.107000,-2.519000,26.55
0.103929,0.568000,0.008000,-0.805000,-2.198000,2.565000,-2.290000,26.55
0.106466,0.560000,0.002000,-0.808000,-1.588000,2.351000,-2.107000,26.60
0.113334,0.567000,0.005000,-0.813000,-1.756000,1.160000,-2.092000,26.55
0.125879,0.536000,0.027000,-0.819000,-1.817000,1.832000,-2.061000,26.55
0.132892,0.545000,0.012000,-0.821000,0.885000,-2.870000,-1.084000,26.60
0.145154,0.559000,-0.005000,-0.812000,-2.137000,4.718000,-2.092000,26.55
0.152443,0.562000,0.005000,-0.804000,-2.122000,3.939000,-2.260000,26.55
0.164725,0.566000,0.002000,-0.820000,-3.160000,4.366000,-2.519000,26.51
0.171960,0.566000,0.007000,-0.818000,-3.878000,7.786000,-1.710000,26.55
0.184320,0.572000,-0.009000,-0.793000,-4.992000,5.420000,-1.573000,26.55
0.196655,0.571000,0.003000,-0.800000,-4.351000,4.351000,-2.046000,26.60
0.203758,0.560000,0.013000,-0.808000,-3.405000,1.359000,-2.198000,26.55
0.216236,0.548000,0.012000,-0.807000,-4.031000,4.229000,-2.107000,26.51
0.223255,0.556000,0.012000,-0.815000,-3.145000,3.191000,-1.924000,26.60
0.236140,0.553000,0.015000,-0.813000,-2.504000,2.779000,-1.710000,26.46
0.242717,0.563000,0.004000,-0.814000,-2.336000,2.702000,-1.786000,26.60
0.255176,0.593000,0.002000,-0.845000,-4.595000,3.939000,-1.924000,26.51
0.262153,0.600000,-0.033000,-0.917000,-14.885000,6.779000,-2.031000,26.55
0.274359,0.681000,-0.081000,-0.866000,-28.168000,3.588000,-4.885000,26.51
0.286511,0.657000,-0.024000,-0.803000,-29.924000,5.481000,-7.847000,26.51
0.293515,0.582000,0.021000,-0.770000,-27.588000,0.153000,-9.511000,26.55
0.305568,0.524000,0.053000,-0.777000,-17.664000,-15.664000,-6.977000,26.60
0.312736,0.470000,0.077000,-0.767000,-19.679000,0.611000,-6.061000,26.51
0.324852,0.470000,0.087000,-0.774000,-15.206000,2.000000,-4.641000,26.55
0.332149,0.491000,0.097000,-0.764000,-7.939000,2.534000,-2.519000,26.60
0.344647,0.514000,0.100000,-0.750000,-0.443000,4.015000,-0.458000,26.51
0.351799,0.582000,0.061000,-0.861000,-2.061000,8.855000,-0.473000,26.55
0.364076,0.732000,-0.101000,-0.911000,-13.298000,5.405000,-5.023000,26.60
0.383315,0.609000,0.001000,-0.799000,-20.443000,-1.771000,-7.908000,26.51
0.384227,0.554000,0.080000,-0.804000,-19.328000,0.809000,-9.679000,26.55
0.395085,0.561000,-0.009000,-0.817000,-18.076000,-2.229000,-10.931000,26.51
0.401935,0.552000,0.024000,-0.811000,-17.832000,-3.130000,-10.107000,26.41
0.414008,0.538000,0.074000,-0.796000,-16.107000,-4.595000,-10.153000,26.55
0.426452,0.526000,0.069000,-0.781000,-13.099000,-3.008000,-8.702000,26.51
0.433409,0.499000,0.099000,-0.762000,-9.237000,-4.305000,-6.595000,26.51
0.445830,0.509000,0.101000,-0.814000,-5.374000,-0.580000,-6.107000,26.46
0.452978,0.678000,-0.014000,-0.833000,-8.504000,-3.634000,-6.061000,26.51
0.464913,0.591000,0.070000,-0.801000,-9.160000,-6.443000,-5.649000,26.46
0.472292,0.560000,0.083000,-0.834000,-10.443000,-6.412000,-7.176000,26.51
0.484368,0.607000,0.014000,-0.833000,-12.992000,-7.176000,-7.405000,26.51
0.496343,0.516000,0.064000,-0.795000,-12.718000,-9.084000,-6.962000,26.55
0.503694,0.480000,0.090000,-0.791000,-10.550000,-7.389000,-5.374000,26.55
0.515690,0.492000,0.050000,-0.776000,-8.977000,-4.565000,-3.786000,26.60
0.522862,0.488000,0.067000,-0.771000,-6.947000,-3.634000,-2.687000,26.55
0.534928,0.434000,0.145000,-0.747000,-1.053000,-0.992000,-0.885000,26.51
0.542638,0.480000,0.134000,-0.823000,5.878000,-1.985000,0.733000,26.60
0.556278,0.568000,0.071000,-0.844000,4.382000,3.618000,1.328000,26.55
0.583013,0.557000,0.055000,-0.860000,1.985000,4.153000,0.977000,26.65
0.586846,0.559000,0.083000,-0.840000,1.588000,3.405000,0.840000,26.60
0.594970,0.561000,0.041000,-0.854000,0.702000,3.313000,0.198000,26.55
0.596624,0.560000,0.036000,-0.848000,-1.740000,2.351000,-0.092000,26.51
0.606625,0.537000,0.087000,-0.834000,-1.985000,2.031000,-0.168000,26.51
0.613868,0.562000,0.076000,-0.833000,-1.954000,1.634000,-0.137000,26.55
0.626168,0.546000,0.059000,-0.827000,-2.137000,1.023000,0.641000,26.55
0.633484,0.519000,0.091000,-0.806000,-0.931000,0.672000,1.160000,26.51
0.645970,0.523000,0.086000,-0.818000,0.885000,1.557000,1.878000,26.55
0.653245,0.537000,0.077000,-0.820000,1.008000,1.588000,2.214000,26.51
0.665938,0.520000,0.092000,-0.789000,2.565000,2.550000,2.412000,26.51
0.673143,0.516000,0.097000,-0.784000,4.992000,3.771000,2.656000,26.55
0.685914,0.535000,0.076000,-0.814000,6.046000,4.718000,2.855000,26.60
0.693164,0.536000,0.053000,-0.813000,6.412000,5.160000,2.992000,26.51
0.705325,0.522000,0.077000,-0.795000,7.573000,6.153000,3.908000,26.55
0.712612,0.520000,0.089000,-0.792000,9.878000,7.496000,4.687000,26.51
0.725171,0.523000,0.079000,-0.794000,12.565000,8.031000,5.817000,26.60
0.732364,0.522000,0.070000,-0.783000,15.496000,8.626000,7.313000,26.46
0.745010,0.525000,0.082000,-0.797000,18.580000,9.863000,8.504000,26.51
0.751956,0.504000,0.075000,-0.787000,22.382000,10.901000,9.954000,26.60
0.764517,0.470000,0.090000,-0.771000,27.786000,12.824000,11.420000,26.55
0.776791,0.483000,0.089000,-0.801000,32.733000,16.412000,12.687000,26.51
0.783694,0.586000,0.018000,-0.849000,32.366000,17.573000,13.359000,26.60
0.795883,0.538000,0.028000,-0.858000,29.664000,20.000000,12.565000,26.55
0.802928,0.561000,0.038000,-0.871000,26.244000,28.031000,13.313000,26.51
0.826632,0.627000,-0.085000,-0.856000,18.244000,26.702000,12.458000,26.51
0.827428,0.546000,0.009000,-0.866000,14.107000,36.489000,11.298000,26.55
0.835554,0.625000,-0.085000,-0.871000,1.908000,33.695000,11.374000,26.51
0.841633,0.552000,0.009000,-0.883000,-0.473000,46.061000,8.397000,26.60
0.854104,0.517000,0.008000,-0.885000,-3.420000,53.756000,5.939000,26.55
0.866317,0.497000,0.033000,-0.920000,-11.695000,66.000000,6.031000,26.60
0.873333,0.504000,0.059000,-0.914000,-18.107000,71.725000,6.656000,26.51
0.885663,0.444000,-0.012000,-0.972000,-25.939000,80.641000,7.267000,26.55
0.892806,0.400000,0.111000,-0.961000,-32.321000,87.298000,7.985000,26.60
0.905077,0.440000,0.128000,-1.209000,8.870000,128.076000,4.595000,26.51
0.912079,0.451000,-0.119000,-1.240000,16.168000,130.122000,17.985000,26.55
0.924256,0.650000,0.034000,-1.225000,24.534000,153.573000,22.458000,26.51
0.936481,0.568000,0.277000,-1.044000,36.687000,163.313000,21.130000,26.60
0.943541,0.709000,0.138000,-1.272000,53.817000,169.435000,31.221000,26.65
0.955737,0.685000,0.037000,-1.111000,70.763000,174.061000,37.985000,26.60
0.962929,0.812000,0.086000,-1.227000,77.160000,179.634000,39.802000,26.51
0.974626,0.980000,0.134000,-1.337000,73.237000,180.641000,40.718000,26.55
0.981708,0.696000,0.217000,-1.340000,87.023000,162.687000,36.031000,26.60
0.994047,0.305000,0.397000,-1.579000,88.565000,148.168000,20.824000,26.51
1.006246,0.040000,0.544000,-1.717000,85.954000,129.160000,3.817000,26.46
1.013130,-0.269000,0.410000,-1.663000,66.107000,89.573000,-4.855000,26.51
1.025703,-0.041000,0.419000,-1.718000,37.481000,49.878000,-15.359000,26.65
1.032065,-0.350000,0.457000,-1.404000,23.969000,21.008000,-21.069000,26.55
1.044627,-0.442000,0.410000,-1.224000,19.023000,-8.931000,-21.206000,26.51
1.056501,-0.403000,0.315000,-1.127000,8.214000,-26.183000,-19.160000,26.46
1.063057,-0.312000,0.305000,-1.157000,-3.939000,-36.168000,-15.725000,26.55
1.075079,-0.211000,0.319000,-1.163000,-15.023000,-53.466000,-14.626000,26.60
1.081826,-0.085000,0.363000,-1.113000,-19.435000,-76.107000,-16.214000,26.65
1.093876,-0.019000,0.358000,-1.084000,-15.863000,-91.176000,-19.481000,26.46
1.105881,0.066000,0.354000,-1.106000,-20.870000,-87.634000,-26.885000,26.51
1.112708,0.236000,0.350000,-1.099000,-17.985000,-102.870000,-34.305000,26.46
1.124640,0.380000,0.351000,-1.170000,-15.176000,-122.382000,-41.145000,26.46
1.136582,0.544000,0.338000,-1.215000,-17.939000,-133.878000,-48.244000,26.60
1.143438,0.658000,0.308000,-1.196000,-26.977000,-140.947000,-56.550000,26.55
1.155402,0.665000,0.321000,-1.147000,-33.069000,-150.473000,-64.015000,26.46
1.161956,0.641000,0.285000,-1.188000,-38.885000,-147.130000,-71.527000,26.51
1.173979,0.753000,0.249000,-1.095000,-34.366000,-167.237000,-76.366000,26.46
1.186034,0.804000,0.230000,-1.064000,-34.290000,-178.748000,-80.855000,26.55
1.192660,0.838000,0.210000,-1.078000,-37.221000,-172.397000,-84.916000,26.51
1.204559,0.861000,0.193000,-1.077000,-38.092000,-170.565000,-87.420000,26.46
1.216568,0.868000,0.198000,-1.043000,-36.748000,-167.405000,-91.756000,26.55
1.223331,0.868000,0.178000,-1.021000,-31.985000,-160.015000,-90.809000,26.60
1.235442,0.824000,0.145000,-0.967000,-30.076000,-148.840000,-94.351000,26.55
1.242010,0.833000,0.164000,-0.967000,-23.557000,-138.504000,-96.015000,26.60
1.253949,0.967000,0.202000,-0.978000,-20.260000,-123.053000,-98.366000,26.51
1.265819,1.116000,0.113000,-0.905000,-8.870000,-130.412000,-103.237000,26.65
1.272750,1.160000,-0.037000,-0.819000,-4.550000,-128.931000,-107.863000,26.60
1.284470,1.285000,-0.092000,-0.764000,-10.153000,-120.412000,-105.557000,26.51
1.296487,1.484000,-0.172000,-0.655000,-2.626000,-130.763000,-97.328000,26.55
1.303216,1.550000,-0.241000,-0.441000,0.275000,-131.344000,-88.244000,26.60
1.315143,1.561000,-0.294000,-0.266000,1.634000,-129.756000,-78.977000,26.51
1.322095,1.533000,-0.342000,-0.076000,1.679000,-117.405000,-68.748000,26.51
1.334200,1.541000,-0.371000,0.151000,-1.053000,-97.710000,-57.267000,26.60
1.346443,1.574000,-0.412000,0.261000,-5.802000,-79.618000,-45.206000,26.46
1.353379,1.582000,-0.496000,0.352000,-8.473000,-48.519000,-30.122000,26.55
1.365481,1.535000,-0.501000,0.573000,-4.779000,-29.115000,-11.282000,26.51
1.372626,1.592000,-0.540000,0.649000,-0.855000,-0.458000,10.122000,26.55
1.384920,1.671000,-0.555000,0.733000,1.359000,37.450000,32.718000,26.51
1.391796,1.876000,-0.700000,1.059000,-4.824000,92.290000,61.588000,26.60
1.404152,0.829000,-0.245000,0.696000,33.099000,134.397000,90.336000,26.55
1.416222,1.070000,0.300000,-1.588000,14.870000,132.809000,52.672000,26.55
1.423703,0.325000,0.976000,-1.415000,18.809000,92.504000,49.481000,26.60
1.435405,-0.120000,0.553000,-0.472000,49.893000,150.718000,49.038000,26.55
1.442337,1.209000,0.284000,-1.162000,45.985000,190.580000,8.702000,26.60
1.454639,1.982000,0.051000,-1.253000,38.794000,167.695000,3.573000,26.60
1.461642,1.201000,-0.501000,-1.049000,34.824000,120.885000,17.435000,26.55
1.473996,1.708000,0.418000,-1.097000,35.740000,107.115000,20.153000,26.51
1.486346,1.216000,0.339000,-0.865000,57.221000,54.260000,17.298000,26.51
1.493400,0.576000,-0.088000,-0.905000,56.275000,55.069000,15.924000,26.46
1.505468,0.762000,-0.351000,-0.943000,32.580000,61.069000,18.626000,26.51
1.512954,0.959000,0.014000,-0.883000,33.115000,43.466000,18.473000,26.60
1.524623,0.723000,-0.024000,-0.939000,37.008000,21.145000,16.183000,26.55
1.530659,0.654000,-0.210000,-0.960000,30.412000,15.573000,14.076000,26.60
1.544058,0.614000,-0.114000,-0.911000,18.504000,9.832000,9.282000,26.51
1.556180,0.604000,-0.018000,-0.937000,10.229000,13.313000,4.031000,26.55
1.563505,0.637000,-0.094000,-0.922000,3.282000,6.687000,0.397000,26.51
1.575775,0.587000,-0.054000,-0.856000,-1.954000,3.969000,-2.748000,26.60
1.583113,0.556000,0.002000,-0.847000,-5.008000,4.580000,-5.267000,26.55
1.595695,0.565000,0.028000,-0.834000,-4.489000,-0.137000,-5.893000,26.51
1.602379,0.558000,0.058000,-0.828000,-3.649000,0.397000,-4.840000,26.60
1.614958,0.535000,0.027000,-0.817000,-4.122000,3.328000,-4.076000,26.55
1.622036,0.565000,0.034000,-0.821000,-3.176000,-2.580000,-3.740000,26.60
1.634513,0.531000,0.065000,-0.809000,-2.504000,1.588000,-3.191000,26.51
1.646550,0.529000,0.060000,-0.805000,-1.908000,2.718000,-2.076000,26.46
1.653969,0.539000,0.038000,-0.812000,-0.626000,4.534000,-1.008000,26.60
1.666398,0.544000,0.058000,-0.806000,0.565000,2.550000,0.061000,26.55
1.673603,0.531000,0.031000,-0.800000,0.137000,3.481000,0.122000,26.46
1.686284,0.536000,0.009000,-0.801000,-0.855000,4.153000,0.580000,26.60
1.693458,0.550000,0.046000,-0.791000,2.061000,-1.282000,1.023000,26.55
1.706010,0.535000,0.068000,-0.783000,3.924000,-1.573000,1.649000,26.46
1.712930,0.552000,0.077000,-0.782000,7.954000,-2.351000,3.573000,26.51
1.725284,0.493000,0.097000,-0.790000,4.107000,11.573000,3.405000,26.55
1.732824,0.496000,0.089000,-0.793000,5.740000,4.748000,5.069000,26.65
1.745683,0.534000,0.036000,-0.804000,7.878000,6.519000,6.260000,26.51
1.752388,0.524000,0.034000,-0.809000,5.481000,16.885000,4.702000,26.55
1.764966,0.486000,-0.014000,-0.910000,10.656000,12.000000,4.443000,26.46
1.772096,0.535000,-0.011000,-0.791000,-2.840000,18.412000,2.550000,26.60
1.784304,0.504000,0.017000,-0.819000,-2.031000,20.855000,0.015000,26.46
1.796215,0.568000,-0.060000,-0.891000,-11.634000,30.092000,-2.092000,26.51
1.803282,0.490000,0.068000,-0.857000,-12.580000,39.527000,-1.695000,26.41
1.815634,0.547000,0.042000,-0.808000,-13.496000,40.290000,0.046000,26.55
1.822595,0.470000,0.105000,-0.858000,-13.038000,45.496000,1.221000,26.51
1.834912,0.563000,0.031000,-0.843000,-11.344000,43.863000,4.061000,26.51
1.841802,0.577000,-0.017000,-0.838000,-7.542000,24.076000,2.092000,26.55
1.854237,0.712000,0.021000,-0.839000,-11.130000,32.779000,-1.908000,26.60
1.866535,0.550000,0.008000,-0.882000,-15.756000,52.321000,-1.023000,26.60
1.873455,0.567000,0.102000,-0.907000,-6.000000,13.298000,-2.992000,26.65
1.885773,0.589000,0.012000,-0.907000,-18.290000,89.954000,2.382000,26.51
1.892762,0.616000,0.022000,-0.881000,-20.931000,81.618000,2.962000,26.51
1.904951,0.550000,-0.067000,-0.902000,-21.588000,95.267000,2.092000,26.55
1.911922,0.244000,0.414000,-1.059000,-4.366000,105.573000,9.893000,26.60
1.924044,0.565000,-0.096000,-0.909000,-4.626000,121.053000,11.420000,26.60
1.936401,0.570000,-0.098000,-0.941000,6.809000,134.687000,7.649000,26.46
1.943593,0.542000,0.012000,-1.069000,11.985000,154.947000,4.427000,26.41
1.955684,0.486000,0.090000,-1.148000,27.740000,175.069000,7.038000,26.51
1.962642,0.569000,0.123000,-1.147000,44.168000,199.435000,8.611000,26.46
1.974848,0.562000,0.093000,-1.160000,69.420000,220.931000,14.931000,26.60
1.981873,0.729000,0.190000,-1.289000,91.450000,246.855000,16.550000,26.55
1.994006,0.566000,0.162000,-1.226000,118.336000,260.977000,29.435000,26.51
2.006120,0.794000,-0.005000,-1.368000,136.168000,288.000000,36.840000,26.60
2.012876,1.454000,-0.360000,-1.906000,69.160000,334.015000,28.809000,26.55
2.025116,1.031000,-0.121000,-1.265000,52.198000,313.344000,27.481000,26.55
2.031783,1.309000,0.156000,-1.466000,56.397000,289.328000,33.603000,26.51
2.044535,0.981000,0.373000,-1.379000,99.664000,280.000000,39.405000,26.55
2.056362,0.946000,0.262000,-1.857000,75.557000,295.374000,24.122000,26.51
2.063412,0.262000,0.093000,-2.148000,32.626000,245.893000,20.000000,26.60
2.075441,-0.537000,-0.114000,-1.814000,15.008000,124.504000,47.023000,26.65
2.082446,-0.293000,0.132000,-1.816000,-13.511000,88.779000,72.656000,26.55
2.094440,-0.483000,0.191000,-1.375000,-17.893000,21.176000,94.779000,26.60
2.106752,-0.270000,0.252000,-1.359000,-34.412000,-8.992000,110.275000,26.55
2.113404,-0.226000,0.320000,-1.311000,-58.137000,2.137000,115.954000,26.60
2.125321,0.010000,0.449000,-1.151000,-57.435000,-62.046000,111.924000,26.60
2.132425,0.071000,0.600000,-1.119000,-66.031000,-78.565000,97.725000,26.55
2.144555,0.160000,0.647000,-1.024000,-65.969000,-96.855000,75.359000,26.51
2.156654,0.307000,0.646000,-0.938000,-55.802000,-127.038000,48.015000,26.51
2.163625,0.409000,0.617000,-0.929000,-54.626000,-132.901000,18.885000,26.55
2.175856,0.514000,0.564000,-0.936000,-54.840000,-146.046000,-8.947000,26.51
2.182224,0.638000,0.477000,-0.971000,-55.557000,-165.878000,-33.847000,26.60
2.194626,0.713000,0.389000,-0.972000,-58.382000,-184.763000,-53.176000,26.46
2.206111,0.764000,0.295000,-0.964000,-60.931000,-199.115000,-65.832000,26.51
2.212846,0.804000,0.192000,-0.941000,-66.687000,-208.198000,-73.282000,26.51
2.224922,0.881000,0.072000,-0.939000,-74.870000,-215.878000,-75.420000,26.46
2.237223,0.963000,-0.028000,-0.936000,-85.389000,-221.908000,-73.023000,26.51
2.243388,1.023000,-0.101000,-0.904000,-93.649000,-226.519000,-66.901000,26.55
2.255372,1.047000,-0.135000,-0.894000,-97.908000,-226.473000,-59.084000,26.55
2.261991,1.086000,-0.186000,-0.898000,-99.847000,-223.679000,-50.580000,26.51
2.273982,1.143000,-0.206000,-0.906000,-102.229000,-220.504000,-42.687000,26.46
2.285712,1.162000,-0.194000,-0.898000,-104.473000,-215.740000,-35.435000,26.46
2.292192,1.175000,-0.156000,-0.875000,-107.053000,-212.336000,-31.191000,26.60
2.304186,1.184000,-0.090000,-0.885000,-110.046000,-204.580000,-30.565000,26.55
2.315732,1.173000,-0.012000,-0.892000,-111.328000,-196.153000,-32.947000,26.46
2.322377,1.234000,0.056000,-0.883000,-108.183000,-191.389000,-39.328000,26.51
2.334431,1.266000,0.126000,-0.880000,-102.962000,-184.092000,-49.939000,26.46
2.347210,1.269000,0.169000,-0.854000,-96.076000,-177.618000,-66.702000,26.46
2.352826,1.276000,0.163000,-0.824000,-85.511000,-174.229000,-90.290000,26.60
2.364643,1.259000,0.013000,-0.820000,-71.695000,-171.817000,-113.557000,26.55
2.376501,1.249000,-0.109000,-0.781000,-56.947000,-166.977000,-133.023000,26.46
2.383151,1.298000,0.011000,-0.830000,-5.252000,-155.542000,-142.763000,26.51
2.395249,1.240000,-0.166000,-0.435000,27.374000,-147.618000,-126.305000,26.46
2.401858,1.568000,-0.538000,-0.597000,28.198000,-136.962000,-128.962000,26.55
2.413810,1.725000,-0.484000,-0.591000,11.176000,-138.580000,-128.519000,26.51
2.425781,1.683000,-0.370000,-0.420000,1.679000,-154.214000,-121.435000,26.55
2.432282,1.554000,-0.311000,-0.181000,0.107000,-149.511000,-107.695000,26.41
2.444605,1.428000,-0.463000,0.094000,-2.931000,-127.664000,-91.786000,26.51
2.456404,1.352000,-0.583000,0.340000,-7.069000,-92.137000,-77.206000,26.55
2.463586,1.287000,-0.658000,0.480000,-7.023000,-52.641000,-60.183000,26.69
2.475375,1.556000,-0.745000,0.462000,-10.305000,-15.298000,-38.901000,26.60
2.482680,1.815000,-0.710000,0.493000,-9.145000,8.351000,-17.359000,26.46
2.494952,1.811000,-0.533000,0.636000,12.290000,33.496000,14.061000,26.60
2.502119,1.751000,-0.631000,0.885000,35.053000,79.099000,48.565000,26.60
2.514079,1.465000,-0.534000,1.137000,68.382000,140.397000,87.634000,26.55
2.527814,0.689000,0.045000,-1.306000,54.076000,182.321000,54.443000,26.51
2.533101,0.517000,0.556000,-1.939000,48.885000,130.611000,39.863000,26.55
2.545326,0.119000,0.128000,-0.488000,61.710000,197.893000,43.664000,26.51
2.552152,0.957000,-0.377000,-1.098000,41.008000,232.626000,12.000000,26.51
2.564360,1.962000,-0.190000,-1.524000,32.443000,160.519000,16.122000,26.55
2.576742,1.497000,-0.038000,-1.078000,30.840000,143.405000,30.168000,26.55
2.583572,0.898000,0.001000,-1.084000,23.176000,140.519000,19.481000,26.41
2.595709,1.306000,0.450000,-1.398000,23.618000,148.458000,11.389000,26.46
2.603023,1.462000,0.296000,-0.737000,47.435000,73.160000,13.328000,26.60
2.615292,1.007000,0.012000,-0.916000,44.336000,72.412000,19.466000,26.51
2.622479,0.754000,0.006000,-0.860000,46.336000,54.809000,27.145000,26.55
2.634938,0.858000,0.068000,-0.873000,42.260000,58.244000,27.237000,26.55
2.646709,0.853000,-0.019000,-0.925000,45.588000,45.893000,27.603000,26.51
2.653661,0.648000,-0.096000,-0.945000,29.191000,53.191000,20.718000,26.46
2.666197,0.684000,-0.211000,-0.922000,29.008000,24.153000,16.366000,26.60
2.672773,0.653000,-0.097000,-0.888000,19.649000,24.031000,12.718000,26.51
2.685311,0.643000,-0.027000,-0.883000,11.893000,24.718000,8.840000,26.65
2.692483,0.657000,-0.024000,-0.817000,10.504000,14.397000,6.931000,26.51
2.704825,0.638000,0.023000,-0.827000,6.229000,19.389000,4.794000,26.60
2.712176,0.631000,0.013000,-0.802000,10.916000,1.863000,4.977000,26.55
2.724738,0.587000,0.028000,-0.798000,7.344000,8.687000,3.893000,26.51
2.730290,0.583000,0.013000,-0.837000,4.382000,15.313000,3.450000,26.60
2.744071,0.622000,-0.005000,-0.805000,3.588000,8.412000,3.405000,26.55
2.756788,0.577000,0.031000,-0.793000,4.641000,6.977000,3.557000,26.51
2.763996,0.585000,0.025000,-0.802000,2.656000,13.069000,3.908000,26.55
2.776521,0.586000,0.005000,-0.794000,2.168000,11.008000,4.107000,26.46
2.783742,0.575000,0.007000,-0.790000,0.885000,12.885000,3.939000,26.51
2.796168,0.592000,0.025000,-0.783000,-0.366000,12.290000,4.031000,26.46
2.803909,0.597000,0.016000,-0.778000,-0.351000,9.557000,4.290000,26.46
2.815690,0.574000,0.026000,-0.778000,-1.359000,10.489000,3.832000,26.60
2.822878,0.586000,0.013000,-0.775000,-0.611000,7.160000,3.710000,26.46
2.835420,0.575000,0.028000,-0.775000,-2.733000,10.931000,3.313000,26.46
2.842435,0.539000,0.038000,-0.775000,-3.725000,11.893000,2.626000,26.51
2.854733,0.568000,0.026000,-0.802000,-3.069000,12.809000,2.519000,26.55
2.862087,0.584000,0.019000,-0.793000,-2.641000,11.527000,2.458000,26.55
2.874213,0.572000,0.037000,-0.800000,-3.099000,16.168000,2.824000,26.51
2.886750,0.547000,0.048000,-0.809000,-5.954000,22.901000,3.252000,26.55
2.893825,0.567000,0.038000,-0.773000,-5.038000,25.038000,4.290000,26.46
2.906101,0.651000,0.044000,-0.792000,-5.573000,32.504000,3.878000,26.51
2.913453,0.579000,0.018000,-0.824000,-9.374000,40.931000,2.519000,26.55
2.925881,0.604000,0.010000,-0.813000,-10.870000,46.794000,2.565000,26.60
2.932790,0.635000,0.011000,-0.806000,-15.649000,51.649000,2.122000,26.51
2.944875,0.611000,0.022000,-0.800000,-12.260000,53.588000,3.160000,26.55
2.951971,0.573000,0.083000,-0.856000,-15.878000,71.252000,3.725000,26.60
2.964178,0.528000,0.049000,-0.883000,-13.893000,83.695000,5.771000,26.51
2.976321,0.655000,-0.017000,-0.869000,-15.634000,95.267000,0.733000,26.46
2.983292,0.551000,0.022000,-0.850000,-22.489000,98.198000,6.901000,26.51
2.995954,0.555000,0.042000,-0.950000,3.832000,106.977000,11.496000,26.51
3.003305,0.690000,-0.139000,-0.826000,5.023000,115.908000,6.076000,26.55
3.015118,0.699000,-0.086000,-0.839000,9.481000,123.542000,3.878000,26.51
3.022232,0.671000,0.075000,-0.999000,17.756000,137.817000,6.153000,26.60
3.034458,0.488000,0.125000,-1.185000,31.573000,154.458000,17.206000,26.55
3.046502,0.641000,0.076000,-1.078000,39.084000,175.237000,23.176000,26.51
3.053789,0.631000,0.162000,-1.090000,59.328000,197.573000,23.344000,26.51
3.065857,0.580000,0.068000,-1.287000,40.427000,234.321000,24.748000,26.55
3.072689,0.583000,0.060000,-1.201000,103.237000,228.336000,31.389000,26.60
3.084678,0.647000,-0.007000,-1.212000,111.023000,314.489000,35.344000,26.60
3.096696,0.905000,-0.105000,-1.670000,39.435000,377.603000,36.702000,26.55
3.103679,1.375000,-0.203000,-1.036000,32.565000,268.137000,37.008000,26.51
3.115835,1.031000,-0.026000,-1.122000,-18.687000,313.206000,32.031000,26.69
3.122757,1.104000,0.260000,-0.967000,-17.817000,264.351000,41.328000,26.46
3.134899,0.877000,0.665000,-1.089000,8.885000,193.802000,44.183000,26.60
3.142024,0.728000,0.212000,-1.950000,-10.504000,140.046000,60.427000,26.60
3.153893,-0.470000,-0.000000,-1.770000,-25.344000,48.885000,85.344000,26.60
3.165839,-0.087000,0.083000,-1.484000,-56.931000,48.168000,104.519000,26.51
3.172927,-0.164000,0.226000,-1.286000,-76.229000,-16.687000,106.656000,26.46
3.184794,-0.107000,0.394000,-1.157000,-83.481000,-57.847000,102.489000,26.65
3.196411,-0.113000,0.475000,-0.955000,-83.603000,-86.626000,88.229000,26.60
3.203531,-0.119000,0.524000,-0.820000,-75.282000,-110.809000,67.389000,26.55
3.215258,-0.070000,0.510000,-0.760000,-66.641000,-121.344000,41.649000,26.60
3.222285,0.009000,0.462000,-0.735000,-53.176000,-150.351000,15.405000,26.60
3.234296,0.126000,0.395000,-0.769000,-60.198000,-140.534000,-12.977000,26.55
3.245956,0.215000,0.387000,-0.758000,-48.687000,-161.511000,-34.366000,26.55
3.252873,0.289000,0.327000,-0.772000,-40.351000,-166.550000,-51.099000,26.60
3.264860,0.391000,0.263000,-0.861000,-33.725000,-175.618000,-63.267000,26.55
3.276922,0.570000,0.206000,-0.936000,-29.954000,-178.214000,-74.153000,26.51
3.283484,0.729000,0.146000,-0.984000,-25.298000,-186.366000,-83.954000,26.51
3.295480,0.852000,0.069000,-1.055000,-23.802000,-191.191000,-91.374000,26.55
3.302087,1.018000,-0.028000,-1.109000,-25.756000,-203.710000,-95.450000,26.60
3.313924,1.120000,-0.098000,-1.115000,-30.626000,-213.954000,-96.244000,26.60
3.325982,1.191000,-0.139000,-1.077000,-33.496000,-220.168000,-93.466000,26.55
3.332565,1.277000,-0.169000,-1.037000,-31.847000,-225.939000,-84.489000,26.51
3.344439,1.312000,-0.213000,-0.981000,-30.962000,-226.336000,-74.107000,26.60
3.356309,1.317000,-0.230000,-0.935000,-29.893000,-228.473000,-63.115000,26.65
3.363126,1.302000,-0.228000,-0.882000,-32.809000,-221.252000,-54.855000,26.60
3.375088,1.326000,-0.145000,-0.852000,-33.817000,-215.756000,-48.656000,26.51
3.386617,1.399000,-0.062000,-0.827000,-32.275000,-205.145000,-44.763000,26.46
3.393648,1.467000,0.014000,-0.783000,-29.649000,-192.672000,-44.168000,26.51
3.405434,1.475000,0.049000,-0.731000,-28.321000,-182.153000,-46.840000,26.60
3.412105,1.519000,0.016000,-0.621000,-29.221000,-176.427000,-53.893000,26.55
3.423911,1.528000,-0.001000,-0.509000,-31.374000,-166.336000,-63.191000,26.51
3.435827,1.675000,-0.027000,-0.433000,-34.809000,-155.237000,-75.053000,26.46
3.442333,1.773000,-0.083000,-0.328000,-29.405000,-155.313000,-86.046000,26.55
3.454285,1.715000,-0.085000,-0.127000,-12.137000,-147.496000,-91.649000,26.60
3.466642,1.641000,-0.206000,0.108000,7.679000,-130.763000,-96.626000,26.55
3.473453,1.596000,-0.304000,0.192000,22.153000,-108.916000,-98.046000,26.55
3.485366,1.552000,-0.423000,0.292000,28.916000,-86.290000,-95.573000,26.60
3.492653,1.470000,-0.491000,0.361000,29.954000,-60.534000,-88.947000,26.55
3.504501,1.351000,-0.553000,0.392000,25.710000,-31.099000,-81.969000,26.55
3.516891,1.288000,-0.528000,0.431000,16.992000,2.763000,-70.733000,26.51
3.523924,1.285000,-0.580000,0.444000,8.534000,40.962000,-56.840000,26.55
3.536046,1.270000,-0.520000,0.428000,4.718000,74.489000,-42.275000,26.55
3.543333,0.921000,-0.275000,0.250000,5.191000,88.840000,-21.313000,26.60
3.555390,0.744000,-0.029000,-1.357000,12.366000,90.443000,-10.504000,26.55
3.562389,0.766000,0.088000,-1.779000,7.786000,35.695000,15.710000,26.51
3.574580,-0.063000,0.211000,-0.777000,2.885000,68.122000,41.389000,26.60
3.586709,-0.092000,0.232000,-0.389000,22.473000,107.237000,45.939000,26.55
3.594021,0.369000,0.360000,-0.844000,32.061000,130.137000,30.366000,26.51
3.606201,0.928000,0.293000,-1.117000,24.076000,134.947000,6.031000,26.51
3.613274,1.124000,0.076000,-0.928000,29.099000,108.901000,-1.160000,26.55
3.624890,0.943000,-0.239000,-0.998000,29.817000,103.557000,12.794000,26.51
3.632031,0.706000,-0.321000,-1.014000,22.763000,92.702000,23.481000,26.55
3.644159,0.521000,-0.155000,-0.857000,13.206000,104.870000,22.885000,26.51
3.656404,1.363000,0.316000,-1.016000,26.779000,117.176000,21.496000,26.51
3.663503,1.132000,0.148000,-0.738000,39.282000,66.321000,14.000000,26.46
3.675794,0.938000,-0.004000,-0.944000,49.710000,47.115000,24.168000,26.46
3.682789,0.638000,0.025000,-0.880000,42.504000,34.137000,21.924000,26.60
3.695140,0.711000,-0.031000,-0.864000,28.901000,37.924000,15.542000,26.55
3.701943,0.822000,-0.139000,-0.885000,20.748000,5.802000,13.344000,26.51
3.714285,0.739000,-0.158000,-0.902000,-1.130000,-4.870000,9.038000,26.51
3.726442,0.556000,-0.017000,-0.825000,-6.382000,-2.794000,5.008000,26.46
3.733718,0.577000,-0.048000,-0.836000,-7.679000,4.382000,4.336000,26.51
3.745897,0.588000,-0.043000,-0.828000,-9.359000,6.794000,1.359000,26.51
3.753220,0.499000,-0.044000,-0.835000,-9.405000,6.397000,-1.374000,26.46
3.765295,0.531000,-0.017000,-0.860000,-11.771000,14.412000,-2.992000,26.51
3.772161,0.532000,-0.020000,-0.837000,-11.878000,22.000000,-3.710000,26.60
3.784625,0.567000,0.047000,-0.808000,-9.313000,14.947000,-3.847000,26.55
3.796598,0.612000,0.042000,-0.788000,-9.985000,25.359000,-1.908000,26.51
3.803873,0.606000,0.064000,-0.783000,-6.198000,20.214000,0.595000,26.60
3.816286,0.596000,0.023000,-0.775000,-3.527000,14.412000,1.863000,26.46
3.823591,0.583000,0.020000,-0.807000,0.855000,5.374000,2.198000,26.60
3.836223,0.589000,0.002000,-0.790000,-4.183000,18.977000,1.802000,26.51
3.843261,0.591000,0.001000,-0.810000,-1.649000,13.450000,2.061000,26.55
3.855325,0.573000,-0.007000,-0.788000,-2.443000,12.214000,0.748000,26.60
3.862915,0.547000,0.031000,-0.814000,-2.229000,12.504000,-0.687000,26.60
3.874741,0.566000,-0.013000,-0.822000,-2.916000,13.954000,-1.527000,26.46
3.886804,0.578000,-0.013000,-0.802000,-5.237000,16.733000,-3.359000,26.51
3.894248,0.607000,-0.002000,-0.785000,-5.634000,15.756000,-4.412000,26.60
3.906010,0.628000,0.011000,-0.770000,-4.947000,12.855000,-3.878000,26.55
3.913853,0.628000,0.020000,-0.759000,-3.817000,9.527000,-2.809000,26.60
3.925862,0.614000,0.019000,-0.774000,-2.824000,8.275000,-1.756000,26.55
3.932892,0.611000,0.011000,-0.777000,-2.458000,7.863000,-1.191000,26.55
3.945211,0.597000,0.016000,-0.774000,-2.504000,7.679000,-1.053000,26.60
3.952468,0.585000,0.021000,-0.792000,-2.275000,7.985000,-0.916000,26.55
3.964615,0.591000,0.015000,-0.799000,-2.473000,8.962000,-0.885000,26.55
3.971785,0.602000,0.004000,-0.792000,-2.931000,9.588000,-1.267000,26.60
3.984122,0.601000,0.009000,-0.779000,-3.115000,9.450000,-1.710000,26.46
3.996458,0.612000,0.017000,-0.782000,-2.947000,8.962000,-1.649000,26.65
4.003845,0.609000,0.030000,-0.772000,-2.351000,8.092000,-1.282000,26.51
4.015859,0.615000,0.016000,-0.774000,-1.969000,6.595000,-0.687000,26.55
4.022939,0.612000,0.012000,-0.740000,-1.466000,5.069000,-0.580000,26.55
4.035434,0.601000,0.011000,-0.779000,-1.267000,3.664000,-0.550000,26.51
4.042578,0.600000,0.012000,-0.781000,-1.527000,3.084000,-0.550000,26.46
4.054893,0.598000,0.002000,-0.772000,-1.939000,2.885000,-1.176000,26.46
4.062197,0.619000,-0.002000,-0.765000,-2.366000,2.672000,-1.740000,26.60
4.074385,0.601000,0.005000,-0.773000,-2.366000,1.908000,-2.397000,26.55
4.086797,0.597000,0.021000,-0.760000,-2.427000,1.328000,-2.076000,26.46
4.094024,0.594000,0.031000,-0.799000,-2.534000,1.908000,-2.122000,26.60
4.106056,0.594000,0.029000,-0.795000,-2.412000,2.534000,-1.985000,26.55
4.113398,0.596000,0.013000,-0.786000,-2.137000,3.328000,-1.878000,26.51
4.125774,0.600000,0.010000,-0.783000,-1.511000,0.870000,-1.969000,26.51
4.132932,0.604000,0.016000,-0.784000,-2.137000,2.748000,-1.802000,26.46
4.145226,0.599000,0.018000,-0.775000,-1.893000,1.603000,-1.817000,26.51
4.152606,0.597000,0.027000,-0.778000,-2.382000,4.183000,-1.832000,26.51
4.164806,0.610000,0.031000,-0.770000,-2.641000,4.290000,-1.710000,26.46
4.171737,0.615000,0.018000,-0.754000,-1.435000,-0.137000,-1.359000,26.60
4.184200,0.598000,0.019000,-0.785000,-1.618000,0.458000,-1.328000,26.51
4.196479,0.600000,0.017000,-0.782000,-1.420000,-0.092000,-0.977000,26.55
4.203689,0.575000,0.046000,-0.814000,-1.344000,1.084000,-1.374000,26.60
4.216057,0.583000,0.028000,-0.821000,-2.107000,4.626000,-1.466000,26.51
4.223341,0.601000,0.013000,-0.793000,-2.061000,6.000000,-1.053000,26.55
4.235560,0.603000,-0.003000,-0.787000,-2.366000,6.076000,-1.634000,26.51
4.242781,0.615000,0.007000,-0.772000,-2.305000,5.084000,-2.412000,26.60
4.255144,0.610000,0.025000,-0.778000,-1.847000,3.786000,-1.817000,26.60
4.262357,0.608000,0.021000,-0.773000,-1.435000,3.115000,-1.252000,26.60
4.274619,0.617000,0.035000,-0.774000,-0.855000,2.382000,-0.824000,26.51
4.280575,0.609000,0.036000,-0.770000,-0.351000,1.832000,-0.565000,26.65
4.294157,0.615000,0.021000,-0.776000,-0.489000,1.313000,-0.122000,26.51
4.306439,0.610000,0.025000,-0.769000,-0.076000,0.397000,0.137000,26.55
4.313851,0.606000,0.023000,-0.776000,0.427000,0.031000,0.092000,26.51
4.326397,0.577000,0.035000,-0.787000,-0.092000,2.580000,0.290000,26.51
4.333675,0.580000,0.013000,-0.805000,0.656000,1.954000,-0.092000,26.55
4.346297,0.599000,0.023000,-0.800000,0.015000,4.412000,-0.031000,26.46
4.353143,0.591000,0.004000,-0.788000,0.168000,3.115000,-0.534000,26.51
4.365503,0.607000,0.003000,-0.785000,0.061000,2.458000,-0.855000,26.55
4.372858,0.594000,0.006000,-0.787000,-1.191000,4.962000,-1.374000,26.60
4.385098,0.615000,0.010000,-0.766000,-0.076000,1.267000,-1.405000,26.60
4.392433,0.599000,0.013000,-0.775000,-0.855000,3.267000,-1.206000,26.46
4.405172,0.605000,0.021000,-0.776000,0.046000,1.053000,-1.115000,26.55
4.411785,0.613000,0.011000,-0.778000,0.000000,0.626000,-0.962000,26.51
4.424153,0.608000,0.019000,-0.773000,-0.183000,2.137000,-0.916000,26.55
4.436633,0.623000,0.008000,-0.773000,1.176000,-2.702000,-0.824000,26.60
4.443883,0.627000,0.001000,-0.761000,0.565000,-1.756000,-0.595000,26.60
4.456198,0.617000,0.015000,-0.716000,1.893000,-7.557000,0.031000,26.46
4.463454,0.575000,0.035000,-0.809000,2.672000,-6.931000,1.588000,26.41
4.475917,0.579000,0.019000,-0.818000,2.321000,-5.817000,2.137000,26.60
4.483055,0.575000,-0.002000,-0.798000,1.649000,-3.405000,1.710000,26.55
4.495755,0.569000,0.015000,-0.811000,1.588000,-2.168000,1.389000,26.51
4.502982,0.571000,0.002000,-0.798000,1.282000,-0.489000,0.931000,26.51
4.515215,0.588000,-0.006000,-0.794000,0.611000,2.595000,0.092000,26.55
4.522314,0.586000,0.007000,-0.785000,0.092000,3.542000,-0.809000,26.51
4.534765,0.607000,0.002000,-0.773000,0.458000,1.466000,-0.809000,26.51
4.542189,0.605000,0.010000,-0.786000,0.565000,1.420000,-1.038000,26.65
4.554558,0.614000,0.007000,-0.782000,1.008000,-0.718000,-1.084000,26.51
4.566735,0.624000,-0.007000,-0.771000,1.115000,-2.427000,-1.359000,26.60
4.573913,0.612000,0.011000,-0.768000,1.588000,-4.931000,-1.588000,26.55
4.586284,0.615000,0.019000,-0.770000,2.397000,-6.718000,-1.160000,26.60
4.593365,0.612000,0.016000,-0.777000,3.160000,-7.878000,-0.580000,26.51
4.605640,0.565000,0.051000,-0.743000,3.496000,-7.282000,-0.473000,26.65
4.612990,0.509000,0.014000,-0.855000,2.443000,-3.618000,0.824000,26.60
4.625082,0.560000,-0.025000,-0.815000,0.260000,0.382000,-0.229000,26.51
4.632168,0.521000,-0.009000,-0.832000,-1.634000,3.176000,-1.573000,26.46
4.644747,0.537000,0.007000,-0.833000,-3.099000,6.412000,-1.725000,26.51
4.651747,0.561000,0.003000,-0.808000,-3.756000,8.595000,-1.786000,26.51
4.664117,0.579000,-0.003000,-0.789000,-4.137000,9.145000,-2.198000,26.46
4.676366,0.588000,0.021000,-0.782000,-4.458000,9.725000,-1.924000,26.60
4.683316,0.600000,0.015000,-0.782000,-4.336000,10.031000,-1.466000,26.51
4.695762,0.591000,0.016000,-0.786000,-4.137000,9.008000,-1.008000,26.55
4.702843,0.590000,0.020000,-0.787000,-4.763000,9.267000,-1.038000,26.60
4.715399,0.588000,0.006000,-0.769000,-2.397000,3.160000,-0.351000,26.51
4.722611,0.598000,0.001000,-0.764000,-3.267000,3.115000,-0.107000,26.46
4.734959,0.630000,0.007000,-0.760000,-3.191000,0.641000,-0.046000,26.51
4.741899,0.604000,-0.002000,-0.770000,-2.092000,-1.405000,0.015000,26.60
4.754035,0.580000,-0.001000,-0.792000,-1.756000,0.763000,-0.168000,26.46
4.766566,0.598000,-0.004000,-0.831000,-0.992000,-0.336000,0.031000,26.51
4.773606,0.574000,-0.003000,-0.829000,-2.092000,3.786000,-0.427000,26.51
4.786039,0.573000,-0.000000,-0.801000,-2.916000,4.763000,-0.947000,26.55
4.793011,0.562000,0.037000,-0.764000,-2.916000,5.282000,-0.504000,26.60
4.805458,0.507000,0.051000,-0.837000,-3.298000,8.992000,0.748000,26.51
4.812563,0.586000,-0.003000,-0.811000,-4.794000,13.664000,1.710000,26.46
4.824844,0.601000,0.001000,-0.770000,-3.969000,11.008000,0.901000,26.51
4.831857,0.616000,-0.032000,-0.768000,-4.489000,11.023000,-0.153000,26.51
4.844189,0.590000,0.004000,-0.792000,-4.443000,8.840000,-1.023000,26.55
4.856673,0.592000,0.019000,-0.781000,-4.855000,9.466000,-0.794000,26.60
4.863728,0.571000,-0.010000,-0.803000,-4.718000,9.435000,-0.748000,26.51
4.875852,0.590000,-0.006000,-0.785000,-5.634000,9.924000,-1.420000,26.55
4.883074,0.625000,-0.003000,-0.760000,-5.344000,8.183000,-1.969000,26.51
4.895383,0.604000,0.000000,-0.769000,-4.840000,6.779000,-2.183000,26.60
4.902589,0.609000,0.010000,-0.781000,-4.458000,5.252000,-2.183000,26.55
4.914941,0.591000,0.000000,-0.774000,-5.832000,6.733000,-2.595000,26.51
4.922064,0.614000,0.013000,-0.755000,-4.702000,2.137000,-3.069000,26.60
4.934600,0.617000,0.028000,-0.749000,-4.840000,2.550000,-3.069000,26.65
4.946677,0.623000,0.018000,-0.759000,-2.748000,-1.954000,-2.183000,26.51
4.953921,0.612000,0.020000,-0.753000,-1.206000,-3.786000,-1.359000,26.51
4.966133,0.569000,0.029000,-0.755000,-0.840000,-4.489000,-1.008000,26.55
4.972943,0.547000,-0.004000,-0.818000,-2.046000,-2.351000,-1.160000,26.60
4.985476,0.583000,-0.030000,-0.809000,-4.916000,2.672000,-2.916000,26.60
4.992636,0.596000,-0.025000,-0.816000,-8.519000,7.863000,-4.962000,26.55
5.004848,0.589000,-0.018000,-0.791000,-8.305000,4.565000,-6.137000,26.51
5.012027,0.634000,-0.004000,-0.779000,-8.962000,7.542000,-7.176000,26.60
5.024275,0.624000,0.024000,-0.787000,-8.687000,7.176000,-7.359000,26.55
5.036520,0.615000,0.030000,-0.786000,-7.817000,6.366000,-5.924000,26.41
5.043795,0.615000,0.057000,-0.782000,-6.794000,7.771000,-4.641000,26.51
5.055934,0.619000,0.052000,-0.779000,-4.427000,5.664000,-2.366000,26.55
5.063195,0.642000,0.036000,-0.758000,-1.756000,2.672000,-1.221000,26.51
5.075511,0.623000,0.015000,-0.755000,-0.321000,-0.214000,-0.641000,26.60
5.082558,0.588000,0.029000,-0.755000,-0.153000,1.710000,-0.962000,26.55
5.094980,0.560000,0.047000,-0.821000,-0.794000,4.733000,-0.672000,26.60
5.102251,0.595000,-0.019000,-0.804000,-1.450000,5.649000,-1.939000,26.60
5.114634,0.588000,0.006000,-0.815000,-2.046000,5.405000,-3.282000,26.55
5.126942,0.584000,0.021000,-0.811000,-2.916000,5.634000,-3.588000,26.51
5.134285,0.589000,0.020000,-0.795000,-3.252000,6.580000,-3.847000,26.41
5.146404,0.597000,0.034000,-0.780000,-3.771000,7.237000,-3.725000,26.55
5.153767,0.602000,0.038000,-0.777000,-2.947000,7.466000,-3.237000,26.60
5.165760,0.605000,0.029000,-0.780000,-2.198000,6.595000,-2.183000,26.51
5.173172,0.586000,0.046000,-0.780000,-1.908000,6.153000,-1.679000,26.55
5.185353,0.573000,0.041000,-0.773000,-2.947000,5.832000,-1.206000,26.51
5.192885,0.559000,0.020000,-0.780000,-6.672000,8.305000,-1.588000,26.46
5.204817,0.540000,0.032000,-0.798000,-6.916000,18.092000,-1.511000,26.55
5.211944,0.547000,0.028000,-0.803000,-8.290000,24.473000,-2.565000,26.60
5.224113,0.501000,0.076000,-0.807000,-10.229000,30.351000,-2.275000,26.55
5.236186,0.596000,0.075000,-0.769000,-11.557000,35.481000,-2.748000,26.55
5.243527,0.657000,0.029000,-0.775000,-12.137000,36.489000,-4.061000,26.51
5.255591,0.617000,0.079000,-0.781000,-13.344000,37.099000,-4.763000,26.46
5.262589,0.654000,0.051000,-0.780000,-10.092000,38.092000,-3.954000,26.55
5.274573,0.626000,0.063000,-0.768000,-10.824000,39.466000,-4.244000,26.60
5.280603,0.648000,0.033000,-0.770000,-8.412000,31.924000,-2.977000,26.55
5.294385,0.642000,0.021000,-0.801000,-8.534000,44.855000,-6.168000,26.55
5.306214,0.655000,0.041000,-0.807000,-9.267000,48.779000,-6.183000,26.51
5.313430,0.624000,0.082000,-0.835000,-7.221000,55.893000,-5.389000,26.55
5.325663,0.620000,0.091000,-0.850000,-6.687000,60.504000,-1.725000,26.55
5.332728,0.624000,0.146000,-0.872000,-6.931000,78.290000,-0.137000,26.60
5.345251,0.516000,0.110000,-0.877000,-4.092000,93.008000,3.588000,26.55
5.352239,0.347000,0.166000,-1.090000,-0.473000,116.611000,9.053000,26.46
5.364378,0.655000,-0.200000,-0.903000,0.153000,126.000000,3.374000,26.60
5.376956,0.686000,-0.242000,-0.862000,5.023000,123.557000,-5.588000,26.55
5.390045,0.807000,-0.143000,-0.940000,8.290000,123.725000,-13.176000,26.55
5.395404,0.653000,0.043000,-1.116000,23.893000,126.092000,-13.817000,26.60
5.402424,0.706000,0.118000,-0.919000,25.679000,141.420000,-12.000000,26.55
5.414637,0.852000,0.149000,-0.822000,28.458000,150.122000,-5.511000,26.55
5.420366,0.891000,0.166000,-0.906000,38.168000,160.580000,-0.595000,26.41
5.433939,0.749000,0.083000,-0.870000,40.168000,178.015000,8.137000,26.46
5.446235,0.773000,0.134000,-0.905000,45.191000,179.328000,19.176000,26.55
5.453198,1.065000,0.004000,-1.299000,18.794000,186.168000,26.015000,26.51
5.465427,0.779000,0.087000,-0.973000,3.893000,160.534000,27.603000,26.55
5.472395,0.667000,0.096000,-0.935000,-5.023000,187.542000,33.618000,26.51
5.484757,0.480000,0.283000,-1.687000,-36.336000,144.931000,32.504000,26.51
5.496618,-0.293000,0.441000,-2.071000,-36.718000,82.916000,40.748000,26.55
5.503678,-0.699000,0.513000,-2.240000,-40.992000,42.489000,46.015000,26.51
5.515782,-0.726000,0.290000,-2.195000,-48.198000,-4.595000,55.466000,26.60
5.522720,-0.589000,0.232000,-2.011000,-61.084000,-44.137000,64.183000,26.55
5.534875,-0.288000,0.173000,-1.933000,-75.252000,-76.595000,76.580000,26.51
5.546347,-0.111000,0.179000,-1.702000,-79.374000,-103.298000,85.679000,26.51
5.553299,0.014000,0.156000,-1.524000,-79.725000,-124.046000,92.305000,26.46
5.565340,0.194000,0.162000,-1.352000,-83.176000,-129.252000,93.695000,26.60
5.572477,0.384000,0.225000,-1.273000,-82.565000,-142.489000,85.496000,26.55
5.584654,0.456000,0.316000,-1.207000,-77.908000,-129.634000,68.092000,26.51
5.596424,0.461000,0.341000,-1.177000,-67.817000,-127.618000,44.702000,26.51
5.603582,0.493000,0.326000,-1.169000,-60.427000,-125.344000,18.962000,26.46
5.614914,0.507000,0.285000,-1.147000,-54.779000,-125.725000,-4.153000,26.55
5.621688,0.563000,0.176000,-1.167000,-54.015000,-125.344000,-22.718000,26.60
5.633743,0.602000,0.113000,-1.188000,-51.756000,-124.779000,-35.802000,26.55
5.645633,0.593000,0.038000,-1.178000,-44.550000,-122.824000,-44.351000,26.60
5.652488,0.640000,-0.054000,-1.155000,-37.634000,-126.336000,-49.237000,26.51
5.664300,0.690000,-0.149000,-1.176000,-34.198000,-130.840000,-51.588000,26.55
5.676368,0.757000,-0.190000,-1.188000,-36.290000,-133.634000,-51.389000,26.55
5.682863,0.777000,-0.197000,-1.225000,-39.023000,-132.046000,-48.321000,26.51
5.695009,0.790000,-0.209000,-1.142000,-29.053000,-158.504000,-42.656000,26.65
5.706394,0.723000,-0.215000,-1.084000,-29.160000,-164.489000,-38.580000,26.51
5.713416,0.733000,-0.188000,-1.042000,-30.366000,-163.160000,-35.817000,26.51
5.724990,0.765000,-0.185000,-1.013000,-30.122000,-166.565000,-32.412000,26.46
5.732038,0.775000,-0.123000,-1.014000,-34.992000,-155.267000,-30.733000,26.46
5.743734,0.855000,-0.091000,-0.965000,-30.076000,-160.840000,-30.840000,26.51
5.755421,0.926000,-0.039000,-0.897000,-26.641000,-156.214000,-35.374000,26.46
5.762030,0.973000,-0.010000,-0.817000,-21.435000,-153.557000,-45.450000,26.60
5.774099,1.290000,-0.111000,-0.772000,-20.550000,-155.130000,-58.061000,26.51
5.786134,1.500000,-0.108000,-0.653000,-22.244000,-168.305000,-73.008000,26.55
5.792754,1.646000,-0.086000,-0.478000,-13.603000,-180.550000,-86.885000,26.60
5.804535,1.727000,-0.110000,-0.154000,4.977000,-191.573000,-95.527000,26.51
5.816502,1.694000,-0.168000,0.204000,22.748000,-185.786000,-101.847000,26.55
5.823266,1.749000,-0.273000,0.511000,29.954000,-164.809000,-106.779000,26.41
5.835267,1.926000,-0.420000,0.754000,21.725000,-139.069000,-108.870000,26.51
5.842111,2.276000,-1.114000,1.314000,-22.824000,-101.756000,-87.649000,26.55
5.854112,1.665000,-0.596000,2.026000,-30.733000,-35.740000,-74.947000,26.46
5.866332,2.308000,-0.977000,2.302000,-58.931000,63.924000,-34.748000,26.60
5.873169,2.878000,-1.194000,3.139000,-76.611000,198.626000,60.000000,26.55
5.885485,1.291000,0.379000,-0.327000,2.031000,247.954000,99.069000,26.51
5.892879,2.317000,1.673000,-3.300000,5.817000,127.863000,125.374000,26.51
5.904914,1.641000,1.928000,-0.735000,61.786000,174.550000,96.397000,26.55
5.916801,2.609000,0.526000,-1.442000,114.168000,207.664000,-2.122000,26.51
5.923713,1.989000,-0.801000,-1.728000,82.626000,113.298000,-2.061000,26.60
5.935885,1.067000,-1.124000,-1.290000,57.359000,95.023000,46.092000,26.55
5.943054,0.638000,0.256000,-0.910000,29.130000,88.824000,22.137000,26.60
5.959770,0.830000,0.236000,-0.758000,30.885000,102.351000,3.130000,26.41
5.961782,0.986000,-0.369000,-0.937000,26.137000,83.649000,15.099000,26.55
5.974142,0.937000,0.142000,-0.888000,21.344000,58.504000,14.137000,26.51
5.986480,0.700000,0.139000,-0.908000,27.710000,42.107000,5.527000,26.51
5.993514,0.767000,-0.309000,-1.024000,21.740000,31.115000,8.489000,26.65
6.006125,0.727000,-0.264000,-0.966000,2.107000,25.496000,3.053000,26.51
6.012969,0.575000,-0.044000,-0.902000,-1.450000,11.603000,-2.321000,26.60
6.025386,0.560000,0.018000,-0.869000,-7.466000,19.282000,-2.885000,26.55
6.032490,0.559000,0.051000,-0.821000,-5.832000,13.359000,-1.817000,26.60
6.044660,0.561000,0.060000,-0.808000,-4.000000,13.191000,-0.779000,26.51
6.051917,0.533000,0.099000,-0.791000,-1.099000,13.878000,0.412000,26.46
6.064246,0.527000,0.125000,-0.784000,2.351000,16.779000,1.328000,26.51
6.076811,0.541000,0.114000,-0.787000,7.725000,15.634000,3.008000,26.60
6.083990,0.535000,0.101000,-0.771000,11.466000,17.450000,4.427000,26.46
6.096123,0.546000,0.084000,-0.786000,15.588000,18.916000,5.160000,26.60
6.103606,0.588000,0.052000,-0.812000,17.237000,16.076000,5.618000,26.51
6.115909,0.588000,0.035000,-0.821000,15.069000,14.947000,4.916000,26.55
6.123110,0.569000,0.017000,-0.814000,12.015000,14.855000,4.473000,26.41
6.135196,0.562000,0.033000,-0.809000,10.076000,14.031000,4.977000,26.60
6.147833,0.548000,0.070000,-0.802000,11.679000,8.748000,6.931000,26.55
6.154932,0.535000,0.067000,-0.797000,13.145000,12.672000,9.496000,26.51
6.161952,0.558000,0.054000,-0.775000,11.847000,14.122000,10.641000,26.60
6.174436,0.533000,0.010000,-0.809000,9.023000,15.573000,7.664000,26.55
6.186525,0.540000,-0.001000,-0.829000,3.664000,23.924000,7.176000,26.51
6.194588,0.585000,-0.004000,-0.882000,-7.450000,31.893000,4.641000,26.41
6.206208,0.543000,0.006000,-0.798000,-11.511000,33.023000,2.916000,26.55
6.213119,0.588000,-0.019000,-0.833000,-9.878000,36.290000,2.015000,26.51
6.225317,0.556000,0.010000,-0.813000,-12.336000,37.740000,-0.885000,26.51
6.232406,0.522000,0.066000,-0.832000,-11.969000,36.809000,0.107000,26.55
6.244632,0.530000,0.056000,-0.832000,-16.260000,53.695000,0.626000,26.69
6.251608,0.565000,0.028000,-0.829000,-13.496000,56.947000,-0.198000,26.51
6.263820,0.623000,0.017000,-0.809000,-11.878000,65.725000,-1.603000,26.55
6.275808,0.710000,-0.082000,-0.793000,-13.481000,70.092000,-2.275000,26.51
6.282789,0.598000,0.009000,-0.833000,-7.802000,56.534000,-0.763000,26.51
6.295435,0.649000,0.026000,-0.807000,-4.107000,63.115000,-1.893000,26.55
6.302254,0.693000,-0.010000,-0.825000,-5.557000,78.489000,-4.046000,26.51
6.314803,0.686000,0.004000,-0.784000,-9.053000,77.145000,-2.718000,26.51
6.321569,0.512000,0.202000,-1.004000,14.672000,85.176000,2.855000,26.55
6.334301,0.671000,0.044000,-0.872000,6.779000,94.137000,12.214000,26.60
6.346166,0.609000,-0.056000,-0.789000,18.382000,107.405000,15.069000,26.60
6.353285,0.663000,-0.054000,-0.913000,20.397000,117.267000,11.802000,26.55
6.365192,0.681000,-0.086000,-0.969000,25.679000,131.344000,12.122000,26.51
6.372183,0.653000,-0.034000,-0.922000,33.542000,141.710000,8.870000,26.51
6.384508,0.655000,-0.048000,-0.926000,18.336000,169.740000,9.542000,26.46
6.396599,0.635000,0.049000,-1.018000,61.176000,175.313000,10.779000,26.51
6.403733,0.712000,0.264000,-1.134000,75.847000,191.313000,13.649000,26.60
6.415901,0.662000,0.260000,-1.223000,82.626000,221.069000,29.084000,26.55
6.422584,0.635000,0.198000,-1.216000,87.786000,283.954000,40.992000,26.51
6.435029,0.857000,0.067000,-1.303000,122.458000,321.053000,53.939000,26.41
6.441543,1.238000,-0.265000,-1.716000,45.618000,454.382000,40.870000,26.55
6.454412,1.011000,-0.453000,-1.243000,73.374000,285.954000,42.015000,26.51
6.466056,0.953000,-0.501000,-1.261000,44.122000,271.145000,19.389000,26.51
6.472796,1.177000,0.090000,-1.148000,14.351000,367.115000,-2.443000,26.55
6.485365,1.596000,-0.013000,-1.456000,1.786000,348.641000,10.901000,26.51
6.492083,1.834000,0.441000,-1.143000,42.412000,256.733000,26.672000,26.51
6.505639,1.651000,0.295000,-1.132000,61.695000,258.519000,42.763000,26.55
6.516567,0.281000,0.499000,-1.368000,77.389000,181.221000,29.832000,26.51
6.523899,1.613000,-0.131000,-1.890000,58.565000,154.489000,24.015000,26.51
6.535853,0.504000,0.214000,-2.190000,5.893000,77.282000,14.000000,26.46
6.542885,-0.059000,0.417000,-1.358000,5.756000,16.031000,16.870000,26.60
6.555372,-0.172000,0.341000,-1.189000,4.489000,-3.771000,25.344000,26.55
6.562376,-0.214000,0.245000,-0.975000,0.275000,-19.374000,33.450000,26.46
6.574690,-0.201000,0.197000,-0.985000,-9.634000,-51.634000,39.084000,26.41
6.586255,-0.054000,0.222000,-0.912000,-32.794000,-48.061000,40.992000,26.55
6.593131,0.034000,0.213000,-0.921000,-50.962000,-59.710000,43.573000,26.55
6.605729,0.143000,0.221000,-0.929000,-65.099000,-86.275000,43.008000,26.51
6.612242,0.296000,0.232000,-0.959000,-76.992000,-111.908000,39.420000,26.55
6.624191,0.430000,0.236000,-0.973000,-87.847000,-141.053000,31.603000,26.55
6.636260,0.477000,0.251000,-0.936000,-93.191000,-171.847000,21.298000,26.51
6.643391,0.467000,0.243000,-0.895000,-96.626000,-192.137000,8.168000,26.55
6.655246,0.488000,0.214000,-0.866000,-96.992000,-207.511000,-4.733000,26.55
6.661922,0.515000,0.146000,-0.832000,-96.809000,-215.985000,-17.221000,26.41
6.674042,0.535000,0.076000,-0.821000,-100.153000,-218.626000,-28.885000,26.46
6.685596,0.596000,0.030000,-0.857000,-101.420000,-221.832000,-37.176000,26.65
6.692174,0.712000,-0.008000,-0.909000,-101.557000,-226.473000,-41.969000,26.51
6.704181,0.846000,-0.050000,-0.987000,-102.366000,-230.901000,-46.031000,26.55
6.716112,0.973000,-0.110000,-1.077000,-103.649000,-244.580000,-49.252000,26.46
6.722944,1.042000,-0.163000,-1.121000,-106.748000,-255.252000,-51.573000,26.51
6.734530,1.082000,-0.209000,-1.139000,-108.702000,-264.809000,-53.053000,26.55
6.748006,1.102000,-0.272000,-1.144000,-110.137000,-268.779000,-54.718000,26.55
6.752717,1.149000,-0.276000,-1.139000,-109.527000,-268.076000,-56.198000,26.60
6.764608,1.196000,-0.266000,-1.153000,-105.420000,-265.802000,-57.573000,26.55
6.776104,1.304000,-0.220000,-1.221000,-101.481000,-263.939000,-60.840000,26.55
6.782873,1.408000,-0.178000,-1.278000,-96.885000,-268.366000,-67.298000,26.60
6.794936,1.469000,-0.097000,-1.299000,-90.779000,-274.977000,-75.985000,26.55
6.806657,1.502000,-0.019000,-1.272000,-81.908000,-278.870000,-84.504000,26.55
6.813643,1.552000,0.033000,-1.199000,-72.351000,-277.878000,-92.840000,26.60
6.825023,1.618000,0.035000,-1.131000,-62.351000,-274.305000,-106.947000,26.55
6.831619,1.723000,-0.013000,-1.057000,-50.504000,-269.832000,-121.802000,26.65
6.843867,2.056000,-0.194000,-0.314000,8.321000,-223.099000,-99.756000,26.60
6.855671,1.986000,-0.425000,-0.372000,24.305000,-206.214000,-105.267000,26.55
6.865352,1.984000,-0.566000,-0.497000,2.870000,-211.969000,-117.160000,26.46
6.874446,1.910000,-0.302000,-0.381000,-15.405000,-215.771000,-131.588000,26.51
6.886305,1.731000,-0.191000,-0.201000,-8.504000,-203.588000,-134.183000,26.65
6.892918,1.815000,-0.344000,0.147000,8.687000,-179.389000,-124.076000,26.55
6.905014,1.772000,-0.622000,0.637000,16.244000,-148.962000,-103.756000,26.51
6.913171,1.917000,-0.980000,0.980000,-1.221000,-113.557000,-80.718000,26.55
6.923945,1.859000,-1.070000,1.081000,-22.351000,-71.985000,-51.374000,26.55
6.936314,1.599000,-0.928000,1.643000,-34.153000,11.435000,-6.656000,26.60
6.943497,1.580000,-0.823000,1.603000,-28.779000,106.122000,32.290000,26.46
6.955421,2.167000,-0.595000,1.450000,-28.443000,180.275000,69.557000,26.55
6.961750,0.406000,0.267000,0.246000,17.374000,211.832000,90.687000,26.51
6.974027,1.049000,1.111000,-2.103000,25.939000,198.718000,72.916000,26.55
6.986312,0.022000,1.317000,-0.961000,63.344000,203.710000,65.969000,26.55
6.995088,0.277000,0.365000,-0.681000,90.794000,281.053000,24.901000,26.51
7.005895,2.462000,-0.411000,-1.603000,57.802000,259.221000,2.672000,26.65
7.013678,1.989000,-0.727000,-1.288000,61.313000,188.229000,43.634000,26.46
7.024614,1.901000,0.216000,-2.083000,27.924000,209.435000,45.969000,26.60
7.032497,1.913000,0.764000,-0.681000,68.656000,108.305000,24.153000,26.55
7.046712,1.188000,-0.270000,-1.042000,67.771000,81.328000,26.458000,26.46
7.056245,0.956000,-0.400000,-0.997000,44.092000,86.565000,33.084000,26.51
7.063111,1.031000,-0.082000,-0.888000,19.130000,82.473000,19.573000,26.46
7.075429,0.983000,0.000000,-0.933000,44.916000,16.931000,25.649000,26.51
7.082372,0.641000,-0.187000,-0.957000,25.557000,43.603000,18.336000,26.41
7.095855,0.646000,-0.230000,-0.957000,9.496000,22.473000,8.595000,26.46
7.101915,0.654000,-0.069000,-0.902000,4.595000,8.595000,2.840000,26.51
7.114755,0.572000,-0.049000,-0.889000,-2.321000,12.015000,-0.519000,26.41
7.126504,0.540000,-0.012000,-0.865000,-6.290000,9.710000,-2.260000,26.55
7.133307,0.517000,0.028000,-0.842000,-7.542000,13.878000,-1.969000,26.51
7.145916,0.560000,0.012000,-0.821000,-8.733000,11.908000,-3.328000,26.60
7.153104,0.513000,0.063000,-0.807000,-6.489000,11.282000,-2.870000,26.55
7.165179,0.521000,0.099000,-0.802000,-3.756000,15.725000,-1.481000,26.51
7.172182,0.574000,0.090000,-0.786000,-0.275000,16.489000,-0.290000,26.51
7.184643,0.581000,0.099000,-0.771000,2.718000,15.023000,0.779000,26.46
7.191753,0.564000,0.116000,-0.775000,6.321000,14.122000,2.901000,26.60
7.204030,0.561000,0.120000,-0.785000,10.412000,13.527000,5.328000,26.51
7.216573,0.583000,0.061000,-0.797000,12.107000,12.427000,6.244000,26.46
7.224977,0.610000,0.011000,-0.793000,9.939000,8.885000,5.893000,26.51
7.236409,0.567000,0.053000,-0.794000,9.008000,8.702000,6.092000,26.51
7.243608,0.578000,0.042000,-0.791000,9.511000,8.076000,7.496000,26.55
7.256204,0.562000,0.035000,-0.777000,10.015000,5.618000,8.244000,26.51
7.265463,0.524000,0.062000,-0.805000,10.229000,8.198000,9.435000,26.60
7.278241,0.568000,0.039000,-0.794000,9.374000,6.504000,9.130000,26.55
7.282994,0.542000,-0.025000,-0.812000,5.450000,6.412000,7.221000,26.60
7.298832,0.563000,-0.008000,-0.817000,3.435000,7.756000,6.168000,26.51
7.302875,0.579000,-0.016000,-0.822000,1.802000,8.092000,5.588000,26.55
7.315014,0.585000,-0.009000,-0.814000,-0.168000,9.344000,4.824000,26.51
7.324437,0.580000,0.030000,-0.829000,-2.855000,18.214000,5.328000,26.60
7.334633,0.568000,0.031000,-0.812000,-7.115000,25.191000,5.267000,26.55
7.341512,0.551000,0.063000,-0.828000,-10.061000,36.275000,5.511000,26.51
7.354014,0.573000,0.065000,-0.821000,-12.901000,44.565000,6.244000,26.51
7.366541,0.553000,0.033000,-0.804000,-10.779000,48.260000,5.374000,26.55
7.373306,0.586000,0.035000,-0.758000,-5.176000,38.519000,3.344000,26.51
7.385829,0.591000,0.012000,-0.802000,-14.076000,61.237000,0.489000,26.60
7.392855,0.640000,0.034000,-0.802000,-12.031000,60.733000,0.809000,26.55
7.407304,0.589000,0.031000,-0.823000,-11.389000,63.893000,2.855000,26.51
7.412019,0.594000,0.030000,-0.857000,-14.000000,71.573000,4.580000,26.41
7.424953,0.600000,0.035000,-0.890000,-18.107000,79.359000,5.557000,26.55
7.436514,0.535000,0.092000,-1.022000,-24.443000,91.374000,12.641000,26.51
7.443640,0.462000,0.300000,-1.174000,16.931000,101.328000,28.412000,26.60
7.455977,0.583000,-0.056000,-1.145000,10.336000,139.527000,33.160000,26.55
7.466384,0.561000,0.036000,-1.253000,22.076000,167.695000,38.656000,26.60
7.474889,0.531000,-0.033000,-1.229000,35.450000,189.756000,32.962000,26.60
7.483098,0.700000,0.066000,-1.204000,56.412000,200.107000,24.824000,26.55
7.495627,0.600000,-0.049000,-1.086000,81.939000,199.603000,22.244000,26.51
7.506230,0.716000,-0.097000,-1.115000,84.992000,212.992000,20.305000,26.51
7.513827,0.942000,-0.159000,-1.248000,48.565000,240.809000,25.084000,26.55
7.525056,1.179000,-0.210000,-1.162000,4.855000,194.565000,26.580000,26.51
7.532330,0.555000,-0.009000,-0.965000,-20.672000,181.542000,30.885000,26.51
7.544026,0.494000,0.366000,-1.472000,-44.168000,183.679000,28.733000,26.55
7.557215,0.143000,0.280000,-1.801000,-10.046000,55.511000,46.962000,26.60
7.563342,0.133000,0.097000,-1.588000,-30.519000,9.466000,65.435000,26.51
7.576156,-0.244000,0.158000,-1.400000,-40.595000,-62.641000,61.237000,26.55
7.582029,-0.459000,0.178000,-0.963000,-54.504000,-78.595000,52.290000,26.51
7.594497,-0.469000,0.230000,-0.854000,-63.160000,-94.641000,39.634000,26.51
7.606285,-0.397000,0.284000,-0.899000,-65.374000,-112.641000,24.443000,26.55
7.613097,-0.263000,0.270000,-0.942000,-54.504000,-154.809000,9.191000,26.51
7.625032,-0.312000,0.240000,-0.898000,-57.130000,-155.557000,-8.626000,26.51
7.631614,-0.314000,0.161000,-0.889000,-54.626000,-171.832000,-24.351000,26.55
7.646719,-0.297000,0.108000,-0.879000,-45.344000,-187.160000,-35.237000,26.51
7.655324,-0.218000,0.103000,-0.850000,-39.099000,-192.122000,-42.779000,26.60
7.664069,-0.279000,0.068000,-0.736000,-27.985000,-179.893000,-50.000000,26.55
7.673823,-0.243000,0.078000,-0.765000,-11.924000,-152.458000,-55.740000,26.60
7.686104,0.113000,0.097000,-0.741000,-9.221000,-119.313000,-64.718000,26.51
7.693057,4.000000,-0.276000,-1.597000,31.069000,-258.565000,-36.916000,26.60
7.704993,0.296000,0.889000,1.022000,82.397000,-291.176000,-12.046000,26.60
7.712401,2.869000,-1.260000,0.125000,61.206000,-152.061000,-12.611000,26.46
7.724094,4.000000,-1.085000,2.403000,15.557000,-2.840000,-32.687000,26.55
7.736412,4.000000,-1.600000,3.110000,10.031000,-20.000000,-13.313000,26.51
7.743221,2.711000,0.068000,0.922000,-10.397000,-14.748000,-20.901000,26.46
7.755009,-0.373000,0.196000,-1.334000,41.160000,-87.573000,-28.321000,26.51
7.762451,-0.321000,0.134000,-1.338000,-7.679000,-14.885000,1.176000,26.51
7.774479,0.704000,0.361000,-0.742000,-3.710000,3.008000,19.221000,26.55
7.786615,0.806000,-0.056000,-0.683000,-0.840000,-15.374000,17.496000,26.55
7.794041,0.426000,-0.266000,-0.908000,-4.855000,3.435000,9.908000,26.51
7.806191,0.599000,0.018000,-0.761000,-7.924000,1.435000,5.466000,26.55
7.813333,0.642000,0.085000,-0.776000,-4.718000,3.618000,6.733000,26.60
7.825746,0.621000,-0.100000,-0.803000,-2.000000,3.863000,5.954000,26.60
7.832815,0.674000,-0.203000,-0.753000,-4.595000,6.626000,-2.504000,26.55
7.845101,0.581000,-0.026000,-0.803000,-6.473000,3.725000,-6.550000,26.55
7.852619,0.600000,0.151000,-0.810000,-4.443000,7.618000,-1.115000,26.51
7.864859,0.613000,0.115000,-0.788000,0.061000,5.679000,6.275000,26.55
7.872403,0.592000,-0.038000,-0.798000,0.504000,6.076000,9.023000,26.51
7.884916,0.624000,-0.076000,-0.777000,0.382000,6.412000,7.130000,26.60
7.896646,0.614000,-0.071000,-0.763000,-4.290000,12.427000,3.237000,26.55
7.904085,0.607000,-0.041000,-0.774000,-2.901000,14.275000,1.496000,26.55
7.915947,0.609000,-0.030000,-0.781000,-5.176000,12.870000,0.046000,26.51
7.923264,0.597000,0.010000,-0.778000,-4.443000,15.969000,-0.015000,26.55
7.935870,0.602000,0.018000,-0.758000,-3.603000,12.870000,1.038000,26.51
7.943015,0.618000,0.009000,-0.758000,-3.160000,13.588000,2.168000,26.51
7.955126,0.604000,0.012000,-0.774000,-1.847000,12.855000,3.573000,26.55
7.962361,0.637000,-0.047000,-0.761000,-1.496000,13.802000,4.229000,26.55
7.974666,0.637000,-0.055000,-0.761000,-2.015000,11.527000,3.359000,26.51
7.986719,0.619000,-0.067000,-0.771000,-3.130000,12.855000,1.893000,26.55
7.993645,0.616000,-0.138000,-0.771000,-4.015000,12.366000,-1.008000,26.60
8.005783,0.621000,-0.090000,-0.765000,-4.489000,11.481000,-6.366000,26.51
8.012974,0.609000,-0.090000,-0.772000,-4.260000,11.863000,-11.038000,26.55
8.024952,0.613000,-0.008000,-0.760000,-2.061000,11.374000,-14.718000,26.55
8.031920,0.619000,-0.008000,-0.762000,0.901000,12.824000,-17.649000,26.51
8.044319,0.598000,-0.003000,-0.801000,1.206000,14.382000,-18.947000,26.46
8.056395,0.626000,-0.028000,-0.787000,1.496000,15.557000,-20.153000,26.51
8.063074,0.665000,-0.070000,-0.776000,12.947000,14.794000,-27.603000,26.51
8.075054,0.608000,-0.190000,-0.767000,12.916000,14.626000,-32.198000,26.55
8.082050,0.667000,-0.003000,-0.747000,24.031000,17.954000,-41.038000,26.55
8.094147,0.604000,-0.072000,-0.793000,30.885000,18.290000,-46.504000,26.51
8.106378,0.548000,0.043000,-0.808000,44.702000,18.519000,-55.466000,26.55
8.113239,0.595000,-0.159000,-0.760000,60.076000,15.939000,-69.924000,26.60
8.125370,0.588000,-0.211000,-0.800000,77.160000,16.397000,-87.847000,26.60
8.132349,0.587000,-0.179000,-0.795000,93.084000,16.000000,-104.092000,26.55
8.144310,0.609000,-0.154000,-0.781000,105.557000,15.573000,-117.603000,26.55
8.156253,0.578000,-0.139000,-0.794000,114.397000,13.710000,-127.420000,26.51
8.163267,0.636000,-0.096000,-0.751000,116.748000,12.977000,-132.290000,26.55
8.175152,0.670000,0.004000,-0.699000,116.947000,9.847000,-131.481000,26.51
8.182334,0.694000,0.028000,-0.683000,111.725000,6.611000,-127.344000,26.41
8.194424,0.689000,0.086000,-0.673000,102.076000,4.321000,-118.458000,26.55
8.206229,0.713000,0.165000,-0.664000,87.542000,2.275000,-103.664000,26.65
8.213580,0.705000,0.249000,-0.679000,69.740000,0.870000,-83.634000,26.60
8.226077,0.715000,0.301000,-0.682000,48.366000,0.840000,-59.130000,26.65
8.232821,0.718000,0.323000,-0.695000,26.397000,0.840000,-33.160000,26.51
8.245726,0.700000,0.318000,-0.696000,6.015000,1.221000,-6.412000,26.60
8.252541,0.689000,0.279000,-0.692000,-9.115000,1.206000,16.244000,26.55
8.268852,0.676000,0.133000,-0.719000,-9.115000,-0.366000,32.137000,26.51
8.276659,0.663000,-0.002000,-0.714000,-6.580000,-2.550000,36.076000,26.51
8.283622,0.654000,-0.060000,-0.730000,-5.511000,-2.870000,34.840000,26.46
8.295862,0.637000,-0.088000,-0.737000,-4.489000,-1.954000,30.443000,26.51
8.302897,0.630000,-0.110000,-0.767000,-3.420000,0.137000,25.908000,26.51
8.315177,0.631000,-0.110000,-0.763000,-2.718000,2.427000,20.321000,26.55
8.322282,0.650000,-0.079000,-0.746000,-3.557000,4.015000,15.893000,26.60
8.334750,0.652000,-0.060000,-0.753000,-5.649000,5.664000,14.443000,26.51
8.341648,0.641000,-0.036000,-0.759000,-7.099000,8.458000,14.519000,26.65
8.354103,0.651000,-0.027000,-0.770000,-8.015000,10.916000,15.893000,26.51
8.366177,0.649000,-0.004000,-0.791000,-9.359000,14.061000,18.321000,26.51
8.373085,0.650000,0.016000,-0.807000,-10.824000,20.580000,22.794000,26.55
8.385245,0.642000,0.009000,-0.813000,-14.366000,25.802000,27.695000,26.51
8.392200,0.638000,0.051000,-0.805000,-20.061000,31.115000,34.672000,26.60
8.404583,0.622000,0.035000,-0.831000,-30.641000,40.122000,46.198000,26.55
8.416574,0.618000,0.056000,-0.820000,-54.641000,47.954000,60.748000,26.60
8.423634,0.658000,0.097000,-0.773000,-75.008000,50.519000,77.435000,26.51
8.436008,0.639000,0.132000,-0.739000,-91.130000,53.099000,93.298000,26.55
8.442902,0.636000,0.184000,-0.759000,-104.687000,52.687000,106.153000,26.51
8.454637,0.660000,0.081000,-0.718000,-120.076000,49.893000,117.664000,26.51
8.466650,0.642000,0.062000,-0.684000,-129.344000,44.229000,123.969000,26.46
8.473714,0.688000,0.042000,-0.651000,-131.130000,38.458000,126.214000,26.60
8.485711,0.704000,0.002000,-0.615000,-127.542000,31.634000,124.824000,26.51
8.492245,0.733000,-0.045000,-0.574000,-120.305000,23.176000,121.405000,26.46
8.504193,0.745000,-0.087000,-0.562000,-112.885000,15.939000,116.153000,26.51
8.516703,0.726000,-0.119000,-0.579000,-105.710000,9.221000,109.221000,26.46
8.523277,0.705000,-0.224000,-0.584000,-96.870000,3.023000,99.084000,26.55
8.535774,0.728000,-0.318000,-0.594000,-83.389000,-3.878000,84.458000,26.51
8.542305,0.735000,-0.344000,-0.572000,-61.252000,-12.504000,63.466000,26.55
8.554783,0.727000,-0.367000,-0.558000,-33.374000,-21.206000,38.336000,26.65
8.566981,0.712000,-0.384000,-0.601000,-8.611000,-28.168000,12.183000,26.51
8.573346,0.652000,-0.359000,-0.690000,7.527000,-34.137000,-11.893000,26.55
8.585818,0.654000,-0.239000,-0.754000,4.611000,-33.573000,-25.145000,26.55
8.592484,0.681000,-0.009000,-0.766000,5.573000,-33.786000,-27.359000,26.60
8.604977,0.678000,0.046000,-0.800000,6.137000,-24.901000,-20.473000,26.55
8.617051,0.654000,0.041000,-0.819000,-0.305000,-16.031000,-12.809000,26.65
8.623846,0.652000,0.048000,-0.827000,-2.153000,-9.389000,-4.870000,26.51
8.636276,0.645000,0.018000,-0.819000,-3.389000,-1.634000,0.962000,26.55
8.643359,0.650000,-0.039000,-0.800000,-3.160000,4.458000,2.519000,26.55
8.655756,0.655000,-0.090000,-0.779000,-1.267000,8.947000,0.718000,26.51
8.662685,0.653000,-0.092000,-0.780000,-0.718000,12.824000,-1.435000,26.55
8.675033,0.648000,-0.048000,-0.759000,0.733000,16.489000,-3.084000,26.46
8.682489,0.642000,-0.036000,-0.764000,1.710000,18.992000,-3.603000,26.60
8.694387,0.651000,-0.039000,-0.752000,4.031000,20.931000,-5.053000,26.55
8.706430,0.653000,-0.047000,-0.720000,5.313000,21.313000,-6.458000,26.55
8.713785,0.677000,-0.083000,-0.675000,5.893000,19.313000,-8.565000,26.51
8.725878,0.715000,-0.118000,-0.643000,5.740000,15.374000,-12.031000,26.55
8.732884,0.716000,-0.080000,-0.655000,5.878000,11.267000,-15.649000,26.46
8.745037,0.696000,-0.012000,-0.674000,6.763000,7.908000,-17.191000,26.60
8.752604,0.685000,0.023000,-0.681000,7.527000,5.374000,-15.130000,26.55
8.764588,0.683000,0.076000,-0.736000,7.084000,5.756000,-10.931000,26.51
8.771610,0.636000,0.114000,-0.776000,5.053000,10.947000,-3.328000,26.51
8.784276,0.675000,0.082000,-0.753000,0.885000,14.076000,4.977000,26.55
8.796313,0.661000,0.041000,-0.769000,-3.939000,15.725000,11.206000,26.51
8.803364,0.632000,-0.004000,-0.758000,-9.313000,16.366000,15.221000,26.51
8.815363,0.499000,-0.040000,-0.852000,-21.466000,12.611000,18.031000,26.46
8.822464,0.381000,0.031000,-0.947000,-35.176000,6.840000,21.328000,26.51
8.837272,0.333000,0.107000,-0.993000,-43.389000,0.076000,25.817000,26.51
8.842461,0.302000,0.140000,-1.018000,-45.695000,-8.458000,30.748000,26.55
8.854606,0.309000,0.114000,-1.014000,-46.718000,-16.061000,31.924000,26.60
8.866106,0.354000,0.133000,-0.988000,-45.191000,-21.771000,31.115000,26.51
8.873353,0.401000,0.151000,-0.994000,-38.840000,-24.443000,26.244000,26.55
8.885167,0.408000,0.217000,-1.007000,-26.061000,-25.069000,17.145000,26.51
8.891839,0.414000,0.237000,-0.998000,-10.015000,-25.557000,3.557000,26.51
8.904041,0.410000,0.199000,-1.008000,2.901000,-25.252000,-10.092000,26.55
8.916325,0.410000,0.153000,-0.981000,11.695000,-25.053000,-22.382000,26.60
8.923122,0.421000,0.114000,-0.949000,17.878000,-23.557000,-30.870000,26.60
8.935344,0.441000,0.083000,-0.940000,22.198000,-23.313000,-37.069000,26.65
8.942065,0.485000,0.062000,-0.917000,28.260000,-24.122000,-42.061000,26.51
8.954397,0.543000,0.006000,-0.864000,33.267000,-23.069000,-45.435000,26.51
8.966535,0.567000,0.018000,-0.842000,37.115000,-21.237000,-48.489000,26.51
8.973357,0.610000,0.035000,-0.807000,40.672000,-17.893000,-49.695000,26.51
8.985681,0.635000,0.031000,-0.792000,41.557000,-13.832000,-50.275000,26.46
8.992275,0.657000,0.046000,-0.775000,40.779000,-8.107000,-49.389000,26.55
9.004640,0.668000,0.041000,-0.734000,39.130000,-3.084000,-47.130000,26.51
9.011514,0.668000,-0.003000,-0.718000,33.756000,1.878000,-43.374000,26.46
9.023814,0.656000,-0.043000,-0.714000,28.336000,4.382000,-37.221000,26.51
9.036224,0.594000,-0.041000,-0.698000,20.473000,4.824000,-30.183000,26.51
9.043097,0.676000,-0.095000,-0.737000,17.435000,6.794000,-19.954000,26.55
9.055434,0.699000,-0.119000,-0.719000,10.076000,6.733000,-13.282000,26.55
9.062521,0.711000,-0.087000,-0.736000,4.733000,7.313000,-9.160000,26.51
9.074625,0.706000,-0.052000,-0.759000,2.672000,11.985000,-6.733000,26.46
9.082002,0.707000,0.024000,-0.748000,5.466000,18.458000,-6.611000,26.60
9.094255,0.701000,0.076000,-0.738000,8.122000,20.977000,-8.580000,26.41
9.106561,0.647000,0.091000,-0.744000,9.786000,20.473000,-9.771000,26.55
9.113722,0.563000,0.081000,-0.812000,7.069000,20.336000,-10.458000,26.55
9.126323,0.487000,0.069000,-0.861000,2.702000,18.061000,-9.527000,26.60
9.133219,0.450000,0.061000,-0.889000,-2.565000,14.824000,-7.618000,26.55
9.145353,0.434000,0.092000,-0.914000,-9.176000,12.504000,-5.389000,26.51
9.152682,0.384000,0.171000,-0.998000,-19.802000,10.076000,-3.053000,26.51
9.164693,0.335000,0.281000,-1.052000,-27.603000,1.573000,-6.641000,26.46
9.170727,0.264000,0.413000,-1.133000,-29.969000,-9.420000,-14.870000,26.51
9.183846,0.192000,0.517000,-1.237000,-31.634000,-20.412000,-27.160000,26.60
9.196102,0.115000,0.546000,-1.297000,-31.573000,-31.389000,-41.069000,26.55
9.202714,0.154000,0.494000,-1.326000,-32.870000,-42.489000,-53.130000,26.51
9.214637,0.273000,0.304000,-1.359000,-44.901000,-57.466000,-61.206000,26.51
9.226766,0.383000,0.304000,-1.313000,-61.802000,-76.214000,-69.023000,26.46
9.233761,0.480000,0.240000,-1.142000,-69.893000,-89.221000,-70.000000,26.41
9.245573,0.597000,0.164000,-0.970000,-66.244000,-101.466000,-62.840000,26.60
9.252337,1.140000,0.070000,-0.710000,-18.947000,-95.786000,-31.496000,26.46
9.264472,0.920000,-0.238000,-0.200000,2.321000,-85.985000,-3.740000,26.51
9.276667,1.174000,-0.680000,0.024000,2.061000,-74.382000,14.672000,26.51
9.283620,1.371000,-0.748000,0.329000,-15.237000,-43.023000,20.336000,26.46
9.295669,1.596000,-0.718000,0.641000,-14.290000,-12.458000,28.153000,26.51
9.302987,1.703000,-0.641000,0.941000,10.229000,20.992000,40.107000,26.51
9.314954,1.823000,-0.682000,1.229000,45.435000,55.267000,48.962000,26.55
9.322202,2.162000,-1.168000,1.599000,71.099000,106.321000,46.412000,26.51
9.334490,2.521000,-0.126000,-1.451000,88.855000,78.733000,47.664000,26.60
9.346451,2.034000,-0.027000,-1.607000,25.908000,-58.992000,-8.672000,26.55
9.353669,-0.490000,-0.480000,-0.388000,48.260000,-49.420000,31.252000,26.51
9.365461,0.438000,0.157000,-1.588000,22.733000,17.802000,10.626000,26.51
9.372641,0.869000,-0.654000,-0.972000,-1.863000,-5.313000,5.725000,26.55
9.384920,0.609000,-0.017000,-0.962000,-5.679000,-5.282000,-3.969000,26.51
9.391915,0.490000,-0.059000,-0.915000,-14.534000,6.489000,-0.824000,26.46
9.404149,0.824000,-0.014000,-0.810000,-12.885000,4.809000,-2.015000,26.55
9.416209,0.609000,-0.058000,-0.837000,0.382000,-8.260000,-0.748000,26.60
9.423427,0.624000,0.017000,-0.807000,-11.221000,11.847000,-3.481000,26.55
9.435321,0.679000,-0.037000,-0.795000,-11.527000,19.038000,-3.847000,26.46
9.442488,0.658000,-0.005000,-0.803000,-11.145000,17.802000,-3.450000,26.51
9.454991,0.614000,0.026000,-0.809000,-7.481000,11.588000,-2.992000,26.51
9.466793,0.587000,0.033000,-0.821000,-9.282000,17.405000,-2.916000,26.46
9.473827,0.621000,0.023000,-0.789000,-7.359000,16.550000,-2.504000,26.51
9.486271,0.583000,0.042000,-0.797000,-6.351000,15.374000,-1.969000,26.55
9.493440,0.592000,0.024000,-0.819000,-5.710000,15.542000,-1.252000,26.55
9.505837,0.591000,0.025000,-0.809000,-5.573000,16.962000,-1.099000,26.51
9.512782,0.609000,0.007000,-0.802000,-6.885000,19.130000,-1.313000,26.46
9.524882,0.604000,0.010000,-0.792000,-6.168000,19.588000,-1.252000,26.55
9.531819,0.611000,0.055000,-0.778000,-5.908000,19.573000,-0.351000,26.60
9.544436,0.606000,0.031000,-0.776000,-5.466000,20.901000,0.305000,26.55
9.556782,0.595000,0.023000,-0.775000,-5.771000,21.756000,0.244000,26.55
9.563892,0.582000,0.060000,-0.764000,-4.656000,23.008000,-0.137000,26.60
9.576262,0.591000,0.047000,-0.790000,-3.695000,26.031000,0.290000,26.55
9.583368,0.598000,0.024000,-0.777000,-3.725000,27.786000,0.198000,26.55
9.595637,0.599000,0.043000,-0.766000,-4.382000,30.962000,0.015000,26.51
9.602555,0.623000,0.065000,-0.755000,-1.939000,30.611000,-0.031000,26.55
9.614828,0.666000,0.060000,-0.746000,-1.267000,33.221000,0.229000,26.55
9.621950,0.577000,0.006000,-0.764000,-9.008000,40.519000,-0.763000,26.51
9.634215,0.634000,0.022000,-0.755000,-5.588000,44.748000,-1.954000,26.51
9.646359,0.617000,-0.004000,-0.754000,-5.634000,47.099000,-1.206000,26.46
9.653705,0.548000,0.132000,-0.805000,2.931000,45.145000,-0.122000,26.60
9.666117,0.630000,0.006000,-0.794000,0.885000,57.298000,0.397000,26.60
9.673001,0.625000,-0.010000,-0.794000,2.214000,61.008000,0.107000,26.55
9.685439,0.661000,-0.024000,-0.777000,4.046000,67.618000,-1.038000,26.41
9.692740,0.682000,0.011000,-0.743000,6.244000,68.580000,-1.206000,26.51
9.704848,0.691000,0.010000,-0.737000,8.962000,69.252000,-0.260000,26.46
9.712056,0.691000,0.036000,-0.758000,10.779000,74.183000,0.595000,26.51
9.724308,0.684000,0.065000,-0.781000,14.733000,79.450000,3.084000,26.60
9.731618,0.698000,0.068000,-0.820000,18.763000,84.718000,7.405000,26.55
9.744099,0.688000,0.102000,-0.881000,23.344000,93.908000,14.397000,26.60
9.756067,0.665000,0.049000,-0.865000,26.092000,106.977000,21.313000,26.51
9.762803,0.702000,-0.026000,-0.861000,30.901000,118.458000,24.321000,26.55
9.775029,0.672000,-0.115000,-0.875000,37.435000,127.527000,21.130000,26.51
9.781870,0.644000,-0.081000,-0.898000,44.901000,153.115000,19.069000,26.60
9.794411,0.680000,-0.079000,-0.946000,64.733000,159.786000,18.855000,26.55
9.806296,0.726000,0.021000,-1.046000,75.359000,180.519000,14.351000,26.60
9.813535,0.689000,0.138000,-1.149000,84.275000,211.756000,9.374000,26.60
9.825805,0.640000,0.167000,-1.028000,99.618000,252.687000,25.954000,26.46
9.832682,0.800000,0.040000,-1.023000,88.656000,316.977000,29.786000,26.51
9.844950,1.250000,-0.100000,-1.103000,136.321000,271.191000,41.221000,26.51
9.850277,1.074000,-0.266000,-1.320000,55.939000,414.870000,28.611000,26.46
9.863684,1.088000,-0.353000,-1.000000,62.641000,350.519000,29.344000,26.51
9.876080,1.160000,-0.291000,-1.164000,52.275000,342.321000,13.466000,26.60
9.882736,1.253000,-0.232000,-0.865000,55.573000,366.534000,2.046000,26.46
9.895027,1.543000,-0.156000,-1.060000,44.916000,326.489000,8.809000,26.60
9.902176,1.840000,0.270000,-1.014000,62.702000,298.244000,19.756000,26.55
9.914227,1.880000,0.223000,-1.068000,96.122000,208.107000,38.489000,26.46
9.926729,1.187000,0.055000,-0.833000,113.817000,143.160000,42.458000,26.60
9.933318,0.068000,-0.496000,-1.603000,56.489000,87.405000,51.847000,26.55
9.945889,1.036000,-0.682000,-1.896000,-41.649000,119.389000,71.344000,26.46
9.952835,0.368000,-0.058000,-1.489000,-80.611000,17.542000,95.557000,26.51
9.964591,0.170000,0.248000,-1.080000,-80.611000,11.115000,117.420000,26.55
9.976628,0.192000,0.248000,-1.015000,-68.550000,-12.565000,129.985000,26.46
9.983394,0.179000,0.255000,-0.848000,-69.038000,-21.313000,130.260000,26.51
9.995551,0.238000,0.303000,-0.824000,-79.649000,-27.542000,120.427000,26.55
10.002289,0.352000,0.437000,-0.795000,-87.496000,-45.435000,104.489000,26.51
