# Gait Analysis Data - MPU6050 IMU
# Duration: 10 seconds
# Format: timestamp(s),ax(g),ay(g),az(g),gx(deg/s),gy(deg/s),gz(deg/s),temp(C)
# Note: Document sensor placement (ankle/wrist) separately
timestamp,ax,ay,az,gx,gy,gz,temp
0.001088,0.616000,0.091000,-0.865000,59.405000,-45.282000,13.206000,25.71
0.002129,0.830000,0.063000,-0.813000,66.046000,-72.137000,-46.092000,25.66
0.003219,0.442000,0.127000,-1.188000,54.687000,-66.000000,-62.137000,25.71
0.004051,0.496000,0.308000,-1.110000,63.802000,-65.389000,20.000000,25.71
0.004744,0.420000,0.188000,-1.092000,67.618000,-75.954000,61.313000,25.75
0.005545,0.466000,0.138000,-1.098000,76.458000,-75.527000,38.366000,25.71
0.006282,0.497000,0.220000,-1.005000,74.397000,-102.214000,38.061000,25.75
0.006932,0.427000,0.223000,-1.109000,91.893000,-107.588000,32.656000,25.75
0.007558,0.539000,0.300000,-1.159000,98.840000,-106.672000,17.603000,25.71
0.008327,0.731000,0.291000,-1.157000,107.298000,-127.374000,15.863000,25.66
0.009305,0.583000,0.318000,-1.258000,154.015000,-164.321000,17.053000,25.71
0.010065,0.452000,0.426000,-1.376000,152.977000,-145.267000,24.733000,25.75
0.011081,0.868000,0.532000,-0.963000,130.336000,-123.389000,118.519000,25.75
0.011885,2.115000,0.302000,-0.803000,130.336000,-76.885000,58.122000,25.71
0.012647,0.118000,0.560000,-1.384000,102.351000,-195.679000,57.618000,25.66
0.013448,0.427000,0.615000,-2.011000,57.176000,-71.710000,231.313000,25.66
0.014500,0.100000,-0.012000,-1.648000,115.237000,-228.031000,296.763000,25.71
0.017002,0.404000,-0.156000,-2.118000,161.863000,-242.641000,16.229000,25.66
0.017861,0.549000,0.161000,-1.655000,47.374000,-242.580000,-87.832000,25.66
0.018624,0.444000,-0.135000,-1.542000,77.145000,-238.122000,36.519000,25.71
0.019310,0.452000,-0.367000,-2.043000,102.000000,-220.595000,-53.359000,25.75
0.019964,0.413000,-0.799000,-1.966000,-15.832000,-52.336000,401.405000,25.71
0.020592,0.674000,-0.188000,-0.762000,65.679000,-37.802000,0.489000,25.61
0.021091,1.106000,0.906000,-0.822000,116.534000,9.328000,-6.916000,25.66
0.021674,1.176000,1.009000,-0.162000,-88.885000,-108.794000,53.237000,25.71
0.022164,1.238000,0.176000,-0.447000,-74.595000,27.496000,-113.130000,25.71
0.022635,0.607000,0.563000,-0.126000,-22.748000,-20.489000,15.084000,25.66
0.023101,0.710000,0.519000,-0.372000,-49.634000,23.710000,110.107000,25.71
0.023564,0.881000,-0.049000,-0.466000,-80.580000,22.092000,66.427000,25.75
0.024038,0.637000,-0.140000,-0.373000,-69.802000,82.534000,-26.595000,25.66
0.024635,0.285000,0.059000,-0.290000,-90.397000,80.626000,97.115000,25.71
0.025281,0.552000,0.045000,-0.761000,-133.221000,142.656000,171.634000,25.66
0.025940,0.794000,-0.479000,-0.747000,-160.977000,118.107000,89.618000,25.52
0.026570,0.782000,-0.616000,-0.740000,-145.740000,185.496000,-159.725000,25.61
0.027161,0.473000,-0.357000,-0.644000,-72.534000,124.672000,-191.893000,25.66
0.027865,0.506000,-0.290000,-1.447000,-77.389000,185.756000,-241.435000,25.61
0.028636,0.207000,0.132000,-0.758000,-106.015000,176.580000,-100.336000,25.57
0.029249,0.560000,-0.219000,-1.402000,-87.817000,183.282000,-83.557000,25.66
0.029841,0.480000,-0.260000,-1.282000,-77.603000,172.183000,-125.466000,25.71
0.030417,0.496000,-0.249000,-1.406000,-70.504000,181.130000,-167.450000,25.66
0.031110,0.538000,-0.028000,-0.903000,-147.389000,213.237000,-166.504000,25.66
0.031750,0.275000,-0.319000,-2.045000,-56.214000,188.076000,-202.000000,25.71
0.032586,0.201000,-0.032000,-1.218000,-111.328000,180.794000,-144.626000,25.66
0.033601,0.324000,-0.188000,-1.271000,-110.885000,174.550000,-87.832000,25.80
0.034368,0.478000,-0.226000,-1.261000,-105.527000,178.076000,-111.664000,25.61
0.035120,0.429000,-0.177000,-1.034000,-110.183000,154.290000,-89.756000,25.57
0.035747,0.697000,-0.132000,-1.382000,-116.672000,201.771000,-135.069000,25.71
0.036314,0.375000,-0.112000,-1.351000,-108.305000,174.244000,-49.771000,25.66
0.036865,0.578000,-0.106000,-1.315000,-107.160000,184.916000,-30.626000,25.75
0.037406,0.561000,-0.106000,-1.317000,-101.985000,192.809000,-34.504000,25.71
0.037949,0.519000,-0.074000,-1.286000,-93.588000,193.893000,-25.603000,25.66
0.038653,0.525000,-0.144000,-1.236000,-87.603000,197.756000,-18.733000,25.66
0.039216,0.389000,-0.110000,-1.338000,-88.061000,203.038000,-37.389000,25.71
0.039776,0.367000,-0.080000,-1.255000,-106.061000,207.664000,-44.901000,25.75
0.040326,0.268000,-0.020000,-1.151000,-74.611000,179.450000,-32.519000,25.71
0.040869,0.200000,-0.203000,-1.247000,-44.504000,158.962000,-89.511000,25.66
0.041413,0.064000,-0.108000,-1.491000,-25.618000,152.031000,-99.374000,25.66
0.042138,-0.045000,-0.056000,-1.669000,-45.847000,168.519000,-10.626000,25.71
0.042699,-0.216000,-0.235000,-1.637000,-85.649000,189.374000,103.435000,25.71
0.043253,-0.272000,-0.543000,-1.246000,-48.931000,148.229000,106.611000,25.66
0.043791,-0.445000,-0.987000,-0.977000,-40.443000,103.481000,30.473000,25.61
0.044370,-0.741000,-0.719000,-1.095000,-65.786000,109.573000,-123.969000,25.75
0.044920,-0.518000,0.314000,-1.207000,-269.542000,179.466000,51.008000,25.66
0.045482,-0.465000,-0.449000,-1.930000,-265.389000,132.687000,500.260000,25.71
0.046004,-0.330000,-1.133000,-2.476000,-131.252000,187.679000,153.618000,25.57
0.046497,-0.939000,-0.399000,-1.106000,-190.656000,337.893000,-150.550000,25.66
0.046984,-2.252000,-0.070000,-1.671000,-365.099000,207.634000,414.107000,25.71
0.047476,-1.920000,-1.437000,-1.028000,-145.130000,-201.557000,244.489000,25.57
0.047965,-1.245000,-2.166000,0.362000,121.252000,-500.275000,-500.275000,25.71
0.048457,0.283000,-0.448000,-2.749000,295.756000,-310.443000,-500.275000,25.61
0.048947,0.240000,-0.317000,-2.460000,205.298000,-500.275000,133.328000,25.66
0.049425,1.713000,-1.465000,-3.685000,307.191000,-386.458000,-415.618000,25.71
0.049908,0.917000,-0.334000,-2.194000,436.290000,-69.267000,-500.275000,25.61
0.050380,0.668000,-1.776000,-0.210000,34.595000,205.985000,500.260000,25.66
0.051030,0.276000,-2.177000,-1.560000,110.000000,-140.794000,-295.435000,25.71
0.051656,-0.007000,-0.387000,-0.925000,183.542000,-93.069000,-427.359000,25.71
0.052143,-0.124000,-0.316000,-1.186000,82.168000,-32.748000,92.855000,25.66
0.052618,0.184000,0.652000,-1.028000,85.588000,10.901000,97.466000,25.71
0.053101,0.367000,0.369000,-0.912000,34.076000,-111.786000,196.595000,25.75
0.053558,0.925000,0.103000,-0.954000,48.275000,3.481000,51.649000,25.66
0.054035,0.295000,0.337000,-0.182000,78.519000,-54.168000,-18.779000,25.52
0.054505,0.918000,0.160000,-0.798000,98.550000,-2.611000,-90.412000,25.75
0.054984,0.531000,0.245000,-0.812000,42.427000,-11.817000,-116.168000,25.75
0.055450,0.392000,0.248000,-0.841000,57.237000,19.221000,-75.405000,25.61
0.055909,0.278000,0.282000,-0.807000,17.664000,-10.702000,9.527000,25.66
0.056417,0.378000,0.072000,-0.785000,32.733000,21.649000,21.878000,25.57
0.056927,0.650000,0.184000,-0.838000,-42.290000,-8.198000,6.534000,25.66
0.057408,0.493000,-0.168000,-0.568000,4.107000,26.855000,-17.771000,25.66
0.057916,0.596000,0.161000,-1.031000,-9.893000,-0.229000,-14.504000,25.61
0.058414,0.368000,0.313000,-0.949000,-0.458000,-2.809000,-42.519000,25.61
0.058903,0.461000,0.203000,-0.844000,-12.748000,-13.328000,-12.122000,25.66
0.059383,0.595000,0.196000,-0.654000,-33.282000,-62.321000,-16.656000,25.71
0.059837,0.411000,0.169000,-0.809000,-8.061000,13.817000,-107.374000,25.57
0.060297,0.487000,0.335000,-0.873000,-27.618000,-77.298000,-45.679000,25.66
0.060759,0.506000,0.075000,-0.859000,10.275000,33.130000,-140.550000,25.71
0.061334,0.458000,0.341000,-0.716000,-18.534000,-87.634000,-56.534000,25.57
0.061947,0.213000,0.404000,-0.627000,22.748000,8.885000,-50.641000,25.66
0.062453,0.280000,0.286000,-0.963000,24.076000,-41.389000,37.252000,25.71
0.062925,0.498000,0.276000,-0.937000,-2.977000,-42.214000,77.023000,25.57
0.063438,0.482000,0.500000,-0.639000,44.733000,-71.206000,95.649000,25.71
0.063911,0.691000,0.274000,-0.918000,75.008000,-26.748000,48.840000,25.61
0.064367,0.420000,0.462000,-0.892000,41.450000,-52.824000,98.382000,25.57
0.064812,0.664000,0.236000,-0.709000,37.588000,-64.427000,97.267000,25.71
0.065260,0.761000,0.227000,-0.991000,87.679000,-43.344000,-4.702000,25.61
0.065712,0.458000,0.583000,-1.602000,124.366000,-22.061000,-15.511000,25.66
0.066189,0.635000,0.336000,-1.105000,74.076000,-115.206000,93.588000,25.61
0.066646,0.560000,0.254000,-1.301000,37.969000,-35.817000,-36.611000,25.57
0.067103,0.319000,0.556000,-0.592000,31.954000,-137.603000,59.863000,25.57
0.067573,0.385000,0.446000,-1.217000,43.618000,-59.038000,5.557000,25.71
0.068046,0.264000,0.425000,-1.185000,36.931000,-97.176000,86.916000,25.66
0.068525,0.446000,0.209000,-1.063000,69.359000,-106.305000,63.603000,25.66
0.068991,0.496000,0.159000,-1.072000,96.763000,-73.420000,-18.504000,25.66
0.069454,0.135000,0.076000,-0.928000,92.977000,-83.588000,-18.489000,25.57
0.069908,0.043000,0.315000,-1.304000,45.603000,-46.397000,38.916000,25.61
0.070400,0.178000,-0.011000,-1.021000,48.779000,-81.176000,36.718000,25.71
0.070971,0.296000,-0.057000,-0.886000,94.092000,-26.595000,-12.107000,25.66
0.071652,0.154000,0.249000,-0.708000,92.137000,-103.053000,-103.023000,25.71
0.072135,0.405000,0.420000,-0.851000,54.977000,-56.168000,-147.832000,25.57
0.072581,0.187000,0.719000,-0.625000,56.779000,6.168000,-173.802000,25.66
0.073039,0.409000,0.575000,-1.259000,-2.275000,14.748000,-162.534000,25.61
0.073491,0.233000,0.582000,-0.655000,-46.580000,14.153000,-147.282000,25.75
0.073944,0.215000,0.510000,-0.556000,-19.389000,-14.260000,-122.840000,25.66
0.074400,0.493000,0.229000,-0.514000,-17.435000,17.756000,-180.290000,25.71
0.074848,0.514000,0.132000,-0.371000,-1.023000,21.939000,-267.191000,25.66
0.075278,0.251000,0.127000,-0.572000,-13.191000,43.802000,-272.382000,25.61
0.075722,0.187000,0.150000,-0.829000,-39.221000,29.710000,-200.473000,25.61
0.076182,0.377000,-0.051000,-0.812000,-31.557000,26.382000,-189.221000,25.66
0.076643,0.466000,-0.132000,-0.644000,-35.557000,43.573000,-211.832000,25.71
0.077085,0.419000,-0.161000,-0.790000,-20.244000,63.160000,-224.809000,25.57
0.077515,0.446000,-0.251000,-0.864000,4.626000,61.908000,-250.198000,25.57
0.077948,0.430000,-0.305000,-0.751000,21.603000,71.435000,-274.763000,25.71
0.078383,0.510000,-0.396000,-0.689000,50.580000,80.595000,-327.542000,25.66
0.078817,0.357000,-0.407000,-0.796000,49.786000,80.046000,-386.122000,25.66
0.079239,0.270000,-0.366000,-0.927000,54.626000,98.595000,-462.260000,25.61
0.079670,1.119000,0.642000,-1.013000,55.893000,107.939000,-260.183000,25.66
0.080103,0.277000,-0.122000,-1.042000,78.260000,121.511000,-343.771000,25.71
0.080562,0.297000,-0.083000,-1.046000,90.962000,107.786000,-334.931000,25.66
0.081047,0.261000,0.000000,-0.917000,66.748000,97.557000,-313.618000,25.57
0.081512,0.057000,0.086000,-1.012000,19.267000,103.145000,-231.557000,25.71
0.081949,0.089000,0.197000,-1.085000,27.115000,38.107000,-105.130000,25.66
0.082384,0.424000,-0.205000,-1.266000,-7.908000,13.298000,-107.160000,25.57
0.082826,0.374000,-0.103000,-1.506000,12.458000,78.244000,-53.313000,25.61
0.083257,0.440000,-0.337000,-0.673000,-28.412000,-15.832000,143.802000,25.66
0.083688,1.490000,-1.044000,-1.454000,14.916000,16.947000,-77.389000,25.66
0.084149,0.641000,-0.467000,-0.886000,-1.802000,119.359000,-264.412000,25.71
0.084591,0.582000,0.289000,-1.456000,18.412000,123.038000,-139.939000,25.66
0.085019,0.202000,0.623000,-0.681000,-59.740000,-3.679000,82.519000,25.52
0.085439,0.925000,-0.210000,-0.880000,-2.214000,10.412000,13.496000,25.61
0.085872,0.637000,0.039000,-0.721000,-16.412000,28.412000,-101.527000,25.57
0.086323,0.322000,0.399000,-0.848000,-17.542000,30.351000,-92.855000,25.71
0.086747,0.076000,0.540000,-0.936000,-5.374000,23.099000,24.275000,25.71
0.087176,0.392000,0.424000,-0.944000,-6.244000,8.122000,33.908000,25.66
0.087611,0.328000,0.181000,-1.020000,-23.557000,25.176000,19.924000,25.61
0.088045,0.338000,0.095000,-0.997000,-15.130000,38.870000,30.550000,25.66
0.088473,0.398000,0.237000,-0.913000,-24.168000,63.405000,-5.985000,25.66
0.088923,0.085000,0.316000,-0.840000,-26.015000,28.000000,42.489000,25.71
0.089367,0.432000,0.264000,-0.903000,-43.191000,28.840000,16.962000,25.57
0.089817,0.543000,0.225000,-1.018000,-18.198000,62.534000,-11.008000,25.71
0.090250,0.271000,0.333000,-0.861000,-12.290000,48.015000,36.992000,25.61
0.090717,0.409000,0.284000,-0.724000,-25.328000,57.115000,33.649000,25.75
0.091247,0.438000,0.320000,-0.692000,-36.427000,29.130000,57.389000,25.71
0.091844,0.541000,0.229000,-0.820000,-16.656000,31.878000,27.924000,25.66
0.092274,0.525000,0.217000,-0.759000,-9.252000,35.130000,4.916000,25.57
0.092692,0.467000,0.251000,-0.724000,-11.786000,36.885000,1.985000,25.61
0.093152,0.422000,0.259000,-0.862000,-10.855000,25.420000,22.198000,25.57
0.093598,0.472000,0.214000,-0.769000,-1.847000,17.084000,24.870000,25.57
0.094054,0.582000,0.166000,-0.846000,1.130000,23.145000,-5.313000,25.71
0.094514,0.497000,0.237000,-0.830000,6.550000,28.168000,-19.771000,25.66
0.094961,0.464000,0.293000,-0.868000,7.695000,32.748000,-13.939000,25.71
0.095381,0.461000,0.029000,-0.938000,32.290000,25.985000,72.489000,25.71
0.095796,0.299000,0.303000,-0.820000,9.191000,15.679000,32.321000,25.57
0.096205,0.529000,0.219000,-0.781000,26.046000,14.885000,22.702000,25.61
0.096621,0.569000,0.142000,-0.854000,29.573000,22.382000,-9.740000,25.71
0.097037,0.406000,0.249000,-0.798000,24.168000,18.305000,-7.634000,25.66
0.097761,0.440000,0.147000,-0.846000,-14.183000,0.122000,32.687000,25.61
0.098176,0.499000,0.114000,-0.867000,-12.565000,2.229000,24.931000,25.61
0.098589,0.487000,0.101000,-0.838000,0.382000,-1.496000,4.443000,25.66
0.098998,0.490000,0.123000,-0.890000,0.550000,7.160000,-15.664000,25.61
0.099418,0.427000,0.174000,-0.821000,2.183000,2.519000,-3.435000,25.57
0.102576,0.448000,0.166000,-0.859000,-1.313000,1.756000,11.405000,25.75
0.109785,0.482000,0.128000,-0.866000,-1.893000,1.664000,10.214000,25.61
0.122238,0.473000,0.116000,-0.844000,0.382000,4.260000,-1.496000,25.57
0.129243,0.457000,0.165000,-0.809000,-4.397000,6.840000,6.275000,25.57
0.141767,0.503000,0.129000,-0.853000,-0.641000,-0.733000,9.924000,25.71
0.147234,0.434000,0.145000,-0.872000,-0.290000,4.702000,-4.763000,25.66
0.161003,0.398000,0.208000,-0.854000,-10.214000,11.145000,20.687000,25.66
0.173487,0.430000,0.130000,-0.792000,-4.366000,-9.282000,51.450000,25.71
0.180800,0.590000,0.001000,-0.873000,2.977000,4.733000,4.580000,25.57
0.193036,0.474000,0.097000,-0.835000,15.771000,6.916000,-34.397000,25.66
0.199998,0.434000,0.165000,-0.846000,6.962000,6.550000,-16.473000,25.61
0.212474,0.446000,0.149000,-0.918000,-2.519000,3.893000,-4.626000,25.66
0.222570,0.402000,0.187000,-0.887000,-7.710000,-2.840000,4.504000,25.71
0.232032,0.445000,0.140000,-0.804000,-6.840000,2.534000,9.679000,25.71
0.239345,0.594000,0.070000,-0.736000,1.420000,-3.924000,8.061000,25.66
0.251522,0.607000,0.068000,-0.785000,23.420000,-10.443000,-39.985000,25.61
0.263670,0.461000,0.174000,-1.021000,18.443000,0.763000,-43.298000,25.71
0.270737,0.324000,0.303000,-0.942000,-7.511000,4.336000,36.611000,25.66
0.283228,0.516000,0.043000,-0.881000,-13.252000,2.901000,31.740000,25.61
0.290366,0.488000,0.049000,-0.855000,8.519000,-1.053000,-20.718000,25.57
0.302637,0.388000,0.201000,-0.912000,-3.450000,2.412000,-5.542000,25.66
0.315152,0.450000,0.153000,-0.884000,-17.695000,1.573000,18.947000,25.71
0.322014,0.451000,0.157000,-0.905000,-24.214000,2.748000,27.115000,25.66
0.327847,0.452000,0.146000,-0.905000,-24.947000,-3.130000,40.397000,25.66
0.346697,0.448000,0.118000,-0.836000,-29.237000,6.565000,30.275000,25.71
0.353527,0.500000,0.169000,-0.953000,-15.954000,-1.679000,21.679000,25.57
0.360548,0.464000,0.238000,-0.900000,-23.191000,7.084000,32.137000,25.57
0.372838,0.534000,0.048000,-0.797000,-39.267000,-2.687000,38.733000,25.61
0.379758,0.529000,0.069000,-0.782000,-14.626000,1.847000,-8.931000,25.57
0.392043,0.545000,0.049000,-0.898000,-5.878000,4.015000,-54.198000,25.61
0.399186,0.417000,0.166000,-0.823000,-1.802000,-0.198000,-50.443000,25.66
0.411370,0.400000,0.175000,-0.863000,-8.595000,-2.046000,-14.427000,25.57
0.423531,0.439000,0.161000,-0.858000,-13.084000,-1.099000,7.038000,25.71
0.430675,0.485000,0.128000,-0.835000,-6.046000,-0.275000,9.756000,25.71
0.443066,0.473000,0.103000,-0.820000,-2.672000,-5.832000,-4.321000,25.75
0.450175,0.484000,0.123000,-0.851000,2.076000,-1.038000,-20.412000,25.61
0.463997,0.451000,0.202000,-0.810000,10.137000,-10.443000,0.916000,25.66
0.469524,0.573000,0.138000,-0.790000,17.389000,-23.649000,16.885000,25.57
0.481467,0.715000,0.058000,-0.741000,47.389000,-48.229000,-45.374000,25.61
0.493537,0.740000,-0.028000,-0.650000,87.511000,-63.023000,-152.061000,25.66
0.500218,0.653000,0.267000,-0.432000,102.687000,-50.870000,-118.947000,25.71
0.512719,0.706000,0.559000,-1.645000,85.359000,-39.160000,-87.160000,25.61
0.519933,0.621000,0.496000,-0.941000,46.519000,-73.771000,-30.275000,25.57
0.536981,0.649000,0.257000,-0.755000,67.511000,-69.908000,22.595000,25.61
0.543307,0.601000,-0.057000,-0.915000,69.908000,-99.069000,-33.389000,25.61
0.550354,0.484000,0.421000,-1.039000,35.145000,-88.992000,-10.763000,25.66
0.562868,0.676000,0.031000,-1.124000,40.763000,-95.756000,-3.847000,25.71
0.569787,0.617000,0.129000,-0.944000,28.641000,-98.275000,-35.450000,25.66
0.581899,0.578000,0.222000,-1.040000,23.206000,-88.183000,-34.931000,25.66
0.593910,0.823000,0.117000,-0.902000,27.771000,-78.595000,-28.504000,25.71
0.600935,0.995000,0.079000,-0.681000,40.031000,-74.183000,-54.458000,25.57
0.612979,1.089000,0.026000,-0.690000,35.313000,-56.397000,-79.069000,25.61
0.619457,1.253000,-0.128000,-0.863000,78.611000,-38.595000,-147.206000,25.61
0.631550,0.989000,0.207000,-0.841000,73.969000,-4.473000,-180.580000,25.66
0.643869,1.007000,0.215000,-0.626000,64.641000,7.618000,-157.237000,25.71
0.650650,0.919000,0.300000,-0.588000,58.000000,23.084000,-166.321000,25.66
0.662771,0.821000,0.417000,-0.610000,36.779000,39.466000,-132.962000,25.57
0.669520,0.844000,0.355000,-0.600000,28.489000,46.580000,-129.405000,25.61
0.682128,0.768000,0.397000,-0.623000,21.878000,52.198000,-124.565000,25.66
0.693758,0.770000,0.379000,-0.656000,15.908000,59.160000,-132.397000,25.66
0.700825,0.659000,0.454000,-0.626000,-0.198000,64.397000,-112.229000,25.71
0.712761,0.669000,0.419000,-0.660000,-14.046000,69.786000,-94.947000,25.66
0.719902,0.647000,0.400000,-0.711000,-26.550000,69.511000,-74.473000,25.57
0.731960,0.615000,0.350000,-0.727000,-34.656000,68.122000,-55.252000,25.71
0.743946,0.678000,0.308000,-0.743000,-40.916000,67.359000,-40.656000,25.66
0.750838,0.661000,0.223000,-0.789000,-47.634000,70.275000,-31.466000,25.71
0.762969,0.670000,0.180000,-0.781000,-48.534000,78.260000,-38.931000,25.71
0.769785,0.666000,0.198000,-0.875000,-52.031000,80.992000,-38.061000,25.66
0.782119,0.600000,0.169000,-0.843000,-50.824000,79.679000,-23.908000,25.61
0.787628,0.615000,0.151000,-0.855000,-49.939000,81.832000,-13.466000,25.66
0.801363,0.655000,0.048000,-0.908000,-43.603000,93.282000,-27.115000,25.66
0.812993,0.636000,0.050000,-0.959000,-29.908000,105.099000,-51.115000,25.71
0.819957,0.624000,0.131000,-1.019000,-37.618000,113.863000,-61.023000,25.57
0.832208,0.547000,0.156000,-0.910000,-30.015000,109.221000,-52.672000,25.71
0.844048,0.533000,0.172000,-0.978000,-32.656000,111.038000,-46.672000,25.57
0.850987,0.552000,0.188000,-0.980000,-36.092000,108.122000,-50.580000,25.66
0.862837,0.487000,0.197000,-0.986000,-35.008000,109.130000,-66.565000,25.71
0.869666,0.406000,0.208000,-0.997000,-38.046000,117.191000,-67.954000,25.61
0.882030,0.386000,0.273000,-0.945000,-37.832000,93.603000,-39.664000,25.66
0.894153,0.396000,0.245000,-0.922000,-39.542000,94.244000,-40.412000,25.71
0.901025,0.314000,0.247000,-0.883000,-35.542000,89.298000,-41.313000,25.66
0.913035,0.326000,0.213000,-0.811000,-22.901000,86.534000,-24.076000,25.66
0.920074,0.338000,0.248000,-0.771000,-37.282000,74.015000,-19.298000,25.61
0.932125,0.254000,0.221000,-0.901000,-25.450000,69.344000,2.504000,25.57
0.939260,0.300000,0.239000,-0.918000,-36.641000,75.893000,37.557000,25.61
0.955607,0.377000,0.072000,-0.970000,-45.160000,60.214000,44.656000,25.52
0.963236,0.364000,-0.034000,-0.961000,-26.931000,69.328000,-12.244000,25.47
0.970232,0.401000,-0.084000,-0.980000,-18.015000,54.244000,-54.153000,25.61
0.982342,0.238000,-0.044000,-1.104000,-5.450000,64.137000,-82.412000,25.66
0.989208,0.226000,-0.033000,-1.111000,-13.802000,74.000000,-56.198000,25.66
1.001524,0.174000,-0.149000,-1.022000,-21.481000,72.672000,-47.069000,25.71
1.013651,0.292000,-0.207000,-0.935000,-20.916000,62.382000,-54.641000,25.66
1.020168,0.146000,-0.281000,-0.831000,-14.687000,62.351000,-99.099000,25.66
1.032028,0.186000,-0.205000,-0.829000,-3.252000,45.069000,-69.817000,25.66
1.039023,0.098000,-0.150000,-0.811000,21.985000,67.893000,-81.756000,25.57
1.051063,0.093000,-0.199000,-0.878000,79.267000,28.977000,-96.733000,25.52
1.063439,-0.027000,0.056000,-0.483000,16.916000,9.481000,16.672000,25.61
1.071854,0.022000,-0.049000,-0.848000,-25.496000,19.313000,144.794000,25.57
1.082252,-0.032000,-0.154000,-1.144000,-78.809000,42.550000,118.992000,25.61
1.093983,-0.250000,-0.177000,-1.403000,-147.511000,57.802000,216.672000,25.66
1.100748,-0.270000,-0.953000,-1.430000,-61.618000,-61.191000,207.344000,25.66
1.112464,0.085000,-0.523000,-0.531000,99.389000,-177.481000,-251.481000,25.61
1.119049,0.151000,-0.028000,-1.042000,168.916000,-166.183000,-175.450000,25.66
1.131425,0.090000,0.196000,-1.268000,85.420000,-213.405000,4.336000,25.61
1.143410,1.334000,0.588000,-0.803000,53.313000,-209.481000,46.489000,25.61
1.150265,1.786000,0.488000,-0.968000,82.260000,-78.916000,-10.504000,25.66
1.162464,0.440000,-0.368000,-1.875000,39.176000,3.924000,-127.695000,25.61
1.172987,0.246000,-0.323000,-1.690000,108.855000,-18.687000,40.412000,25.71
1.181167,0.644000,0.573000,-1.027000,162.611000,-104.336000,-55.511000,25.66
1.193476,0.698000,0.767000,-1.379000,96.534000,31.344000,-59.908000,25.52
1.204093,0.220000,0.240000,-1.170000,20.290000,8.718000,142.672000,25.57
1.212758,0.171000,0.226000,-0.913000,30.336000,-36.565000,40.092000,25.66
1.219491,0.386000,0.023000,-0.861000,53.252000,-34.198000,-62.351000,25.52
1.231789,0.314000,0.138000,-1.015000,40.885000,-34.977000,-116.565000,25.57
1.243852,1.225000,0.961000,-0.899000,4.977000,-15.664000,77.603000,25.61
1.251202,0.926000,-0.089000,-0.983000,20.885000,-2.901000,-8.931000,25.71
1.263267,0.600000,0.187000,-0.754000,28.260000,9.786000,-37.802000,25.75
1.270328,0.410000,0.272000,-0.868000,28.397000,1.298000,-3.924000,25.71
1.282825,0.403000,0.290000,-0.853000,13.603000,-6.840000,41.954000,25.57
1.289871,0.552000,0.120000,-0.849000,15.466000,-1.511000,23.344000,25.57
1.302213,0.546000,0.070000,-0.856000,17.634000,-4.519000,8.885000,25.61
1.309067,0.488000,0.084000,-0.846000,10.198000,0.519000,-13.664000,25.66
1.321478,0.473000,0.172000,-0.901000,11.893000,3.725000,12.305000,25.66
1.334044,0.501000,0.211000,-0.876000,7.634000,-3.771000,27.740000,25.61
1.340927,0.551000,0.151000,-0.870000,9.603000,-4.550000,4.092000,25.66
1.353602,0.514000,0.121000,-0.851000,5.573000,-5.664000,-17.237000,25.61
1.360628,0.495000,0.115000,-0.798000,7.954000,-4.748000,-22.473000,25.52
1.372789,0.488000,0.106000,-0.813000,11.221000,-7.221000,-19.649000,25.66
1.379481,0.478000,0.144000,-0.826000,13.069000,-6.000000,-12.229000,25.61
1.391938,0.488000,0.175000,-0.820000,18.489000,-6.000000,-6.107000,25.57
1.398955,0.471000,0.172000,-0.826000,12.489000,-6.840000,3.588000,25.57
1.411324,0.478000,0.164000,-0.784000,14.840000,-10.916000,18.672000,25.61
1.423735,0.511000,0.104000,-0.815000,19.145000,-7.588000,5.008000,25.57
1.430739,0.462000,0.097000,-0.799000,20.947000,-9.511000,3.817000,25.61
1.442994,0.443000,0.077000,-0.774000,19.771000,-13.649000,12.519000,25.71
1.449973,0.491000,0.066000,-0.789000,25.374000,-15.847000,6.427000,25.66
1.462369,0.506000,0.117000,-0.780000,35.053000,-20.656000,15.466000,25.71
1.469455,0.521000,0.087000,-0.842000,34.840000,-18.595000,21.008000,25.66
1.481686,0.422000,0.124000,-0.824000,63.160000,0.947000,-60.901000,25.57
1.493920,0.687000,0.161000,-1.107000,46.580000,-38.076000,-58.092000,25.71
1.500570,0.388000,0.235000,-0.787000,54.382000,-46.244000,-1.405000,25.75
1.512942,0.602000,0.000000,-0.956000,70.962000,-35.969000,-14.595000,25.66
1.520056,0.473000,0.136000,-0.861000,64.443000,-0.198000,-36.992000,25.71
1.532609,0.479000,0.103000,-0.828000,70.275000,-46.702000,-9.725000,25.57
1.544254,0.448000,0.043000,-1.049000,58.534000,-43.298000,-24.321000,25.61
1.551346,0.469000,0.168000,-1.132000,34.046000,-47.237000,11.237000,25.61
1.563691,0.501000,0.082000,-0.873000,47.252000,-58.244000,24.229000,25.66
1.570147,0.487000,0.008000,-0.741000,86.580000,-50.290000,-25.664000,25.52
1.582420,0.380000,0.192000,-0.985000,72.779000,-61.435000,-23.206000,25.57
1.589459,0.468000,0.346000,-0.770000,33.237000,-70.763000,65.282000,25.66
1.601577,0.466000,0.071000,-1.028000,63.786000,-74.931000,21.496000,25.61
1.613780,0.351000,0.220000,-1.133000,56.977000,-76.275000,34.992000,25.66
1.620539,0.464000,0.198000,-1.054000,52.489000,-85.023000,73.908000,25.61
1.632929,0.541000,0.207000,-1.109000,57.573000,-94.779000,69.344000,25.71
1.639997,0.577000,0.274000,-0.975000,58.504000,-118.947000,74.763000,25.57
1.651998,0.471000,0.263000,-1.096000,49.634000,-134.137000,92.519000,25.61
1.663980,0.662000,0.223000,-1.045000,59.511000,-160.763000,82.947000,25.57
1.671026,0.990000,0.335000,-0.827000,93.847000,-195.511000,46.443000,25.57
1.682799,0.776000,0.285000,-0.924000,123.359000,-193.756000,-39.527000,25.61
1.689623,0.525000,0.249000,-1.012000,137.435000,-233.634000,-84.702000,25.57
1.701529,1.581000,0.869000,-1.289000,107.313000,-190.626000,102.748000,25.66
1.713503,0.699000,0.045000,-1.790000,191.710000,-232.611000,-43.053000,25.71
1.720215,0.721000,0.405000,-1.982000,124.061000,-119.359000,-134.641000,25.57
1.731943,0.126000,0.180000,-1.476000,134.962000,-189.176000,215.313000,25.61
1.744134,0.642000,-0.295000,-1.681000,143.740000,-276.550000,130.519000,25.71
1.750570,0.696000,-0.639000,-1.933000,132.427000,-187.802000,122.031000,25.57
1.762628,0.942000,-0.300000,-1.670000,134.489000,-200.137000,-94.046000,25.61
1.769634,1.274000,0.281000,-1.526000,83.786000,-47.252000,7.817000,25.71
1.781922,1.036000,1.262000,-0.719000,15.924000,-1.344000,191.924000,25.66
1.794058,1.709000,2.155000,-0.735000,3.557000,-42.901000,244.672000,25.71
1.801095,0.544000,0.259000,0.042000,-53.023000,-49.542000,91.374000,25.57
1.814867,1.242000,-0.028000,-0.291000,89.588000,-1.832000,56.015000,25.66
1.820000,0.753000,0.494000,0.179000,-145.023000,17.695000,-53.115000,25.61
1.832574,0.562000,0.493000,0.243000,-48.412000,38.305000,125.542000,25.66
1.839346,0.477000,0.080000,-0.155000,-43.084000,8.550000,42.198000,25.61
1.851418,0.534000,-0.026000,-0.165000,-62.855000,106.412000,-1.405000,25.66
1.863453,0.758000,0.165000,-0.581000,-63.740000,119.008000,106.611000,25.57
1.871185,0.686000,0.015000,-0.542000,-109.847000,93.832000,-5.420000,25.61
1.882373,0.554000,-0.286000,-0.785000,-117.115000,133.130000,-6.977000,25.66
1.889078,1.015000,-0.257000,-0.849000,-74.153000,145.969000,-75.588000,25.66
1.904163,0.631000,0.160000,-0.885000,-78.092000,159.832000,-148.336000,25.61
1.913747,0.518000,0.179000,-1.077000,-94.214000,173.420000,-101.130000,25.57
1.919554,0.491000,0.147000,-1.079000,-105.603000,197.069000,-69.481000,25.61
1.931672,0.433000,0.166000,-1.104000,-103.756000,211.221000,-81.008000,25.52
1.943580,0.364000,0.260000,-1.133000,-117.496000,227.237000,-78.321000,25.66
1.950401,0.262000,0.254000,-1.165000,-129.191000,223.420000,-61.099000,25.52
1.966209,0.200000,0.242000,-1.185000,-144.977000,214.824000,-34.168000,25.57
1.969421,0.239000,0.246000,-1.366000,-168.885000,219.053000,3.649000,25.57
1.981400,0.226000,0.134000,-1.332000,-186.092000,204.458000,32.244000,25.57
1.993327,0.322000,-0.017000,-1.369000,-182.656000,192.641000,40.427000,25.66
2.000058,0.547000,-0.102000,-1.465000,-195.221000,227.008000,10.122000,25.61
2.011925,0.373000,-0.407000,-1.694000,-168.244000,200.809000,35.237000,25.61
2.023707,0.577000,-0.531000,-1.453000,-154.427000,209.771000,11.252000,25.57
2.030538,0.545000,-0.448000,-1.522000,-132.855000,217.847000,-15.267000,25.52
2.042257,0.536000,-0.439000,-1.540000,-112.244000,225.771000,-34.321000,25.57
2.049206,0.467000,-0.368000,-1.526000,-101.450000,239.252000,-77.817000,25.57
2.061303,0.365000,-0.357000,-1.585000,-83.985000,232.504000,-95.420000,25.61
2.072845,0.244000,-0.309000,-1.574000,-65.176000,239.115000,-121.878000,25.57
2.079696,0.214000,-0.271000,-1.556000,-62.015000,239.496000,-110.397000,25.61
2.091315,0.111000,-0.317000,-1.578000,-45.649000,228.931000,-156.550000,25.61
2.103382,-0.084000,-0.451000,-1.220000,-10.489000,169.817000,-174.504000,25.57
2.110031,0.527000,-0.162000,-2.235000,-91.695000,258.076000,-323.817000,25.71
2.121882,-0.253000,0.286000,-1.771000,-148.611000,291.527000,254.412000,25.66
2.133475,-0.748000,-0.192000,-1.341000,-192.672000,212.214000,125.405000,25.57
2.140269,-0.178000,-0.659000,-1.871000,-132.092000,179.008000,2.580000,25.42
2.152464,-0.391000,-0.204000,-2.210000,-62.443000,269.496000,11.191000,25.47
2.164099,-0.912000,0.081000,-1.774000,-115.847000,235.603000,286.305000,25.61
2.170725,-0.898000,-0.134000,-1.581000,-225.924000,249.588000,377.435000,25.57
2.182701,-1.192000,-0.764000,-1.712000,-197.389000,196.824000,316.550000,25.57
2.189672,-1.438000,-0.877000,-1.453000,-65.221000,49.282000,64.305000,25.52
2.201437,-1.841000,-0.498000,-1.401000,-120.458000,66.458000,-219.282000,25.57
2.213131,-1.443000,-0.694000,-0.926000,-5.389000,-293.878000,103.924000,25.57
2.219694,-0.932000,-1.509000,-0.345000,150.550000,-500.275000,-440.397000,25.61
2.231548,0.059000,-0.908000,-1.500000,343.878000,-500.275000,-500.275000,25.57
2.243309,1.538000,1.150000,-1.920000,197.038000,-425.771000,0.137000,25.57
2.250453,1.222000,-0.352000,-1.852000,57.756000,-167.603000,151.969000,25.61
2.262124,1.246000,-0.234000,-1.223000,248.977000,-252.885000,-54.305000,25.66
2.274078,1.122000,0.586000,-1.701000,264.824000,-94.000000,30.046000,25.61
2.282624,1.854000,3.068000,-1.677000,-1.176000,-148.748000,165.115000,25.52
2.293155,0.591000,0.050000,-1.955000,134.489000,66.366000,330.519000,25.57
2.300369,0.715000,0.860000,-1.352000,96.412000,18.656000,260.763000,25.61
2.312501,0.593000,0.102000,-0.866000,99.542000,73.878000,261.481000,25.57
2.324147,-0.168000,-0.324000,-0.346000,123.267000,-164.565000,-39.786000,25.66
2.331526,0.728000,0.326000,-1.024000,14.260000,0.336000,-34.534000,25.61
2.343554,0.286000,0.024000,-0.683000,-51.282000,14.504000,58.214000,25.57
2.350564,0.509000,-0.299000,-0.698000,53.450000,-58.519000,27.496000,25.57
2.362626,0.632000,-0.052000,-0.710000,14.458000,-26.092000,-81.863000,25.57
2.369532,0.505000,0.056000,-0.946000,41.496000,-38.122000,-94.672000,25.57
2.381691,0.562000,0.236000,-0.929000,42.031000,-16.366000,0.565000,25.52
2.393877,0.558000,0.169000,-0.826000,27.267000,-26.275000,9.435000,25.61
2.400512,0.747000,0.124000,-0.843000,13.237000,-20.107000,-25.740000,25.57
2.412760,0.661000,0.146000,-0.914000,13.115000,-2.275000,-20.107000,25.52
2.420099,0.589000,0.169000,-0.777000,7.588000,2.229000,-0.137000,25.57
2.432200,0.531000,0.116000,-0.789000,-0.824000,-15.634000,0.260000,25.57
2.439273,0.638000,0.036000,-0.808000,-2.061000,0.931000,-6.305000,25.61
2.451499,0.510000,0.276000,-1.001000,-17.908000,49.756000,-9.374000,25.57
2.463672,0.315000,0.263000,-0.781000,-59.298000,28.092000,60.947000,25.52
2.470869,0.450000,-0.200000,-0.650000,3.435000,-64.901000,19.924000,25.52
2.482929,0.746000,0.054000,-0.568000,-8.840000,-25.527000,-15.420000,25.57
2.490019,0.504000,-0.020000,-0.836000,4.198000,-6.305000,15.985000,25.52
2.503218,0.218000,0.056000,-0.556000,-4.504000,-25.603000,27.740000,25.66
2.509901,0.561000,-0.047000,-0.849000,27.420000,-41.237000,31.084000,25.57
2.521591,0.495000,0.139000,-0.664000,23.527000,-38.489000,14.962000,25.61
2.534404,0.603000,0.050000,-0.941000,45.252000,-96.168000,-22.641000,25.57
2.540668,0.829000,0.078000,-0.659000,57.435000,-63.679000,-76.458000,25.52
2.553989,0.726000,0.107000,-0.953000,70.656000,-35.130000,-108.351000,25.66
2.559436,0.402000,0.300000,-0.862000,77.725000,-59.802000,-47.664000,25.57
2.571644,0.324000,0.234000,-0.911000,58.885000,-29.191000,52.794000,25.52
2.583695,0.507000,0.060000,-1.009000,58.412000,-41.679000,87.466000,25.57
2.590502,0.456000,-0.038000,-0.718000,57.389000,-21.847000,72.992000,25.66
2.602896,0.752000,0.002000,-0.922000,83.053000,-33.450000,17.405000,25.52
2.609733,0.523000,0.031000,-0.830000,83.832000,-53.176000,13.527000,25.57
2.621963,0.465000,0.166000,-0.965000,78.931000,-69.420000,31.817000,25.57
2.627693,0.603000,0.010000,-0.890000,69.496000,-65.435000,61.802000,25.61
2.640984,0.672000,0.271000,-1.080000,54.183000,-58.718000,42.672000,25.57
2.653239,0.985000,-0.017000,-0.848000,45.588000,-77.542000,11.313000,25.61
2.660259,0.377000,0.103000,-1.106000,38.229000,-93.847000,46.534000,25.61
2.672278,0.510000,0.336000,-0.949000,63.527000,-103.267000,79.008000,25.47
2.679456,0.628000,0.207000,-1.029000,83.023000,-114.885000,43.420000,25.61
2.691303,0.684000,0.232000,-0.979000,99.130000,-142.137000,15.023000,25.57
2.703755,0.564000,0.256000,-1.187000,104.733000,-151.954000,27.328000,25.66
2.710436,0.746000,0.509000,-0.993000,75.908000,-167.710000,55.878000,25.61
2.722431,1.028000,0.111000,-1.027000,106.931000,-207.282000,-39.847000,25.66
2.729192,0.838000,0.487000,-1.394000,113.893000,-184.122000,-21.130000,25.52
2.741056,1.180000,0.670000,-1.150000,117.740000,-199.786000,35.664000,25.57
2.753085,0.681000,0.257000,-1.599000,142.641000,-290.550000,28.031000,25.57
2.760329,0.771000,0.470000,-2.031000,44.443000,-125.695000,77.069000,25.52
2.772037,0.178000,0.151000,-1.486000,101.221000,-186.885000,133.634000,25.57
2.784207,0.346000,0.123000,-1.754000,39.954000,-229.969000,175.939000,25.66
2.791059,0.637000,-0.691000,-1.596000,28.718000,-166.824000,82.443000,25.52
2.803210,0.617000,0.025000,-1.493000,119.832000,-193.618000,243.466000,25.57
2.810317,1.363000,0.011000,-1.125000,19.863000,-113.420000,202.748000,25.57
2.822186,1.359000,0.241000,1.499000,79.634000,-168.382000,-28.290000,25.52
2.833945,1.133000,0.657000,0.046000,77.115000,-56.779000,-387.527000,25.57
2.844747,0.423000,0.805000,-0.105000,-13.664000,-26.061000,-216.626000,25.61
2.852783,0.126000,0.454000,0.121000,-65.664000,-29.725000,178.840000,25.61
2.859499,1.062000,0.257000,-0.040000,-115.328000,5.725000,243.695000,25.66
2.871501,0.731000,-0.007000,-0.499000,-29.985000,44.947000,-171.878000,25.61
2.883719,0.768000,0.145000,-0.556000,-71.573000,83.863000,-12.763000,25.57
2.890276,0.643000,-0.523000,-0.527000,-111.359000,45.267000,112.916000,25.47
2.902296,0.515000,-1.139000,-0.575000,-88.382000,159.771000,-152.244000,25.52
2.907905,0.290000,-0.315000,-0.431000,-58.427000,146.168000,-171.038000,25.57
2.920848,0.431000,-0.335000,-0.740000,-53.603000,165.237000,-84.336000,25.52
2.932715,0.598000,-0.479000,-0.943000,-52.718000,176.977000,-161.389000,25.57
2.939446,0.308000,-0.000000,-0.992000,-71.679000,198.336000,-147.008000,25.57
2.951383,0.340000,-0.211000,-1.187000,-87.328000,203.115000,-79.191000,25.52
2.966350,0.379000,-0.485000,-1.778000,-45.420000,219.649000,-144.580000,25.61
2.970053,0.175000,-0.432000,-1.582000,-64.824000,229.023000,-155.267000,25.57
2.983668,0.043000,-0.318000,-1.213000,-78.351000,210.885000,-191.679000,25.52
2.996295,-0.117000,-0.177000,-1.305000,-110.412000,212.198000,-206.458000,25.57
3.000078,-0.130000,-0.072000,-1.297000,-94.275000,177.313000,-133.130000,25.57
3.011884,0.043000,-0.089000,-1.357000,-109.878000,196.580000,-134.260000,25.52
3.023863,-0.052000,0.077000,-1.279000,-137.847000,181.924000,-93.420000,25.57
3.034398,-0.089000,0.114000,-1.164000,-169.542000,181.786000,40.901000,25.52
3.042350,-0.086000,-0.035000,-1.196000,-200.351000,175.191000,96.718000,25.61
3.050367,0.041000,-0.316000,-1.224000,-176.779000,128.427000,10.397000,25.66
3.061203,0.009000,-0.206000,-1.316000,-214.275000,163.130000,-40.473000,25.52
3.073073,-0.195000,-0.373000,-0.738000,-140.656000,119.664000,143.359000,25.57
3.080211,-0.138000,-0.422000,-0.784000,-155.038000,89.053000,-11.481000,25.57
3.091732,0.046000,-0.448000,-1.690000,-200.947000,105.176000,58.397000,25.52
3.103555,-0.560000,-0.299000,-2.834000,-356.779000,197.176000,445.130000,25.57
3.110462,-4.000000,-3.917000,-3.037000,-407.008000,-5.695000,-500.275000,25.47
3.122742,-1.583000,-1.875000,-4.000000,-60.305000,12.824000,-163.313000,25.47
3.133702,-1.578000,-3.247000,-3.444000,208.336000,-80.733000,-73.313000,25.47
3.140491,-1.022000,-0.306000,0.649000,19.221000,371.939000,261.252000,25.52
3.152476,-0.758000,-1.311000,-1.268000,8.260000,-437.695000,500.260000,25.52
3.164269,0.224000,-1.832000,-1.810000,456.122000,-103.863000,-500.275000,25.57
3.171068,-0.495000,0.695000,-0.759000,476.336000,-223.527000,-500.275000,25.42
3.182890,-2.329000,-1.132000,0.954000,-13.420000,-269.206000,477.206000,25.57
3.189994,1.839000,-0.893000,-2.521000,303.298000,173.481000,-500.275000,25.57
3.201799,0.084000,0.112000,-0.854000,41.481000,69.863000,-118.412000,25.61
3.213583,0.017000,-0.111000,-1.215000,140.397000,-23.863000,-223.267000,25.57
3.220610,-0.109000,0.775000,-1.224000,62.122000,16.763000,17.466000,25.52
3.233317,-0.084000,0.616000,-0.920000,25.618000,-25.038000,235.618000,25.61
3.242577,1.254000,0.123000,-1.164000,-31.038000,62.931000,300.931000,25.66
3.251264,0.459000,-0.329000,-1.012000,-13.237000,2.092000,166.580000,25.61
3.263562,0.484000,-0.042000,-0.740000,5.588000,-3.908000,150.229000,25.61
3.270325,0.551000,-0.096000,-0.763000,21.053000,-1.847000,84.626000,25.57
3.282815,0.473000,-0.022000,-0.944000,12.779000,14.962000,43.282000,25.42
3.289992,0.400000,0.140000,-0.941000,11.450000,26.015000,60.748000,25.66
3.302272,0.446000,0.239000,-0.931000,28.504000,46.901000,128.794000,25.57
3.315572,0.511000,0.104000,-0.912000,-0.031000,54.183000,190.168000,25.52
3.321041,0.863000,-0.500000,-0.678000,-21.267000,-8.382000,-71.756000,25.57
3.333205,0.386000,0.195000,-0.992000,68.794000,-28.641000,-36.458000,25.61
3.340140,0.347000,0.046000,-0.938000,119.115000,-24.122000,-28.626000,25.52
3.352612,0.435000,-0.004000,-0.754000,42.809000,-7.786000,25.420000,25.57
3.359695,0.316000,-0.128000,-0.905000,-6.565000,21.588000,36.260000,25.52
3.371744,0.207000,-0.180000,-0.868000,-4.748000,6.947000,40.702000,25.47
3.383383,0.363000,-0.142000,-0.873000,-32.550000,13.313000,-13.053000,25.57
3.390323,0.679000,-0.114000,-0.737000,-31.023000,-11.588000,-52.031000,25.61
3.402536,0.482000,-0.012000,-0.744000,-4.137000,-39.008000,-108.168000,25.57
3.414173,0.654000,0.085000,-1.135000,-35.634000,18.595000,-106.748000,25.47
3.421267,0.669000,-0.042000,-0.827000,-69.832000,-14.977000,-64.763000,25.52
3.432991,0.496000,-0.037000,-0.761000,-38.061000,-37.405000,-105.008000,25.57
3.439589,0.389000,0.094000,-0.871000,9.679000,-25.649000,-81.313000,25.61
3.455370,0.343000,0.212000,-0.899000,-7.023000,-1.588000,1.695000,25.61
3.459035,0.460000,0.011000,-0.875000,-18.977000,19.237000,14.168000,25.57
3.471125,0.321000,0.235000,-0.972000,-46.427000,48.046000,144.382000,25.52
3.483290,0.393000,0.125000,-0.932000,-83.725000,58.366000,259.878000,25.57
3.490273,0.647000,-0.126000,-0.761000,-81.099000,64.351000,155.756000,25.57
3.502469,0.392000,0.181000,-0.607000,-39.359000,39.038000,193.053000,25.52
3.509196,0.447000,-0.156000,-0.663000,-37.679000,3.969000,-15.802000,25.57
3.521415,0.631000,-0.097000,-0.970000,14.336000,-9.969000,-21.557000,25.52
3.533311,0.655000,-0.105000,-0.760000,40.000000,-20.336000,-144.794000,25.61
3.540397,0.393000,0.079000,-0.994000,34.489000,-17.298000,-104.611000,25.66
3.552604,0.476000,0.217000,-0.841000,0.870000,16.412000,18.992000,25.61
3.559754,0.330000,0.115000,-0.925000,-27.008000,33.389000,125.954000,25.57
3.571400,0.447000,-0.068000,-0.844000,-31.099000,30.183000,93.740000,25.57
3.583660,0.526000,-0.090000,-0.760000,-27.588000,22.611000,45.832000,25.52
3.590547,0.458000,-0.114000,-0.868000,-14.351000,18.092000,23.252000,25.66
3.603521,0.509000,0.004000,-0.803000,-5.206000,16.321000,14.718000,25.57
3.610356,0.546000,-0.010000,-0.839000,-4.076000,9.099000,1.191000,25.61
3.622305,0.510000,-0.018000,-0.838000,-2.244000,-1.511000,-10.122000,25.47
3.629583,0.487000,0.022000,-0.836000,2.305000,-6.366000,-31.786000,25.52
3.641668,0.464000,0.028000,-0.837000,11.359000,-6.565000,-30.489000,25.52
3.653530,0.520000,-0.040000,-0.824000,19.481000,-13.160000,-65.695000,25.66
3.660914,0.488000,-0.048000,-0.822000,34.855000,-26.092000,-90.641000,25.61
3.672518,0.430000,-0.058000,-0.894000,42.275000,-23.206000,-121.924000,25.66
3.678321,0.477000,0.121000,-0.875000,31.282000,-16.397000,-90.794000,25.57
3.691591,0.395000,0.186000,-0.890000,-4.702000,8.901000,2.977000,25.57
3.703647,0.475000,-0.020000,-0.865000,-20.550000,7.221000,31.832000,25.57
3.711027,0.538000,-0.007000,-0.793000,-11.160000,4.092000,20.244000,25.52
3.723202,0.579000,0.052000,-0.784000,6.000000,-0.672000,7.282000,25.52
3.730217,0.491000,-0.004000,-0.899000,16.595000,-2.901000,-22.427000,25.57
3.742637,0.430000,0.088000,-0.899000,16.000000,-3.115000,-2.000000,25.61
3.755061,0.479000,-0.036000,-0.838000,13.939000,-1.481000,-8.931000,25.57
3.761340,0.450000,-0.004000,-0.872000,14.412000,-3.649000,-26.061000,25.57
3.773599,0.487000,0.026000,-0.813000,13.939000,0.412000,-14.366000,25.61
3.780641,0.457000,-0.003000,-0.844000,14.107000,1.878000,-8.855000,25.47
3.793174,0.422000,-0.019000,-0.862000,9.832000,6.290000,-0.260000,25.61
3.800490,0.428000,-0.024000,-0.873000,3.527000,6.962000,6.947000,25.61
3.813066,0.511000,0.002000,-0.813000,1.649000,0.260000,21.924000,25.57
3.819616,0.479000,-0.061000,-0.889000,12.061000,-7.740000,-12.473000,25.52
3.831810,0.488000,0.039000,-0.875000,10.061000,-4.229000,-17.664000,25.52
3.844014,0.492000,0.016000,-0.876000,15.053000,-9.695000,-22.779000,25.47
3.851316,0.483000,0.036000,-0.905000,13.313000,-9.985000,-26.168000,25.61
3.863360,0.437000,0.089000,-0.903000,7.038000,-4.336000,-1.740000,25.57
3.870813,0.463000,0.021000,-0.877000,4.702000,-1.847000,10.840000,25.47
3.883015,0.454000,-0.031000,-0.849000,8.336000,-7.969000,16.992000,25.57
3.890000,0.396000,0.043000,-0.908000,-7.420000,4.305000,36.290000,25.57
3.902886,0.458000,0.038000,-0.887000,-16.901000,7.237000,53.053000,25.52
3.909214,0.581000,0.006000,-0.829000,-10.992000,7.725000,46.275000,25.42
3.921732,0.435000,-0.006000,-0.793000,-8.901000,-4.015000,73.389000,25.57
3.933762,0.511000,-0.065000,-0.902000,7.496000,-3.679000,31.740000,25.52
3.940870,0.408000,-0.092000,-0.798000,6.687000,-15.389000,34.794000,25.57
3.953308,0.512000,-0.057000,-0.822000,16.885000,-25.542000,-35.069000,25.47
3.960008,0.389000,-0.029000,-0.892000,18.901000,-22.092000,-40.962000,25.61
3.971793,0.464000,-0.048000,-0.865000,21.069000,-23.649000,-52.061000,25.57
3.983792,0.380000,0.065000,-0.901000,11.221000,-10.107000,-32.748000,25.71
3.992406,0.405000,0.023000,-0.929000,-0.473000,-3.023000,11.603000,25.61
4.003202,0.452000,-0.037000,-0.857000,-5.924000,-1.038000,17.603000,25.57
4.010598,0.446000,-0.093000,-0.864000,-8.962000,5.115000,20.229000,25.52
4.022916,0.381000,-0.096000,-0.876000,1.527000,1.511000,16.931000,25.57
4.030289,0.438000,-0.072000,-0.859000,-0.366000,7.527000,-2.000000,25.47
4.042063,0.457000,-0.096000,-0.853000,8.122000,-0.443000,-10.824000,25.52
4.054211,0.396000,-0.031000,-0.856000,7.206000,-1.802000,-5.985000,25.57
4.061838,0.422000,-0.024000,-0.858000,1.649000,4.550000,4.779000,25.47
4.073890,0.445000,-0.066000,-0.852000,-3.786000,1.802000,6.870000,25.57
4.081280,0.447000,-0.067000,-0.825000,2.977000,-3.267000,2.687000,25.57
4.093329,0.431000,-0.034000,-0.873000,-0.076000,-1.084000,0.244000,25.71
4.100490,0.439000,-0.032000,-0.853000,-0.168000,5.466000,10.611000,25.52
4.112671,0.439000,-0.037000,-0.883000,-3.084000,4.015000,13.496000,25.57
4.119754,0.419000,-0.033000,-0.867000,-4.626000,4.076000,20.718000,25.61
4.132103,0.401000,-0.084000,-0.854000,-3.282000,5.023000,19.985000,25.57
4.144171,0.421000,-0.055000,-0.849000,-5.023000,3.435000,5.618000,25.66
4.151439,0.421000,-0.072000,-0.881000,-5.679000,0.931000,-3.878000,25.61
4.163782,0.426000,-0.005000,-0.872000,-7.359000,5.237000,-2.351000,25.47
4.170943,0.453000,-0.004000,-0.891000,-12.183000,8.366000,3.771000,25.42
4.183089,0.451000,-0.023000,-0.838000,-14.321000,7.389000,1.557000,25.61
4.197878,0.460000,0.036000,-0.866000,-12.443000,5.557000,4.534000,25.47
4.202298,0.468000,0.012000,-0.851000,-10.015000,3.435000,10.656000,25.52
4.209057,0.439000,-0.032000,-0.854000,-5.191000,-1.053000,13.344000,25.61
4.221585,0.421000,-0.058000,-0.855000,-3.908000,-1.634000,9.573000,25.57
4.233852,0.443000,-0.099000,-0.834000,-2.000000,-1.817000,-7.725000,25.61
4.240724,0.402000,-0.062000,-0.856000,-2.046000,-1.985000,-7.328000,25.47
4.253277,0.420000,-0.067000,-0.858000,-5.756000,-0.031000,3.710000,25.57
4.260378,0.416000,-0.068000,-0.875000,-5.695000,1.557000,-8.122000,25.42
4.272600,0.413000,-0.011000,-0.879000,-7.618000,1.466000,0.046000,25.57
4.279893,0.431000,-0.104000,-0.898000,-8.153000,3.664000,-2.092000,25.52
4.292174,0.438000,-0.033000,-0.875000,-8.168000,1.649000,-8.366000,25.52
4.304031,0.440000,-0.006000,-0.882000,-4.779000,-1.191000,-17.786000,25.57
4.311025,0.406000,-0.011000,-0.894000,-0.687000,-2.687000,-17.313000,25.52
4.323254,0.405000,0.001000,-0.889000,-3.405000,2.366000,-8.870000,25.57
4.330337,0.446000,-0.059000,-0.858000,-0.244000,-0.031000,-19.053000,25.57
4.342631,0.434000,-0.022000,-0.849000,1.450000,-5.557000,-22.107000,25.52
4.349300,0.434000,-0.009000,-0.866000,-8.061000,-0.656000,-23.863000,25.47
4.361668,0.430000,-0.031000,-0.837000,-7.389000,3.374000,-4.992000,25.57
4.373992,0.417000,-0.029000,-0.824000,-9.405000,0.031000,-2.733000,25.52
4.380855,0.439000,-0.029000,-0.836000,-7.832000,-3.130000,-12.626000,25.57
4.393197,0.430000,-0.090000,-0.851000,9.679000,-6.153000,-22.275000,25.52
4.399931,0.435000,-0.116000,-0.889000,13.771000,-17.588000,-74.580000,25.52
4.412216,0.441000,0.054000,-0.876000,14.351000,-13.664000,-73.374000,25.47
4.424181,0.429000,0.078000,-0.923000,7.954000,-4.214000,-35.756000,25.61
4.431326,0.435000,0.059000,-0.896000,-4.031000,-6.336000,-12.947000,25.61
4.443940,0.447000,0.036000,-0.874000,5.176000,-0.489000,1.481000,25.57
4.450971,0.378000,0.025000,-0.957000,-2.534000,-2.901000,-3.954000,25.61
4.463525,0.450000,0.026000,-0.888000,-1.023000,2.504000,5.481000,25.57
4.470354,0.434000,-0.007000,-0.874000,0.183000,-1.130000,-3.450000,25.57
4.482655,0.406000,-0.003000,-0.891000,-0.504000,-3.206000,-3.359000,25.61
4.489664,0.411000,0.000000,-0.878000,-4.641000,-1.481000,3.634000,25.57
4.501812,0.396000,-0.034000,-0.860000,-4.046000,-5.725000,2.611000,25.61
4.514084,0.395000,0.004000,-0.890000,-9.802000,-3.557000,17.481000,25.47
4.520950,0.430000,-0.060000,-0.875000,-9.863000,-0.840000,10.198000,25.57
4.536856,0.437000,-0.015000,-0.877000,-4.031000,-2.641000,-3.847000,25.61
4.540195,0.466000,0.035000,-0.905000,-9.313000,-1.221000,0.855000,25.52
4.552567,0.489000,0.036000,-0.894000,-9.481000,-2.183000,12.473000,25.57
4.559870,0.517000,0.056000,-0.862000,-7.527000,-11.679000,11.450000,25.52
4.571824,0.545000,0.104000,-0.903000,-7.756000,-17.130000,23.389000,25.57
4.583724,0.559000,0.105000,-0.934000,-10.595000,-22.031000,29.725000,25.57
4.590927,0.624000,0.113000,-0.990000,-17.282000,-39.969000,19.176000,25.52
4.603075,0.707000,0.035000,-1.023000,1.069000,-48.672000,-1.450000,25.47
4.609865,0.661000,0.065000,-0.999000,12.382000,-59.939000,-64.305000,25.61
4.622398,0.519000,0.351000,-1.091000,17.939000,-46.107000,5.511000,25.61
4.629299,0.773000,0.257000,-1.013000,13.893000,-48.626000,36.931000,25.57
4.641385,0.645000,0.030000,-0.823000,18.885000,-61.771000,47.740000,25.52
4.653663,0.488000,-0.074000,-0.984000,50.229000,-64.336000,36.855000,25.57
4.660880,0.613000,0.241000,-0.529000,27.023000,-56.183000,-7.084000,25.57
4.672851,1.359000,0.500000,-0.520000,45.237000,12.290000,-68.962000,25.61
4.680043,2.318000,1.402000,0.879000,-38.733000,75.313000,-100.824000,25.47
4.691926,2.536000,1.233000,0.779000,-4.321000,123.145000,-62.504000,25.52
4.704049,2.106000,1.783000,-0.020000,-1.038000,165.557000,-166.412000,25.57
4.710945,2.231000,1.644000,0.014000,-47.206000,183.847000,-224.641000,25.57
4.722645,2.294000,2.149000,-0.778000,-117.252000,204.031000,-178.733000,25.61
4.730008,0.169000,0.796000,-0.573000,-186.214000,114.916000,221.802000,25.66
4.741802,0.342000,0.150000,-1.197000,-194.687000,92.336000,46.031000,25.57
4.753442,0.050000,0.455000,-1.886000,-335.282000,254.076000,102.626000,25.61
4.760400,-0.986000,1.318000,-3.950000,-500.275000,500.260000,500.260000,25.57
4.772298,-4.000000,2.247000,-4.000000,-500.275000,500.260000,500.260000,25.66
4.783971,-4.000000,-1.778000,-4.000000,-417.099000,500.260000,500.260000,25.52
4.790637,-4.000000,-2.846000,0.751000,181.176000,-500.275000,-500.275000,25.47
4.802330,-0.802000,-1.099000,-0.949000,500.260000,51.954000,-500.275000,25.61
4.814194,-1.458000,-0.366000,1.630000,73.450000,-500.275000,-500.275000,25.61
4.820806,1.536000,-0.905000,-2.916000,-64.046000,-208.992000,129.115000,25.47
4.832816,0.539000,-2.608000,0.290000,321.267000,-460.672000,-68.855000,25.52
4.839569,1.600000,-1.152000,-2.184000,500.260000,-150.870000,-500.275000,25.57
4.851511,4.000000,4.000000,-4.000000,-46.229000,336.992000,-412.840000,25.57
4.863380,0.559000,-1.149000,0.372000,-127.160000,41.924000,500.260000,25.52
4.870312,-0.191000,-0.914000,-0.476000,-149.130000,241.099000,68.229000,25.47
4.882005,-0.494000,-0.383000,-0.633000,-48.992000,-60.931000,-29.527000,25.61
4.893708,-0.030000,-0.501000,-1.182000,141.740000,-19.023000,-91.863000,25.47
4.900573,0.421000,0.323000,-1.113000,217.664000,-95.542000,-95.389000,25.47
4.912652,0.427000,0.118000,-1.147000,152.489000,16.870000,-184.611000,25.61
4.924619,0.175000,0.265000,-0.922000,132.992000,-12.366000,218.718000,25.52
4.931297,0.848000,1.282000,-0.538000,-1.832000,144.534000,253.771000,25.57
4.943998,0.174000,0.441000,-0.893000,-52.000000,-3.664000,352.687000,25.42
4.950567,0.632000,-0.232000,-0.831000,0.443000,43.298000,24.885000,25.47
4.962493,0.734000,-0.120000,-0.588000,37.282000,-20.733000,-97.649000,25.57
4.969307,0.512000,-0.029000,-0.896000,48.595000,-6.824000,-155.985000,25.61
4.981556,0.406000,0.338000,-0.950000,54.748000,-17.405000,-78.336000,25.57
4.994013,0.462000,0.197000,-0.952000,7.496000,10.534000,30.885000,25.52
5.000742,0.526000,0.015000,-0.806000,18.489000,-14.931000,34.153000,25.52
5.013165,0.579000,-0.038000,-0.839000,47.023000,-18.244000,-36.046000,25.57
5.020295,0.459000,0.046000,-0.806000,38.015000,6.947000,-54.382000,25.52
5.032294,0.497000,-0.002000,-0.939000,24.977000,-1.145000,-28.366000,25.47
5.039282,0.462000,0.010000,-0.850000,14.198000,-4.229000,-2.550000,25.57
5.051487,0.513000,-0.038000,-0.809000,17.237000,-8.855000,-36.901000,25.52
5.063432,0.449000,0.024000,-0.989000,17.160000,-7.160000,-64.015000,25.57
5.070693,0.510000,0.134000,-0.815000,7.527000,-7.359000,-31.344000,25.52
5.082840,0.474000,0.096000,-0.851000,-3.191000,-6.458000,-17.160000,25.57
5.090040,0.536000,0.133000,-0.864000,-7.405000,-1.435000,5.405000,25.47
5.102137,0.502000,0.024000,-0.837000,-0.718000,-10.412000,16.885000,25.61
5.109442,0.470000,-0.020000,-0.885000,-1.985000,-8.382000,-0.290000,25.57
5.121648,0.451000,0.051000,-0.806000,-5.969000,-11.359000,1.695000,25.47
5.133803,0.441000,0.026000,-0.860000,-17.832000,-12.733000,13.099000,25.52
5.140491,0.471000,-0.035000,-0.807000,-8.107000,-22.504000,-23.756000,25.57
5.153008,0.419000,0.052000,-0.874000,9.282000,-11.969000,-68.183000,25.61
5.160131,0.406000,0.125000,-0.844000,-1.008000,-9.588000,-22.672000,25.61
5.172141,0.465000,0.067000,-0.848000,-1.450000,-9.985000,-10.931000,25.47
5.184440,0.498000,0.036000,-0.802000,8.382000,-12.885000,-35.588000,25.52
5.191259,0.507000,0.121000,-0.883000,8.000000,-16.168000,-32.504000,25.52
5.203202,0.434000,0.095000,-0.809000,15.252000,-25.863000,-21.145000,25.57
5.210013,0.482000,0.119000,-0.842000,19.588000,-12.824000,-22.962000,25.61
5.222279,0.484000,0.082000,-0.775000,31.817000,-29.634000,-21.313000,25.47
5.227833,0.578000,0.024000,-0.850000,30.977000,-15.954000,-52.229000,25.57
5.241258,0.641000,0.137000,-0.943000,29.817000,-22.244000,-34.122000,25.52
5.253625,0.657000,0.099000,-0.867000,35.695000,-28.290000,-30.137000,25.66
5.260304,0.494000,0.082000,-0.979000,36.885000,-57.832000,-37.542000,25.47
5.272477,0.402000,0.238000,-0.856000,49.328000,-80.107000,-5.588000,25.47
5.279651,0.400000,0.252000,-0.834000,53.435000,-64.885000,-4.794000,25.57
5.291743,0.632000,0.244000,-1.159000,47.374000,-50.260000,-6.489000,25.52
5.303990,0.617000,0.225000,-0.951000,60.473000,-93.130000,32.565000,25.61
5.310822,0.337000,0.238000,-1.187000,50.687000,-99.023000,47.328000,25.47
5.322982,0.499000,0.185000,-1.146000,55.237000,-112.168000,36.275000,25.52
5.329829,0.642000,0.228000,-1.118000,45.481000,-125.802000,27.237000,25.47
5.341928,0.650000,0.276000,-0.705000,56.962000,-174.595000,9.023000,25.57
5.354194,0.585000,0.190000,-0.838000,78.641000,-168.214000,-32.763000,25.61
5.367935,0.721000,0.297000,-0.963000,62.718000,-173.313000,-100.382000,25.57
5.372680,0.732000,0.439000,-1.288000,56.931000,-155.634000,17.603000,25.61
5.379729,0.770000,0.336000,-1.334000,100.595000,-177.008000,-54.260000,25.61
5.391534,0.591000,0.288000,-1.226000,110.840000,-209.221000,-88.214000,25.47
5.403427,0.907000,0.374000,-1.136000,162.076000,-159.542000,-53.649000,25.61
5.410156,0.994000,0.307000,-1.222000,147.008000,-164.397000,-88.885000,25.47
5.422040,0.470000,0.243000,-1.809000,162.702000,-150.656000,-167.939000,25.47
5.433925,0.427000,0.304000,-1.762000,149.038000,-77.664000,111.374000,25.52
5.440833,0.347000,0.094000,-1.582000,125.679000,-170.366000,104.366000,25.47
5.453022,0.813000,0.288000,-1.498000,125.008000,-151.023000,133.924000,25.52
5.460144,0.730000,-0.184000,-1.672000,66.519000,-147.344000,180.427000,25.47
5.471833,0.542000,-0.465000,-1.318000,86.855000,-136.504000,192.198000,25.47
5.483775,0.954000,0.352000,-1.136000,128.748000,-110.855000,308.855000,25.61
5.490636,0.529000,1.089000,-0.532000,87.725000,-144.321000,232.931000,25.47
5.502568,1.516000,0.866000,-0.482000,-34.473000,-108.397000,-68.824000,25.57
5.509300,-0.157000,0.007000,0.146000,-79.832000,-29.725000,163.053000,25.52
5.521173,0.620000,-0.590000,-0.748000,-14.977000,70.947000,-127.939000,25.47
5.533647,0.478000,0.829000,0.058000,-64.031000,26.794000,113.405000,25.52
5.541496,0.858000,0.334000,-0.461000,-100.611000,60.519000,116.748000,25.52
5.552074,0.900000,0.148000,-0.454000,-110.122000,70.290000,130.733000,25.57
5.557669,0.753000,0.004000,-0.517000,-117.542000,92.824000,78.229000,25.52
5.570786,0.808000,-0.094000,-0.637000,-112.733000,114.214000,76.305000,25.47
5.583099,0.825000,-0.190000,-0.706000,-105.603000,146.870000,4.626000,25.47
5.589733,0.673000,-0.122000,-0.770000,-90.992000,161.328000,-25.237000,25.52
5.601624,0.539000,-0.126000,-0.790000,-72.534000,173.527000,-12.412000,25.57
5.613492,0.650000,-0.003000,-0.931000,-71.603000,184.534000,-48.641000,25.57
5.620582,0.569000,0.019000,-1.082000,-59.695000,191.985000,-82.168000,25.52
5.632651,0.509000,0.059000,-1.316000,-62.595000,205.084000,-97.756000,25.47
5.639359,0.420000,0.098000,-1.426000,-78.229000,223.069000,-62.611000,25.42
5.651545,0.380000,0.129000,-1.389000,-100.611000,239.786000,-8.824000,25.47
5.663206,0.381000,0.019000,-1.298000,-94.107000,232.137000,-67.099000,25.57
5.670552,0.410000,0.135000,-1.288000,-84.901000,232.718000,-97.664000,25.61
5.682194,0.334000,0.297000,-1.269000,-105.603000,238.489000,-56.626000,25.57
5.694108,0.237000,0.176000,-1.300000,-117.511000,232.580000,-18.519000,25.57
5.701135,0.178000,0.196000,-1.307000,-138.290000,228.214000,5.069000,25.52
5.713074,0.148000,0.167000,-1.405000,-141.954000,203.405000,31.954000,25.47
5.720225,0.278000,0.069000,-1.433000,-147.420000,195.954000,70.412000,25.52
5.731885,0.256000,-0.118000,-1.432000,-155.389000,197.053000,57.435000,25.52
5.743898,0.622000,-0.123000,-1.402000,-139.954000,161.511000,23.313000,25.57
5.750753,1.157000,-0.343000,-1.607000,-128.718000,249.420000,70.962000,25.52
5.762618,0.232000,-0.468000,-1.498000,-101.023000,210.351000,-82.809000,25.47
5.769464,0.311000,-0.324000,-1.574000,-60.580000,219.466000,-84.046000,25.57
5.781603,0.368000,-0.349000,-1.585000,-77.267000,245.603000,-73.985000,25.52
5.793443,0.225000,-0.390000,-1.536000,-40.244000,250.061000,-46.015000,25.47
5.800111,0.106000,-0.408000,-1.496000,-9.863000,239.221000,-98.824000,25.47
5.812981,0.348000,-0.923000,-1.634000,59.603000,58.992000,-418.397000,25.52
5.824056,0.378000,0.128000,-2.074000,80.656000,332.611000,-223.634000,25.47
5.831293,-0.362000,0.317000,-2.183000,-128.366000,283.450000,23.588000,25.52
5.843953,-0.292000,-0.333000,-2.082000,-99.176000,345.893000,395.908000,25.47
5.848952,-0.464000,-0.703000,-1.444000,-21.481000,312.992000,320.779000,25.47
5.861054,-0.620000,-0.389000,-1.412000,-4.504000,285.420000,-18.198000,25.61
5.872893,-0.950000,0.212000,-2.045000,-77.847000,363.466000,378.305000,25.57
5.879834,-1.391000,-0.257000,-1.781000,-54.458000,268.779000,500.260000,25.66
5.891886,-2.730000,-0.222000,-1.221000,-73.038000,50.397000,8.366000,25.52
5.903917,-0.880000,-2.008000,-2.993000,78.626000,99.954000,-500.275000,25.57
5.910764,-2.115000,0.606000,-2.471000,-70.824000,-64.031000,205.298000,25.52
5.922252,-1.784000,-0.550000,-1.607000,-124.794000,-415.053000,500.260000,25.57
5.933872,-1.137000,-1.742000,-0.519000,75.527000,-500.275000,-500.275000,25.57
5.940504,0.399000,-0.402000,-3.122000,364.779000,-500.275000,-500.275000,25.52
5.952609,1.991000,1.870000,-2.414000,115.725000,-476.473000,376.260000,25.47
5.959464,2.228000,-0.612000,-1.827000,27.924000,-155.160000,152.382000,25.38
5.971266,1.447000,0.111000,-0.597000,290.031000,-372.397000,-3.008000,25.57
5.983428,3.524000,2.862000,-1.745000,100.733000,10.107000,-8.962000,25.57
5.990457,0.062000,-0.252000,-1.769000,92.015000,107.511000,136.489000,25.52
6.002843,0.408000,0.650000,-1.579000,1.374000,82.214000,25.939000,25.61
6.009673,-0.269000,0.432000,-0.819000,74.901000,66.550000,239.802000,25.57
6.021820,-0.072000,0.385000,-0.581000,51.817000,-61.008000,298.305000,25.42
6.034012,0.271000,0.039000,-0.676000,4.779000,-45.542000,151.496000,25.57
6.041122,0.972000,-0.229000,-0.549000,2.824000,-94.626000,46.061000,25.47
6.053397,0.817000,-0.222000,-0.887000,42.504000,16.885000,0.214000,25.52
6.060247,0.348000,-0.040000,-0.962000,48.244000,-47.527000,-41.191000,25.57
6.072554,0.432000,0.188000,-0.799000,30.366000,-27.527000,-5.344000,25.52
6.079309,0.437000,0.269000,-0.885000,27.832000,-55.008000,30.214000,25.52
6.091352,0.844000,-0.083000,-0.860000,-7.649000,-24.443000,15.389000,25.47
6.103769,0.747000,-0.070000,-1.044000,-8.046000,6.718000,-1.267000,25.52
6.110827,0.478000,-0.083000,-0.914000,22.626000,-13.084000,16.198000,25.38
6.122910,0.487000,0.059000,-0.725000,25.756000,-27.435000,16.779000,25.47
6.129606,0.527000,0.132000,-0.710000,14.321000,-29.893000,-10.382000,25.52
6.141732,0.602000,0.107000,-0.879000,5.969000,-39.527000,-23.389000,25.57
6.153891,0.672000,0.040000,-0.743000,10.305000,-42.412000,-44.473000,25.52
6.160842,0.739000,0.014000,-0.820000,22.626000,-34.641000,-104.504000,25.57
6.172746,0.783000,0.204000,-0.849000,-15.252000,-3.038000,-187.282000,25.57
6.179589,0.590000,0.111000,-0.929000,-20.550000,2.198000,-221.496000,25.52
6.191744,0.489000,0.150000,-0.793000,-32.076000,-5.908000,-120.611000,25.57
6.203696,0.719000,0.089000,-0.760000,22.458000,-27.237000,-188.122000,25.47
6.210815,0.748000,-0.074000,-0.715000,92.382000,-21.710000,-354.565000,25.52
6.226099,-0.197000,0.261000,-0.536000,65.298000,56.183000,-130.611000,25.57
6.229397,0.079000,0.274000,-0.875000,19.695000,14.504000,42.824000,25.52
6.241751,0.221000,0.388000,-0.794000,29.389000,-33.282000,-15.221000,25.52
6.253974,0.271000,0.246000,-0.656000,6.672000,-73.939000,25.008000,25.47
6.261073,0.436000,0.017000,-0.819000,23.802000,-92.565000,9.802000,25.52
6.273145,0.625000,-0.073000,-0.943000,57.252000,-84.305000,-54.397000,25.57
6.281109,0.629000,0.061000,-0.901000,82.336000,-67.481000,-60.443000,25.57
6.292051,0.572000,0.185000,-0.898000,85.725000,-71.328000,-78.305000,25.52
6.303945,0.590000,0.011000,-0.897000,71.740000,-121.725000,-105.771000,25.47
6.316872,0.540000,0.285000,-1.009000,99.893000,-70.901000,-56.672000,25.47
6.323273,0.500000,0.380000,-0.989000,83.893000,-83.298000,36.351000,25.52
6.331112,0.713000,0.242000,-1.195000,72.244000,-104.198000,37.282000,25.47
6.342801,0.473000,0.337000,-1.031000,117.740000,-79.954000,6.046000,25.52
6.350891,0.439000,0.535000,-1.092000,138.626000,-83.893000,-21.038000,25.38
6.361269,0.312000,0.622000,-1.159000,141.939000,-92.366000,23.435000,25.57
6.373176,0.324000,0.629000,-1.012000,124.794000,-154.702000,73.863000,25.52
6.379989,0.712000,0.581000,-1.184000,128.794000,-170.229000,90.931000,25.57
6.391964,0.945000,0.639000,-1.443000,126.153000,-176.458000,133.069000,25.57
6.404048,1.085000,0.419000,-1.332000,141.771000,-202.947000,197.023000,25.42
6.410746,1.029000,0.444000,-1.467000,195.649000,-171.786000,150.000000,25.47
6.423180,0.903000,0.643000,-1.195000,153.863000,-219.847000,133.863000,25.52
6.430313,0.950000,0.701000,-1.562000,185.389000,-226.489000,30.107000,25.52
6.441485,0.679000,0.317000,-2.277000,173.603000,-203.176000,41.679000,25.57
6.453461,1.195000,0.380000,-2.547000,149.603000,-258.427000,81.908000,25.52
6.460597,1.507000,0.130000,-1.856000,60.977000,-79.466000,108.702000,25.52
6.472653,0.426000,-0.185000,-1.070000,73.221000,-233.939000,87.985000,25.57
6.482316,1.074000,-0.505000,-1.180000,91.389000,-217.618000,5.466000,25.52
6.491570,1.224000,0.408000,-0.662000,82.214000,-29.298000,-123.603000,25.57
6.507781,-0.238000,0.993000,-1.120000,163.023000,37.603000,-3.863000,25.57
6.510754,0.449000,1.662000,-0.936000,-6.489000,-121.069000,310.977000,25.52
6.522650,1.469000,0.797000,-0.173000,12.412000,-65.145000,387.954000,25.47
6.530284,1.859000,0.750000,-0.037000,-28.626000,20.000000,314.565000,25.52
6.541955,1.228000,0.805000,0.091000,-117.130000,109.099000,245.542000,25.57
6.553663,0.810000,0.455000,0.013000,-143.511000,112.214000,173.313000,25.57
6.562939,0.658000,0.366000,0.085000,-137.954000,155.634000,175.893000,25.42
6.573189,0.582000,-0.084000,-0.204000,-78.748000,144.885000,162.153000,25.47
6.579643,0.593000,-0.225000,-0.418000,-78.397000,155.084000,66.962000,25.57
6.591242,0.794000,-0.121000,-1.958000,-216.611000,230.992000,-112.763000,25.52
6.603025,0.625000,-0.262000,-0.634000,-106.794000,99.527000,205.405000,25.47
6.609952,1.186000,-0.188000,-0.939000,-118.733000,258.046000,9.115000,25.52
6.622175,0.549000,0.072000,-0.928000,-75.649000,307.053000,-32.076000,25.42
6.634070,0.225000,0.205000,-0.825000,-105.985000,279.359000,-10.885000,25.47
6.640809,0.597000,0.259000,-0.793000,-126.107000,243.786000,0.244000,25.42
6.652932,0.793000,0.110000,-1.086000,-119.817000,275.389000,-31.634000,25.57
6.659671,0.487000,0.070000,-1.198000,-99.954000,287.130000,-36.656000,25.47
6.671690,0.417000,0.161000,-1.288000,-113.450000,271.969000,-26.870000,25.47
6.683546,0.510000,-0.056000,-1.537000,-134.992000,277.420000,-25.695000,25.47
6.690098,0.550000,-0.287000,-1.612000,-140.733000,290.198000,-27.511000,25.52
6.702032,0.575000,-0.412000,-1.700000,-134.290000,306.947000,-54.260000,25.42
6.713759,0.536000,-0.545000,-1.857000,-122.290000,343.847000,-79.847000,25.47
6.720377,0.391000,-0.530000,-1.927000,-126.992000,329.374000,-115.053000,25.52
6.732257,0.429000,-0.954000,-2.103000,-80.275000,323.389000,-147.252000,25.47
6.744200,0.414000,-0.756000,-2.227000,-51.511000,366.168000,-190.290000,25.57
6.750823,0.033000,-0.617000,-2.363000,-38.000000,370.916000,-213.740000,25.52
6.762494,-0.203000,-0.506000,-2.284000,-24.473000,389.893000,-112.107000,25.47
6.769399,-0.788000,-0.759000,-1.743000,26.702000,110.702000,-178.473000,25.52
6.780998,-0.087000,-0.653000,-1.838000,29.817000,251.863000,-227.527000,25.52
6.797705,-0.018000,0.066000,-2.303000,-54.015000,436.427000,174.122000,25.47
6.799784,-1.470000,0.611000,-3.746000,-373.802000,500.260000,500.260000,25.42
6.811275,-4.000000,0.236000,-3.807000,-464.092000,500.260000,500.260000,25.57
6.823233,-3.564000,-0.036000,-4.000000,-356.534000,306.305000,487.511000,25.47
6.829571,-3.281000,-1.340000,-0.427000,-26.321000,-500.275000,-380.519000,25.42
6.841546,-1.175000,-1.475000,-3.625000,23.496000,-500.275000,-500.275000,25.57
6.853338,-1.144000,-1.004000,-0.378000,491.130000,-336.779000,-500.275000,25.57
6.859919,-1.246000,-0.032000,0.081000,324.183000,-500.275000,-500.275000,25.47
6.871839,0.583000,-0.541000,-1.944000,500.260000,-500.275000,-328.718000,25.57
6.883501,2.259000,0.348000,-2.736000,319.969000,-500.275000,-440.595000,25.52
6.890460,4.000000,4.000000,-4.000000,-91.878000,500.260000,-94.870000,25.33
6.902037,-1.913000,-1.039000,-1.043000,491.115000,-287.206000,-349.588000,25.38
6.913926,-0.131000,0.753000,-0.652000,39.954000,86.168000,365.817000,25.42
6.921227,0.498000,1.532000,0.169000,87.771000,-153.573000,88.321000,25.57
6.933428,0.891000,0.614000,-1.140000,56.489000,-38.718000,-61.954000,25.47
6.940247,0.638000,0.586000,-0.608000,-22.305000,31.939000,66.107000,25.52
6.952752,0.457000,0.052000,-0.984000,-23.282000,1.099000,-0.168000,25.57
6.959542,0.238000,0.213000,-0.665000,-20.855000,23.053000,65.908000,25.52
6.971690,0.320000,0.168000,-0.817000,-39.450000,-9.985000,75.344000,25.52
6.983941,0.279000,0.079000,-0.943000,-33.313000,8.748000,-141.893000,25.47
6.991247,0.112000,0.444000,-0.746000,-84.931000,12.901000,49.237000,25.52
7.003002,-0.062000,0.241000,-0.700000,-126.748000,-9.649000,271.954000,25.52
7.009591,-0.154000,0.019000,-0.758000,-136.611000,-38.565000,165.969000,25.47
7.021676,0.446000,-0.517000,-1.004000,-80.931000,-106.534000,89.237000,25.52
7.033790,1.134000,-1.367000,-1.522000,-39.527000,75.786000,72.779000,25.57
7.040445,0.332000,-0.196000,-0.540000,59.664000,-44.214000,-150.198000,25.47
7.052829,0.655000,0.203000,-0.813000,55.344000,-33.771000,-186.122000,25.47
7.059507,0.589000,0.149000,-0.746000,56.397000,-62.855000,-173.160000,25.47
7.071358,0.626000,-0.068000,-0.896000,47.924000,-71.740000,-283.450000,25.42
7.083201,0.689000,-0.062000,-1.056000,20.534000,-54.855000,-402.672000,25.52
7.089702,0.721000,0.073000,-0.844000,102.702000,-49.908000,-327.069000,25.47
7.102116,0.046000,0.782000,-0.638000,136.992000,5.084000,-107.649000,25.52
7.114002,-0.037000,0.777000,-0.336000,33.450000,19.771000,87.588000,25.57
7.120946,-0.204000,0.336000,-0.453000,-24.198000,-42.351000,208.687000,25.47
7.132938,-0.118000,-0.101000,-0.926000,-3.191000,-93.496000,73.740000,25.52
7.139967,0.645000,0.079000,-0.954000,100.702000,9.344000,13.924000,25.57
7.152275,0.692000,0.293000,-1.031000,50.168000,-29.160000,134.855000,25.42
7.163971,0.189000,-0.141000,-0.524000,62.229000,-27.985000,56.031000,25.42
7.171551,0.579000,0.345000,-0.885000,58.504000,-34.718000,52.626000,25.57
7.183462,0.642000,0.114000,-0.683000,60.718000,-27.481000,10.260000,25.42
7.190402,0.608000,0.183000,-1.487000,26.702000,-19.023000,171.344000,25.47
7.206838,-0.758000,0.002000,-1.147000,-37.099000,-119.878000,21.450000,25.47
7.207812,4.000000,-1.234000,-4.000000,125.115000,18.840000,-15.053000,25.52
7.220930,-1.224000,0.454000,0.754000,-32.916000,-135.802000,-78.931000,25.57
7.232989,0.797000,0.192000,-2.226000,-32.718000,-8.473000,169.145000,25.52
7.239909,0.304000,-0.369000,-0.894000,38.000000,-73.847000,-23.420000,25.47
7.252097,0.235000,0.013000,-1.026000,13.374000,-32.947000,-54.931000,25.47
7.259413,0.315000,0.136000,-1.068000,5.710000,-40.916000,43.023000,25.42
7.271379,0.161000,-0.093000,-1.037000,2.504000,-41.466000,-6.168000,25.52
7.283216,0.068000,-0.048000,-1.111000,-23.740000,-14.947000,4.000000,25.47
7.290575,0.012000,-0.025000,-1.133000,-34.611000,-6.519000,13.603000,25.42
7.302685,0.050000,0.006000,-1.062000,-22.321000,0.275000,-19.038000,25.57
7.309876,0.032000,0.073000,-0.940000,-6.992000,9.511000,-22.611000,25.47
7.321657,0.055000,0.125000,-1.065000,-10.076000,13.053000,-18.550000,25.52
7.333842,0.076000,0.091000,-1.050000,-17.603000,15.527000,-16.626000,25.47
7.341184,0.087000,0.070000,-0.949000,-23.221000,8.351000,-25.985000,25.57
7.352781,0.581000,0.179000,-0.758000,-29.786000,25.481000,-25.237000,25.52
7.359877,0.253000,0.037000,-0.891000,-23.557000,20.748000,49.038000,25.47
7.372059,0.495000,0.085000,-0.896000,-12.763000,29.893000,12.763000,25.52
7.379126,0.341000,0.178000,-0.817000,-15.618000,35.511000,26.733000,25.52
7.391266,0.375000,0.198000,-0.943000,-40.931000,34.885000,53.420000,25.47
7.403469,0.135000,-0.108000,-0.932000,-5.725000,8.763000,56.107000,25.42
7.410585,0.433000,0.043000,-0.819000,4.931000,21.817000,-3.832000,25.57
7.422734,0.588000,0.254000,-0.848000,-10.947000,38.382000,12.153000,25.47
7.430047,0.358000,0.028000,-0.673000,22.794000,4.916000,-3.573000,25.52
7.442232,0.205000,0.176000,-1.198000,17.176000,-0.183000,-11.695000,25.57
7.449077,0.528000,0.134000,-0.890000,14.931000,13.771000,-66.137000,25.47
7.461323,0.355000,0.327000,-0.846000,-28.641000,4.641000,-11.664000,25.42
7.473398,0.236000,0.130000,-0.840000,-55.802000,-9.924000,-32.366000,25.57
7.480236,0.621000,-0.062000,-0.932000,-35.695000,-5.389000,-72.427000,25.52
7.492196,0.250000,0.073000,-0.861000,-42.366000,-13.969000,-68.824000,25.47
7.499224,0.369000,-0.027000,-0.969000,-53.603000,-7.069000,88.870000,25.47
7.511594,0.563000,-0.047000,-0.879000,-16.870000,6.840000,0.779000,25.52
7.523892,0.366000,0.164000,-0.907000,-4.275000,10.214000,-25.450000,25.57
7.530744,0.297000,0.208000,-0.843000,-8.504000,-2.840000,3.053000,25.47
7.543226,0.332000,0.112000,-0.906000,-8.229000,-4.794000,3.969000,25.52
7.550045,0.262000,0.128000,-0.828000,-10.656000,-6.718000,-12.611000,25.57
7.562202,0.304000,0.111000,-0.933000,-7.817000,-3.664000,-10.443000,25.42
7.569577,0.318000,0.075000,-0.906000,-3.267000,-1.206000,-20.443000,25.42
7.581721,0.337000,0.059000,-0.879000,2.595000,-3.893000,-19.985000,25.57
7.594052,0.399000,0.061000,-0.877000,10.122000,-2.397000,-27.374000,25.52
7.600895,0.346000,0.058000,-0.880000,16.565000,-1.115000,-28.992000,25.47
7.613044,0.350000,0.077000,-0.905000,18.260000,0.092000,-23.084000,25.47
7.620376,0.273000,0.075000,-0.907000,20.000000,3.328000,-25.435000,25.52
7.635345,0.302000,0.156000,-0.918000,7.649000,4.107000,-37.115000,25.47
7.639502,0.264000,0.094000,-0.859000,-2.947000,1.527000,-37.435000,25.47
7.651860,0.339000,0.031000,-0.885000,0.397000,-7.542000,-30.244000,25.42
7.663871,0.354000,-0.010000,-0.894000,15.573000,1.084000,-52.168000,25.47
7.671133,0.581000,0.226000,-1.025000,16.031000,16.305000,-79.466000,25.52
7.683352,0.299000,0.413000,-0.733000,9.725000,-8.351000,-30.397000,25.47
7.690570,0.500000,0.247000,-0.882000,-8.336000,0.580000,21.420000,25.57
7.702872,0.449000,0.138000,-0.943000,-1.969000,-2.687000,37.191000,25.52
7.709810,0.399000,0.139000,-0.814000,10.672000,-9.786000,13.954000,25.38
7.722182,0.525000,0.208000,-0.932000,30.779000,-21.863000,41.939000,25.57
7.727851,0.615000,0.311000,-0.936000,58.122000,-35.985000,-12.290000,25.52
7.741070,0.563000,0.536000,-0.753000,65.099000,-63.008000,-30.718000,25.57
7.753334,0.510000,0.512000,-1.122000,51.481000,-61.374000,138.260000,25.52
7.760240,0.638000,0.153000,-1.393000,47.847000,-53.573000,61.710000,25.42
7.772328,0.518000,0.431000,-1.071000,55.756000,-68.611000,97.374000,25.57
7.780009,0.573000,0.201000,-0.974000,45.802000,-76.763000,53.969000,25.42
7.791611,0.704000,0.205000,-1.012000,42.992000,-63.008000,95.313000,25.57
7.804000,0.674000,0.203000,-0.979000,19.115000,-61.939000,129.344000,25.47
7.810986,1.857000,0.491000,-0.606000,-4.733000,20.763000,67.679000,25.42
7.823238,2.267000,1.104000,0.252000,-11.893000,62.351000,37.405000,25.47
7.830099,2.490000,1.560000,0.342000,-28.122000,168.473000,1.603000,25.52
7.842282,2.186000,1.221000,0.593000,-25.634000,218.336000,-153.634000,25.52
7.848222,1.943000,1.920000,-0.049000,-56.015000,190.885000,-88.519000,25.47
7.861460,1.377000,1.565000,-0.329000,-94.779000,172.046000,-141.573000,25.52
7.873369,0.255000,0.982000,-0.680000,-178.763000,84.489000,154.656000,25.47
7.879931,-0.444000,-0.015000,-1.623000,-176.305000,182.076000,129.496000,25.57
7.891713,-1.117000,0.495000,-3.029000,-342.626000,312.153000,500.260000,25.52
7.903430,-1.298000,2.133000,-4.000000,-500.275000,500.260000,500.260000,25.47
7.910063,-2.506000,0.267000,-3.545000,-500.275000,500.260000,500.260000,25.47
7.921746,-2.449000,-2.023000,-0.527000,-140.412000,-148.840000,266.687000,25.42
7.933464,-1.844000,-1.188000,-1.004000,378.214000,-278.076000,-500.275000,25.38
7.940014,-0.382000,0.147000,-1.500000,151.267000,-190.275000,-500.275000,25.52
7.952171,-0.364000,0.000000,-2.026000,-169.130000,-41.008000,500.260000,25.52
7.963880,-0.521000,-2.516000,-3.014000,-36.702000,50.504000,298.229000,25.47
7.970771,-0.790000,-1.228000,-1.010000,110.580000,-22.870000,-1.130000,25.61
7.982443,-0.516000,-1.482000,0.560000,273.405000,-229.313000,-260.840000,25.47
7.994190,0.385000,-0.711000,-2.054000,326.473000,-167.221000,-500.275000,25.57
8.000918,-0.009000,0.251000,-1.621000,256.489000,-122.489000,6.122000,25.52
8.013024,-0.235000,-0.155000,-0.492000,296.962000,-211.908000,216.840000,25.47
8.019672,4.000000,4.000000,-4.000000,-201.496000,500.260000,-500.275000,25.42
8.031430,-0.559000,1.185000,1.600000,119.252000,-447.115000,500.260000,25.42
8.043494,-0.447000,0.233000,-0.725000,17.802000,-14.046000,-213.206000,25.47
8.050350,-0.046000,-0.753000,-1.263000,31.466000,-63.450000,-22.702000,25.52
8.062861,0.043000,-0.078000,-1.208000,22.351000,-9.053000,49.206000,25.47
8.069330,1.377000,0.237000,-1.238000,7.221000,163.374000,-135.450000,25.47
8.081549,0.914000,1.135000,-0.936000,52.290000,35.282000,212.366000,25.52
8.093468,0.360000,-0.026000,-0.741000,82.565000,-124.061000,69.817000,25.47
8.100515,0.284000,0.026000,-0.581000,33.344000,-58.626000,-44.534000,25.57
8.112237,0.667000,-0.464000,-0.966000,101.298000,-79.893000,-238.489000,25.52
8.119258,0.479000,0.722000,-0.731000,92.137000,-91.053000,-6.321000,25.38
8.131613,0.394000,0.173000,-0.715000,81.374000,-68.626000,-10.809000,25.52
8.143372,0.427000,0.105000,-0.384000,111.420000,-76.229000,-6.031000,25.52
8.150547,0.855000,0.644000,-0.761000,109.282000,-25.176000,-4.947000,25.47
8.162581,0.758000,0.549000,-0.228000,52.458000,-10.351000,102.397000,25.52
8.169910,1.546000,1.146000,0.034000,28.519000,1.466000,-27.756000,25.47
8.182102,2.130000,1.378000,0.200000,-42.214000,90.763000,-75.267000,25.47
8.194157,1.541000,0.992000,0.199000,-58.733000,125.252000,163.939000,25.57
8.201090,0.804000,0.748000,-0.020000,13.863000,69.298000,-54.519000,25.57
8.212879,-0.425000,0.357000,0.489000,-34.947000,-71.893000,212.427000,25.52
8.219792,0.465000,0.497000,-2.190000,-367.282000,276.550000,235.328000,25.52
8.231768,-0.521000,0.116000,-3.135000,-500.275000,179.313000,472.794000,25.47
8.243519,-3.997000,-1.005000,-3.240000,-347.176000,-97.374000,500.260000,25.52
8.250224,-1.318000,-1.687000,-1.928000,-27.969000,47.405000,92.046000,25.47
8.262284,-0.769000,-1.264000,-0.705000,127.344000,22.733000,-500.275000,25.47
8.273962,-0.495000,-0.681000,0.150000,246.076000,-338.855000,-500.275000,25.52
8.280853,4.000000,4.000000,-1.814000,29.099000,500.260000,-500.275000,25.57
8.292530,-0.681000,-0.099000,-0.168000,251.725000,-285.053000,500.260000,25.52
8.299448,-0.458000,-0.572000,-0.070000,196.229000,19.481000,-500.275000,25.42
8.311354,1.260000,0.807000,-1.073000,241.710000,-30.046000,-500.275000,25.57
8.323084,-0.095000,0.566000,-0.591000,61.939000,84.565000,500.260000,25.52
8.330980,1.328000,0.255000,-1.716000,26.061000,0.718000,16.611000,25.52
8.342533,0.773000,1.242000,-0.153000,235.573000,-88.443000,-286.153000,25.47
8.349557,0.795000,0.942000,-0.812000,23.344000,39.557000,81.267000,25.52
8.361711,1.281000,0.439000,-0.928000,15.344000,25.496000,100.244000,25.47
8.373728,1.064000,0.975000,-0.686000,45.130000,-21.053000,-127.969000,25.57
8.380846,0.919000,0.909000,-0.747000,-16.000000,30.458000,109.924000,25.47
8.392684,0.635000,0.592000,-0.801000,-46.550000,34.977000,151.542000,25.47
8.399874,0.958000,0.132000,-1.106000,-42.519000,42.107000,41.954000,25.42
8.415349,0.696000,0.256000,-0.866000,-21.420000,37.939000,-7.710000,25.42
8.423883,0.827000,0.341000,-0.805000,-26.534000,39.298000,-3.160000,25.47
8.430948,0.737000,0.381000,-0.790000,-28.611000,54.565000,41.053000,25.42
8.442964,0.751000,0.246000,-0.677000,-27.954000,72.031000,53.191000,25.47
8.450225,0.603000,0.164000,-0.648000,2.107000,63.008000,20.397000,25.47
8.462235,0.448000,0.032000,-0.619000,-1.191000,104.962000,-63.282000,25.42
8.469378,0.389000,0.065000,-0.564000,57.176000,72.901000,-236.229000,25.57
8.481376,0.858000,0.805000,-0.559000,-45.725000,107.481000,-30.519000,25.52
8.493439,1.868000,-0.344000,-1.255000,-8.870000,134.183000,147.481000,25.42
8.500264,0.355000,0.495000,-0.771000,13.893000,13.740000,172.855000,25.57
8.512465,0.134000,0.678000,-0.982000,11.511000,22.809000,-244.504000,25.61
8.519566,0.741000,0.323000,-1.109000,0.504000,77.664000,-27.573000,25.47
8.533657,0.802000,0.550000,-0.760000,21.191000,39.771000,-12.748000,25.57
8.546564,0.843000,0.391000,-0.601000,-38.870000,54.229000,-58.809000,25.42
8.551369,0.752000,0.223000,-0.687000,-31.008000,68.015000,-25.573000,25.57
8.562717,0.650000,0.161000,-0.740000,-45.405000,70.443000,-44.366000,25.52
8.569845,0.653000,0.196000,-0.680000,-32.015000,81.313000,-35.786000,25.47
8.581698,0.623000,0.302000,-0.611000,-35.863000,96.687000,-16.763000,25.47
8.594153,0.500000,0.224000,-0.736000,-3.649000,38.992000,-46.046000,25.42
8.600976,0.550000,0.295000,-0.749000,-2.992000,88.595000,17.267000,25.42
8.613621,0.490000,0.218000,-0.757000,-22.473000,61.237000,8.504000,25.57
8.627805,0.502000,0.249000,-0.993000,-33.313000,55.664000,20.168000,25.42
8.632388,0.323000,0.009000,-0.934000,-46.260000,58.534000,-1.786000,25.47
8.639702,0.249000,-0.236000,-0.947000,-60.183000,50.534000,-3.023000,25.47
8.651555,0.322000,-0.454000,-1.013000,-65.832000,67.634000,14.366000,25.52
8.663862,0.261000,-0.722000,-1.244000,-63.191000,96.321000,56.489000,25.38
8.670546,0.079000,-0.925000,-1.460000,-80.534000,97.252000,49.710000,25.52
8.682980,0.019000,-1.107000,-1.344000,-52.321000,112.687000,50.290000,25.42
8.689480,-0.166000,-0.856000,-1.148000,-28.656000,102.870000,9.252000,25.47
8.701588,-0.206000,-0.629000,-1.025000,-16.809000,111.527000,18.947000,25.52
8.713506,-0.206000,-0.154000,-0.647000,-0.412000,58.137000,-93.252000,25.47
8.720384,-0.096000,-0.445000,-0.866000,-20.061000,62.397000,-25.298000,25.47
8.732206,-0.268000,-0.325000,-0.561000,-22.382000,24.824000,59.817000,25.52
8.739142,0.024000,-0.266000,-1.179000,37.771000,17.817000,132.137000,25.57
8.751251,-0.129000,-0.637000,-0.443000,-0.443000,82.305000,15.298000,25.47
8.763376,-0.419000,-0.210000,-0.498000,-141.939000,14.977000,103.771000,25.47
8.769515,-0.729000,-0.050000,-0.489000,-118.779000,-266.153000,173.252000,25.57
8.781548,0.274000,-0.997000,-1.554000,88.672000,-284.733000,-188.122000,25.52
8.793491,0.297000,0.048000,-1.376000,52.840000,-251.542000,-396.473000,25.52
8.800316,0.666000,-0.037000,-1.975000,-31.511000,-235.115000,37.496000,25.47
8.812383,0.449000,-0.927000,-1.741000,163.588000,-157.710000,46.290000,25.52
8.824088,0.797000,-0.615000,-1.948000,241.023000,-279.359000,128.275000,25.47
8.830989,-0.217000,-0.605000,1.139000,180.000000,-47.389000,-500.275000,25.47
8.842933,0.797000,0.635000,-1.448000,209.374000,-55.313000,181.115000,25.52
8.849699,0.862000,0.476000,-1.517000,126.092000,-24.336000,198.992000,25.57
8.862222,0.044000,0.453000,-1.009000,72.137000,16.351000,85.450000,25.42
8.874114,0.527000,-0.306000,-0.859000,-15.786000,61.130000,-64.382000,25.42
8.880907,0.682000,0.233000,-1.166000,45.634000,-27.237000,97.282000,25.47
8.893599,0.455000,0.268000,-1.120000,45.908000,20.641000,42.504000,25.52
8.900475,0.389000,0.118000,-0.363000,38.534000,-9.908000,8.992000,25.57
8.912906,0.584000,-0.007000,-0.730000,29.496000,-3.237000,2.763000,25.57
8.919802,0.566000,-0.066000,-0.655000,18.382000,6.015000,20.336000,25.52
8.932096,0.611000,-0.036000,-0.867000,13.863000,-3.618000,28.244000,25.57
8.947388,0.536000,-0.094000,-0.883000,-2.534000,-3.420000,11.542000,25.47
8.950994,0.532000,-0.007000,-0.886000,2.656000,-1.985000,-0.458000,25.47
8.963557,0.576000,0.013000,-0.771000,1.252000,-4.901000,-6.046000,25.38
8.970612,0.604000,-0.007000,-0.851000,-4.611000,1.679000,15.267000,25.42
8.983025,0.580000,0.011000,-0.849000,-4.855000,7.603000,34.855000,25.42
8.989901,0.540000,-0.066000,-0.785000,-2.901000,2.931000,33.649000,25.47
9.002092,0.508000,-0.088000,-0.788000,4.122000,-9.420000,6.626000,25.42
9.009398,0.510000,-0.100000,-0.785000,2.229000,-12.748000,-15.069000,25.47
9.021144,0.569000,-0.088000,-0.745000,2.153000,-20.031000,-30.473000,25.47
9.033386,0.564000,-0.029000,-0.802000,-0.214000,-30.244000,-29.863000,25.52
9.040264,0.559000,-0.053000,-0.854000,-14.702000,-21.084000,-9.588000,25.47
9.052347,0.544000,-0.143000,-0.834000,-10.198000,-40.916000,-20.824000,25.52
9.059177,0.445000,-0.049000,-0.857000,1.405000,-50.580000,-37.710000,25.52
9.071133,0.636000,-0.080000,-0.889000,3.847000,-36.244000,-103.191000,25.57
9.083359,0.651000,-0.096000,-0.732000,9.466000,-57.374000,-91.847000,25.42
9.090400,0.794000,-0.031000,-0.820000,24.824000,-23.679000,-105.557000,25.47
9.102403,0.707000,0.052000,-0.846000,17.481000,-2.794000,-48.840000,25.47
9.110433,0.441000,0.055000,-0.885000,33.634000,-5.481000,38.672000,25.42
9.121626,0.471000,0.036000,-0.852000,33.466000,-32.092000,-46.458000,25.47
9.133567,0.549000,0.177000,-0.624000,44.427000,-3.359000,-63.893000,25.52
9.141021,0.469000,0.103000,-0.684000,84.427000,-99.649000,-44.901000,25.47
9.152773,0.715000,0.201000,-0.659000,82.611000,-74.015000,-118.656000,25.47
9.159420,0.582000,0.253000,-0.839000,44.779000,-84.947000,-56.183000,25.52
9.171681,0.659000,0.074000,-0.883000,53.649000,-93.038000,-13.069000,25.47
9.183970,0.655000,0.089000,-0.940000,50.550000,-30.901000,74.595000,25.47
9.190790,0.370000,0.113000,-0.716000,91.038000,-136.748000,72.748000,25.52
9.202623,0.695000,-0.125000,-1.089000,96.565000,-152.351000,-136.611000,25.57
9.209973,0.635000,0.274000,-1.416000,153.084000,-141.588000,-89.542000,25.52
9.223297,0.705000,0.392000,-1.485000,142.260000,-137.069000,15.008000,25.42
9.233496,0.664000,0.369000,-1.682000,188.107000,-161.099000,67.252000,25.47
9.240539,0.707000,0.459000,-1.446000,199.527000,-172.260000,26.336000,25.42
9.252481,0.739000,0.464000,-1.720000,244.290000,-217.160000,91.130000,25.47
9.258401,0.871000,0.792000,-1.854000,221.832000,-217.740000,283.985000,25.47
9.271286,1.055000,0.528000,-1.500000,314.168000,-314.916000,368.641000,25.52
9.283115,4.000000,0.160000,-3.448000,327.740000,-59.618000,-108.916000,25.38
9.289950,1.287000,0.822000,-1.676000,98.824000,-201.878000,298.779000,25.47
9.302212,1.648000,0.030000,-1.420000,21.939000,-118.992000,186.947000,25.52
9.313927,1.150000,-0.324000,-1.391000,45.695000,-168.901000,16.962000,25.47
9.320892,0.855000,-0.227000,-1.548000,20.000000,-99.115000,259.786000,25.42
9.332698,0.766000,-0.152000,-1.347000,12.656000,-74.733000,500.260000,25.38
9.339558,0.707000,-0.336000,-0.281000,175.053000,-78.641000,234.015000,25.47
9.351670,1.185000,0.051000,0.171000,335.817000,-181.802000,-362.244000,25.52
9.363583,2.066000,1.586000,0.664000,244.489000,-104.260000,-213.069000,25.38
9.370849,2.280000,2.206000,0.035000,49.450000,126.656000,-25.008000,25.47
9.382682,0.820000,1.212000,0.149000,-150.672000,137.145000,102.641000,25.42
9.389694,0.771000,0.493000,-0.121000,-160.275000,131.267000,113.618000,25.47
9.401546,0.887000,0.537000,-0.235000,-136.336000,155.817000,-0.840000,25.42
9.413167,0.761000,0.403000,-0.225000,-166.229000,148.931000,18.489000,25.42
9.420276,0.804000,0.281000,-0.320000,-128.824000,178.336000,64.947000,25.57
9.432330,0.846000,0.092000,-0.382000,-130.809000,216.122000,13.221000,25.52
9.444300,0.703000,0.045000,-0.442000,-117.924000,230.366000,-1.511000,25.47
9.450875,-1.611000,0.725000,-0.035000,-162.565000,-12.519000,500.260000,25.47
9.462757,0.963000,-0.689000,-1.751000,-134.427000,178.794000,-500.275000,25.42
9.469461,1.512000,0.615000,-1.803000,-174.321000,241.344000,-61.221000,25.47
9.481610,1.259000,0.243000,-1.479000,-191.817000,347.542000,75.145000,25.52
9.493281,-0.350000,0.107000,-1.024000,-220.275000,431.863000,-23.069000,25.42
9.500161,-0.098000,-0.040000,-1.404000,-249.099000,237.634000,19.496000,25.38
9.511738,0.458000,-0.545000,-1.859000,-219.374000,262.565000,-90.916000,25.42
9.523671,0.921000,-0.487000,-1.924000,-179.924000,297.969000,-52.641000,25.47
9.530496,0.735000,-0.344000,-2.049000,-224.092000,326.580000,-41.756000,25.57
9.542803,0.596000,-0.389000,-2.050000,-230.443000,327.832000,25.069000,25.52
9.554141,0.603000,-0.635000,-2.048000,-247.099000,325.878000,32.656000,25.47
9.560725,0.554000,-0.786000,-2.134000,-232.137000,337.282000,1.145000,25.42
9.572703,0.433000,-0.749000,-2.356000,-190.733000,346.336000,-1.130000,25.42
9.579478,0.178000,-0.613000,-2.532000,-176.641000,360.870000,62.229000,25.47
9.591819,-0.095000,-0.888000,-2.337000,-121.985000,294.351000,35.099000,25.42
9.603702,-1.813000,-1.270000,-1.683000,-95.618000,294.153000,-418.046000,25.47
9.610031,-0.585000,-3.118000,-0.784000,-210.015000,130.656000,-500.275000,25.47
9.621808,0.015000,-1.347000,-2.670000,-32.137000,153.969000,-482.321000,25.52
9.633640,-0.293000,0.053000,-2.470000,-126.214000,500.260000,86.534000,25.47
9.640450,-2.792000,-1.124000,-0.781000,83.649000,52.534000,-204.672000,25.42
9.652590,-0.905000,-0.716000,-2.615000,161.618000,223.725000,-19.603000,25.47
9.658182,-1.198000,-0.927000,-1.438000,55.053000,254.183000,179.756000,25.47
9.671191,-1.485000,-0.712000,-1.403000,-157.893000,30.244000,500.260000,25.42
9.682965,-1.240000,-0.369000,-2.250000,21.954000,233.511000,500.260000,25.57
9.689649,-1.817000,-0.366000,-1.741000,-101.298000,-60.641000,500.260000,25.52
9.701859,-1.681000,-1.277000,0.078000,290.718000,-500.275000,-96.687000,25.42
9.713151,-0.513000,-0.462000,-1.393000,405.313000,-500.275000,-500.275000,25.47
9.719759,-0.431000,1.001000,-2.325000,202.000000,-500.275000,-407.282000,25.42
9.731610,1.384000,0.006000,-4.000000,-43.710000,-500.275000,187.924000,25.38
9.743264,1.062000,-0.624000,-2.799000,111.160000,-154.489000,-103.023000,25.38
9.749992,1.272000,-0.101000,-1.289000,286.580000,-309.863000,330.702000,25.52
9.761907,2.245000,0.195000,-0.745000,500.260000,-350.321000,-500.275000,25.57
9.773712,3.924000,2.321000,-1.531000,367.023000,-92.626000,-500.275000,25.52
9.780677,1.591000,1.496000,-1.134000,122.183000,-4.458000,467.603000,25.38
9.792902,0.712000,0.741000,-0.931000,-40.718000,283.176000,500.260000,25.47
9.799249,0.176000,0.491000,-0.520000,-106.855000,212.214000,464.321000,25.42
9.811472,-0.053000,0.046000,-0.560000,-4.580000,70.672000,311.908000,25.47
9.823747,0.152000,-0.052000,-0.968000,19.298000,70.565000,-69.023000,25.47
9.835720,0.192000,-0.094000,-0.834000,72.290000,-113.481000,-227.740000,25.52
9.842271,0.389000,0.279000,-0.859000,-26.000000,-43.221000,-163.176000,25.57
9.849048,0.813000,-0.095000,-0.884000,-59.740000,-30.382000,59.893000,25.42
9.861269,0.803000,-0.246000,-0.808000,-48.229000,-5.710000,94.153000,25.42
9.873216,1.074000,-0.412000,-1.123000,-58.809000,13.802000,212.229000,25.47
9.880037,0.637000,-0.535000,-0.838000,-34.046000,28.840000,54.672000,25.42
9.892268,0.359000,-0.310000,-0.897000,53.710000,-9.786000,84.779000,25.38
9.899353,0.251000,-0.108000,-0.744000,63.802000,-31.389000,-26.000000,25.57
9.911121,0.390000,-0.075000,-0.753000,28.000000,-49.817000,-109.832000,25.52
9.923287,0.676000,-0.163000,-0.830000,19.191000,-49.588000,-82.779000,25.38
9.930636,0.854000,-0.091000,-0.972000,27.496000,-25.878000,-86.870000,25.47
9.942068,0.635000,-0.016000,-0.778000,-17.634000,-20.992000,-48.321000,25.42
9.953955,0.475000,-0.194000,-0.704000,-20.687000,-63.908000,-102.015000,25.38
9.960679,0.648000,-0.032000,-0.946000,-8.290000,-9.298000,-119.771000,25.42
9.972933,0.531000,0.010000,-0.727000,1.450000,-38.840000,-75.435000,25.38
9.980291,0.630000,0.052000,-0.826000,23.023000,-37.481000,-148.611000,25.47
9.992166,0.647000,0.085000,-0.820000,48.260000,-64.565000,-104.595000,25.42
10.003916,0.760000,0.321000,-0.935000,43.985000,-47.756000,-16.351000,25.47
