# Gait Analysis Data - MPU6050 IMU
# Duration: 10 seconds
# Format: timestamp(s),ax(g),ay(g),az(g),gx(deg/s),gy(deg/s),gz(deg/s),temp(C)
# Note: Document sensor placement (ankle/wrist) separately
timestamp,ax,ay,az,gx,gy,gz,temp
0.001704,-0.913000,0.230000,-1.804000,-146.000000,197.817000,-97.176000,25.99
0.002383,-0.255000,0.495000,-1.449000,-198.076000,124.107000,135.878000,25.94
0.002876,0.026000,0.448000,-1.123000,-217.313000,89.282000,214.092000,25.94
0.003341,0.320000,0.318000,-0.976000,-198.351000,101.115000,169.420000,25.99
0.003841,0.595000,0.283000,-1.156000,-158.550000,121.649000,74.397000,26.04
0.004728,0.781000,0.297000,-1.293000,-164.916000,145.542000,11.252000,25.89
0.005221,0.593000,0.312000,-1.153000,-151.191000,157.710000,-80.748000,25.89
0.005684,0.404000,0.320000,-1.129000,-143.389000,162.183000,-105.710000,25.94
0.006144,0.299000,0.196000,-1.149000,-132.061000,146.824000,-78.397000,25.89
0.006775,0.230000,0.087000,-1.047000,-128.305000,120.015000,-30.626000,25.99
0.007557,-0.016000,-0.541000,-0.995000,-74.244000,-17.603000,-18.641000,25.94
0.008027,0.151000,-0.381000,-0.960000,-126.672000,77.176000,-392.550000,26.08
0.008556,-0.336000,-0.521000,-1.648000,-11.985000,178.305000,-193.603000,25.99
0.009063,-0.404000,-0.446000,-0.988000,108.122000,158.504000,41.954000,26.04
0.009528,-0.332000,-0.594000,-1.414000,106.718000,-28.794000,258.687000,25.99
0.010016,-0.021000,-0.210000,-4.000000,-395.099000,188.824000,122.137000,25.94
0.010530,-1.582000,-1.876000,-2.681000,-8.779000,-21.664000,146.336000,26.04
0.011057,-2.279000,-0.478000,-3.943000,-452.748000,394.168000,-392.962000,25.99
0.011584,-1.173000,-1.575000,-4.000000,-500.275000,392.977000,500.260000,26.04
0.012128,-2.502000,-2.517000,-1.750000,-239.908000,5.603000,262.412000,25.94
0.012615,-1.859000,0.392000,2.336000,-67.817000,-134.870000,-115.695000,25.99
0.013122,-0.951000,-2.501000,1.896000,185.817000,-500.275000,184.748000,25.94
0.013617,1.786000,-2.008000,-3.946000,500.260000,-293.802000,-500.275000,25.94
0.014097,0.727000,-0.228000,-1.896000,500.260000,-84.122000,-493.695000,25.89
0.014567,1.045000,-0.098000,-2.448000,460.809000,-34.198000,370.962000,26.04
0.015058,-2.120000,-0.220000,3.830000,336.611000,-500.275000,500.260000,26.04
0.015566,-0.209000,-1.810000,-2.261000,-165.542000,163.725000,-59.740000,25.99
0.016116,-0.410000,-1.043000,0.284000,152.840000,-63.740000,-241.282000,25.94
0.016895,-0.016000,-0.807000,-1.401000,296.153000,-59.313000,-247.069000,25.94
0.017657,1.664000,4.000000,-1.856000,107.527000,218.656000,-121.481000,25.99
0.018346,0.938000,-0.141000,-1.931000,107.298000,17.740000,-70.824000,26.04
0.019086,0.041000,0.590000,-0.769000,82.718000,-10.427000,-24.901000,25.94
0.019873,0.321000,0.449000,-1.099000,38.092000,-8.229000,38.168000,25.99
0.020784,0.349000,0.371000,-0.942000,14.076000,-18.580000,51.069000,25.94
0.021693,0.410000,0.343000,-0.880000,-3.008000,-7.282000,8.656000,25.94
0.022643,0.390000,0.370000,-0.869000,0.122000,-7.115000,-34.947000,26.04
0.023478,0.345000,0.356000,-0.935000,-1.374000,-6.305000,-65.588000,26.04
0.024292,0.191000,0.434000,-0.886000,-12.153000,4.489000,-67.069000,25.99
0.025001,0.214000,0.435000,-0.892000,-19.588000,0.427000,-23.466000,25.89
0.025682,0.242000,0.423000,-0.897000,-29.298000,-6.260000,6.427000,26.04
0.026391,0.306000,0.358000,-0.877000,-31.908000,6.000000,-0.321000,25.99
0.028202,0.324000,0.374000,-0.899000,-29.863000,5.893000,-12.137000,26.04
0.028993,0.308000,0.438000,-0.791000,-25.221000,3.893000,-18.397000,25.94
0.029684,0.311000,0.485000,-0.809000,-30.275000,9.145000,-23.298000,25.89
0.030359,0.326000,0.440000,-0.866000,-30.565000,7.389000,-30.122000,25.99
0.031046,0.350000,0.397000,-0.749000,-23.878000,18.519000,-56.061000,25.94
0.031697,0.352000,0.504000,-0.843000,-14.137000,4.519000,-44.153000,25.89
0.032325,0.221000,0.458000,-0.693000,-2.534000,-1.053000,-28.855000,26.04
0.033123,0.295000,0.482000,-0.750000,1.908000,-0.214000,-13.924000,25.94
0.033902,0.296000,0.440000,-0.789000,10.290000,-3.557000,-1.053000,25.99
0.034598,0.324000,0.485000,-0.694000,20.718000,-10.076000,11.450000,25.99
0.035281,0.323000,0.418000,-0.823000,35.313000,-4.092000,-16.962000,25.94
0.035972,0.262000,0.433000,-0.843000,34.168000,-8.748000,-17.099000,25.99
0.036636,0.752000,-0.029000,-1.856000,-10.229000,71.282000,-99.389000,26.04
0.037308,0.564000,0.306000,-1.250000,56.916000,-19.084000,-21.221000,25.94
0.037928,0.209000,0.497000,-0.683000,71.496000,-33.252000,11.481000,26.08
0.038559,0.266000,0.409000,-0.671000,105.863000,-23.695000,-10.931000,25.99
0.039190,0.357000,0.530000,-0.855000,128.794000,-15.740000,-18.779000,26.04
0.039880,0.267000,0.432000,-0.800000,154.901000,-24.107000,-13.374000,25.99
0.040598,0.177000,0.598000,-1.232000,158.015000,-3.603000,-10.305000,25.94
0.041202,0.310000,0.406000,-1.062000,199.908000,-44.427000,28.779000,25.94
0.041785,0.270000,0.407000,-1.134000,201.374000,51.679000,48.901000,25.99
0.042356,0.414000,0.386000,-1.087000,197.466000,-51.557000,106.397000,25.99
0.042931,0.340000,0.430000,-0.966000,171.405000,-18.290000,128.901000,26.04
0.043489,0.513000,0.130000,-1.097000,172.412000,-55.008000,111.099000,25.99
0.044050,0.548000,0.368000,-1.198000,141.282000,-38.366000,60.595000,25.94
0.044616,0.331000,0.273000,-1.055000,109.038000,-41.969000,-14.901000,26.04
0.045181,0.060000,0.176000,-1.071000,77.038000,-56.076000,8.809000,25.99
0.045732,0.214000,0.316000,-1.168000,43.344000,-21.756000,18.687000,25.99
0.046280,0.299000,0.265000,-1.235000,29.649000,-44.779000,38.443000,26.04
0.046836,0.288000,0.198000,-1.053000,19.863000,-39.756000,-12.458000,25.99
0.047408,0.197000,0.268000,-1.179000,18.901000,-28.550000,-23.008000,25.94
0.047950,0.148000,0.252000,-1.101000,9.695000,-35.664000,-4.992000,25.94
0.048490,0.245000,0.305000,-1.376000,22.015000,-35.313000,13.023000,25.99
0.049033,0.196000,0.295000,-1.001000,13.939000,-32.916000,2.092000,25.94
0.049535,0.258000,0.423000,-1.060000,8.611000,-18.031000,-50.229000,25.94
0.050159,0.204000,0.728000,-0.966000,14.046000,-9.588000,-50.595000,25.99
0.050805,0.168000,0.813000,-0.777000,3.649000,-8.672000,-50.992000,26.04
0.051339,0.039000,0.953000,-0.574000,7.237000,-17.969000,-67.878000,25.94
0.051864,0.048000,1.075000,-0.937000,19.878000,-17.023000,-53.618000,25.99
0.052414,0.094000,0.979000,-0.667000,-4.458000,-24.412000,-5.115000,25.94
0.052941,0.257000,0.822000,-0.567000,-13.725000,-22.962000,-9.328000,26.04
0.053451,0.326000,0.698000,-0.510000,-14.489000,-8.733000,-60.412000,25.99
0.053962,0.316000,0.665000,-0.589000,-20.611000,8.824000,-99.191000,26.04
0.054485,0.335000,0.655000,-0.631000,-30.153000,16.931000,-113.634000,25.94
0.055006,0.372000,0.621000,-0.652000,-36.779000,29.115000,-136.183000,25.99
0.055515,0.272000,0.594000,-0.601000,-33.542000,36.855000,-166.260000,25.94
0.056033,0.230000,0.634000,-0.699000,-36.107000,47.588000,-178.534000,25.94
0.056544,0.241000,0.603000,-0.815000,-49.008000,47.084000,-178.504000,25.99
0.057062,0.296000,0.538000,-0.871000,-54.061000,49.924000,-188.260000,26.04
0.057573,0.321000,0.440000,-0.909000,-53.710000,56.275000,-207.740000,26.04
0.058079,0.331000,0.371000,-0.879000,-59.710000,63.313000,-227.344000,25.89
0.058588,0.351000,0.311000,-0.856000,-60.824000,66.443000,-243.511000,26.04
0.059105,0.332000,0.273000,-0.888000,-59.160000,71.893000,-256.351000,25.94
0.059618,0.334000,0.254000,-0.944000,-59.832000,73.878000,-249.664000,25.99
0.060194,0.394000,0.200000,-0.999000,-58.198000,75.374000,-250.901000,25.94
0.060713,0.436000,0.176000,-1.037000,-51.298000,77.786000,-264.870000,26.04
0.061191,0.467000,0.135000,-1.117000,-42.473000,78.305000,-271.206000,25.89
0.061666,0.500000,0.050000,-1.144000,-36.153000,75.985000,-266.061000,26.04
0.062148,0.529000,-0.026000,-1.105000,-25.969000,81.725000,-272.992000,25.94
0.062625,0.540000,-0.114000,-1.034000,-18.885000,85.130000,-285.893000,25.99
0.063095,0.505000,-0.106000,-1.043000,-8.519000,86.092000,-287.969000,25.94
0.063571,0.439000,-0.131000,-1.027000,-3.832000,92.916000,-297.328000,25.94
0.064038,0.305000,-0.057000,-0.987000,3.130000,96.443000,-310.198000,25.99
0.064508,0.217000,-0.022000,-0.926000,-0.977000,82.824000,-275.847000,25.94
0.064976,0.253000,-0.013000,-0.889000,-7.542000,65.206000,-237.618000,25.85
0.065488,0.324000,0.007000,-0.880000,-14.305000,55.603000,-216.794000,25.99
0.065959,0.387000,0.022000,-0.855000,-26.901000,47.924000,-192.626000,25.94
0.066438,0.460000,0.013000,-0.786000,-36.275000,42.076000,-160.550000,25.94
0.066907,0.518000,0.004000,-0.697000,-59.893000,37.405000,-126.656000,25.99
0.067392,0.559000,-0.055000,-0.611000,-78.611000,32.061000,-85.832000,25.94
0.067882,0.838000,0.171000,-1.723000,-19.313000,115.237000,-102.901000,25.94
0.068360,0.969000,0.059000,-0.843000,-24.962000,97.145000,199.389000,26.08
0.068832,1.477000,-0.760000,-0.896000,-68.595000,99.405000,269.466000,25.94
0.069308,1.401000,-0.850000,-2.153000,-65.634000,84.107000,-200.779000,25.94
0.069891,0.864000,-0.983000,-0.843000,-74.290000,153.282000,-435.893000,26.08
0.070558,0.546000,-0.777000,-1.678000,30.779000,282.321000,-481.344000,25.94
0.071046,-0.020000,2.155000,-2.924000,147.771000,101.878000,-104.168000,25.94
0.071528,1.252000,0.735000,-1.228000,-136.244000,-23.053000,418.153000,25.99
0.071993,1.632000,0.225000,-0.603000,-72.015000,-46.962000,68.763000,25.94
0.072454,0.790000,0.409000,-0.580000,56.626000,45.008000,-382.489000,26.04
0.072908,-0.073000,0.673000,-0.930000,63.176000,91.466000,-421.053000,25.89
0.073361,-0.235000,1.010000,-0.826000,38.534000,37.405000,-151.206000,26.04
0.073801,-0.197000,0.693000,-0.984000,1.527000,-24.061000,83.878000,25.94
0.074262,0.095000,0.362000,-0.992000,-10.305000,-0.916000,111.267000,25.89
0.074706,0.153000,0.438000,-0.904000,5.267000,22.824000,34.427000,25.94
0.075190,0.124000,0.511000,-0.838000,9.481000,37.740000,7.145000,25.94
0.075653,0.165000,0.515000,-0.859000,5.893000,44.733000,9.206000,25.89
0.076093,0.213000,0.505000,-0.865000,0.962000,41.191000,26.397000,25.94
0.076532,0.331000,0.391000,-0.855000,11.282000,5.710000,40.748000,25.99
0.076991,0.441000,0.368000,-0.954000,-9.817000,28.977000,-13.542000,25.99
0.077439,0.363000,0.399000,-0.918000,-18.626000,39.099000,-55.542000,25.94
0.077891,0.284000,0.398000,-0.931000,-18.779000,45.191000,-48.397000,25.99
0.078330,0.246000,0.264000,-0.871000,-1.145000,41.008000,44.275000,25.99
0.078770,0.222000,0.609000,-0.881000,1.466000,41.038000,50.473000,26.04
0.079211,0.307000,-0.025000,-0.855000,21.832000,40.412000,76.901000,25.99
0.079651,-0.004000,-0.349000,-0.799000,22.641000,-4.885000,22.672000,25.89
0.080113,-0.058000,0.109000,-0.648000,36.870000,18.779000,70.840000,26.04
0.080540,0.046000,0.165000,-0.801000,11.649000,27.420000,71.618000,25.99
0.080965,0.489000,0.652000,-0.745000,25.817000,54.916000,84.550000,25.99
0.081400,0.771000,2.671000,-0.815000,-79.802000,90.626000,-17.527000,25.94
0.081834,1.021000,1.392000,-0.855000,-20.092000,48.672000,63.786000,25.99
0.082276,0.347000,0.719000,-0.841000,-32.763000,8.779000,111.298000,25.94
0.082701,0.485000,0.412000,-0.635000,5.313000,2.885000,134.076000,25.94
0.083120,0.474000,0.273000,-0.711000,6.992000,13.267000,47.145000,25.99
0.083546,0.360000,0.222000,-0.964000,6.046000,15.817000,-31.954000,25.94
0.083967,0.305000,0.499000,-0.757000,7.588000,26.122000,-23.282000,25.94
0.084388,0.245000,0.366000,-0.789000,1.664000,19.756000,13.908000,25.89
0.084822,0.343000,0.401000,-0.769000,-10.519000,9.298000,28.595000,26.04
0.085270,0.447000,0.274000,-0.898000,1.344000,21.908000,-16.015000,25.94
0.085716,0.320000,0.440000,-0.810000,3.069000,23.038000,-34.489000,25.89
0.086143,0.257000,0.517000,-0.765000,-1.237000,8.687000,8.489000,26.04
0.086559,0.369000,0.419000,-0.818000,-4.947000,5.099000,22.748000,25.94
0.086973,0.447000,0.361000,-0.836000,-1.466000,10.519000,-6.290000,25.89
0.087397,0.387000,0.422000,-0.802000,2.504000,12.916000,-28.672000,26.04
0.087815,0.323000,0.465000,-0.795000,6.351000,13.954000,-26.885000,25.99
0.088232,0.311000,0.469000,-0.832000,5.023000,9.725000,-4.519000,25.94
0.088660,0.362000,0.425000,-0.831000,3.115000,5.221000,10.855000,26.04
0.089068,0.405000,0.401000,-0.829000,2.015000,5.985000,4.229000,25.99
0.089488,0.386000,0.396000,-0.839000,-2.183000,8.046000,-7.771000,25.99
0.090031,0.370000,0.411000,-0.819000,-5.985000,11.603000,-15.099000,25.94
0.090526,0.373000,0.406000,-0.826000,-14.046000,9.664000,-11.481000,25.99
0.090988,0.375000,0.372000,-0.865000,-11.038000,7.038000,-17.832000,25.94
0.093777,0.369000,0.469000,-0.776000,-5.893000,11.817000,-24.824000,25.85
0.094368,0.351000,0.378000,-0.857000,-6.748000,10.733000,-16.504000,26.08
0.096778,0.366000,0.386000,-0.833000,-10.534000,8.046000,-10.916000,25.99
0.097356,0.367000,0.476000,-0.814000,-16.275000,4.885000,-16.931000,25.85
0.097820,0.338000,0.339000,-0.923000,1.557000,12.076000,-22.427000,25.99
0.098312,0.352000,0.547000,-0.741000,-19.191000,5.298000,-28.260000,26.04
0.098795,0.545000,0.815000,-0.812000,-23.542000,19.176000,-35.542000,26.04
0.099256,0.357000,0.456000,-0.877000,-16.137000,15.145000,-22.626000,25.99
0.099701,0.317000,0.383000,-0.849000,-15.939000,10.794000,-5.420000,26.04
0.100145,0.342000,0.412000,-0.910000,-13.008000,29.817000,-11.511000,26.04
0.100563,0.357000,0.540000,-1.013000,-32.962000,33.313000,-14.702000,25.99
0.100974,0.281000,0.485000,-0.832000,-14.702000,27.160000,3.237000,25.94
0.101433,0.392000,0.336000,-0.814000,-1.588000,4.519000,-0.931000,25.85
0.101838,0.415000,0.362000,-0.827000,-1.298000,2.656000,3.282000,25.85
0.102252,0.414000,0.350000,-0.835000,-1.344000,3.786000,2.092000,25.99
0.102746,0.396000,0.353000,-0.823000,-1.740000,4.229000,2.519000,25.94
0.103159,0.411000,0.344000,-0.832000,-1.939000,3.847000,3.374000,25.94
0.103570,0.426000,0.346000,-0.822000,-2.412000,3.282000,2.962000,25.99
0.103985,0.433000,0.342000,-0.821000,-3.099000,3.832000,-1.176000,25.94
0.105549,0.434000,0.350000,-0.830000,-3.924000,5.191000,-8.031000,25.94
0.117822,0.413000,0.357000,-0.820000,-4.565000,5.710000,-11.023000,25.89
0.130296,0.403000,0.382000,-0.849000,-8.687000,5.893000,-5.527000,25.94
0.137294,0.418000,0.364000,-0.820000,-8.794000,3.695000,-1.252000,25.85
0.150081,0.407000,0.354000,-0.817000,-11.634000,5.481000,-1.588000,25.99
0.157062,0.409000,0.339000,-0.817000,-8.855000,4.824000,-4.000000,25.94
0.169577,0.407000,0.364000,-0.808000,-8.947000,5.710000,-5.985000,25.94
0.176969,0.396000,0.353000,-0.801000,-7.664000,3.298000,-0.687000,25.89
0.189206,0.400000,0.343000,-0.825000,-10.672000,2.718000,3.160000,25.94
0.195882,0.422000,0.356000,-0.839000,-9.313000,6.183000,-3.481000,25.85
0.208576,0.404000,0.350000,-0.828000,-9.725000,5.053000,-4.183000,25.99
0.215457,0.430000,0.355000,-0.793000,-5.160000,3.603000,-6.382000,25.94
0.227753,0.441000,0.351000,-0.798000,-2.504000,3.511000,-11.160000,25.85
0.240258,0.462000,0.359000,-0.804000,-2.962000,4.168000,-15.496000,25.99
0.251734,0.439000,0.390000,-0.800000,-7.145000,5.786000,-18.260000,25.85
0.259312,0.431000,0.412000,-0.793000,-4.565000,2.397000,-9.466000,25.94
0.266634,0.463000,0.415000,-0.786000,0.947000,-2.260000,1.160000,25.99
0.279183,0.508000,0.478000,-0.787000,13.481000,-8.031000,6.534000,25.94
0.286420,0.460000,0.448000,-0.860000,27.313000,-8.992000,3.252000,25.85
0.298772,0.431000,0.454000,-0.860000,31.710000,-1.802000,-13.969000,26.04
0.305629,0.386000,0.527000,-0.757000,38.382000,-13.176000,7.038000,25.85
0.317684,0.441000,0.439000,-0.745000,33.771000,-27.267000,35.511000,25.94
0.330238,0.602000,0.282000,-0.839000,38.595000,-32.397000,20.870000,25.99
0.337080,0.554000,0.445000,-0.875000,22.687000,3.221000,-20.519000,25.94
0.349338,0.359000,0.675000,-0.697000,12.947000,-18.947000,27.802000,25.94
0.356506,0.568000,0.530000,-0.698000,5.863000,-39.069000,83.710000,25.94
0.368572,0.759000,0.408000,-0.717000,-8.870000,-28.656000,89.496000,25.94
0.374277,0.841000,0.459000,-0.633000,-19.557000,-31.985000,91.893000,25.89
0.387634,0.906000,0.448000,-0.632000,-28.214000,-12.382000,69.679000,25.99
0.399821,0.962000,0.428000,-0.626000,-14.504000,-18.855000,63.725000,25.94
0.407158,1.086000,0.388000,-0.761000,-4.504000,7.069000,15.160000,25.99
0.419373,1.035000,0.444000,-0.790000,7.282000,26.733000,-29.802000,25.94
0.426416,0.915000,0.557000,-0.678000,10.168000,34.947000,-40.076000,25.85
0.438480,0.892000,0.542000,-0.583000,13.527000,35.481000,-38.962000,25.89
0.450386,0.852000,0.576000,-0.510000,30.427000,44.031000,-52.840000,25.89
0.457762,0.781000,0.632000,-0.513000,34.275000,41.206000,-45.221000,25.94
0.469900,0.793000,0.602000,-0.575000,27.679000,52.382000,-51.542000,25.99
0.476877,0.716000,0.666000,-0.588000,25.115000,54.427000,-40.824000,26.04
0.488821,0.015000,0.211000,0.503000,20.916000,-29.359000,-27.145000,25.85
0.496032,0.987000,0.264000,-0.787000,13.649000,76.962000,-108.534000,25.89
0.507906,0.462000,0.907000,-0.428000,-2.183000,82.733000,-109.389000,25.89
0.520536,0.921000,1.095000,-1.011000,4.656000,14.931000,36.962000,25.85
0.527333,0.771000,0.618000,-0.712000,-26.809000,54.351000,-28.641000,25.99
0.539716,0.616000,0.661000,-0.588000,-42.718000,33.069000,5.237000,25.85
0.546517,0.727000,0.547000,-0.623000,-44.244000,52.443000,-29.908000,25.94
0.558720,0.626000,0.573000,-0.561000,-39.221000,59.374000,-52.076000,25.99
0.570509,0.578000,0.613000,-0.625000,-41.649000,52.260000,-42.947000,25.94
0.578106,0.602000,0.580000,-0.754000,-36.840000,54.656000,-36.351000,25.94
0.589693,0.602000,0.540000,-0.855000,-33.679000,60.122000,-42.443000,25.89
0.596806,0.565000,0.492000,-0.860000,-34.855000,58.290000,-33.695000,25.94
0.608480,0.557000,0.399000,-0.874000,-37.008000,55.939000,-29.450000,25.85
0.615463,0.492000,0.341000,-0.864000,-42.687000,55.725000,-32.229000,25.89
0.627572,0.365000,0.321000,-0.810000,-42.351000,49.420000,-13.481000,25.94
0.639813,0.363000,0.139000,-0.596000,-52.015000,28.870000,25.237000,25.85
0.646688,0.279000,0.130000,-0.813000,-34.947000,41.313000,24.809000,25.89
0.658901,0.312000,0.041000,-0.813000,-23.160000,44.794000,38.595000,25.94
0.665867,0.290000,-0.022000,-0.861000,-15.053000,44.275000,57.038000,25.94
0.677897,0.281000,-0.078000,-0.984000,-13.603000,35.710000,72.168000,25.89
0.690450,0.373000,-0.297000,-1.103000,-12.076000,52.947000,60.305000,25.94
0.696866,0.313000,-0.325000,-1.029000,8.015000,39.740000,-13.527000,25.85
0.709303,0.056000,-0.244000,-0.929000,4.183000,22.092000,-17.008000,25.89
0.716154,0.084000,-0.351000,-0.916000,-27.115000,38.336000,-12.489000,25.94
0.728129,0.022000,-0.377000,-0.830000,-6.580000,39.817000,-41.389000,25.89
0.740147,-0.020000,-0.572000,-0.980000,32.305000,28.321000,-41.618000,25.89
0.746916,0.003000,-0.800000,-0.721000,-20.275000,25.588000,-176.336000,25.94
0.759195,-0.925000,-1.042000,-0.960000,7.206000,3.695000,-313.099000,25.99
0.765843,-0.713000,-0.191000,-0.795000,30.305000,-15.206000,-129.832000,25.89
0.777662,-0.231000,0.060000,-1.181000,46.061000,-96.931000,381.511000,25.75
0.790054,1.039000,0.199000,-1.129000,73.145000,-88.702000,131.328000,25.89
0.796830,0.638000,1.766000,-0.466000,45.252000,-39.756000,-90.290000,25.80
0.809376,-0.094000,0.487000,-1.354000,27.191000,92.473000,-117.725000,25.94
0.815799,-0.839000,0.359000,-0.929000,108.443000,-80.137000,9.450000,25.89
0.827974,0.501000,0.047000,-1.527000,154.290000,-106.870000,201.863000,25.85
0.839668,1.368000,-0.621000,-1.506000,133.588000,-48.504000,24.550000,25.94
0.846584,0.386000,0.513000,-0.633000,121.756000,-12.183000,-12.061000,25.89
0.859175,0.494000,0.127000,-1.013000,170.061000,-49.145000,101.359000,26.04
0.865625,0.456000,0.018000,-1.078000,149.573000,-40.901000,71.893000,25.94
0.877795,0.481000,0.153000,-0.911000,107.252000,-31.802000,39.634000,25.89
0.889839,0.456000,0.147000,-0.890000,119.771000,-56.443000,63.038000,25.94
0.896977,0.592000,0.042000,-0.909000,139.176000,-61.542000,37.847000,25.85
0.909013,0.521000,0.003000,-1.224000,60.519000,-21.344000,-79.985000,25.89
0.916214,0.143000,0.422000,-0.857000,93.618000,-52.687000,-18.580000,25.94
0.927912,0.443000,0.180000,-0.985000,95.511000,-35.817000,-20.519000,25.75
0.940096,0.473000,0.212000,-1.059000,83.847000,-9.099000,-45.053000,25.80
0.947193,0.388000,0.230000,-0.905000,86.153000,-24.565000,3.542000,25.94
0.959724,0.504000,0.033000,-0.993000,85.756000,-14.458000,-40.076000,25.89
0.966553,0.427000,0.202000,-0.883000,70.275000,-8.183000,-13.435000,25.94
0.978787,0.443000,0.088000,-0.882000,64.321000,-8.229000,5.969000,25.85
0.985919,0.484000,0.036000,-0.853000,68.565000,-6.656000,-5.466000,25.89
0.998347,0.475000,0.060000,-0.895000,53.893000,3.679000,-14.702000,25.80
1.010285,0.495000,0.000000,-0.921000,56.443000,-15.115000,5.496000,25.94
1.017762,0.432000,0.065000,-0.851000,48.656000,-9.069000,-1.695000,25.89
1.029944,0.440000,0.040000,-0.900000,37.573000,-5.603000,3.878000,25.94
1.037080,0.478000,-0.001000,-0.847000,35.435000,-14.809000,-2.382000,25.94
1.049027,0.401000,0.069000,-0.881000,28.672000,-6.092000,-12.382000,25.99
1.056014,0.393000,0.065000,-0.956000,20.611000,-2.870000,3.344000,25.85
1.068732,0.413000,0.060000,-0.889000,17.084000,-3.618000,9.023000,25.85
1.080740,0.428000,0.025000,-0.927000,11.298000,14.122000,-6.397000,25.99
1.087670,0.446000,-0.004000,-0.818000,39.374000,-5.588000,3.618000,25.85
1.099874,0.384000,-0.050000,-1.112000,22.137000,21.634000,-39.771000,25.94
1.107196,0.427000,0.050000,-0.708000,34.412000,-7.298000,46.366000,25.89
1.119100,0.504000,-0.022000,-0.792000,42.153000,1.069000,-13.511000,25.85
1.126856,0.439000,0.053000,-0.830000,42.870000,-10.519000,-2.214000,25.85
1.138490,0.381000,0.030000,-0.818000,19.191000,18.382000,3.527000,25.89
1.150528,0.548000,-0.017000,-0.689000,72.061000,-24.229000,8.336000,25.94
1.157403,0.437000,0.069000,-0.969000,40.168000,5.420000,-54.305000,25.85
1.169809,0.391000,0.054000,-0.887000,44.794000,-13.878000,32.198000,25.89
1.176376,0.475000,-0.085000,-0.838000,67.740000,-15.023000,-22.122000,25.94
1.188691,0.351000,0.079000,-0.979000,70.275000,-7.725000,-16.962000,25.85
1.195657,0.522000,-0.036000,-0.826000,74.290000,-7.527000,22.443000,25.89
1.208156,0.495000,0.021000,-0.854000,94.611000,-30.855000,-0.687000,25.94
1.219937,0.531000,-0.134000,-0.925000,114.275000,-23.710000,12.244000,25.85
1.226762,0.400000,-0.104000,-0.886000,124.168000,-37.282000,11.252000,25.89
1.238789,0.430000,-0.035000,-0.952000,135.344000,-43.099000,10.718000,25.94
1.245557,0.545000,-0.092000,-0.876000,138.000000,-39.969000,2.748000,25.94
1.257563,0.417000,-0.073000,-0.999000,138.565000,-47.710000,18.260000,25.99
1.269892,0.427000,-0.108000,-1.000000,129.450000,-48.412000,17.267000,25.94
1.276875,0.435000,-0.028000,-1.058000,111.038000,-51.771000,18.550000,25.85
1.289029,0.557000,0.034000,-0.902000,80.031000,-52.885000,69.786000,25.80
1.295731,0.359000,-0.093000,-1.078000,73.756000,-62.992000,52.031000,25.85
1.307992,0.350000,-0.062000,-1.190000,56.580000,-63.969000,77.924000,25.94
1.319925,0.442000,-0.081000,-1.158000,47.939000,-65.969000,92.275000,25.89
1.326876,0.544000,0.066000,-1.007000,45.099000,-83.420000,93.450000,25.94
1.339191,0.567000,0.053000,-1.170000,27.023000,-78.901000,120.718000,25.89
1.345952,0.826000,0.079000,-1.103000,-9.313000,-95.969000,113.206000,25.80
1.358155,0.734000,0.090000,-1.296000,-71.435000,-119.450000,138.031000,25.85
1.369941,0.869000,0.287000,-1.071000,-104.580000,-117.176000,181.069000,25.89
1.376390,0.651000,0.281000,-1.300000,-175.756000,-121.954000,249.847000,25.99
1.388450,0.882000,0.018000,-1.536000,-211.038000,-131.985000,199.221000,25.94
1.400380,0.205000,-0.359000,-1.976000,-59.038000,-216.534000,27.466000,25.80
1.407275,0.774000,0.695000,-1.958000,-2.015000,-169.847000,298.122000,25.89
1.419103,0.847000,0.500000,-1.616000,151.603000,-224.382000,95.939000,25.85
1.426129,0.853000,0.041000,-1.218000,118.107000,-198.962000,48.977000,25.89
1.438034,0.856000,-0.189000,-1.346000,59.832000,-247.863000,-43.786000,25.85
1.449895,0.798000,-0.273000,-1.250000,66.107000,-219.298000,-96.382000,25.85
1.456772,1.424000,0.414000,-1.470000,43.847000,-86.916000,-14.977000,25.89
1.469011,1.166000,0.984000,-0.655000,83.832000,-38.275000,54.580000,25.85
1.476213,1.482000,1.863000,0.153000,31.878000,-210.046000,64.840000,25.94
1.487920,1.369000,-0.042000,-0.918000,57.160000,61.420000,-400.290000,25.89
1.500176,0.586000,1.052000,0.125000,-15.634000,-2.885000,-136.397000,25.85
1.507140,0.487000,0.802000,-0.087000,-106.641000,-25.008000,135.802000,25.94
1.518920,1.629000,0.819000,-1.297000,-117.450000,66.519000,148.763000,25.89
1.526032,1.011000,0.215000,-0.190000,-130.962000,30.901000,57.802000,25.94
1.538183,1.342000,2.119000,-1.667000,-73.664000,164.626000,-111.130000,25.94
1.550472,0.853000,0.524000,-0.577000,-157.847000,70.183000,191.115000,25.89
1.556723,0.917000,0.019000,-0.867000,-137.756000,145.298000,166.229000,25.85
1.568602,0.966000,-0.049000,-0.467000,-131.618000,129.649000,79.405000,25.89
1.574526,0.828000,0.018000,-0.714000,-88.336000,217.069000,-10.443000,25.94
1.587824,0.906000,0.145000,-0.861000,-108.641000,163.771000,-5.221000,25.85
1.599486,0.727000,-0.138000,-1.207000,-132.885000,214.275000,-72.733000,25.89
1.606226,0.500000,0.108000,-0.856000,-97.053000,184.947000,-56.550000,25.99
1.618490,0.639000,0.028000,-1.238000,-108.031000,214.214000,-91.115000,25.85
1.630125,0.519000,0.347000,-1.045000,-165.664000,229.313000,-89.420000,25.89
1.636999,0.259000,0.149000,-0.753000,-237.252000,253.908000,42.794000,25.85
1.648979,0.357000,0.628000,-1.062000,-132.611000,125.878000,210.305000,25.85
1.656227,0.400000,-0.174000,-1.701000,-87.603000,327.603000,117.924000,25.80
1.667927,0.543000,-0.120000,-1.223000,-110.351000,236.473000,161.649000,25.94
1.679713,1.222000,-0.752000,-2.867000,1.847000,201.695000,-195.740000,25.85
1.686678,0.169000,-0.119000,-1.866000,-167.542000,231.084000,39.542000,25.89
1.698485,0.511000,-0.346000,-1.557000,-161.985000,192.153000,20.046000,25.85
1.709963,0.603000,-0.477000,-1.627000,-116.626000,219.450000,-90.687000,25.94
1.717239,0.279000,-0.368000,-1.526000,-86.427000,218.718000,-66.611000,25.89
1.728966,0.476000,-0.502000,-1.595000,-70.504000,206.382000,-76.336000,25.94
1.734630,0.371000,-0.539000,-1.605000,-58.580000,212.458000,-142.321000,25.89
1.747592,0.072000,-0.322000,-1.764000,-62.611000,206.595000,-144.122000,25.89
1.759344,0.006000,-0.442000,-1.557000,-86.504000,211.573000,-133.832000,25.85
1.766292,-0.003000,-1.004000,-1.349000,-53.725000,130.733000,-145.756000,25.89
1.777626,-0.269000,-0.756000,-1.414000,-82.687000,135.618000,-279.450000,25.80
1.789531,-0.652000,-0.552000,-2.056000,-68.763000,142.031000,-324.550000,25.85
1.795978,-0.732000,-0.631000,-1.638000,-42.229000,138.198000,-223.740000,25.80
1.807915,-0.604000,-0.973000,-1.332000,-25.618000,124.534000,-212.870000,25.89
1.819445,-0.574000,-1.233000,-1.307000,-55.664000,145.985000,-282.321000,25.75
1.826332,-1.482000,-0.844000,-1.072000,-55.802000,77.756000,-169.893000,25.80
1.838168,-1.340000,-1.122000,-1.055000,-53.145000,76.504000,-119.221000,25.85
1.849869,-1.157000,-1.125000,-0.745000,-87.802000,27.679000,-12.931000,25.85
1.856862,-1.040000,-2.296000,3.108000,-168.336000,-232.519000,0.580000,25.89
1.868807,-0.617000,0.644000,-1.259000,-153.954000,48.229000,274.565000,25.85
1.880468,-0.330000,-0.424000,-0.772000,-195.435000,14.000000,500.260000,25.85
1.887503,-0.676000,-1.019000,-1.565000,-187.557000,-3.008000,194.290000,25.89
1.899159,-0.223000,-1.347000,-1.300000,174.214000,-287.069000,-76.336000,25.94
1.905795,-0.154000,-0.777000,-0.489000,367.557000,-352.214000,-500.275000,25.94
1.917618,4.000000,4.000000,-2.659000,186.916000,-73.481000,358.779000,25.80
1.929759,-0.314000,-1.312000,-1.399000,-9.710000,-82.626000,-250.046000,25.85
1.936483,0.466000,-0.044000,-2.126000,187.954000,-76.641000,17.481000,25.85
1.948439,0.603000,-0.188000,-1.623000,247.740000,-77.573000,-72.321000,25.80
1.960515,0.556000,-0.148000,-1.193000,75.603000,1.664000,-74.015000,25.94
1.967241,0.026000,-0.089000,-1.299000,117.740000,-46.443000,221.679000,25.85
1.979108,-0.758000,-0.411000,-0.804000,181.573000,-96.992000,39.771000,25.80
1.986318,0.372000,0.339000,-1.342000,117.511000,-65.237000,67.527000,25.85
1.998268,0.495000,0.022000,-1.269000,117.557000,-51.954000,46.504000,25.89
2.010389,0.632000,0.093000,-1.076000,103.771000,-11.939000,9.985000,25.85
2.017261,0.531000,0.148000,-1.052000,125.511000,-31.954000,-4.565000,25.85
2.029111,0.583000,0.045000,-0.863000,116.366000,-10.137000,-61.435000,25.89
2.036308,0.486000,0.168000,-0.892000,76.107000,-4.580000,-34.000000,25.89
2.048496,0.502000,0.098000,-0.903000,96.840000,-6.733000,-11.115000,25.85
2.054052,0.448000,0.081000,-0.886000,88.489000,-4.015000,-14.290000,25.80
2.067672,0.496000,0.071000,-0.891000,71.634000,-9.725000,-7.786000,25.85
2.079887,0.447000,0.069000,-0.912000,57.893000,0.275000,-9.527000,25.75
2.087215,0.486000,0.036000,-0.904000,52.626000,-3.191000,9.740000,25.80
2.099386,0.478000,0.028000,-0.915000,45.847000,-1.603000,-4.214000,25.85
2.106510,0.456000,0.060000,-0.905000,30.473000,-1.206000,5.069000,25.85
2.118956,0.473000,0.032000,-0.867000,28.504000,-4.626000,4.092000,25.80
2.126234,0.467000,0.041000,-0.861000,20.901000,-5.542000,2.916000,25.94
2.138586,0.469000,0.061000,-0.853000,25.847000,-7.267000,2.092000,25.85
2.145802,0.479000,0.053000,-0.835000,30.443000,-13.069000,5.328000,25.80
2.157854,0.461000,0.021000,-0.877000,24.580000,-4.763000,-8.947000,25.85
2.170040,0.474000,0.023000,-0.876000,25.084000,-17.344000,-4.672000,25.89
2.177239,0.454000,0.028000,-0.972000,16.061000,-8.901000,-11.450000,25.89
2.189606,0.440000,0.039000,-0.755000,18.351000,-16.046000,-2.565000,25.85
2.196163,0.522000,-0.051000,-0.828000,30.962000,-23.954000,-11.115000,25.80
2.208499,0.433000,0.095000,-0.872000,17.389000,-10.885000,-15.679000,25.89
2.220575,0.560000,-0.005000,-0.740000,32.611000,-20.992000,4.779000,25.75
2.227778,0.440000,0.044000,-0.836000,42.137000,-15.908000,-7.023000,25.89
2.239644,0.462000,-0.011000,-1.003000,50.061000,-17.542000,3.313000,25.80
2.246757,0.350000,0.002000,-0.837000,61.603000,-18.580000,-4.733000,25.85
2.259134,0.416000,0.145000,-0.809000,79.771000,-23.695000,32.870000,25.80
2.265707,0.535000,-0.005000,-0.775000,103.588000,-27.695000,29.374000,25.80
2.277735,0.383000,-0.123000,-0.932000,118.122000,-24.305000,-0.870000,25.75
2.290071,0.448000,0.011000,-0.840000,130.855000,-29.939000,24.855000,25.89
2.298706,0.551000,-0.028000,-0.888000,135.664000,-24.656000,21.634000,25.85
2.308984,0.531000,0.047000,-0.941000,141.435000,-37.023000,16.916000,25.94
2.316164,0.604000,0.095000,-0.772000,109.710000,-47.588000,56.962000,25.80
2.327963,0.444000,0.094000,-1.061000,122.321000,-39.679000,17.527000,25.94
2.344714,0.435000,-0.081000,-1.160000,107.069000,-34.626000,45.053000,25.85
2.346329,0.469000,-0.019000,-1.135000,103.069000,-51.557000,63.053000,25.80
2.358636,0.649000,0.103000,-1.235000,95.954000,-61.664000,99.221000,25.85
2.365388,0.547000,0.173000,-1.084000,93.084000,-93.466000,106.550000,25.75
2.379089,0.600000,0.263000,-1.263000,70.000000,-86.290000,146.550000,25.85
2.392952,0.734000,0.244000,-1.338000,17.725000,-94.214000,171.313000,25.85
2.397025,0.846000,0.217000,-1.328000,-10.290000,-119.206000,198.214000,25.80
2.409201,0.792000,0.430000,-1.214000,-92.840000,-122.916000,212.229000,25.80
2.420387,0.699000,0.364000,-1.465000,-176.015000,-171.053000,284.015000,25.85
2.426972,0.474000,0.161000,-1.638000,-108.748000,-324.107000,272.947000,25.89
2.438990,0.975000,-0.114000,-1.881000,33.603000,-273.389000,202.870000,25.85
2.445614,1.803000,-0.739000,-3.479000,46.061000,-220.931000,-89.588000,25.85
2.457511,1.023000,-0.236000,-2.013000,282.321000,-203.069000,-179.099000,25.80
2.469388,0.050000,0.043000,-0.727000,119.725000,-188.794000,-27.557000,25.80
2.476141,1.438000,0.225000,-1.298000,21.557000,-185.771000,210.809000,25.94
2.488384,1.553000,0.761000,-1.352000,-2.336000,-24.153000,272.611000,25.89
2.500348,1.425000,1.167000,-0.792000,-45.176000,-30.046000,105.710000,25.85
2.507458,2.027000,1.275000,0.185000,-2.641000,-60.855000,58.198000,25.85
2.519745,1.367000,0.674000,-0.124000,-12.901000,-20.977000,-91.786000,25.80
2.526661,1.087000,0.793000,-0.088000,-5.038000,9.588000,-66.275000,25.85
2.538623,0.919000,0.734000,-0.298000,-24.168000,17.710000,-10.061000,25.85
2.545722,0.927000,0.538000,-0.378000,-51.679000,74.580000,0.382000,25.80
2.558142,0.892000,0.515000,-0.464000,-145.420000,65.389000,37.481000,25.85
2.570338,0.901000,0.534000,-1.072000,-152.412000,96.046000,65.725000,25.89
2.577008,0.847000,0.238000,-0.723000,-104.397000,161.191000,62.397000,25.80
2.588922,0.925000,0.177000,-0.697000,-141.252000,131.740000,64.656000,25.85
2.595905,0.832000,0.159000,-0.742000,-188.015000,186.947000,-38.305000,25.89
2.607834,0.727000,0.004000,-1.000000,-131.206000,195.466000,-54.901000,25.80
2.619857,0.544000,0.301000,-0.922000,-139.176000,199.908000,-53.206000,25.94
2.626247,0.563000,0.279000,-1.129000,-145.389000,209.496000,-46.489000,25.89
2.638397,0.481000,0.288000,-1.242000,-134.458000,228.107000,-53.359000,25.89
2.650584,0.358000,0.279000,-1.431000,-126.962000,232.626000,-30.992000,25.85
2.657186,0.347000,0.219000,-1.571000,-133.481000,255.221000,-8.046000,25.80
2.669402,0.028000,0.308000,-1.386000,-168.809000,245.252000,38.794000,25.85
2.676309,0.508000,0.022000,-0.723000,-163.481000,286.351000,11.176000,25.85
2.687918,-1.118000,-1.758000,-4.000000,-156.214000,197.588000,32.611000,25.80
2.699861,-0.094000,-1.006000,-0.147000,-223.985000,168.412000,-37.405000,25.85
2.706772,-0.273000,0.143000,-1.734000,-148.107000,160.809000,1.954000,25.85
2.718823,0.429000,-0.421000,-1.552000,-159.802000,217.237000,2.336000,25.80
2.730795,0.608000,-0.587000,-1.521000,-110.672000,187.420000,-35.298000,25.85
2.737263,0.433000,-0.566000,-1.635000,-73.847000,189.649000,-92.962000,25.89
2.749124,0.342000,-0.644000,-1.739000,-68.794000,197.191000,-98.626000,25.85
2.756288,0.193000,-0.665000,-1.567000,-61.374000,191.847000,-133.679000,25.85
2.768020,0.089000,-0.672000,-1.563000,-48.809000,206.229000,-185.115000,25.89
2.779836,-0.242000,-0.523000,-1.519000,-36.824000,192.595000,-219.282000,25.80
2.786156,-0.246000,-0.666000,-1.501000,-74.229000,186.183000,-191.817000,25.85
2.798043,-0.354000,-0.680000,-1.351000,-45.252000,156.443000,-197.725000,25.80
2.809690,-0.438000,-0.945000,-1.305000,-20.092000,96.229000,-219.023000,25.85
2.816459,-0.683000,-1.003000,-1.592000,-16.092000,80.107000,-299.099000,25.85
2.828400,-0.960000,-0.879000,-1.455000,-19.908000,81.206000,-302.779000,25.89
2.840320,-1.174000,-1.096000,-1.208000,-5.679000,65.206000,-289.511000,25.75
2.846824,-1.794000,-0.929000,-1.169000,-39.924000,28.473000,-94.794000,25.75
2.858853,-0.944000,-1.839000,-1.129000,-54.885000,-35.008000,-59.115000,25.80
2.865803,-1.646000,-1.658000,-1.592000,-43.023000,-28.473000,-1.206000,25.85
2.877408,-0.977000,-2.380000,-3.083000,-17.649000,42.275000,-177.740000,25.85
2.889621,-0.959000,0.321000,-1.321000,-276.550000,-137.252000,500.260000,25.80
2.895979,2.378000,3.666000,-1.270000,-168.809000,-195.969000,500.260000,25.85
2.907971,1.378000,-1.266000,-0.522000,262.824000,-324.351000,-243.145000,25.85
2.919762,2.796000,-1.404000,-1.466000,177.634000,-32.855000,-299.756000,25.80
2.926599,-1.289000,0.115000,-0.469000,231.603000,28.855000,-414.885000,25.85
2.938195,0.690000,0.372000,-2.609000,193.603000,-263.328000,-100.809000,25.89
2.950123,-0.233000,-0.658000,-2.005000,300.595000,-155.237000,177.084000,25.80
2.957162,0.586000,0.245000,-2.225000,126.382000,-30.458000,72.031000,25.75
2.969114,-0.056000,0.620000,-1.149000,87.847000,9.221000,138.443000,25.80
2.976237,0.639000,-0.157000,-0.937000,93.511000,-58.550000,146.824000,25.85
2.987941,0.784000,-0.113000,-1.078000,176.779000,-52.947000,-96.366000,25.75
3.000195,0.286000,0.402000,-1.038000,192.977000,-72.916000,-50.489000,25.89
3.006913,0.413000,0.416000,-1.014000,153.618000,-19.481000,36.366000,25.85
3.019082,0.828000,-0.107000,-0.874000,154.489000,-45.069000,-16.992000,25.85
3.026075,0.344000,0.065000,-1.045000,145.389000,-64.519000,-28.992000,25.80
3.037957,0.320000,0.043000,-1.034000,125.618000,-50.473000,-36.977000,25.85
3.049831,0.360000,0.082000,-0.925000,105.725000,-47.145000,8.977000,25.80
3.056833,0.491000,-0.073000,-0.854000,105.481000,-37.511000,-4.321000,25.85
3.069016,0.323000,0.019000,-1.007000,92.534000,-33.221000,-3.481000,25.85
3.075770,0.398000,-0.024000,-0.903000,84.076000,-34.122000,49.420000,25.89
3.087960,0.440000,-0.170000,-0.885000,90.855000,-32.870000,16.076000,25.89
3.100166,0.391000,-0.008000,-0.897000,99.176000,-26.779000,2.122000,25.94
3.107033,0.410000,-0.057000,-0.892000,102.504000,-30.443000,8.504000,25.89
3.118987,0.365000,-0.077000,-1.041000,95.252000,-21.069000,-2.397000,25.75
3.125757,0.314000,-0.054000,-0.991000,85.863000,-19.206000,22.076000,25.85
3.137893,0.397000,-0.230000,-0.866000,82.672000,-26.595000,16.901000,25.71
3.150095,0.394000,-0.156000,-0.918000,83.618000,-22.366000,3.664000,25.85
3.157129,0.412000,-0.128000,-0.893000,80.733000,-21.191000,10.885000,25.75
3.169147,0.369000,-0.156000,-0.892000,87.160000,-30.198000,11.511000,25.89
3.176074,0.388000,-0.229000,-0.831000,88.275000,-35.756000,-3.145000,25.85
3.188309,0.443000,-0.205000,-0.815000,105.298000,-41.130000,1.084000,25.85
3.200384,0.392000,-0.146000,-0.842000,96.992000,-43.786000,2.092000,25.80
3.207540,0.436000,-0.145000,-0.850000,128.107000,-46.656000,6.809000,25.85
3.219562,0.411000,-0.097000,-0.946000,105.282000,-17.069000,27.863000,25.80
3.226516,0.598000,-0.194000,-0.862000,121.878000,-60.214000,-0.061000,25.80
3.238307,0.432000,-0.026000,-1.023000,116.687000,-72.427000,-3.237000,25.75
3.250723,0.246000,-0.083000,-0.848000,71.145000,10.382000,125.771000,25.80
3.257361,0.075000,-0.740000,-1.375000,133.282000,-102.718000,-86.595000,25.85
3.269094,0.163000,-0.305000,-1.105000,100.534000,-29.863000,66.214000,25.85
3.276222,0.293000,-0.235000,-1.073000,108.305000,-62.718000,47.588000,25.80
3.288328,0.445000,-0.041000,-1.059000,106.595000,-57.466000,74.580000,25.85
3.300266,0.717000,-0.024000,-1.046000,103.664000,-102.702000,95.466000,25.94
3.306765,0.860000,-0.000000,-1.041000,94.244000,-122.427000,127.038000,25.75
3.318919,0.625000,-0.276000,-1.256000,75.878000,-150.809000,132.168000,25.85
3.330497,0.507000,-0.271000,-1.211000,17.466000,-135.573000,158.687000,25.80
3.337643,0.480000,-0.264000,-1.208000,27.863000,-130.931000,152.214000,25.89
3.349364,0.392000,-0.421000,-1.372000,18.366000,-125.206000,104.122000,25.75
3.356616,0.187000,-0.463000,-1.425000,14.153000,-105.023000,129.725000,25.80
3.368173,0.393000,-0.496000,-1.493000,11.863000,-84.061000,91.511000,25.75
3.380124,0.772000,-0.333000,-1.326000,16.641000,-121.695000,109.053000,25.85
3.387151,1.583000,0.284000,-1.553000,22.809000,-50.061000,79.420000,25.80
3.399589,2.284000,0.722000,-0.812000,9.695000,-43.511000,-10.870000,25.85
3.406287,2.181000,1.492000,-0.223000,1.099000,-31.756000,-133.344000,25.85
3.418481,2.091000,1.859000,-0.203000,-29.176000,26.275000,-124.275000,25.80
3.430333,2.264000,1.884000,-0.136000,-72.611000,87.664000,-107.008000,25.75
3.437388,2.230000,1.851000,-0.267000,-90.489000,120.626000,-184.183000,25.80
3.449145,-0.002000,2.703000,-0.915000,-111.969000,240.198000,33.542000,25.80
3.455760,1.841000,-1.867000,-1.672000,-80.137000,201.206000,-249.053000,25.85
3.467561,-0.879000,-1.640000,-2.439000,17.405000,46.443000,-274.992000,25.80
3.479481,-1.175000,-1.106000,-1.129000,-90.901000,238.611000,-251.634000,25.80
3.486171,-0.913000,-2.755000,-1.656000,-120.275000,125.344000,-129.908000,25.85
3.497701,-1.218000,-1.526000,-0.641000,-167.679000,108.687000,-16.656000,25.71
3.509552,-1.322000,-2.289000,-1.134000,-152.626000,92.046000,-20.748000,25.85
3.516289,-1.612000,-2.606000,-1.003000,-137.573000,21.176000,-29.313000,25.75
3.528186,-1.874000,-1.963000,-1.113000,-151.832000,63.206000,68.794000,25.89
3.540142,-1.541000,-2.302000,-1.015000,-124.916000,73.405000,37.344000,25.75
3.546903,-1.529000,-1.804000,-0.975000,-96.611000,46.947000,65.649000,25.89
3.559216,-1.275000,-1.707000,-0.874000,-88.855000,45.496000,94.061000,25.75
3.566064,-0.966000,-1.624000,-1.002000,-96.427000,48.809000,56.061000,25.75
3.577926,0.049000,-0.631000,-1.001000,-108.718000,82.336000,14.260000,25.89
3.590280,0.127000,-0.259000,-0.652000,-97.710000,36.122000,18.351000,25.85
3.597013,0.287000,-0.288000,-0.543000,-78.870000,72.641000,31.053000,25.75
3.609000,0.556000,-0.497000,-0.910000,-82.000000,62.168000,-13.115000,25.80
3.616186,0.459000,-0.100000,-0.702000,-88.031000,30.992000,9.817000,25.85
3.628325,0.399000,-0.037000,-0.933000,-92.397000,33.359000,-0.336000,25.85
3.639767,0.342000,-0.049000,-0.784000,-103.527000,29.786000,2.718000,25.80
3.646997,0.326000,0.119000,-0.938000,-96.290000,21.099000,-23.084000,25.75
3.659374,0.410000,0.139000,-0.905000,-46.076000,5.618000,13.802000,25.89
3.666338,0.347000,0.087000,-0.917000,-22.260000,2.626000,-6.107000,25.80
3.678861,0.364000,0.033000,-0.913000,-7.221000,3.374000,2.870000,25.85
3.685941,0.360000,-0.037000,-0.911000,1.176000,-4.351000,-1.328000,25.80
3.698223,0.326000,-0.023000,-0.932000,5.160000,-1.588000,-5.206000,25.80
3.710555,0.369000,-0.074000,-0.884000,5.176000,-1.649000,7.557000,25.75
3.718114,0.377000,-0.103000,-0.889000,5.832000,-2.137000,0.122000,25.80
3.730184,0.354000,-0.111000,-0.943000,-0.092000,5.679000,-1.496000,25.85
3.737228,0.381000,-0.116000,-0.945000,-3.908000,2.351000,0.458000,25.75
3.749487,0.335000,-0.092000,-0.924000,-9.710000,-1.725000,-0.229000,25.71
3.757169,0.307000,-0.077000,-0.922000,-11.756000,2.061000,-0.656000,25.85
3.768698,0.344000,-0.127000,-1.032000,-23.191000,6.504000,-7.160000,25.85
3.775947,0.287000,0.021000,-0.813000,-31.206000,7.527000,13.954000,25.71
3.787686,0.365000,-0.125000,-0.927000,-32.656000,10.412000,-4.458000,25.75
3.799861,0.315000,-0.052000,-0.928000,-30.137000,8.611000,15.527000,25.85
3.807068,0.354000,-0.091000,-1.080000,-49.344000,30.244000,0.931000,25.85
3.819203,0.437000,-0.026000,-0.989000,-34.244000,14.153000,20.580000,25.85
3.826019,0.332000,-0.006000,-0.879000,-23.496000,6.565000,30.137000,25.80
3.838482,0.447000,-0.068000,-0.916000,-8.687000,-4.641000,7.374000,25.80
3.850677,0.367000,-0.007000,-0.937000,1.191000,-11.405000,-5.038000,25.85
3.857774,0.325000,0.015000,-0.905000,3.435000,-11.786000,6.733000,25.80
3.869794,0.340000,-0.032000,-0.943000,6.565000,-10.214000,-4.244000,25.75
3.876926,0.318000,-0.029000,-0.933000,5.237000,-10.641000,4.412000,25.75
3.889214,0.352000,-0.096000,-0.905000,-4.962000,-12.443000,-2.626000,25.80
3.896189,0.377000,-0.109000,-0.998000,-6.870000,-9.069000,-11.756000,25.80
3.908381,0.338000,-0.033000,-0.879000,-7.466000,-24.626000,10.870000,25.75
3.920255,0.317000,-0.009000,-0.913000,-11.160000,-18.076000,-6.015000,25.80
3.926995,0.268000,-0.025000,-0.886000,-12.611000,-17.298000,-3.863000,25.85
3.939101,0.287000,-0.029000,-0.906000,-2.061000,-9.969000,3.924000,25.85
3.946259,0.326000,-0.012000,-0.930000,3.115000,-8.885000,-0.321000,25.71
3.958836,0.404000,0.000000,-0.912000,2.137000,-21.435000,7.359000,25.94
3.966023,0.432000,-0.049000,-0.890000,9.237000,-31.832000,-2.931000,25.75
3.977651,0.372000,-0.006000,-0.918000,15.298000,-26.779000,-18.656000,25.80
3.989959,0.307000,0.003000,-0.972000,19.145000,-24.351000,-6.977000,25.85
3.997138,0.324000,0.026000,-0.934000,22.519000,-24.824000,16.565000,25.89
4.009302,0.358000,-0.039000,-0.900000,27.176000,-26.031000,7.267000,25.89
4.016158,0.182000,-0.072000,-0.979000,27.145000,-23.969000,-0.565000,25.85
4.027755,0.278000,-0.233000,-0.998000,23.099000,-21.832000,-14.550000,25.80
4.040040,-0.004000,0.010000,-0.937000,13.954000,-10.626000,5.130000,25.89
4.047313,0.377000,-0.375000,-0.975000,8.198000,-8.443000,9.756000,25.75
4.059393,0.267000,-0.021000,-0.891000,-0.504000,-19.649000,5.053000,25.80
4.066746,0.146000,-0.034000,-0.924000,-7.573000,6.672000,5.130000,25.85
4.078740,0.284000,-0.176000,-0.946000,-11.344000,8.702000,-4.962000,25.85
4.085845,0.276000,-0.095000,-0.946000,-16.244000,9.252000,4.794000,25.80
4.098240,0.286000,-0.083000,-0.921000,-22.595000,12.626000,16.962000,25.85
4.110154,0.329000,-0.112000,-0.911000,-29.053000,9.679000,25.267000,25.80
4.117412,0.340000,-0.098000,-0.915000,-32.840000,6.916000,11.435000,25.75
4.129208,0.341000,-0.114000,-0.904000,-28.412000,9.023000,-4.168000,25.85
4.136472,0.302000,-0.057000,-0.927000,-24.107000,4.962000,-9.435000,25.80
4.148682,0.282000,-0.038000,-0.954000,-22.214000,1.511000,-12.229000,25.89
4.154481,0.235000,-0.021000,-0.940000,-22.947000,2.412000,-4.870000,25.75
4.167878,0.231000,-0.018000,-0.976000,-21.863000,5.313000,-2.504000,25.80
4.179732,0.231000,0.017000,-0.946000,-21.832000,-0.107000,16.122000,25.85
4.187078,0.312000,-0.030000,-0.966000,-19.435000,3.313000,7.282000,25.75
4.199267,0.334000,-0.042000,-0.926000,-14.382000,-2.275000,-0.641000,25.89
4.206247,0.338000,-0.031000,-0.929000,-9.420000,-4.779000,-15.053000,25.75
4.218675,0.293000,0.029000,-0.934000,-15.466000,-8.580000,-11.832000,25.85
4.230479,0.295000,0.028000,-0.923000,-33.328000,-18.595000,10.641000,25.80
4.237371,0.434000,-0.043000,-1.007000,-37.786000,-32.321000,-2.168000,25.75
4.249392,0.392000,0.097000,-0.870000,-9.267000,-4.153000,-51.832000,25.89
4.256685,0.358000,0.087000,-0.951000,0.031000,-21.221000,-28.321000,25.80
4.268716,0.255000,0.002000,-0.910000,3.863000,-14.947000,-24.779000,25.75
4.280885,0.225000,0.042000,-0.937000,7.969000,-10.443000,-13.588000,25.80
4.287745,0.302000,0.099000,-1.031000,-4.885000,-2.489000,31.542000,25.94
4.299778,0.516000,0.128000,-0.892000,-21.542000,-15.496000,109.206000,25.85
4.306658,0.845000,0.202000,-0.840000,-48.290000,-5.618000,90.550000,25.89
4.319075,0.956000,0.461000,-0.725000,-48.336000,6.824000,42.168000,25.85
4.325918,0.987000,0.643000,-0.604000,-28.947000,14.092000,36.672000,25.85
4.338339,1.003000,0.632000,-0.604000,-42.580000,38.672000,33.282000,25.89
4.350505,1.061000,0.478000,-0.692000,-45.802000,45.115000,-3.466000,25.85
4.357569,0.810000,0.502000,-0.700000,-39.817000,66.229000,-65.130000,25.80
4.369383,0.513000,0.418000,-0.886000,-56.809000,78.275000,-75.511000,25.75
4.376439,0.250000,0.301000,-0.948000,-52.321000,59.145000,-44.229000,25.85
4.388315,0.122000,0.048000,-0.953000,-59.298000,61.802000,-42.733000,25.89
4.400440,0.052000,-0.106000,-1.095000,-60.473000,52.916000,-39.603000,25.75
4.407203,-0.090000,-0.189000,-1.135000,-53.557000,38.977000,-30.916000,25.75
4.419139,-0.170000,-0.239000,-1.120000,-66.427000,31.756000,-16.198000,25.80
4.425875,-0.082000,-0.209000,-1.210000,-89.771000,41.298000,-4.168000,25.85
4.437887,-0.004000,-0.220000,-0.982000,-127.740000,58.153000,47.038000,25.75
4.450101,-0.089000,-0.499000,-1.307000,-66.260000,61.542000,65.145000,25.80
4.456971,-0.214000,-0.452000,-1.185000,-44.107000,60.534000,64.412000,25.75
4.469145,-0.305000,-0.426000,-1.135000,-39.053000,73.008000,60.473000,25.80
4.475488,-0.353000,-0.411000,-1.199000,-32.611000,66.122000,17.832000,25.80
4.487650,-0.374000,-0.415000,-1.194000,-29.695000,42.046000,0.763000,25.85
4.499545,-0.411000,-0.434000,-1.151000,-6.687000,12.473000,-3.115000,25.80
4.506609,-0.350000,-0.479000,-0.680000,40.947000,-65.374000,-47.206000,25.80
4.518176,-0.206000,-0.423000,-0.531000,92.382000,-147.099000,-150.870000,25.85
4.530339,0.658000,-0.216000,-0.138000,-37.466000,27.756000,-76.382000,25.80
4.537146,0.640000,0.050000,-1.037000,-5.023000,9.832000,-132.336000,25.66
4.549409,0.652000,1.248000,-1.041000,-26.855000,29.053000,-23.374000,25.85
4.556745,0.347000,0.382000,-1.067000,-46.519000,0.000000,72.611000,25.75
4.568851,0.681000,0.114000,-0.888000,-37.267000,-11.008000,44.580000,25.85
4.575656,0.593000,0.097000,-0.882000,-5.802000,15.985000,-68.137000,25.80
4.588227,0.337000,0.312000,-0.831000,3.802000,8.565000,-38.397000,25.80
4.600424,0.292000,0.309000,-0.886000,-2.550000,-3.023000,8.229000,25.75
4.607752,0.433000,0.221000,-0.866000,6.244000,-8.382000,17.252000,25.80
4.619766,0.477000,0.213000,-0.844000,10.641000,-8.962000,13.542000,25.75
4.627097,0.478000,0.207000,-0.855000,21.664000,-18.366000,8.489000,25.75
4.639531,0.481000,0.234000,-0.920000,19.725000,-14.351000,4.000000,25.80
4.646178,0.578000,0.262000,-0.855000,32.534000,-32.992000,19.145000,25.75
4.658452,0.625000,0.231000,-0.823000,26.779000,-27.130000,-11.450000,25.75
4.670568,0.509000,0.382000,-0.874000,32.840000,-13.939000,-45.298000,25.71
4.677953,0.365000,0.677000,-0.751000,19.969000,-12.275000,39.496000,25.75
4.689613,0.756000,0.685000,-0.515000,-21.863000,-17.985000,162.641000,25.85
4.696510,1.189000,0.606000,-0.477000,-42.412000,-0.046000,126.489000,25.80
4.708790,1.043000,0.749000,-0.554000,-57.603000,33.603000,41.008000,25.66
4.715829,0.755000,0.648000,-0.638000,-69.221000,38.305000,24.076000,25.75
4.727570,0.317000,-0.276000,-1.024000,-59.481000,7.832000,-11.481000,25.71
4.739519,-0.175000,-0.600000,-1.699000,-67.725000,-0.107000,-132.046000,25.75
4.746078,0.072000,-0.022000,-1.980000,-230.397000,130.641000,139.389000,25.80
4.758005,-0.139000,-0.577000,-1.958000,-224.443000,247.664000,344.092000,25.80
4.769680,-0.649000,-0.890000,-1.122000,-78.733000,246.550000,216.351000,25.85
4.776676,-0.894000,-0.701000,-0.410000,33.679000,85.679000,-77.573000,25.80
4.788771,-0.750000,-0.327000,-0.995000,88.962000,-55.863000,-105.237000,25.71
4.800363,-0.551000,-0.260000,-0.839000,118.870000,-103.863000,-108.046000,25.85
4.806938,-0.304000,-0.276000,-0.880000,125.649000,-186.061000,-222.427000,25.80
4.818701,0.109000,-0.260000,-1.142000,198.076000,-236.611000,-273.298000,25.75
4.825666,0.208000,-0.894000,0.644000,2.748000,-15.511000,183.771000,25.75
4.837837,-0.090000,-1.027000,-0.236000,6.473000,-4.626000,-262.855000,25.80
4.849526,0.140000,-0.321000,-1.026000,-2.687000,59.115000,-266.809000,25.85
4.856740,0.292000,0.702000,-0.841000,23.405000,-7.405000,-28.351000,25.89
4.868899,0.207000,0.325000,-1.019000,25.878000,-11.756000,15.053000,25.75
4.876104,0.396000,0.162000,-0.954000,30.901000,-17.985000,23.389000,25.75
4.887800,0.451000,0.169000,-0.882000,54.473000,-12.473000,-14.534000,25.80
4.899921,0.419000,0.252000,-0.872000,62.870000,-5.405000,-14.779000,25.80
4.907252,0.527000,0.225000,-0.815000,63.450000,-24.397000,14.595000,25.85
4.919306,0.535000,0.309000,-0.870000,64.015000,-15.847000,3.634000,25.80
4.926471,0.708000,0.462000,-0.910000,49.420000,-37.695000,54.748000,25.75
4.938580,0.907000,0.443000,-0.847000,31.130000,-30.672000,59.466000,25.75
4.945749,1.118000,0.636000,-0.785000,19.954000,-36.489000,57.618000,25.80
4.957903,1.185000,0.655000,-0.585000,14.794000,-22.351000,24.565000,25.75
4.970059,1.240000,0.688000,-0.511000,12.824000,-23.038000,19.893000,25.85
4.977271,1.272000,0.691000,-0.556000,0.229000,-3.267000,-13.115000,25.89
4.989466,1.194000,0.789000,-0.567000,-4.046000,3.099000,-28.733000,25.75
4.996500,1.240000,0.809000,-0.591000,-7.160000,4.565000,-6.962000,25.80
5.008849,1.386000,0.665000,-0.615000,-13.481000,9.924000,-9.344000,25.80
5.015723,1.305000,0.555000,-0.528000,-16.046000,28.489000,-52.412000,25.85
5.028111,1.304000,0.500000,-0.911000,33.679000,45.725000,-80.779000,25.80
5.040158,1.219000,0.493000,-0.858000,38.153000,62.397000,-63.145000,25.85
5.047221,0.922000,0.977000,-0.184000,-10.107000,39.664000,15.267000,25.75
5.059508,1.338000,0.251000,-0.768000,10.092000,64.656000,-61.389000,25.89
5.066233,0.990000,0.413000,-0.616000,20.763000,54.168000,-134.107000,25.75
5.078503,0.646000,0.569000,-0.605000,5.237000,82.641000,-114.718000,25.89
5.090448,0.769000,0.407000,-0.858000,-9.252000,82.916000,-26.656000,25.80
5.097573,0.850000,0.395000,-0.729000,-41.191000,106.672000,6.336000,25.85
5.109915,0.479000,0.411000,-0.680000,-13.878000,82.275000,33.573000,25.89
5.116806,0.690000,0.020000,-0.951000,-5.145000,101.115000,-11.817000,25.85
5.128794,0.796000,0.146000,-0.798000,-22.153000,74.489000,-38.412000,25.85
5.135882,0.693000,0.168000,-0.952000,-14.198000,84.229000,-70.550000,25.71
5.147998,0.727000,0.136000,-0.062000,151.527000,84.550000,-82.000000,25.94
5.159717,0.177000,-0.644000,-1.467000,-33.893000,60.565000,90.092000,25.85
5.166833,0.115000,0.396000,-0.710000,-32.885000,100.290000,-83.420000,25.80
5.178955,0.870000,0.173000,-0.874000,-56.198000,104.901000,-96.489000,25.85
5.185840,2.389000,0.902000,-0.824000,4.779000,53.802000,-260.534000,25.75
5.197918,0.286000,0.327000,-1.400000,-67.924000,140.504000,-106.748000,25.80
5.210039,0.420000,0.413000,-0.846000,-72.779000,56.885000,7.740000,25.75
5.216946,0.486000,0.132000,-0.799000,-81.511000,82.366000,52.092000,25.75
5.229123,0.407000,0.128000,-0.807000,-83.267000,83.557000,54.198000,25.80
5.236289,0.504000,0.077000,-0.776000,-69.267000,67.725000,22.137000,25.85
5.248683,0.504000,0.077000,-0.831000,-58.107000,67.939000,-13.420000,25.80
5.260177,0.439000,0.081000,-0.902000,-49.084000,66.229000,-24.336000,25.80
5.267527,0.402000,0.020000,-0.895000,-57.634000,63.664000,-11.725000,25.75
5.279627,0.376000,-0.010000,-0.846000,-60.229000,64.931000,-13.344000,25.80
5.286264,0.304000,-0.008000,-0.826000,-62.198000,61.130000,-6.534000,25.80
5.298445,0.267000,-0.043000,-0.879000,-58.718000,74.229000,-5.511000,25.75
5.310461,0.201000,0.002000,-0.733000,-50.519000,69.634000,-25.542000,25.80
5.317566,0.137000,-0.126000,-0.825000,-36.916000,61.115000,-27.237000,25.85
5.329324,0.076000,-0.115000,-0.776000,-38.687000,45.435000,-12.076000,25.75
5.336266,0.109000,-0.253000,-0.742000,-48.626000,68.595000,-21.664000,25.80
5.348246,0.128000,-0.435000,-0.777000,-37.863000,65.466000,-40.061000,25.75
5.360232,0.269000,-0.288000,-1.112000,-67.405000,77.786000,30.244000,25.75
5.367213,0.248000,-0.817000,-0.908000,-12.336000,35.649000,-40.153000,25.85
5.379370,-0.168000,-0.524000,-0.781000,6.931000,19.603000,-67.237000,25.85
5.386404,-0.277000,-0.568000,-0.858000,-1.389000,20.794000,-40.901000,25.80
5.398334,-0.227000,-0.594000,-0.753000,0.885000,12.840000,-28.565000,25.89
5.410268,-0.194000,-0.518000,-0.733000,3.038000,13.389000,-42.702000,25.85
5.417389,-0.274000,-0.376000,-0.898000,-1.282000,21.252000,-31.954000,25.80
5.429038,-0.115000,0.033000,0.048000,-126.061000,-11.695000,-85.267000,25.85
5.435808,-0.358000,-0.504000,-1.329000,-130.901000,-139.450000,221.221000,25.85
5.448023,0.102000,-1.061000,-1.325000,4.656000,-238.916000,42.611000,25.89
5.459758,2.035000,3.317000,1.148000,-56.031000,-291.695000,500.260000,25.75
5.466520,0.845000,-0.671000,-1.943000,252.153000,-132.427000,-500.275000,25.85
5.487171,0.425000,0.797000,-1.242000,31.573000,-86.733000,-53.863000,25.80
5.491189,1.001000,0.486000,-2.785000,282.977000,-220.244000,-0.290000,25.85
5.500635,0.599000,0.209000,-1.081000,-9.557000,165.832000,-222.504000,25.85
5.510009,0.426000,0.638000,-2.639000,356.427000,-231.573000,500.260000,25.71
5.515876,0.483000,-1.353000,-4.000000,128.550000,24.901000,411.481000,25.85
5.527957,2.372000,0.863000,-0.591000,47.863000,-53.053000,248.229000,25.89
5.539901,0.498000,-0.318000,-0.868000,111.649000,-17.710000,-105.252000,25.80
5.546711,0.433000,-0.182000,-1.194000,209.450000,-115.008000,49.618000,25.75
5.558735,0.778000,-0.230000,-1.466000,106.122000,-7.679000,-152.550000,25.80
5.565597,0.405000,0.400000,-1.412000,64.244000,-14.092000,-24.458000,25.80
5.577644,0.229000,0.349000,-0.933000,60.168000,-14.443000,43.649000,25.75
5.589987,0.285000,-0.150000,-0.865000,72.336000,24.550000,22.748000,25.71
5.596688,0.886000,-0.081000,-0.876000,92.626000,-21.191000,28.672000,25.75
5.609269,0.562000,0.079000,-0.841000,82.046000,0.214000,-31.878000,25.75
5.616183,0.638000,0.385000,-0.622000,-12.046000,28.397000,33.313000,25.80
5.628195,0.440000,0.706000,0.677000,-233.145000,66.443000,81.023000,25.85
5.640130,-0.238000,-0.684000,-0.521000,-232.427000,4.977000,-68.901000,25.71
5.647169,0.411000,-0.289000,-1.813000,-1.985000,-37.466000,72.580000,25.80
5.659129,0.100000,-0.068000,-1.341000,67.740000,-35.603000,60.611000,25.75
5.666439,0.765000,0.443000,-1.240000,29.267000,5.634000,35.069000,25.80
5.678662,0.441000,0.015000,-0.780000,4.290000,-13.481000,30.137000,25.75
5.685690,0.429000,0.171000,-0.858000,7.527000,-18.565000,17.191000,25.75
5.697842,0.624000,-0.082000,-0.819000,14.198000,-13.038000,-11.145000,25.71
5.709820,0.833000,-0.246000,-0.830000,30.214000,37.221000,-157.863000,25.75
5.717012,0.205000,0.219000,-0.918000,18.611000,-8.107000,-59.069000,25.66
5.729167,0.346000,0.218000,-0.938000,2.656000,-13.985000,36.656000,25.80
5.736307,0.575000,-0.074000,-0.949000,8.260000,0.565000,2.962000,25.75
5.748913,0.426000,0.090000,-0.808000,6.290000,8.015000,-17.740000,25.85
5.755837,0.496000,0.074000,-0.825000,4.489000,-10.244000,13.863000,25.71
5.767958,0.580000,-0.006000,-0.773000,9.389000,-14.977000,-14.809000,25.75
5.779992,0.627000,-0.080000,-0.772000,15.023000,-51.817000,-50.107000,25.89
5.786798,0.299000,0.186000,-0.753000,18.168000,-21.221000,-35.130000,25.80
5.799056,0.490000,0.059000,-0.872000,19.420000,-18.137000,-4.519000,25.85
5.806235,0.548000,0.021000,-0.790000,31.618000,-19.435000,-24.626000,25.89
5.818099,0.501000,0.099000,-0.809000,42.656000,-21.328000,-26.412000,25.71
5.830163,0.517000,0.084000,-0.820000,42.260000,-21.511000,-23.191000,25.85
5.837208,0.404000,0.145000,-0.732000,50.702000,-27.893000,-16.076000,25.80
5.849337,0.449000,0.035000,-0.832000,39.603000,-22.305000,-10.641000,25.75
5.856323,0.516000,-0.017000,-0.938000,33.511000,-17.695000,-14.672000,25.75
5.868484,0.431000,0.042000,-0.857000,38.992000,-21.389000,18.504000,25.89
5.880333,0.542000,-0.058000,-1.242000,-55.740000,-54.061000,28.122000,25.75
5.887367,0.629000,0.037000,-0.493000,-62.977000,-77.664000,-54.107000,25.75
5.899221,0.472000,-0.013000,-0.885000,120.137000,-63.267000,-57.145000,25.89
5.906486,0.471000,0.317000,-0.720000,80.809000,-46.305000,26.336000,25.85
5.918567,0.511000,0.072000,-0.954000,134.977000,-59.893000,-9.954000,25.80
5.930743,0.381000,0.085000,-1.066000,93.099000,-72.076000,20.153000,25.75
5.937625,0.744000,0.284000,-1.284000,60.489000,-75.802000,27.328000,25.85
5.949626,0.502000,0.200000,-0.822000,83.374000,-66.992000,65.084000,25.80
5.957099,0.476000,0.083000,-1.122000,68.977000,-97.328000,66.183000,25.75
5.968998,0.463000,0.245000,-1.222000,69.313000,-127.527000,65.435000,25.75
5.975946,0.747000,0.468000,-1.221000,30.641000,-131.344000,86.137000,25.80
5.987896,0.821000,0.271000,-1.219000,-14.702000,-178.092000,127.725000,25.75
5.999937,0.852000,0.147000,-1.121000,-67.969000,-229.160000,103.695000,25.75
6.006771,1.284000,-0.303000,-1.793000,22.244000,-273.466000,-22.855000,25.71
6.018496,0.817000,-0.176000,-2.161000,262.061000,-191.985000,2.779000,25.66
6.030558,0.314000,0.310000,-1.226000,204.534000,-216.183000,87.221000,25.85
6.037244,0.354000,0.041000,-1.998000,173.069000,-231.557000,116.763000,25.71
6.049335,0.401000,-0.327000,-2.143000,227.618000,-197.969000,45.466000,25.75
6.056327,1.026000,0.484000,-1.660000,239.725000,-232.748000,-67.573000,25.80
6.068011,0.322000,0.290000,-1.269000,95.710000,-230.840000,74.916000,25.80
6.079912,0.674000,-0.583000,-1.622000,-80.031000,-154.168000,241.908000,25.85
6.086760,2.128000,1.316000,-0.564000,-96.244000,34.122000,212.092000,25.80
6.099156,1.691000,0.476000,0.365000,0.137000,-188.580000,92.962000,25.80
6.105936,2.427000,-0.014000,-0.945000,36.977000,111.542000,-294.977000,25.75
6.118002,0.876000,0.934000,-0.133000,25.771000,-3.573000,-232.595000,25.80
6.130350,0.718000,0.845000,-0.330000,-62.382000,83.588000,-30.000000,25.75
6.137197,1.111000,0.664000,-0.846000,-67.298000,72.687000,117.313000,25.85
6.149171,1.032000,0.247000,-0.408000,-71.664000,76.412000,21.802000,25.71
6.156126,0.806000,0.354000,-0.591000,-96.550000,114.092000,-29.328000,25.75
6.168171,0.718000,0.260000,-0.611000,-114.092000,125.130000,4.702000,25.75
6.180172,0.696000,0.200000,-0.629000,-110.168000,137.313000,-28.718000,25.75
6.187040,0.556000,0.244000,-0.773000,-124.183000,156.336000,3.511000,25.75
6.198781,0.566000,0.251000,-0.914000,-127.802000,157.237000,21.511000,25.71
6.205525,0.571000,0.107000,-0.950000,-128.977000,166.504000,-0.611000,25.71
6.217375,0.551000,0.117000,-1.107000,-118.168000,179.527000,-51.740000,25.75
6.229320,0.414000,0.198000,-1.154000,-132.107000,188.992000,-29.053000,25.71
6.236446,0.429000,0.123000,-1.189000,-135.695000,195.832000,5.267000,25.75
6.248499,0.490000,0.122000,-1.213000,-115.069000,190.855000,9.252000,25.66
6.255374,0.431000,0.004000,-1.501000,-132.076000,221.588000,2.977000,25.71
6.267284,0.349000,0.064000,-1.338000,-124.305000,239.939000,56.473000,25.75
6.279322,0.316000,-0.033000,-1.449000,-152.977000,219.176000,91.252000,25.75
6.286194,0.555000,-0.262000,-1.365000,-106.977000,216.168000,19.023000,25.80
6.298244,0.645000,-0.198000,-1.219000,-78.168000,219.908000,-74.641000,25.66
6.310055,0.495000,-0.143000,-1.317000,-65.420000,214.611000,-71.603000,25.71
6.316725,0.461000,-0.084000,-1.182000,-75.145000,233.618000,-48.626000,25.80
6.328687,0.873000,-0.054000,-1.189000,-69.817000,244.595000,-12.382000,25.66
6.335610,0.200000,-0.364000,-1.143000,-115.298000,240.336000,-62.794000,25.71
6.347225,-0.051000,-0.133000,-0.667000,-58.931000,203.237000,-15.328000,25.85
6.359008,-0.338000,-0.349000,-1.172000,-108.427000,170.687000,-192.794000,25.75
6.365809,1.928000,0.332000,-2.465000,-44.168000,262.290000,-64.183000,25.71
6.378599,-0.651000,-0.021000,-0.667000,-3.649000,165.802000,58.565000,25.75
6.390104,0.299000,0.084000,-1.528000,-28.183000,229.176000,-38.015000,25.75
6.396739,0.397000,0.041000,-1.131000,-102.366000,189.802000,132.824000,25.80
6.408491,0.444000,-0.100000,-1.037000,-83.206000,112.153000,-165.237000,25.85
6.420359,0.776000,-0.263000,-2.133000,-88.336000,103.435000,-68.382000,25.80
6.427168,-0.183000,-0.492000,-2.441000,36.534000,66.809000,-301.832000,25.75
6.439158,-0.179000,-0.311000,-2.231000,84.824000,116.794000,-184.992000,25.75
6.445780,-0.577000,-0.327000,-0.993000,-130.031000,160.550000,-43.191000,25.80
6.457938,0.080000,-0.693000,-1.210000,-124.824000,226.443000,73.450000,25.85
6.469444,-0.440000,-0.525000,-1.003000,-91.267000,144.443000,113.634000,25.85
6.476347,-0.630000,-0.441000,-1.871000,-16.672000,213.450000,187.756000,25.80
6.488019,-0.846000,-0.261000,-1.648000,-67.405000,184.519000,333.863000,25.75
6.500111,-0.888000,-0.320000,-1.608000,-104.748000,160.336000,209.481000,25.75
6.506664,-0.966000,-0.204000,-1.553000,-192.015000,95.725000,121.282000,25.80
6.518275,-0.798000,-0.267000,-1.828000,-113.221000,114.885000,-177.191000,25.75
6.529991,-1.061000,-0.774000,-1.748000,-108.580000,123.802000,132.992000,25.75
6.536680,-1.792000,-0.191000,-0.496000,-66.031000,-336.809000,500.260000,25.80
6.548389,-0.594000,-1.933000,-0.068000,255.374000,-500.275000,-497.557000,25.75
6.560242,0.220000,-0.482000,-2.761000,426.855000,-500.275000,-500.275000,25.80
6.567143,0.327000,1.149000,-2.606000,213.954000,-405.023000,-52.046000,25.71
6.578961,0.834000,-0.781000,-2.539000,179.679000,-270.824000,322.351000,25.75
6.584733,0.286000,-0.405000,-2.133000,276.336000,-249.313000,102.382000,25.71
6.597754,4.000000,4.000000,-4.000000,-88.183000,444.504000,251.832000,25.80
6.609081,-2.372000,-1.075000,0.618000,185.847000,-307.420000,417.008000,25.85
6.616056,1.334000,-0.658000,-1.290000,237.053000,-29.786000,-148.779000,25.71
6.627938,0.862000,0.246000,-1.054000,158.916000,-91.282000,-149.786000,25.75
6.640284,0.122000,0.263000,-1.067000,78.031000,-46.137000,-4.473000,25.75
6.646920,0.426000,0.538000,-1.025000,-38.992000,66.275000,149.511000,25.80
6.659177,0.790000,-0.043000,-1.013000,10.641000,77.924000,198.214000,25.75
6.666089,0.794000,-0.569000,-0.668000,114.595000,-64.031000,-199.099000,25.85
6.677790,0.609000,0.002000,-0.635000,111.511000,-94.275000,-251.664000,25.85
6.689731,0.443000,0.131000,-1.023000,67.756000,-66.290000,-201.710000,25.75
6.696557,0.440000,0.185000,-1.026000,41.511000,-35.527000,-127.771000,25.80
6.708960,0.479000,0.167000,-0.859000,-7.435000,-44.137000,-43.496000,25.71
6.715571,0.615000,0.142000,-0.837000,-20.763000,-14.321000,-55.267000,25.75
6.727864,0.384000,0.177000,-0.842000,-47.939000,-27.832000,22.824000,25.71
6.739896,0.506000,0.006000,-1.003000,-69.450000,-13.908000,25.466000,25.75
6.746962,0.547000,0.083000,-0.927000,-35.511000,0.641000,41.786000,25.75
6.759252,0.605000,0.423000,-0.978000,-82.824000,1.374000,200.321000,25.71
6.766310,0.128000,0.206000,-0.675000,-52.000000,-0.550000,270.122000,25.75
6.778220,-0.271000,-0.245000,-0.750000,5.847000,-169.053000,27.008000,25.75
6.790110,1.141000,-0.633000,-0.827000,-52.290000,-11.069000,-31.695000,25.71
6.796803,0.442000,-0.336000,-0.478000,107.359000,-96.076000,-307.450000,25.75
6.808945,-0.056000,0.413000,-0.721000,-6.061000,54.885000,-173.389000,25.75
6.814783,-0.098000,-0.059000,-0.736000,-10.733000,-78.840000,89.420000,25.71
6.827717,1.975000,0.688000,-1.030000,17.145000,-50.122000,259.908000,25.66
6.839889,0.437000,-0.046000,-0.721000,44.931000,0.076000,-63.252000,25.80
6.846724,0.402000,0.117000,-0.764000,48.748000,-70.687000,-19.420000,25.80
6.858663,0.731000,-0.065000,-0.938000,39.359000,-65.084000,-100.092000,25.75
6.865830,0.403000,0.251000,-0.612000,51.328000,-3.023000,-131.023000,25.80
6.877582,0.362000,0.228000,-0.750000,34.489000,-98.916000,-60.366000,25.80
6.889945,0.517000,0.094000,-1.068000,64.214000,-12.000000,-84.534000,25.75
6.896724,0.402000,0.190000,-0.762000,46.504000,-44.794000,-45.099000,25.71
6.909379,0.440000,0.147000,-0.884000,42.687000,-86.473000,3.130000,25.75
6.915742,0.798000,-0.025000,-1.080000,56.061000,-35.023000,-106.550000,25.75
6.927935,0.773000,0.190000,-0.916000,83.725000,-85.969000,-89.771000,25.80
6.940051,0.327000,0.265000,-0.855000,88.244000,-109.115000,-66.168000,25.75
6.946741,0.445000,0.171000,-1.033000,123.908000,-117.588000,-93.481000,25.71
6.959021,0.207000,0.283000,-1.298000,181.710000,-53.802000,-4.992000,25.80
6.965896,0.021000,0.515000,-1.319000,162.183000,-88.366000,110.779000,25.75
6.977711,1.570000,1.083000,-1.565000,145.481000,-54.779000,174.794000,25.71
6.989693,0.547000,0.561000,-1.692000,189.817000,-115.679000,78.733000,25.75
6.996577,0.812000,0.691000,-1.607000,181.817000,-144.244000,116.977000,25.75
7.008383,0.582000,0.960000,-1.460000,231.756000,-198.229000,30.061000,25.80
7.020395,1.513000,1.981000,-0.645000,134.534000,-300.031000,293.053000,25.75
7.027559,1.180000,0.422000,-1.541000,91.786000,-171.756000,81.634000,25.75
7.039466,0.794000,0.378000,-1.899000,170.870000,-209.588000,27.176000,25.71
7.046685,0.621000,0.135000,-2.152000,263.710000,-194.153000,11.160000,25.75
7.058239,0.555000,0.486000,-1.335000,195.557000,-158.641000,-42.107000,25.71
7.070024,0.976000,0.119000,-2.058000,150.351000,-94.305000,-94.611000,25.71
7.076915,0.584000,-0.015000,-1.290000,96.962000,-228.198000,43.176000,25.75
7.089215,1.076000,-0.421000,-1.693000,52.840000,-92.855000,-56.015000,25.71
7.096296,0.794000,0.654000,0.101000,35.008000,42.931000,236.656000,25.85
7.108135,0.865000,0.953000,-0.391000,114.519000,-58.718000,345.695000,25.75
7.120371,0.664000,-0.250000,0.975000,-96.015000,22.260000,142.382000,25.71
7.127111,1.501000,1.405000,-1.203000,-54.962000,201.527000,251.832000,25.75
7.139139,0.597000,1.083000,-0.185000,-130.702000,98.519000,252.550000,25.66
7.146034,0.806000,0.527000,-0.165000,-135.954000,119.634000,264.046000,25.71
7.158101,1.012000,0.398000,-0.331000,-130.718000,116.473000,191.664000,25.66
7.169800,0.955000,0.113000,-0.097000,-140.580000,135.557000,50.763000,25.80
7.176944,0.694000,0.291000,-0.344000,-140.626000,172.244000,-19.145000,25.66
7.188725,0.523000,0.372000,-0.334000,-154.412000,170.809000,3.084000,25.66
7.194578,0.613000,0.295000,-0.649000,-163.053000,176.153000,-4.489000,25.61
7.207701,0.650000,0.165000,-0.788000,-158.412000,191.511000,-26.519000,25.75
7.219222,0.605000,0.242000,-0.904000,-157.267000,210.962000,-57.573000,25.66
7.226519,0.592000,0.308000,-0.997000,-162.550000,218.901000,-59.435000,25.71
7.238204,0.518000,0.323000,-1.115000,-170.977000,226.504000,-51.725000,25.66
7.250217,0.555000,0.271000,-1.091000,-149.191000,235.634000,-51.298000,25.75
7.257010,0.563000,0.354000,-1.340000,-167.466000,249.832000,7.038000,25.71
7.269186,0.590000,0.025000,-1.652000,-196.229000,282.427000,15.573000,25.75
7.276086,0.653000,-0.102000,-2.101000,-221.084000,301.924000,2.427000,25.80
7.287673,0.361000,-0.337000,-1.072000,-207.450000,261.603000,-51.695000,25.80
7.299679,0.783000,-0.442000,-1.691000,-169.878000,286.382000,-86.183000,25.75
7.306369,0.650000,-0.258000,-1.683000,-150.290000,297.313000,-91.573000,25.71
7.318179,0.574000,-0.394000,-1.778000,-171.847000,316.214000,-58.443000,25.75
7.330160,0.611000,-0.496000,-2.087000,-171.008000,297.084000,-60.015000,25.66
7.336478,-0.012000,-0.939000,-1.750000,-153.924000,144.198000,-182.015000,25.71
7.348435,1.113000,-1.215000,-3.614000,-128.779000,201.939000,-340.733000,25.66
7.359925,-0.123000,-0.446000,-2.558000,-96.748000,276.443000,-79.863000,25.61
7.366825,-0.428000,-0.308000,-2.650000,-217.344000,500.260000,221.160000,25.66
7.378666,-3.133000,-0.136000,-2.271000,-394.550000,445.847000,500.260000,25.75
7.390331,-1.939000,-1.503000,-1.948000,-271.359000,228.870000,500.260000,25.71
7.396955,-1.232000,-1.040000,-3.479000,-223.939000,463.496000,-210.153000,25.66
7.408773,-2.275000,-0.361000,-3.101000,-164.214000,304.015000,375.985000,25.75
7.420326,-2.425000,-1.131000,-2.983000,146.336000,118.290000,-500.275000,25.71
7.427193,-2.701000,0.748000,-0.807000,77.588000,-304.046000,448.092000,25.75
7.438847,-0.697000,-1.491000,-0.281000,65.420000,-500.275000,-190.198000,25.66
7.450484,-0.106000,-1.500000,-2.405000,483.496000,-500.275000,-500.275000,25.80
7.457654,0.406000,0.989000,-4.000000,500.260000,-351.359000,-500.275000,25.66
7.469432,0.726000,0.612000,-1.333000,289.908000,-337.069000,451.908000,25.71
7.476023,0.948000,-0.006000,-0.509000,333.145000,-398.107000,350.702000,25.71
7.487961,0.368000,-0.405000,-0.842000,82.809000,176.855000,-81.160000,25.85
7.499735,1.081000,0.118000,-1.935000,236.595000,-132.260000,-303.099000,25.71
7.506986,0.115000,0.463000,-1.280000,110.595000,92.595000,97.985000,25.75
7.518979,-0.217000,0.195000,-0.295000,162.504000,-1.969000,318.305000,25.75
7.525749,0.054000,0.050000,-0.186000,67.878000,-70.519000,-154.321000,25.71
7.537921,0.509000,0.457000,-0.959000,6.687000,-51.328000,85.786000,25.66
7.549721,0.384000,-0.334000,-0.627000,-11.359000,-41.527000,137.450000,25.75
7.557050,0.659000,-0.014000,-0.801000,38.198000,26.351000,51.740000,25.71
7.569158,0.195000,0.067000,-1.280000,96.626000,32.198000,-18.794000,25.66
7.576137,0.766000,0.354000,-0.987000,78.443000,34.656000,125.084000,25.80
7.588222,0.878000,-0.201000,-0.744000,38.885000,-24.260000,90.000000,25.71
7.600301,0.496000,-0.109000,-0.771000,92.855000,-19.634000,-63.695000,25.66
7.607086,0.707000,0.022000,-0.756000,112.473000,-36.397000,-77.771000,25.71
7.619068,0.359000,0.030000,-1.032000,59.420000,-22.519000,-51.847000,25.66
7.626099,0.452000,0.131000,-0.845000,60.656000,-16.702000,-41.847000,25.66
7.638498,0.441000,0.029000,-0.889000,17.969000,-9.756000,21.145000,25.61
7.650362,0.427000,-0.023000,-0.927000,22.855000,3.542000,-2.412000,25.71
7.657641,0.419000,-0.037000,-0.898000,3.221000,-4.321000,-12.580000,25.66
7.669542,0.463000,-0.028000,-0.894000,14.275000,-10.305000,-37.374000,25.71
7.676724,0.442000,0.054000,-0.825000,17.206000,-7.023000,-34.092000,25.75
7.688981,0.412000,-0.006000,-0.881000,9.435000,-6.061000,-18.931000,25.66
7.695719,0.489000,0.001000,-0.761000,20.885000,-15.145000,-20.122000,25.71
7.707902,0.566000,-0.014000,-0.733000,33.634000,-12.947000,-35.725000,25.85
7.719630,0.545000,0.006000,-0.844000,48.137000,-22.504000,-50.916000,25.61
7.726752,0.477000,0.075000,-0.872000,49.695000,-38.824000,-40.504000,25.71
7.738698,0.571000,-0.015000,-0.624000,77.878000,-32.641000,-66.229000,25.66
7.745430,0.505000,0.017000,-0.914000,90.382000,-19.664000,-99.145000,25.71
7.758014,0.527000,0.205000,-0.776000,85.618000,-29.160000,4.427000,25.71
7.770220,0.594000,0.104000,-0.539000,98.977000,-2.031000,-9.893000,25.75
7.777068,0.474000,-0.001000,-0.785000,60.885000,-16.550000,-3.649000,25.61
7.789464,0.544000,0.214000,-0.959000,77.221000,-32.244000,52.763000,25.75
7.796142,0.559000,-0.885000,-1.789000,-114.885000,-197.740000,-2.916000,25.75
7.808202,0.297000,0.858000,-0.587000,53.603000,-114.351000,72.809000,25.71
7.820603,1.255000,0.272000,-0.538000,40.763000,-61.252000,144.427000,25.66
7.827639,0.788000,0.186000,-0.615000,44.397000,-85.939000,77.496000,25.71
7.839538,0.433000,0.294000,-1.470000,-36.763000,-97.084000,182.779000,25.71
7.846194,0.714000,0.144000,-1.573000,73.924000,-116.595000,141.405000,25.66
7.858445,0.899000,0.088000,-1.655000,69.389000,-150.107000,84.061000,25.61
7.870341,0.844000,0.498000,-1.527000,78.366000,-195.863000,108.626000,25.66
7.877212,0.868000,0.356000,-1.385000,139.924000,-286.519000,84.702000,25.75
7.889151,0.842000,0.272000,-0.984000,146.137000,-289.618000,-78.489000,25.80
7.895954,0.249000,0.880000,-0.519000,76.443000,-178.214000,131.542000,25.66
7.908019,0.679000,0.333000,-1.924000,102.840000,-166.489000,284.153000,25.75
7.919852,0.396000,-0.040000,-2.132000,-28.702000,-62.672000,410.672000,25.71
7.926690,1.790000,-0.364000,-1.732000,31.389000,-77.344000,343.435000,25.75
7.938630,2.367000,0.014000,-1.160000,71.344000,-123.160000,-65.679000,25.71
7.944556,1.896000,1.041000,0.364000,-13.084000,-70.763000,-347.115000,25.71
7.957709,2.225000,1.490000,0.542000,67.191000,-59.328000,-225.786000,25.66
7.969682,0.875000,1.248000,0.830000,39.786000,91.389000,-46.977000,25.80
7.976740,1.950000,2.429000,0.578000,-62.992000,139.863000,-109.740000,25.71
7.988910,1.329000,1.629000,0.734000,-69.481000,89.328000,-59.053000,25.66
7.995936,1.049000,1.030000,-0.085000,-112.855000,148.427000,-39.008000,25.80
8.008018,1.043000,0.671000,-0.129000,-159.939000,221.786000,8.931000,25.75
8.019881,0.946000,1.436000,-1.553000,-75.664000,273.817000,-138.366000,25.66
8.026721,-0.183000,-0.760000,-2.088000,-102.885000,325.802000,423.634000,25.71
8.038246,-0.651000,0.221000,-0.719000,-483.328000,349.206000,-144.015000,25.75
8.049748,0.706000,-0.382000,-2.958000,-500.275000,124.336000,-402.885000,25.66
8.056831,0.609000,-1.278000,-2.953000,-411.206000,355.130000,238.305000,25.75
8.068460,-0.049000,-0.532000,-2.830000,-113.893000,315.435000,142.641000,25.75
8.084144,-0.032000,-0.704000,-2.551000,-182.824000,159.756000,-53.420000,25.71
8.086508,-0.029000,-0.292000,-2.718000,-350.656000,410.168000,-229.359000,25.71
8.098235,-1.328000,-0.896000,-3.484000,-448.733000,385.725000,489.450000,25.75
8.110111,-1.650000,-1.120000,-4.000000,-456.534000,454.458000,500.260000,25.61
8.117034,-2.063000,-0.791000,-4.000000,-375.634000,500.260000,460.840000,25.75
8.134793,-3.546000,-1.726000,-1.789000,-238.427000,282.137000,203.481000,25.66
8.141909,-2.427000,-2.148000,-3.395000,-39.634000,175.573000,-462.626000,25.71
8.147720,-2.837000,-0.236000,-1.053000,90.000000,-98.229000,22.351000,25.66
8.158825,-1.832000,-1.055000,-0.750000,13.160000,-478.122000,135.924000,25.66
8.166321,-0.940000,-1.571000,-0.571000,187.344000,-500.275000,-411.221000,25.80
8.177202,-0.054000,-1.465000,-2.337000,500.260000,-500.275000,-500.275000,25.66
8.188911,0.147000,-0.433000,-1.633000,500.260000,-500.275000,-500.275000,25.75
8.195620,1.582000,1.178000,-2.146000,500.260000,-359.817000,289.450000,25.71
8.207716,0.351000,0.559000,-0.341000,-147.466000,500.260000,500.260000,25.75
8.219468,2.230000,0.610000,-0.864000,344.565000,-392.473000,-500.275000,25.66
8.226566,-0.437000,0.735000,-0.613000,87.771000,-120.580000,-500.275000,25.80
8.238129,0.794000,0.415000,-1.300000,-16.702000,94.076000,252.275000,25.75
8.250216,-0.029000,-0.135000,-0.805000,69.328000,-103.206000,162.198000,25.71
8.257028,0.604000,1.000000,-1.657000,108.046000,71.206000,-188.687000,25.80
8.269220,0.174000,1.184000,-0.917000,-81.313000,53.908000,381.802000,25.75
8.275847,0.299000,0.346000,-0.914000,-80.611000,26.382000,398.214000,25.71
8.287922,0.296000,-0.056000,-0.821000,-23.771000,31.435000,142.550000,25.71
8.300177,0.297000,-0.504000,-0.907000,63.359000,-8.153000,-6.626000,25.75
8.307353,0.642000,0.497000,-0.539000,35.008000,-7.771000,-30.870000,25.71
8.319138,-0.001000,0.186000,-0.580000,-53.756000,23.313000,-55.832000,25.66
8.326268,1.217000,-0.951000,-1.153000,71.420000,41.450000,93.832000,25.75
8.338085,0.599000,-0.096000,-0.692000,37.603000,-27.221000,-65.527000,25.71
8.350308,0.331000,-0.013000,-0.863000,81.496000,-30.183000,-154.504000,25.75
8.356971,0.380000,0.044000,-0.926000,48.260000,-39.496000,-165.725000,25.66
8.369103,0.507000,0.193000,-0.790000,18.321000,-48.122000,-112.870000,25.75
8.375978,0.395000,0.007000,-0.879000,0.473000,-45.847000,-106.412000,25.57
8.388040,0.499000,-0.033000,-0.822000,4.321000,-16.718000,-187.359000,25.71
8.400194,0.518000,0.418000,-0.964000,-68.031000,-42.489000,-2.504000,25.61
8.407415,0.452000,0.096000,-1.184000,-76.168000,16.916000,61.588000,25.57
8.419619,0.339000,0.130000,-1.001000,-48.611000,10.672000,87.420000,25.61
8.426282,0.554000,0.258000,-0.884000,-63.115000,40.565000,125.939000,25.75
8.438336,0.561000,-0.091000,-0.634000,-35.603000,-13.527000,85.267000,25.75
8.450887,0.415000,-0.067000,-0.901000,17.374000,-22.366000,-69.496000,25.71
8.462992,0.419000,0.064000,-0.933000,26.504000,-26.489000,-31.542000,25.66
8.469478,0.426000,0.132000,-0.821000,21.084000,-17.649000,-69.496000,25.75
8.476408,0.419000,0.174000,-0.928000,14.443000,-13.481000,-50.595000,25.80
8.488621,0.397000,0.123000,-0.874000,12.092000,-11.466000,-45.893000,25.66
8.495591,0.430000,0.133000,-0.879000,7.389000,-8.901000,-34.809000,25.66
8.507955,0.429000,0.101000,-0.863000,-0.198000,-7.511000,-20.641000,25.71
8.520030,0.502000,0.111000,-0.933000,6.534000,-5.435000,-30.519000,25.66
8.527469,0.334000,0.205000,-0.897000,-6.748000,23.466000,37.802000,25.75
8.539464,0.271000,0.175000,-0.915000,-33.756000,24.000000,82.672000,25.61
8.546153,0.572000,0.108000,-0.962000,-43.908000,34.702000,103.985000,25.75
8.558860,0.437000,0.003000,-0.696000,-16.672000,22.412000,64.122000,25.71
8.570664,0.428000,0.068000,-0.897000,-10.183000,13.847000,18.214000,25.71
8.577837,0.421000,0.074000,-0.878000,-8.977000,8.718000,17.206000,25.66
8.590071,0.459000,0.099000,-0.801000,0.336000,3.588000,-11.878000,25.71
8.597335,0.442000,0.110000,-0.865000,9.084000,-4.061000,-23.893000,25.80
8.609859,0.414000,0.124000,-0.887000,14.412000,7.374000,-18.015000,25.66
8.616710,0.451000,0.123000,-0.877000,-5.420000,7.313000,2.656000,25.71
8.629201,0.441000,0.103000,-0.902000,-0.290000,2.550000,8.122000,25.75
8.636525,0.428000,0.104000,-0.864000,-1.969000,5.969000,1.176000,25.66
8.648732,0.402000,0.128000,-0.890000,-8.656000,13.267000,18.275000,25.61
8.655745,0.435000,0.113000,-0.886000,-12.595000,15.298000,38.550000,25.66
8.667661,0.475000,0.079000,-0.858000,-6.916000,10.489000,23.160000,25.75
8.680069,0.462000,0.079000,-0.867000,0.122000,4.427000,-3.115000,25.75
8.687397,0.468000,0.124000,-0.875000,2.168000,6.382000,-1.237000,25.57
8.700008,0.469000,0.121000,-0.874000,-0.427000,4.519000,2.321000,25.71
8.707240,0.468000,0.103000,-0.854000,5.267000,2.931000,-0.733000,25.71
8.719321,0.461000,0.099000,-0.831000,12.061000,-0.275000,-1.191000,25.75
8.726274,0.481000,0.076000,-0.777000,12.580000,-8.427000,-27.115000,25.71
8.738304,0.539000,0.082000,-0.797000,21.053000,-25.145000,-64.260000,25.66
8.745367,0.449000,0.189000,-0.806000,18.214000,-23.328000,-28.260000,25.75
8.757976,0.431000,0.065000,-0.853000,5.130000,-18.458000,-37.786000,25.71
8.769793,0.559000,0.283000,-0.842000,4.748000,-28.214000,9.038000,25.75
8.777007,-0.016000,0.104000,-0.588000,30.901000,-43.359000,40.489000,25.66
8.792281,0.317000,0.186000,-0.854000,16.015000,-11.511000,16.611000,25.71
8.796289,0.389000,0.155000,-0.942000,15.634000,-5.221000,24.565000,25.75
8.808440,0.457000,0.111000,-0.833000,24.351000,-17.618000,48.015000,25.75
8.815533,0.605000,0.010000,-0.724000,38.290000,-44.198000,7.313000,25.80
8.827583,0.572000,0.026000,-0.837000,26.351000,-48.611000,-70.168000,25.66
8.840014,0.479000,0.295000,-0.821000,18.489000,-31.878000,-33.267000,25.71
8.846866,0.775000,0.252000,-0.708000,14.595000,-30.427000,44.534000,25.71
8.858890,0.844000,0.112000,-0.614000,-36.931000,-24.183000,50.198000,25.75
8.866096,1.058000,0.455000,-0.500000,-39.328000,23.252000,-25.832000,25.71
8.878175,0.896000,0.512000,-0.617000,-30.763000,24.840000,74.427000,25.71
8.890166,1.002000,0.724000,-0.404000,-29.145000,58.153000,-51.985000,25.75
8.897192,0.696000,0.358000,-0.592000,10.427000,-12.122000,-73.557000,25.71
8.909531,0.453000,0.411000,-0.811000,-28.443000,1.817000,-37.252000,25.75
8.916421,0.354000,0.190000,-1.026000,-59.939000,34.137000,-45.313000,25.75
8.928217,0.455000,0.212000,-1.472000,-136.092000,124.107000,24.443000,25.71
8.940103,-0.618000,0.177000,-1.684000,-256.458000,191.496000,212.183000,25.66
8.946941,0.061000,-0.527000,-1.773000,-153.450000,88.687000,477.908000,25.61
8.959080,-0.060000,-0.856000,-1.496000,15.832000,153.069000,43.374000,25.61
8.964751,-0.442000,-0.138000,-0.883000,24.656000,102.840000,-167.344000,25.66
8.977728,-0.423000,0.165000,-0.798000,-88.534000,99.802000,161.084000,25.71
8.989673,-0.508000,-0.386000,-0.959000,-93.069000,41.084000,262.092000,25.75
8.996254,-0.502000,-0.848000,-0.833000,69.985000,-107.695000,-166.702000,25.66
9.007953,-0.289000,-0.179000,-0.933000,99.832000,-114.626000,-424.870000,25.71
9.019834,-0.078000,-0.132000,-0.835000,80.809000,-200.885000,-59.664000,25.75
9.026772,0.218000,-0.222000,-1.041000,97.084000,-200.947000,-96.748000,25.85
9.038526,0.669000,0.146000,-1.014000,137.679000,-238.183000,-79.924000,25.61
9.050558,2.974000,1.107000,0.009000,85.130000,180.137000,-375.252000,25.75
9.057494,1.349000,0.289000,-0.771000,107.924000,-136.824000,62.351000,25.85
9.069687,-0.446000,0.035000,-0.349000,12.443000,-19.450000,49.496000,25.80
9.076452,0.425000,-0.105000,-1.271000,56.366000,17.969000,-21.725000,25.66
9.088603,0.504000,0.779000,-0.971000,37.420000,11.191000,10.901000,25.71
9.096131,0.871000,0.322000,-0.886000,28.534000,9.481000,-1.802000,25.71
9.108165,0.702000,0.483000,-0.963000,14.763000,-11.710000,54.122000,25.75
9.120178,0.638000,0.480000,-0.598000,-4.794000,-7.618000,30.748000,25.80
9.127454,0.884000,0.262000,-0.591000,-2.397000,-8.763000,18.916000,25.71
9.139709,0.944000,0.406000,-0.642000,-5.847000,-8.534000,-12.046000,25.66
9.146787,0.927000,0.580000,-0.642000,-7.511000,3.359000,-26.992000,25.71
9.158810,0.899000,0.594000,-0.641000,-14.611000,0.031000,36.198000,25.66
9.166225,0.797000,0.403000,-0.715000,-17.069000,9.252000,56.916000,25.85
9.178168,0.617000,0.338000,-0.688000,-10.550000,15.924000,27.069000,25.71
9.190387,0.360000,0.293000,-0.791000,-19.664000,11.069000,45.282000,25.66
9.197583,0.111000,0.156000,-0.986000,-38.687000,17.985000,60.382000,25.61
9.209711,0.018000,0.134000,-1.085000,-86.015000,41.832000,92.489000,25.71
9.216533,0.037000,-0.169000,-1.303000,-97.145000,20.687000,113.679000,25.66
9.228389,0.011000,-0.227000,-1.083000,-37.878000,-39.298000,25.756000,25.80
9.240732,1.553000,-0.154000,-0.909000,-4.321000,84.000000,-2.504000,25.75
9.247382,1.127000,0.114000,-0.102000,34.473000,-17.191000,-104.687000,25.75
9.259532,0.637000,0.154000,-0.704000,71.313000,-24.916000,-170.885000,25.71
9.266485,0.145000,0.360000,-1.035000,33.481000,56.015000,-26.504000,25.66
9.278612,-0.006000,0.107000,-0.975000,-1.802000,26.519000,145.206000,25.66
9.285775,0.123000,0.060000,-1.160000,11.237000,48.137000,19.511000,25.71
9.297772,0.075000,0.163000,-1.084000,-2.168000,17.588000,15.557000,25.75
9.310019,0.071000,0.104000,-0.960000,17.176000,8.595000,22.061000,25.61
9.317305,0.144000,0.178000,-0.715000,3.053000,-48.168000,31.160000,25.80
9.329326,1.067000,0.342000,-1.274000,-2.748000,9.511000,-38.656000,25.66
9.336437,0.335000,0.510000,0.135000,38.885000,-84.427000,-13.664000,25.80
9.348728,0.503000,0.372000,-0.719000,-3.771000,-10.107000,-42.595000,25.71
9.355860,0.869000,0.577000,-0.692000,-5.023000,6.519000,20.962000,25.66
9.368267,1.135000,0.546000,-0.635000,6.534000,-3.679000,-6.626000,25.71
9.375699,1.258000,0.474000,-0.743000,9.817000,6.092000,5.817000,25.66
9.387809,1.401000,0.523000,-0.697000,34.153000,-6.718000,-74.412000,25.66
9.399896,1.272000,0.701000,-0.895000,36.092000,39.832000,-71.664000,25.71
9.407155,1.144000,0.739000,-0.825000,36.244000,23.206000,-84.229000,25.75
9.419091,1.047000,0.654000,-0.675000,43.389000,19.176000,-133.099000,25.75
9.426023,0.840000,0.629000,-0.632000,40.504000,26.290000,-116.809000,25.71
9.437982,0.685000,0.606000,-0.587000,69.969000,59.725000,-23.908000,25.66
9.450098,1.143000,0.950000,-0.864000,48.397000,81.313000,-78.412000,25.71
9.457672,1.146000,1.057000,-1.005000,14.473000,100.412000,-80.153000,25.61
9.469271,0.560000,0.766000,-0.646000,-48.336000,104.916000,64.702000,25.57
9.476338,0.706000,0.772000,-0.791000,-56.718000,103.557000,93.466000,25.80
9.488377,0.546000,0.396000,-0.977000,-66.015000,101.008000,24.763000,25.75
9.500775,0.795000,0.332000,-0.953000,-83.282000,163.389000,30.687000,25.66
9.507445,0.550000,0.234000,-0.804000,-114.015000,173.893000,97.420000,25.71
9.519216,-0.129000,-0.028000,-1.043000,-114.321000,141.023000,8.443000,25.66
9.525938,0.058000,-0.131000,-0.809000,-115.756000,129.939000,-114.244000,25.75
9.538135,0.041000,0.113000,-1.028000,-92.031000,180.397000,-11.527000,25.71
9.549762,-0.051000,0.016000,-1.098000,-162.901000,194.031000,-4.901000,25.66
9.556537,-0.027000,-0.019000,-1.292000,-194.214000,157.008000,213.771000,25.71
9.568728,0.000000,0.044000,-1.646000,-321.435000,248.046000,61.954000,25.61
9.580291,-0.602000,0.717000,-3.489000,-500.275000,436.611000,229.649000,25.75
9.587001,-3.439000,-0.428000,-4.000000,-500.275000,370.656000,500.260000,25.71
9.599054,-4.000000,-4.000000,2.897000,49.252000,-420.092000,-22.107000,25.66
9.610437,-0.929000,-2.633000,-1.663000,-32.229000,-500.275000,-500.275000,25.66
9.617342,-0.374000,-2.499000,-0.589000,276.687000,-464.076000,-500.275000,25.80
9.629155,0.520000,0.295000,1.193000,145.023000,-177.588000,-33.450000,25.66
9.636278,0.778000,-1.948000,-2.043000,500.260000,-470.153000,500.260000,25.71
9.648010,0.755000,-3.128000,-0.129000,-399.313000,0.305000,500.260000,25.71
9.659460,2.025000,-2.915000,-1.473000,500.260000,-135.420000,-500.275000,25.66
9.666598,0.543000,0.017000,-0.871000,110.962000,386.061000,-500.275000,25.61
9.678371,-0.241000,0.266000,-1.005000,152.305000,44.489000,500.260000,25.66
9.690288,0.030000,-1.023000,-1.580000,150.855000,186.794000,500.260000,25.66
9.697314,0.066000,-1.060000,-1.094000,333.130000,-94.336000,-354.718000,25.71
9.709106,0.112000,0.830000,-1.251000,307.756000,37.328000,-231.359000,25.75
9.716005,0.033000,0.437000,-0.954000,186.824000,-77.664000,107.817000,25.75
9.727872,4.000000,1.564000,-2.697000,51.893000,264.840000,-437.863000,25.71
9.739806,-0.032000,0.424000,-0.501000,130.076000,-150.855000,489.969000,25.75
9.746875,-0.395000,0.671000,-0.613000,84.092000,45.450000,14.412000,25.71
9.758737,1.183000,0.824000,-1.435000,30.183000,11.267000,-104.214000,25.71
9.766046,0.667000,0.332000,-0.932000,-14.458000,-0.992000,121.557000,25.66
9.778093,0.491000,0.241000,-0.935000,-28.061000,8.794000,139.695000,25.61
9.790170,0.401000,0.046000,-0.724000,-29.756000,16.962000,88.244000,25.71
9.797739,0.479000,-0.276000,-0.786000,8.779000,1.527000,69.084000,25.75
9.809756,0.698000,-0.150000,-0.646000,22.840000,-12.275000,-1.359000,25.71
9.816430,0.425000,0.047000,-0.909000,39.405000,-26.870000,-49.328000,25.57
9.828836,0.460000,0.051000,-0.871000,29.084000,-28.702000,-33.221000,25.66
9.840480,0.522000,-0.038000,-0.786000,38.260000,-39.176000,-69.206000,25.71
9.847380,0.491000,0.035000,-0.757000,32.275000,-41.817000,-100.550000,25.66
9.859599,0.572000,0.222000,-0.878000,5.527000,-34.214000,-67.542000,25.66
9.866544,0.493000,0.228000,-0.939000,-36.809000,2.336000,3.313000,25.66
9.878988,0.489000,0.052000,-0.893000,-47.328000,-4.443000,49.420000,25.57
9.885581,0.514000,-0.012000,-0.748000,-37.313000,-38.672000,42.687000,25.61
9.897853,0.288000,-0.051000,-0.784000,10.275000,-74.779000,-47.389000,25.71
9.909583,0.550000,-0.057000,-0.945000,15.756000,-30.183000,-143.466000,25.75
9.916301,0.619000,0.149000,-0.833000,13.420000,-66.901000,-2.076000,25.71
9.928788,0.600000,-0.064000,-0.922000,15.176000,-30.855000,-52.183000,25.66
9.935274,0.513000,0.049000,-0.905000,19.618000,-42.611000,-73.573000,25.66
9.947610,0.509000,0.028000,-0.872000,27.145000,-47.985000,-23.130000,25.61
9.959531,0.274000,0.063000,-0.718000,13.695000,-32.565000,-31.969000,25.57
9.966446,0.385000,-0.030000,-0.815000,41.786000,-35.313000,-40.061000,25.66
9.978547,0.337000,0.098000,-0.858000,34.870000,-34.122000,-14.061000,25.61
9.985804,0.345000,0.226000,-0.964000,29.252000,-31.344000,30.473000,25.57
10.000699,0.423000,0.144000,-0.870000,32.061000,-39.985000,64.565000,25.71
