# Gait Analysis Data - MPU6050 IMU
# Duration: 10 seconds
# Format: timestamp(s),ax(g),ay(g),az(g),gx(deg/s),gy(deg/s),gz(deg/s),temp(C)
# Note: Document sensor placement (ankle/wrist) separately
timestamp,ax,ay,az,gx,gy,gz,temp
0.000976,1.247000,-0.133000,-0.930000,-38.214000,307.634000,15.160000,26.51
0.001648,1.170000,0.163000,-0.708000,-2.962000,229.695000,12.794000,26.46
0.002240,1.108000,-0.020000,-1.465000,-10.687000,205.908000,32.183000,26.60
0.002890,0.055000,-0.398000,-1.674000,-31.725000,105.450000,61.511000,26.51
0.003560,0.118000,-0.825000,-1.494000,-60.504000,54.000000,117.588000,26.55
0.004206,0.121000,-0.289000,-1.547000,-105.344000,20.000000,155.725000,26.51
0.004855,-0.033000,-0.077000,-1.131000,-112.947000,-34.137000,184.122000,26.60
0.005680,-0.083000,0.121000,-0.951000,-119.069000,-59.176000,193.802000,26.51
0.006559,-0.032000,0.313000,-0.706000,-118.061000,-78.870000,188.626000,26.60
0.007277,0.033000,0.515000,-0.714000,-105.771000,-70.687000,167.832000,26.55
0.008077,0.177000,0.578000,-0.666000,-89.099000,-91.145000,130.015000,26.55
0.008989,0.316000,0.651000,-0.695000,-64.595000,-119.359000,82.458000,26.60
0.009886,0.433000,0.601000,-0.704000,-48.962000,-110.595000,32.031000,26.46
0.010845,0.595000,0.564000,-0.788000,-45.664000,-127.847000,-20.076000,26.51
0.011732,0.690000,0.466000,-0.838000,-47.924000,-109.664000,-60.718000,26.51
0.012678,0.833000,0.312000,-0.795000,-28.214000,-168.061000,-85.588000,26.55
0.013582,0.797000,0.124000,-0.708000,-32.183000,-167.863000,-99.985000,26.55
0.014378,0.807000,0.003000,-0.642000,-29.252000,-167.435000,-104.000000,26.51
0.015172,0.832000,-0.094000,-0.604000,-20.473000,-168.031000,-100.977000,26.46
0.015966,0.880000,-0.172000,-0.628000,-13.221000,-165.481000,-92.885000,26.51
0.016752,0.932000,-0.244000,-0.682000,-6.824000,-166.092000,-84.473000,26.51
0.017533,0.971000,-0.272000,-0.721000,-1.924000,-166.382000,-73.634000,26.55
0.018318,1.020000,-0.242000,-0.743000,-1.634000,-164.809000,-63.237000,26.55
0.019150,1.094000,-0.177000,-0.762000,-4.565000,-164.992000,-54.122000,26.51
0.020041,1.150000,-0.093000,-0.732000,-6.260000,-169.817000,-47.237000,26.46
0.020998,1.183000,0.008000,-0.678000,-9.221000,-170.000000,-44.031000,26.60
0.021749,1.165000,0.085000,-0.587000,-9.924000,-169.313000,-45.496000,26.51
0.022451,1.136000,0.145000,-0.536000,-9.496000,-162.794000,-52.122000,26.46
0.023142,1.167000,0.204000,-0.514000,-5.695000,-155.618000,-63.359000,26.60
0.023842,1.207000,0.247000,-0.528000,1.435000,-142.321000,-79.588000,26.41
0.024537,1.260000,0.254000,-0.526000,12.397000,-135.359000,-97.725000,26.55
0.025244,1.285000,0.210000,-0.533000,24.519000,-134.076000,-115.756000,26.51
0.025939,1.292000,0.105000,-0.525000,32.824000,-125.496000,-129.374000,26.51
0.026638,1.258000,0.006000,-0.510000,39.069000,-123.679000,-135.786000,26.55
0.027352,1.196000,-0.073000,-0.494000,42.397000,-116.672000,-135.328000,26.51
0.028054,1.123000,-0.115000,-0.478000,46.489000,-110.412000,-128.000000,26.60
0.028758,1.056000,-0.125000,-0.501000,50.061000,-102.458000,-117.588000,26.55
0.029442,1.007000,-0.132000,-0.542000,51.969000,-93.954000,-106.382000,26.69
0.030052,0.995000,-0.100000,-0.623000,51.344000,-90.534000,-96.336000,26.60
0.030676,1.005000,-0.045000,-0.663000,48.031000,-87.328000,-89.237000,26.55
0.031289,0.980000,0.034000,-0.676000,47.496000,-91.206000,-82.382000,26.51
0.031908,0.885000,0.081000,-0.655000,46.198000,-91.160000,-79.069000,26.60
0.032526,0.847000,0.093000,-0.635000,42.427000,-89.160000,-79.496000,26.55
0.033142,0.848000,0.146000,-0.622000,40.336000,-85.282000,-82.000000,26.51
0.033757,0.848000,0.193000,-0.623000,41.313000,-79.649000,-85.878000,26.51
0.034374,0.874000,0.217000,-0.622000,45.573000,-80.031000,-91.298000,26.55
0.034996,0.864000,0.231000,-0.598000,50.366000,-74.427000,-96.336000,26.51
0.035611,0.860000,0.230000,-0.557000,55.069000,-68.260000,-101.817000,26.51
0.036240,0.868000,0.252000,-0.534000,59.969000,-60.748000,-106.840000,26.46
0.036865,0.877000,0.248000,-0.506000,66.489000,-52.321000,-112.397000,26.51
0.037462,0.921000,0.234000,-0.488000,68.840000,-41.145000,-118.611000,26.51
0.038049,1.070000,0.207000,-0.519000,66.092000,-33.573000,-122.443000,26.55
0.038600,1.158000,0.182000,-0.517000,60.137000,-34.275000,-124.443000,26.60
0.039162,1.113000,0.169000,-0.426000,53.771000,-34.718000,-125.420000,26.51
0.039718,1.056000,0.166000,-0.341000,48.611000,-28.092000,-124.870000,26.46
0.040276,1.036000,0.143000,-0.289000,43.725000,-15.802000,-124.534000,26.60
0.040930,1.088000,0.029000,-0.269000,39.527000,-1.435000,-124.947000,26.51
0.041713,1.008000,0.094000,-0.129000,30.321000,21.679000,-127.115000,26.46
0.042292,1.110000,0.077000,-0.114000,28.672000,38.885000,-126.870000,26.60
0.042841,1.146000,0.122000,-0.103000,31.405000,52.687000,-124.427000,26.55
0.043401,1.170000,0.095000,-0.107000,29.771000,68.947000,-122.641000,26.55
0.043952,0.813000,0.196000,-0.457000,27.817000,78.977000,-125.099000,26.51
0.044510,0.756000,-0.033000,-1.119000,35.038000,34.702000,-114.107000,26.55
0.045065,0.485000,-0.111000,-1.047000,41.115000,22.275000,-99.573000,26.55
0.045619,0.059000,-0.143000,-0.655000,47.191000,29.878000,-81.634000,26.51
0.046168,0.140000,-0.296000,-0.718000,47.725000,58.687000,-62.046000,26.55
0.046726,0.272000,-0.514000,-0.979000,48.275000,57.603000,-39.573000,26.55
0.047275,0.376000,-0.841000,-1.150000,30.397000,63.542000,-11.420000,26.51
0.047809,0.880000,-0.818000,-1.144000,1.206000,60.672000,8.809000,26.55
0.048356,1.065000,-0.464000,-1.119000,-14.534000,43.847000,16.809000,26.55
0.048902,0.907000,0.100000,-0.989000,-22.519000,30.382000,9.863000,26.51
0.049403,0.674000,0.201000,-0.939000,-21.786000,31.481000,-13.618000,26.55
0.049922,0.546000,-0.090000,-0.941000,-27.267000,34.107000,-22.992000,26.55
0.050431,0.512000,-0.259000,-0.954000,-37.191000,31.405000,-12.290000,26.51
0.051099,0.471000,-0.106000,-0.841000,-46.748000,29.588000,-8.779000,26.55
0.051723,0.723000,0.371000,-1.052000,-40.962000,39.481000,-12.626000,26.51
0.052296,0.848000,0.544000,-0.737000,-31.695000,18.000000,-18.046000,26.41
0.052878,0.517000,0.246000,-0.798000,-9.756000,15.389000,-14.244000,26.55
0.053384,0.455000,0.030000,-0.868000,-7.527000,7.847000,-8.733000,26.51
0.053894,0.491000,0.080000,-0.770000,-8.000000,10.763000,-5.328000,26.51
0.054440,0.538000,0.266000,-0.829000,-1.237000,14.168000,-9.313000,26.55
0.054967,0.501000,0.071000,-0.846000,3.954000,9.282000,-6.198000,26.51
0.055471,0.512000,-0.060000,-0.866000,0.550000,16.168000,-5.511000,26.51
0.055972,0.563000,0.028000,-0.871000,-1.664000,14.901000,-6.305000,26.55
0.056478,0.510000,0.104000,-0.861000,-0.702000,14.901000,-7.374000,26.51
0.056981,0.496000,0.020000,-0.877000,-1.817000,20.244000,-7.313000,26.51
0.057487,0.581000,-0.013000,-0.881000,-5.359000,18.687000,-8.061000,26.55
0.057982,0.528000,0.045000,-0.856000,-6.122000,13.832000,-8.763000,26.60
0.058479,0.527000,0.062000,-0.854000,-7.908000,17.924000,-8.962000,26.51
0.058968,0.551000,0.076000,-0.857000,-7.466000,16.153000,-7.313000,26.55
0.059427,0.516000,0.087000,-0.835000,-6.977000,13.145000,-6.977000,26.51
0.059882,0.504000,0.122000,-0.805000,-2.962000,11.053000,-4.382000,26.51
0.060343,0.515000,0.141000,-0.811000,0.214000,13.405000,-2.779000,26.55
0.060896,0.539000,0.073000,-0.818000,1.908000,11.435000,-1.511000,26.60
0.061542,0.536000,0.038000,-0.840000,2.779000,10.763000,-0.962000,26.51
0.062023,0.532000,0.021000,-0.824000,2.366000,10.794000,-1.786000,26.55
0.062516,0.514000,0.016000,-0.840000,1.756000,9.664000,-2.611000,26.51
0.063067,0.507000,-0.010000,-0.831000,-2.122000,10.504000,-2.718000,26.60
0.063566,0.515000,0.038000,-0.835000,-2.443000,13.145000,-4.794000,26.55
0.064065,0.505000,0.069000,-0.830000,-1.374000,13.206000,-3.405000,26.60
0.064553,0.521000,0.069000,-0.831000,-1.176000,12.992000,-2.580000,26.51
0.065016,0.552000,0.062000,-0.843000,-0.443000,10.855000,-2.122000,26.46
0.065477,0.559000,0.068000,-0.809000,-0.244000,10.931000,-1.466000,26.51
0.065923,0.517000,0.072000,-0.814000,4.076000,8.840000,1.053000,26.60
0.066368,0.515000,0.069000,-0.815000,6.015000,8.611000,2.366000,26.55
0.066817,0.528000,0.058000,-0.810000,9.023000,7.176000,4.275000,26.60
0.067269,0.532000,0.060000,-0.828000,9.771000,10.824000,6.000000,26.51
0.067741,0.551000,0.036000,-0.833000,10.214000,11.115000,6.412000,26.55
0.068191,0.561000,0.018000,-0.837000,8.962000,10.794000,5.511000,26.51
0.068655,0.566000,0.023000,-0.853000,6.733000,11.176000,3.939000,26.55
0.069098,0.555000,0.039000,-0.841000,5.053000,11.221000,3.084000,26.60
0.069531,0.551000,0.039000,-0.834000,2.931000,14.534000,2.183000,26.51
0.069971,0.565000,0.045000,-0.833000,2.183000,13.695000,2.122000,26.46
0.070408,0.557000,0.042000,-0.843000,0.534000,14.275000,1.267000,26.55
0.070941,0.557000,0.041000,-0.841000,-1.435000,16.168000,0.229000,26.51
0.071560,0.550000,0.032000,-0.839000,-3.221000,16.794000,-0.366000,26.55
0.072030,0.550000,0.028000,-0.833000,-4.641000,18.748000,-1.145000,26.51
0.072473,0.546000,0.030000,-0.841000,-7.145000,22.962000,-2.046000,26.51
0.072920,0.560000,0.040000,-0.854000,-8.198000,25.282000,-1.588000,26.46
0.073366,0.558000,0.049000,-0.849000,-11.924000,29.969000,-1.649000,26.65
0.073817,0.520000,0.050000,-0.880000,-12.580000,34.855000,-3.221000,26.51
0.074270,0.464000,-0.016000,-0.885000,-13.084000,38.565000,-7.756000,26.55
0.074721,0.458000,-0.137000,-0.921000,-16.336000,45.740000,-11.771000,26.51
0.075168,0.532000,-0.102000,-0.870000,-22.168000,52.962000,-17.740000,26.60
0.075619,0.563000,0.085000,-0.812000,-14.153000,56.748000,-27.695000,26.46
0.076072,0.673000,0.213000,-0.806000,7.985000,54.519000,-46.473000,26.55
0.076522,0.633000,0.224000,-0.607000,58.092000,55.527000,-72.763000,26.60
0.076958,0.761000,0.116000,-0.771000,93.069000,59.664000,-97.313000,26.46
0.077407,0.748000,-0.144000,-0.815000,104.733000,59.756000,-118.763000,26.60
0.077849,0.682000,-0.103000,-0.784000,110.244000,49.374000,-138.000000,26.51
0.078299,0.602000,0.037000,-0.841000,119.450000,42.962000,-155.908000,26.55
0.078750,0.540000,0.125000,-0.906000,135.817000,30.412000,-178.641000,26.46
0.079186,0.469000,0.308000,-0.919000,166.000000,16.794000,-208.107000,26.51
0.079618,0.597000,0.468000,-0.899000,208.672000,6.824000,-238.458000,26.55
0.080063,0.639000,0.306000,-0.912000,251.084000,-16.595000,-253.435000,26.60
0.080503,0.582000,0.036000,-0.824000,271.008000,-33.664000,-268.656000,26.51
0.080957,0.500000,-0.035000,-0.747000,278.015000,-44.534000,-282.107000,26.65
0.081399,0.453000,-0.064000,-0.675000,278.504000,-44.336000,-287.878000,26.65
0.081837,0.463000,-0.072000,-0.648000,276.855000,-40.702000,-285.221000,26.60
0.082338,0.487000,-0.096000,-0.655000,272.122000,-39.145000,-275.863000,26.55
0.082823,0.509000,-0.124000,-0.668000,258.611000,-30.779000,-264.076000,26.51
0.083275,0.554000,-0.110000,-0.709000,246.031000,-35.206000,-251.527000,26.51
0.083718,0.593000,-0.055000,-0.746000,230.809000,-35.313000,-240.885000,26.55
0.084164,0.610000,0.020000,-0.743000,220.656000,-29.466000,-229.435000,26.60
0.084610,0.587000,0.118000,-0.732000,212.855000,-27.740000,-218.977000,26.60
0.085052,0.608000,0.155000,-0.688000,205.740000,-27.527000,-210.137000,26.55
0.085481,0.582000,0.173000,-0.659000,192.489000,-26.397000,-203.023000,26.60
0.085919,0.577000,0.175000,-0.648000,171.069000,-15.924000,-195.069000,26.51
0.086360,0.579000,0.154000,-0.646000,147.053000,-10.000000,-182.489000,26.65
0.086792,0.552000,0.145000,-0.667000,122.672000,-6.397000,-165.863000,26.69
0.087227,0.503000,0.094000,-0.681000,100.489000,-1.557000,-146.168000,26.41
0.087647,0.442000,-0.022000,-0.705000,74.962000,0.779000,-126.885000,26.55
0.088075,0.420000,-0.122000,-0.712000,49.405000,8.809000,-106.244000,26.51
0.088644,0.382000,-0.151000,-0.731000,28.534000,15.710000,-83.252000,26.51
0.089102,0.816000,-1.011000,-1.037000,-15.344000,-4.504000,-66.137000,26.55
0.089544,1.092000,-0.598000,-0.944000,-47.603000,6.977000,-31.237000,26.60
0.089979,0.906000,0.011000,-0.604000,-48.580000,-21.603000,-2.061000,26.60
0.090411,1.101000,0.773000,-0.888000,-35.420000,-29.740000,-10.504000,26.55
0.090935,0.511000,0.599000,-0.816000,9.771000,-44.183000,-6.580000,26.51
0.091503,0.370000,-0.099000,-0.908000,18.351000,-32.107000,12.137000,26.60
0.091960,0.455000,-0.326000,-0.876000,5.389000,-15.115000,21.557000,26.55
0.092501,0.536000,-0.052000,-0.880000,-7.130000,-11.573000,13.221000,26.51
0.092995,0.548000,0.001000,-0.885000,-8.870000,-13.130000,2.641000,26.60
0.093494,0.554000,-0.033000,-0.846000,-8.824000,-8.473000,-2.519000,26.55
0.093956,0.520000,0.056000,-0.783000,-10.840000,-4.137000,-4.000000,26.60
0.094417,0.563000,0.040000,-0.808000,-6.733000,-1.924000,-8.137000,26.55
0.094873,0.602000,-0.131000,-0.841000,-6.687000,-5.099000,-9.359000,26.55
0.095326,0.550000,-0.047000,-0.819000,-10.061000,-4.489000,-11.420000,26.51
0.095775,0.522000,0.008000,-0.812000,-9.466000,-6.351000,-11.481000,26.46
0.096232,0.554000,-0.026000,-0.805000,-6.519000,-7.466000,-10.000000,26.55
0.096714,0.544000,-0.051000,-0.815000,-6.321000,-8.305000,-10.168000,26.51
0.097173,0.550000,0.008000,-0.820000,-9.206000,-6.962000,-9.954000,26.55
0.097588,0.561000,0.058000,-0.815000,-8.168000,-8.824000,-8.260000,26.55
0.098002,0.537000,0.065000,-0.809000,-5.740000,-8.489000,-5.679000,26.51
0.098416,0.541000,0.013000,-0.836000,-3.221000,-7.405000,-4.901000,26.46
0.099101,0.581000,0.055000,-0.827000,-2.733000,-12.916000,-6.992000,26.60
0.099511,0.562000,0.066000,-0.811000,-2.718000,-8.779000,-3.954000,26.55
0.099922,0.541000,0.010000,-0.837000,-0.641000,-6.962000,-1.496000,26.55
0.100347,0.545000,-0.077000,-0.834000,-0.947000,-4.901000,-1.939000,26.51
0.100831,0.530000,-0.095000,-0.850000,-4.092000,-2.290000,-4.000000,26.55
0.101373,0.524000,-0.050000,-0.857000,-6.076000,-0.290000,-5.710000,26.55
0.108224,0.528000,-0.025000,-0.847000,-6.870000,2.137000,-6.550000,26.60
0.120627,0.518000,0.001000,-0.824000,-8.107000,5.221000,-6.885000,26.55
0.127626,0.515000,0.011000,-0.832000,-8.015000,8.534000,-6.000000,26.46
0.140143,0.531000,0.020000,-0.814000,-7.725000,9.588000,-5.603000,26.51
0.147294,0.520000,0.034000,-0.827000,-7.282000,11.618000,-4.733000,26.55
0.159422,0.544000,0.004000,-0.819000,-7.282000,13.756000,-4.519000,26.46
0.171644,0.550000,-0.010000,-0.832000,-7.420000,14.260000,-5.053000,26.51
0.178733,0.553000,-0.004000,-0.816000,-7.069000,13.435000,-4.885000,26.46
0.190983,0.566000,-0.001000,-0.817000,-5.588000,10.122000,-4.504000,26.55
0.197934,0.579000,0.001000,-0.801000,-5.328000,10.992000,-4.290000,26.51
0.210252,0.576000,-0.054000,-0.799000,-4.061000,8.366000,-4.092000,26.55
0.217253,0.562000,-0.045000,-0.799000,-5.298000,7.084000,-6.122000,26.55
0.229658,0.565000,0.009000,-0.805000,-5.328000,6.794000,-6.183000,26.51
0.236728,0.567000,0.020000,-0.803000,-5.374000,6.290000,-5.237000,26.65
0.249170,0.556000,0.032000,-0.825000,-4.198000,6.794000,-5.069000,26.55
0.261387,0.558000,0.021000,-0.825000,-3.359000,7.527000,-4.321000,26.60
0.268670,0.554000,0.032000,-0.834000,-3.710000,7.802000,-3.191000,26.55
0.281090,0.562000,0.030000,-0.819000,-3.771000,10.153000,-2.443000,26.55
0.288073,0.570000,0.020000,-0.815000,-3.466000,10.824000,-1.878000,26.51
0.300327,0.574000,0.010000,-0.802000,-2.718000,10.351000,-1.252000,26.55
0.307644,0.571000,0.002000,-0.799000,-2.046000,7.924000,-1.023000,26.46
0.319748,0.580000,-0.018000,-0.813000,-3.511000,9.618000,-1.023000,26.60
0.326983,0.575000,-0.007000,-0.810000,-3.557000,5.267000,-1.176000,26.55
0.339079,0.573000,-0.024000,-0.807000,-5.145000,7.649000,-1.863000,26.65
0.351424,0.616000,-0.037000,-0.859000,-11.221000,8.656000,-4.046000,26.60
0.358622,0.657000,-0.021000,-0.816000,-14.305000,-2.947000,-7.527000,26.55
0.370837,0.607000,0.007000,-0.817000,-16.443000,5.695000,-11.130000,26.51
0.377511,0.625000,-0.069000,-0.814000,-21.908000,-6.489000,-10.595000,26.51
0.389396,0.600000,0.025000,-0.779000,-20.916000,-4.901000,-10.412000,26.55
0.401569,0.563000,0.017000,-0.803000,-20.046000,-8.046000,-9.603000,26.51
0.408948,0.659000,-0.024000,-0.886000,-24.489000,-6.656000,-9.740000,26.60
0.420545,0.692000,-0.051000,-0.840000,-25.527000,-29.863000,-10.550000,26.46
0.427286,0.533000,0.021000,-0.818000,-24.351000,-29.542000,-8.550000,26.51
0.439711,0.443000,0.089000,-0.777000,-24.168000,-12.779000,-5.954000,26.60
0.452951,0.435000,0.078000,-0.769000,-17.344000,-12.885000,-6.260000,26.55
0.458653,0.487000,0.053000,-0.785000,-16.992000,-7.725000,-6.000000,26.51
0.470649,0.512000,0.032000,-0.815000,-14.718000,-1.374000,-7.328000,26.60
0.477831,0.582000,0.056000,-0.834000,-16.870000,1.069000,-8.794000,26.55
0.490120,0.586000,0.101000,-0.802000,-15.939000,-2.748000,-9.679000,26.51
0.496922,0.591000,0.116000,-0.788000,-11.939000,-5.130000,-11.450000,26.51
0.509096,0.569000,0.055000,-0.805000,-10.763000,-3.664000,-10.809000,26.55
0.521213,0.611000,0.000000,-0.836000,-9.908000,-14.626000,-9.847000,26.51
0.528749,0.641000,-0.019000,-0.866000,-14.214000,-9.405000,-9.008000,26.60
0.540442,0.585000,0.028000,-0.829000,-13.542000,-15.557000,-7.496000,26.46
0.547204,0.495000,0.057000,-0.795000,-12.504000,-20.168000,-6.962000,26.55
0.559479,0.444000,0.051000,-0.773000,-13.313000,-24.000000,-6.534000,26.51
0.571626,0.404000,0.066000,-0.759000,-13.359000,-9.267000,-7.023000,26.55
0.579049,0.424000,0.052000,-0.780000,-14.076000,-8.137000,-8.000000,26.55
0.591144,0.436000,0.034000,-0.753000,-13.695000,-4.534000,-8.107000,26.51
0.597793,0.413000,0.081000,-0.746000,-12.702000,-2.397000,-6.977000,26.46
0.609659,0.474000,0.110000,-0.776000,-12.260000,-0.763000,-6.229000,26.60
0.616708,0.514000,0.074000,-0.778000,-11.221000,-0.519000,-6.000000,26.51
0.629190,0.517000,0.070000,-0.809000,-10.840000,0.214000,-5.069000,26.55
0.641453,0.522000,0.070000,-0.835000,-10.336000,1.847000,-3.176000,26.55
0.648246,0.562000,0.071000,-0.867000,-11.664000,-1.740000,-2.122000,26.60
0.660733,0.658000,0.102000,-0.905000,-9.466000,-3.542000,-3.817000,26.55
0.667552,0.566000,0.024000,-0.926000,-12.962000,-0.885000,-6.656000,26.55
0.679637,0.549000,0.044000,-0.929000,-16.992000,-3.603000,-5.160000,26.51
0.686716,0.556000,0.152000,-0.877000,-18.687000,-6.000000,-5.481000,26.55
0.698912,0.627000,0.124000,-0.846000,-25.817000,-15.038000,-8.931000,26.46
0.711135,0.522000,0.120000,-0.806000,-15.985000,-8.275000,-7.344000,26.60
0.718168,0.490000,0.160000,-0.855000,-14.641000,-6.260000,-5.542000,26.55
0.730190,0.563000,0.215000,-0.842000,-11.557000,-5.618000,-6.443000,26.55
0.737417,0.470000,0.188000,-0.812000,-7.420000,-3.893000,-7.542000,26.60
0.749783,0.386000,0.159000,-0.812000,-2.275000,-1.603000,-5.237000,26.46
0.756742,0.450000,0.109000,-0.808000,-3.145000,3.893000,-2.947000,26.51
0.769171,0.440000,0.172000,-0.780000,3.496000,2.626000,-0.565000,26.51
0.781801,0.314000,0.197000,-0.726000,9.084000,6.580000,1.603000,26.55
0.788943,0.370000,0.129000,-0.802000,12.672000,11.069000,3.496000,26.60
0.801576,0.607000,0.045000,-0.868000,8.809000,11.466000,4.122000,26.60
0.808914,0.595000,0.071000,-0.830000,6.702000,9.221000,4.412000,26.55
0.821268,0.431000,0.121000,-0.787000,8.244000,9.985000,5.069000,26.60
0.828389,0.392000,0.095000,-0.767000,10.595000,13.802000,7.328000,26.60
0.840780,0.389000,0.092000,-0.717000,15.969000,18.672000,10.687000,26.55
0.847888,0.308000,0.129000,-0.647000,23.115000,14.519000,13.130000,26.51
0.860573,0.314000,0.113000,-0.700000,29.893000,19.099000,15.893000,26.51
0.868872,0.520000,0.157000,-0.758000,49.405000,13.756000,22.702000,26.55
0.879165,0.330000,0.278000,-0.588000,65.038000,13.069000,21.344000,26.51
0.891704,0.359000,0.153000,-0.694000,98.183000,4.489000,24.519000,26.51
0.898768,0.682000,-0.016000,-0.936000,98.061000,-3.908000,29.802000,26.46
0.910917,0.713000,-0.018000,-1.029000,88.565000,-4.855000,29.191000,26.51
0.918078,0.990000,-0.218000,-1.268000,54.366000,7.679000,21.924000,26.51
0.930218,0.734000,-0.211000,-0.898000,23.634000,21.603000,15.389000,26.55
0.937269,0.440000,0.004000,-0.967000,11.481000,93.191000,15.420000,26.60
0.949667,0.545000,-0.009000,-0.717000,28.733000,17.069000,15.084000,26.51
0.961776,0.601000,-0.091000,-0.906000,1.878000,35.664000,14.153000,26.55
0.968872,0.528000,0.004000,-0.918000,-6.534000,42.992000,10.718000,26.51
0.980998,0.457000,0.052000,-0.955000,-12.198000,58.931000,10.137000,26.51
0.988265,0.435000,0.079000,-0.974000,-11.954000,69.206000,10.962000,26.55
1.000470,0.413000,0.054000,-0.973000,-9.664000,69.588000,10.122000,26.60
1.007308,0.448000,0.035000,-1.001000,-1.878000,103.008000,11.557000,26.60
1.019474,0.352000,0.184000,-1.182000,29.359000,120.443000,11.038000,26.46
1.031426,0.461000,-0.180000,-1.318000,32.901000,133.069000,29.374000,26.60
1.038481,0.551000,0.097000,-1.288000,31.176000,168.046000,42.809000,26.60
1.050698,0.524000,0.370000,-1.292000,50.443000,179.969000,47.313000,26.65
1.057794,0.917000,0.333000,-1.309000,85.832000,191.160000,49.786000,26.51
1.069638,0.758000,0.105000,-1.274000,104.687000,202.198000,50.061000,26.51
1.076850,0.667000,0.292000,-1.544000,116.397000,196.595000,45.771000,26.55
1.088783,0.463000,0.526000,-1.843000,109.817000,184.427000,23.710000,26.51
1.100941,0.090000,0.844000,-1.643000,110.061000,155.557000,-13.466000,26.55
1.107391,-0.196000,0.955000,-1.618000,110.382000,126.473000,-50.977000,26.46
1.119736,-0.088000,0.683000,-1.579000,73.344000,100.336000,-75.527000,26.51
1.125521,0.019000,0.511000,-1.691000,52.214000,55.344000,-81.511000,26.55
1.138679,-0.177000,0.454000,-1.433000,46.733000,20.809000,-76.336000,26.60
1.151064,-0.163000,0.252000,-1.278000,41.878000,-4.840000,-65.542000,26.51
1.157678,-0.067000,0.150000,-1.134000,33.618000,-23.847000,-52.183000,26.55
1.169676,-0.035000,0.093000,-1.086000,21.252000,-37.344000,-36.901000,26.65
1.181571,-0.009000,0.082000,-0.992000,12.626000,-48.504000,-21.221000,26.69
1.188714,0.054000,0.086000,-0.946000,4.977000,-57.160000,-9.496000,26.55
1.201080,0.093000,0.116000,-0.934000,-2.885000,-56.534000,-1.023000,26.51
1.208160,0.255000,0.172000,-0.943000,-4.840000,-79.160000,4.489000,26.69
1.220354,0.315000,0.204000,-0.958000,-8.290000,-68.000000,6.672000,26.46
1.227278,0.452000,0.251000,-0.984000,-18.870000,-80.504000,4.641000,26.55
1.239463,0.586000,0.277000,-1.007000,-24.183000,-96.733000,-1.160000,26.51
1.251362,0.620000,0.346000,-0.993000,-30.489000,-109.679000,-12.015000,26.55
1.258364,0.626000,0.387000,-0.940000,-30.198000,-118.672000,-25.435000,26.51
1.270299,0.609000,0.373000,-0.871000,-31.206000,-119.939000,-40.901000,26.60
1.276607,0.618000,0.360000,-0.836000,-30.412000,-124.519000,-57.176000,26.55
1.288716,0.627000,0.346000,-0.854000,-29.771000,-122.565000,-72.916000,26.46
1.301008,0.698000,0.323000,-0.917000,-25.710000,-126.779000,-86.489000,26.60
1.307331,0.740000,0.285000,-0.949000,-22.748000,-131.115000,-97.634000,26.55
1.319490,0.744000,0.244000,-0.938000,-18.702000,-133.863000,-106.076000,26.51
1.331305,0.689000,0.208000,-0.948000,-16.519000,-135.802000,-112.244000,26.60
1.338140,0.670000,0.165000,-0.946000,-14.641000,-133.374000,-115.267000,26.55
1.349829,0.627000,0.118000,-0.919000,-14.794000,-115.267000,-115.542000,26.55
1.361620,0.654000,0.106000,-0.999000,-18.351000,-108.947000,-112.992000,26.60
1.368453,0.702000,0.047000,-1.024000,-22.962000,-114.366000,-109.908000,26.55
1.380213,0.784000,0.004000,-1.050000,-24.015000,-119.664000,-103.878000,26.60
1.386980,0.864000,-0.036000,-1.067000,-33.832000,-129.374000,-97.603000,26.51
1.398928,0.926000,-0.042000,-1.081000,-44.244000,-137.191000,-90.168000,26.55
1.410862,0.911000,-0.089000,-1.048000,-49.145000,-146.458000,-83.893000,26.51
1.417521,0.905000,-0.149000,-0.998000,-56.458000,-147.924000,-74.427000,26.51
1.429356,0.963000,-0.171000,-0.963000,-57.008000,-154.290000,-63.008000,26.46
1.440964,0.988000,-0.184000,-0.917000,-57.252000,-156.611000,-52.137000,26.51
1.447941,0.990000,-0.190000,-0.796000,-54.809000,-152.901000,-41.557000,26.51
1.459650,1.041000,-0.164000,-0.688000,-48.824000,-148.687000,-34.656000,26.55
1.471608,1.112000,-0.119000,-0.593000,-44.641000,-132.840000,-31.939000,26.51
1.478638,1.219000,-0.098000,-0.494000,-41.771000,-124.229000,-33.634000,26.51
1.490645,1.355000,-0.121000,-0.430000,-42.855000,-115.099000,-38.275000,26.55
1.496064,1.521000,-0.137000,-0.290000,-43.481000,-110.366000,-47.084000,26.60
1.508945,1.498000,-0.090000,-0.086000,-32.137000,-102.076000,-53.313000,26.51
1.521346,1.467000,-0.123000,0.145000,-13.557000,-80.198000,-54.977000,26.65
1.527936,1.453000,-0.204000,0.315000,1.771000,-52.824000,-54.260000,26.51
1.539957,1.455000,-0.310000,0.382000,6.916000,-21.008000,-50.809000,26.60
1.547002,1.439000,-0.424000,0.330000,5.084000,2.336000,-43.573000,26.46
1.559182,1.428000,-0.318000,0.600000,32.779000,43.924000,-14.687000,26.51
1.571585,1.371000,-0.541000,0.838000,52.458000,114.183000,8.382000,26.60
1.578735,1.254000,-0.491000,0.563000,73.969000,147.786000,46.000000,26.55
1.590631,1.240000,0.163000,-1.503000,60.763000,185.176000,39.435000,26.51
1.597881,0.792000,0.311000,-1.881000,54.901000,104.794000,50.626000,26.60
1.609979,0.033000,-0.154000,-0.705000,34.290000,132.779000,42.000000,26.46
1.621976,0.113000,-0.247000,-0.552000,63.282000,184.947000,38.305000,26.51
1.629016,0.645000,-0.231000,-1.387000,38.763000,197.878000,29.817000,26.51
1.641144,1.519000,-0.043000,-1.283000,23.924000,181.237000,40.626000,26.55
1.648015,1.471000,0.292000,-1.031000,35.832000,149.893000,28.061000,26.51
1.660217,1.108000,0.284000,-1.054000,42.473000,142.580000,15.420000,26.60
1.667243,1.017000,0.569000,-1.098000,44.336000,150.733000,6.275000,26.55
1.679547,1.476000,0.385000,-0.924000,44.015000,116.137000,10.427000,26.51
1.691475,0.966000,-0.138000,-0.916000,54.809000,90.427000,16.168000,26.69
1.698530,0.767000,-0.183000,-0.997000,50.947000,67.160000,25.084000,26.55
1.710896,0.891000,-0.015000,-0.933000,52.229000,57.130000,26.489000,26.51
1.718019,0.825000,-0.156000,-0.994000,46.275000,51.817000,21.634000,26.60
1.729745,0.702000,-0.248000,-0.982000,38.397000,26.427000,19.939000,26.55
1.736898,0.654000,-0.124000,-0.936000,22.718000,30.656000,11.573000,26.41
1.749001,0.657000,-0.107000,-0.927000,16.061000,17.023000,7.221000,26.60
1.761416,0.591000,-0.063000,-0.881000,11.176000,14.412000,4.687000,26.65
1.768645,0.577000,-0.059000,-0.864000,6.046000,13.282000,1.695000,26.60
1.780959,0.588000,-0.026000,-0.851000,3.099000,11.420000,0.489000,26.60
1.788085,0.560000,0.022000,-0.841000,0.580000,13.527000,-0.718000,26.55
1.800531,0.527000,0.057000,-0.833000,0.412000,13.115000,-0.366000,26.51
1.807585,0.573000,0.032000,-0.830000,-1.038000,16.229000,-0.198000,26.51
1.819776,0.601000,0.015000,-0.823000,-0.824000,11.099000,-0.458000,26.55
1.826989,0.573000,0.023000,-0.804000,-1.588000,11.206000,-0.366000,26.60
1.839498,0.561000,0.049000,-0.806000,-1.802000,12.412000,0.840000,26.41
1.851772,0.568000,0.031000,-0.810000,-0.031000,7.420000,1.924000,26.55
1.858970,0.590000,0.034000,-0.789000,-0.015000,8.107000,2.321000,26.51
1.871385,0.569000,0.034000,-0.788000,1.038000,6.244000,2.779000,26.46
1.878895,0.553000,0.018000,-0.794000,0.611000,7.298000,2.641000,26.55
1.891437,0.548000,0.004000,-0.792000,1.328000,4.656000,2.351000,26.51
1.898615,0.533000,0.036000,-0.807000,1.328000,8.733000,2.046000,26.46
1.911051,0.525000,0.032000,-0.819000,1.649000,10.656000,2.214000,26.55
1.918390,0.548000,0.013000,-0.819000,1.145000,10.366000,2.031000,26.51
1.930508,0.596000,-0.008000,-0.819000,-4.305000,13.618000,1.053000,26.55
1.937621,0.568000,0.025000,-0.803000,-6.061000,19.084000,1.740000,26.55
1.949996,0.594000,0.036000,-0.780000,-6.977000,22.626000,1.832000,26.51
1.957093,0.578000,0.019000,-0.791000,-7.832000,25.160000,1.908000,26.55
1.969496,0.587000,0.004000,-0.792000,-10.366000,33.466000,1.099000,26.46
1.981962,0.526000,0.044000,-0.807000,-11.878000,37.542000,1.176000,26.41
1.988793,0.487000,0.068000,-0.793000,-13.008000,36.153000,-1.084000,26.46
2.001024,0.554000,0.012000,-0.815000,-12.855000,47.664000,-0.779000,26.46
2.010738,0.603000,0.018000,-0.825000,-10.992000,50.916000,-2.046000,26.60
2.020035,0.585000,0.003000,-0.807000,-13.817000,54.748000,-3.053000,26.55
2.027039,0.663000,-0.012000,-0.812000,-14.473000,58.901000,-5.817000,26.55
2.039224,0.629000,0.003000,-0.796000,-13.344000,60.519000,-7.344000,26.60
2.051605,0.545000,0.058000,-0.814000,-9.863000,59.176000,-7.405000,26.46
2.058700,0.591000,0.051000,-0.806000,-11.389000,69.023000,-7.710000,26.55
2.070661,0.649000,0.075000,-0.836000,-5.160000,70.809000,-5.496000,26.51
2.078193,0.627000,0.021000,-0.883000,-4.153000,78.397000,-4.351000,26.65
2.090089,0.664000,-0.073000,-0.791000,-4.198000,70.779000,-0.641000,26.55
2.097467,0.492000,0.461000,-0.923000,9.099000,89.420000,4.672000,26.51
2.109653,0.678000,-0.061000,-0.853000,5.802000,104.855000,7.695000,26.55
2.121783,0.677000,-0.064000,-0.886000,16.122000,113.359000,3.985000,26.55
2.129158,0.664000,0.027000,-0.870000,17.466000,125.771000,4.305000,26.51
2.141183,0.722000,0.034000,-0.945000,16.244000,135.038000,6.626000,26.46
2.148035,0.543000,0.136000,-1.022000,34.824000,153.084000,12.840000,26.55
2.160403,0.686000,0.144000,-0.967000,34.702000,167.176000,17.634000,26.51
2.167535,0.558000,0.110000,-0.928000,57.053000,201.466000,23.969000,26.46
2.179569,0.619000,0.026000,-1.063000,69.191000,228.153000,24.916000,26.55
2.192201,0.647000,0.082000,-1.148000,79.496000,244.565000,22.504000,26.41
2.198645,0.743000,0.161000,-1.115000,81.191000,301.359000,23.527000,26.55
2.211083,0.994000,-0.030000,-1.225000,92.534000,347.466000,31.252000,26.55
2.217695,1.562000,-0.335000,-1.748000,65.863000,287.817000,31.435000,26.60
2.229850,1.080000,-0.375000,-1.201000,61.374000,355.588000,24.458000,26.55
2.236126,1.355000,-0.209000,-1.463000,25.115000,392.595000,23.038000,26.55
2.248955,0.731000,0.410000,-1.136000,20.718000,476.489000,22.092000,26.60
2.260965,1.390000,0.357000,-1.220000,96.489000,305.466000,54.366000,26.46
2.268370,1.745000,0.393000,-1.072000,128.489000,276.641000,58.229000,26.55
2.280156,1.339000,0.144000,-1.212000,119.511000,270.427000,59.847000,26.51
2.287808,0.597000,-0.242000,-1.875000,63.557000,190.351000,53.084000,26.55
2.299263,0.997000,-0.651000,-2.098000,-45.389000,148.626000,70.076000,26.55
2.311214,0.589000,-0.017000,-2.302000,-104.000000,34.595000,81.786000,26.60
2.322477,0.051000,0.341000,-1.481000,-108.809000,-5.450000,103.344000,26.55
2.330071,-0.014000,0.449000,-1.231000,-89.115000,-63.374000,113.252000,26.65
2.342154,-0.064000,0.428000,-1.014000,-81.893000,-66.916000,112.397000,26.60
2.348768,0.010000,0.387000,-0.917000,-84.885000,-75.817000,100.000000,26.55
2.361039,0.179000,0.399000,-0.921000,-92.992000,-94.366000,82.321000,26.65
2.367517,0.317000,0.474000,-0.904000,-98.748000,-117.557000,60.290000,26.60
2.379406,0.365000,0.566000,-0.867000,-96.107000,-140.809000,35.878000,26.55
2.391664,0.370000,0.563000,-0.853000,-86.901000,-163.832000,11.221000,26.55
2.398222,0.401000,0.478000,-0.769000,-76.229000,-185.893000,-14.458000,26.51
2.410276,0.407000,0.370000,-0.713000,-71.771000,-208.076000,-38.443000,26.55
2.416963,0.490000,0.242000,-0.755000,-76.794000,-209.405000,-57.618000,26.55
2.429012,0.605000,0.151000,-0.790000,-83.618000,-214.947000,-71.191000,26.60
2.440980,0.733000,0.042000,-0.857000,-88.534000,-227.511000,-77.634000,26.46
2.447477,0.848000,-0.071000,-0.898000,-93.023000,-243.252000,-77.496000,26.46
2.459507,0.924000,-0.176000,-0.896000,-100.305000,-253.893000,-71.176000,26.51
2.471181,0.968000,-0.294000,-0.881000,-108.489000,-262.931000,-60.733000,26.46
2.478103,1.006000,-0.359000,-0.870000,-118.137000,-262.687000,-47.985000,26.65
2.489642,1.051000,-0.405000,-0.871000,-127.206000,-261.069000,-35.328000,26.51
2.501637,1.132000,-0.430000,-0.896000,-136.092000,-258.137000,-24.519000,26.55
2.508126,1.239000,-0.397000,-0.919000,-142.290000,-255.771000,-17.328000,26.55
2.519676,1.337000,-0.302000,-0.921000,-144.473000,-254.412000,-13.969000,26.51
2.531407,1.419000,-0.171000,-0.902000,-142.229000,-252.107000,-16.550000,26.55
2.537978,1.434000,-0.075000,-0.887000,-136.977000,-247.588000,-24.565000,26.55
2.550291,1.421000,-0.004000,-0.883000,-131.160000,-240.916000,-38.504000,26.60
2.561694,1.471000,0.088000,-0.898000,-124.198000,-234.214000,-55.924000,26.55
2.568467,1.507000,0.149000,-0.904000,-113.450000,-229.160000,-76.092000,26.60
2.580353,1.518000,0.175000,-0.910000,-98.534000,-224.611000,-100.122000,26.51
2.587366,1.522000,0.161000,-0.901000,-83.679000,-213.939000,-126.779000,26.55
2.598927,1.567000,0.007000,-0.898000,-62.565000,-218.366000,-155.038000,26.51
2.610872,1.601000,-0.183000,-0.844000,-46.733000,-211.389000,-182.107000,26.51
2.617458,1.734000,-0.263000,-0.779000,-19.710000,-211.542000,-194.931000,26.46
2.629553,2.060000,-0.297000,-0.664000,25.008000,-200.168000,-191.282000,26.69
2.641460,1.752000,-0.388000,-0.272000,58.153000,-193.557000,-169.435000,26.51
2.647795,1.929000,-0.696000,-0.247000,61.405000,-197.053000,-158.473000,26.46
2.659798,1.799000,-0.762000,0.024000,41.527000,-177.573000,-141.603000,26.51
2.671567,1.660000,-0.901000,0.454000,14.809000,-147.527000,-107.618000,26.60
2.678288,1.596000,-1.106000,0.771000,-19.588000,-104.580000,-65.939000,26.55
2.690366,1.682000,-1.202000,0.906000,-51.542000,-42.427000,-22.595000,26.51
2.697692,1.595000,-1.008000,1.206000,-47.969000,19.176000,30.137000,26.51
2.709556,1.753000,-0.875000,1.056000,-16.183000,73.863000,74.947000,26.46
2.721731,2.019000,-0.745000,0.922000,12.061000,112.931000,108.779000,26.60
2.728638,1.618000,-0.553000,0.780000,59.511000,144.397000,145.359000,26.51
2.740791,0.748000,0.216000,-1.360000,48.794000,148.321000,119.679000,26.55
2.747822,0.402000,0.898000,-1.867000,18.198000,142.824000,64.840000,26.60
2.759919,0.232000,0.653000,-0.525000,41.634000,168.840000,37.588000,26.55
2.767133,0.744000,0.076000,-0.794000,63.206000,228.611000,21.924000,26.60
2.779777,1.995000,-0.288000,-1.611000,40.611000,186.229000,23.542000,26.51
2.791479,1.472000,-0.280000,-1.061000,38.473000,148.718000,38.489000,26.46
2.798163,0.874000,-0.133000,-1.058000,23.969000,146.962000,24.901000,26.46
2.810412,1.585000,0.714000,-1.100000,28.076000,141.496000,7.924000,26.51
2.817590,1.097000,0.018000,-0.643000,45.710000,106.183000,14.122000,26.51
2.829629,0.993000,0.002000,-0.948000,40.534000,80.931000,19.618000,26.51
2.842005,0.770000,-0.030000,-0.854000,42.748000,61.053000,24.672000,26.41
2.848908,0.778000,-0.156000,-0.912000,37.618000,45.573000,21.939000,26.51
2.861267,0.731000,-0.080000,-0.936000,32.779000,40.473000,22.550000,26.55
2.868034,0.725000,-0.090000,-0.908000,27.420000,27.756000,17.832000,26.51
2.880070,0.642000,-0.252000,-0.955000,22.733000,15.298000,12.794000,26.51
2.887581,0.612000,-0.120000,-0.890000,14.031000,4.290000,6.229000,26.51
2.899781,0.583000,0.020000,-0.831000,18.458000,-20.992000,2.794000,26.51
2.911741,0.567000,-0.015000,-0.850000,0.794000,24.397000,-0.015000,26.55
2.919109,0.549000,0.018000,-0.830000,0.214000,19.725000,-0.962000,26.55
2.931616,0.549000,0.069000,-0.821000,6.183000,10.489000,0.443000,26.60
2.938712,0.411000,0.159000,-0.878000,8.305000,16.931000,1.786000,26.46
2.951670,0.559000,0.075000,-0.846000,9.313000,20.336000,3.221000,26.60
2.958525,0.604000,0.033000,-0.820000,9.344000,19.634000,4.305000,26.60
2.970894,0.604000,-0.004000,-0.813000,4.595000,14.779000,6.504000,26.55
2.977715,0.570000,0.016000,-0.824000,-0.901000,20.611000,6.092000,26.55
2.989799,0.574000,-0.010000,-0.816000,-2.611000,18.733000,5.679000,26.51
2.996957,0.598000,-0.004000,-0.800000,-4.214000,16.550000,4.962000,26.55
3.009424,0.597000,0.020000,-0.787000,-5.710000,17.725000,4.824000,26.51
3.015005,0.575000,0.029000,-0.808000,-7.298000,21.725000,4.656000,26.51
3.028991,0.562000,0.022000,-0.795000,-7.053000,18.290000,4.183000,26.55
3.041424,0.598000,0.041000,-0.805000,-9.053000,21.954000,4.031000,26.55
3.048487,0.635000,0.025000,-0.754000,-5.023000,14.565000,3.924000,26.51
3.061129,0.608000,0.009000,-0.765000,-5.145000,13.435000,3.878000,26.55
3.068261,0.626000,0.010000,-0.747000,-4.534000,13.084000,4.015000,26.51
3.080485,0.606000,0.021000,-0.770000,-4.275000,11.466000,3.374000,26.51
3.087714,0.570000,0.049000,-0.775000,-2.763000,10.580000,2.733000,26.46
3.100105,0.568000,0.048000,-0.759000,-3.053000,12.901000,2.565000,26.55
3.107081,0.598000,0.044000,-0.775000,-0.076000,14.458000,2.794000,26.51
3.119997,0.570000,0.040000,-0.799000,-0.595000,20.779000,3.069000,26.55
3.131840,0.577000,0.010000,-0.787000,-2.336000,25.817000,2.550000,26.51
3.138869,0.600000,-0.007000,-0.797000,-3.756000,30.229000,1.588000,26.51
3.151267,0.635000,0.010000,-0.785000,-5.053000,33.908000,-0.687000,26.65
3.158492,0.615000,-0.008000,-0.801000,-5.008000,32.473000,0.260000,26.55
3.170431,0.579000,0.045000,-0.796000,-7.374000,38.779000,-0.153000,26.69
3.177678,0.723000,0.083000,-0.778000,-8.321000,39.588000,1.344000,26.55
3.190196,0.530000,0.004000,-0.821000,-11.634000,51.924000,2.046000,26.60
3.197208,0.580000,0.039000,-0.817000,-15.817000,55.908000,2.947000,26.60
3.209516,0.573000,-0.065000,-0.843000,-20.336000,61.313000,4.366000,26.55
3.221493,0.521000,0.217000,-0.917000,-0.122000,75.985000,5.603000,26.55
3.229323,0.656000,-0.134000,-0.823000,-2.366000,78.290000,3.878000,26.51
3.241111,0.620000,-0.043000,-0.877000,3.344000,82.260000,0.504000,26.46
3.248538,0.606000,0.015000,-0.887000,3.878000,100.336000,-1.344000,26.51
3.260807,0.572000,0.128000,-0.950000,4.107000,117.725000,4.031000,26.51
3.267945,0.504000,0.178000,-1.059000,7.603000,136.687000,10.656000,26.55
3.280113,0.477000,0.073000,-1.018000,17.374000,155.634000,17.847000,26.55
3.285668,0.673000,0.042000,-0.926000,16.168000,172.687000,20.779000,26.51
3.298927,0.681000,0.053000,-0.993000,25.282000,182.916000,22.733000,26.46
3.311064,0.883000,0.035000,-1.061000,30.122000,187.038000,23.634000,26.60
3.318271,0.835000,-0.015000,-0.937000,32.687000,191.679000,23.160000,26.60
3.330298,0.929000,-0.074000,-0.865000,40.305000,187.511000,20.626000,26.55
3.337429,1.466000,-0.233000,-1.287000,13.038000,193.527000,21.573000,26.65
3.349485,0.829000,0.041000,-0.863000,13.573000,161.573000,23.878000,26.51
3.361630,0.828000,0.122000,-0.901000,14.565000,160.412000,27.344000,26.55
3.368698,0.563000,0.346000,-1.549000,21.466000,107.252000,28.137000,26.51
3.380729,-0.062000,0.286000,-1.642000,40.015000,45.725000,44.687000,26.60
3.388108,-0.329000,-0.148000,-1.478000,28.214000,3.389000,65.466000,26.55
3.399985,-0.004000,0.030000,-1.407000,-5.908000,-33.496000,74.855000,26.51
3.411819,-0.097000,0.238000,-1.173000,-18.550000,-65.160000,75.023000,26.60
3.419207,-0.016000,0.289000,-1.020000,-22.824000,-82.015000,70.031000,26.55
3.430840,0.087000,0.292000,-0.913000,-31.511000,-95.557000,60.412000,26.51
3.437590,0.219000,0.335000,-0.873000,-38.962000,-103.695000,47.924000,26.51
3.449446,0.294000,0.324000,-0.810000,-40.229000,-115.405000,35.695000,26.55
3.461390,0.396000,0.269000,-0.804000,-44.107000,-121.130000,22.565000,26.51
3.468435,0.487000,0.243000,-0.800000,-46.931000,-125.221000,10.885000,26.60
3.480616,0.568000,0.200000,-0.814000,-48.641000,-129.344000,0.061000,26.55
3.487222,0.665000,0.131000,-0.813000,-52.702000,-132.763000,-11.084000,26.51
3.499222,0.724000,0.122000,-0.795000,-53.573000,-138.015000,-22.366000,26.51
3.511080,0.727000,0.097000,-0.779000,-48.672000,-139.695000,-34.794000,26.46
3.517721,0.762000,0.047000,-0.809000,-42.916000,-139.420000,-48.031000,26.60
3.529676,0.827000,0.019000,-0.841000,-35.817000,-142.550000,-59.023000,26.51
3.541667,0.840000,-0.016000,-0.823000,-27.328000,-146.412000,-66.611000,26.55
3.548223,0.849000,-0.058000,-0.793000,-20.595000,-147.466000,-71.008000,26.51
3.560443,0.891000,-0.068000,-0.729000,-14.611000,-147.847000,-72.366000,26.51
3.567322,0.903000,-0.071000,-0.670000,-8.718000,-142.336000,-71.313000,26.55
3.578952,0.935000,-0.085000,-0.604000,-2.885000,-138.504000,-68.870000,26.60
3.590955,0.931000,-0.100000,-0.515000,1.405000,-131.252000,-67.802000,26.60
3.597678,0.908000,-0.094000,-0.475000,6.580000,-121.313000,-66.962000,26.55
3.609829,0.866000,-0.086000,-0.421000,13.527000,-111.313000,-66.229000,26.60
3.621602,0.742000,-0.119000,-0.409000,13.802000,-91.542000,-65.099000,26.60
3.628498,0.663000,-0.219000,-0.358000,15.618000,-70.519000,-64.992000,26.55
3.640633,0.654000,-0.244000,-0.328000,11.740000,-58.366000,-63.008000,26.60
3.647514,1.350000,-1.279000,-0.011000,20.168000,-10.427000,-40.321000,26.60
3.659707,1.447000,-0.250000,0.803000,42.458000,34.931000,-38.916000,26.55
3.671833,2.782000,-0.915000,1.342000,14.733000,138.046000,-11.099000,26.51
3.678706,3.254000,-1.019000,1.805000,3.969000,189.374000,13.969000,26.51
3.691330,4.000000,0.515000,-0.585000,86.107000,68.809000,52.412000,26.65
3.697881,2.295000,-0.146000,-0.500000,1.786000,-84.489000,-22.794000,26.51
3.710391,-0.432000,-0.301000,-0.581000,38.779000,-81.771000,2.015000,26.60
3.717038,-0.078000,0.156000,-1.277000,-3.588000,-4.122000,11.359000,26.55
3.729240,0.110000,0.300000,-0.707000,27.542000,-21.756000,31.313000,26.51
3.741714,0.830000,0.118000,-0.883000,31.481000,5.939000,24.519000,26.51
3.748678,0.724000,-0.447000,-0.906000,18.611000,-17.130000,17.756000,26.55
3.761133,0.482000,-0.190000,-0.892000,3.221000,-3.786000,12.519000,26.60
3.768471,0.450000,0.118000,-0.847000,3.206000,6.351000,8.015000,26.51
3.780558,0.573000,-0.020000,-0.861000,3.634000,13.740000,7.771000,26.55
3.788103,0.727000,-0.179000,-0.833000,-3.542000,9.573000,3.298000,26.51
3.800105,0.650000,-0.134000,-0.787000,-5.328000,9.176000,-3.053000,26.41
3.807256,0.581000,-0.067000,-0.793000,-7.863000,8.779000,-6.137000,26.55
3.819774,0.566000,0.026000,-0.799000,-7.740000,9.221000,-5.603000,26.60
3.831643,0.565000,0.041000,-0.792000,-6.412000,9.145000,-3.618000,26.51
3.838965,0.581000,0.047000,-0.786000,-5.191000,7.084000,-0.824000,26.55
3.851393,0.629000,0.035000,-0.765000,-3.328000,6.672000,1.405000,26.51
3.858564,0.636000,0.004000,-0.766000,-1.786000,4.702000,2.305000,26.51
3.870998,0.630000,-0.016000,-0.762000,-0.122000,2.427000,3.130000,26.55
3.878229,0.599000,-0.038000,-0.786000,-0.489000,1.298000,2.855000,26.51
3.890544,0.579000,-0.045000,-0.811000,-1.542000,2.504000,2.458000,26.51
3.897618,0.572000,-0.048000,-0.814000,-2.198000,3.710000,0.718000,26.55
3.910461,0.568000,-0.048000,-0.809000,-3.130000,5.511000,-0.458000,26.51
3.917242,0.577000,-0.045000,-0.805000,-3.847000,6.519000,-1.405000,26.41
3.929497,0.588000,-0.030000,-0.788000,-4.290000,7.237000,-2.229000,26.55
3.941509,0.598000,-0.015000,-0.785000,-4.626000,7.176000,-2.702000,26.41
3.948911,0.578000,0.003000,-0.803000,-4.779000,8.489000,-2.443000,26.55
3.961384,0.584000,0.006000,-0.796000,-3.649000,6.137000,-1.450000,26.55
3.968483,0.592000,0.004000,-0.784000,-4.076000,8.580000,-0.824000,26.51
3.980713,0.600000,0.005000,-0.765000,-3.954000,7.313000,-0.229000,26.65
3.987946,0.610000,-0.013000,-0.768000,-3.298000,5.282000,0.229000,26.46
4.000500,0.607000,-0.021000,-0.782000,-3.206000,5.221000,0.214000,26.51
4.007288,0.596000,-0.017000,-0.781000,-2.779000,4.855000,-0.015000,26.55
4.020219,0.590000,-0.021000,-0.794000,-2.855000,4.702000,-0.321000,26.55
4.032119,0.583000,-0.030000,-0.787000,-2.809000,3.847000,-0.580000,26.60
4.038898,0.564000,-0.014000,-0.800000,-3.725000,6.260000,-0.519000,26.55
4.051226,0.580000,-0.020000,-0.790000,-4.336000,6.504000,-0.412000,26.55
4.058273,0.585000,-0.027000,-0.791000,-5.069000,8.412000,-0.092000,26.60
4.070644,0.592000,-0.023000,-0.794000,-5.145000,9.481000,-0.397000,26.55
4.077851,0.611000,-0.010000,-0.793000,-4.901000,9.374000,-0.733000,26.55
4.089890,0.610000,-0.014000,-0.772000,-4.107000,7.817000,-0.519000,26.60
4.097056,0.614000,-0.002000,-0.772000,-3.802000,8.397000,-0.519000,26.46
4.109358,0.615000,-0.005000,-0.767000,-3.145000,6.321000,-0.061000,26.65
4.121485,0.606000,-0.009000,-0.780000,-3.252000,6.794000,0.244000,26.51
4.128826,0.615000,-0.029000,-0.761000,-2.916000,4.595000,0.611000,26.65
4.141172,0.619000,-0.032000,-0.766000,-2.809000,4.901000,-0.366000,26.55
4.148417,0.611000,-0.022000,-0.781000,-2.351000,3.817000,-0.534000,26.60
4.160475,0.592000,-0.017000,-0.779000,-2.672000,4.092000,-0.855000,26.55
4.167363,0.592000,-0.010000,-0.796000,-2.519000,4.366000,-0.809000,26.55
4.179620,0.587000,-0.008000,-0.790000,-3.450000,6.092000,-0.748000,26.60
4.187073,0.590000,0.002000,-0.787000,-3.725000,8.015000,-0.855000,26.55
4.199331,0.582000,0.001000,-0.803000,-3.863000,8.962000,-0.336000,26.55
4.211516,0.596000,-0.006000,-0.793000,-4.183000,9.160000,-0.092000,26.51
4.218793,0.613000,-0.010000,-0.768000,-3.634000,9.176000,-0.153000,26.55
4.230824,0.618000,-0.025000,-0.764000,-3.771000,8.947000,-0.580000,26.55
4.237853,0.621000,-0.021000,-0.758000,-3.908000,9.359000,-0.885000,26.51
4.250182,0.624000,-0.011000,-0.752000,-3.206000,6.855000,-1.008000,26.46
4.257124,0.612000,-0.004000,-0.755000,-3.252000,5.740000,-0.748000,26.46
4.269592,0.614000,-0.010000,-0.772000,-3.023000,5.679000,-0.046000,26.51
4.281825,0.629000,-0.017000,-0.748000,-2.458000,2.901000,0.260000,26.55
4.289284,0.618000,-0.013000,-0.762000,-2.473000,3.008000,0.260000,26.55
4.301385,0.612000,-0.016000,-0.771000,-2.229000,3.115000,0.061000,26.60
4.308579,0.599000,-0.016000,-0.785000,-2.168000,3.817000,-0.336000,26.46
4.321139,0.613000,-0.009000,-0.766000,-2.290000,4.000000,-0.565000,26.55
4.328090,0.617000,-0.013000,-0.770000,-2.076000,3.344000,-0.534000,26.51
4.340287,0.609000,-0.011000,-0.764000,-1.527000,2.611000,-0.565000,26.46
4.347289,0.605000,-0.008000,-0.771000,-1.191000,2.931000,-0.412000,26.55
4.359549,0.618000,-0.007000,-0.760000,-1.267000,2.534000,-0.458000,26.60
4.371724,0.613000,-0.010000,-0.765000,-1.511000,1.359000,-0.748000,26.55
4.378970,0.605000,-0.014000,-0.782000,-1.450000,2.290000,-0.504000,26.55
4.391362,0.599000,-0.013000,-0.780000,-1.664000,1.130000,-0.229000,26.51
4.398424,0.602000,-0.016000,-0.766000,-1.099000,-0.137000,-0.168000,26.55
4.410527,0.614000,-0.021000,-0.760000,-0.748000,-1.008000,-0.183000,26.60
4.417349,0.605000,-0.010000,-0.772000,-0.489000,-0.641000,-0.473000,26.60
4.429585,0.606000,-0.011000,-0.764000,-1.435000,-0.183000,-0.611000,26.55
4.442003,0.603000,-0.010000,-0.786000,-1.435000,0.885000,-0.427000,26.60
4.448888,0.607000,-0.001000,-0.786000,-1.252000,1.221000,-0.076000,26.60
4.461084,0.607000,-0.014000,-0.783000,-1.527000,1.695000,0.092000,26.46
4.468460,0.609000,-0.014000,-0.779000,-1.573000,1.969000,-0.153000,26.51
4.480666,0.622000,-0.019000,-0.761000,-1.359000,1.817000,0.107000,26.60
4.487770,0.603000,-0.021000,-0.781000,-1.313000,2.473000,-0.031000,26.55
4.500055,0.596000,-0.022000,-0.789000,-1.145000,3.038000,-0.397000,26.60
4.507025,0.606000,-0.023000,-0.782000,-1.542000,4.198000,-0.550000,26.60
4.519762,0.601000,-0.017000,-0.786000,-1.710000,4.809000,-0.870000,26.55
4.531583,0.602000,-0.009000,-0.777000,-1.634000,5.664000,-0.672000,26.51
4.538671,0.607000,0.003000,-0.785000,-1.511000,4.519000,-0.260000,26.51
4.551236,0.592000,0.005000,-0.804000,-2.580000,10.519000,-0.153000,26.55
4.558168,0.598000,-0.005000,-0.806000,-2.779000,11.893000,0.061000,26.60
4.570743,0.586000,-0.005000,-0.816000,-4.412000,15.221000,-0.092000,26.65
4.577494,0.561000,0.033000,-0.852000,-8.076000,20.870000,0.626000,26.51
4.589898,0.515000,0.052000,-0.898000,-7.588000,29.695000,3.466000,26.60
4.597022,0.446000,0.062000,-0.884000,-21.176000,44.794000,7.069000,26.46
4.609233,0.511000,0.074000,-0.877000,-11.344000,50.870000,12.382000,26.46
4.621218,0.585000,-0.093000,-0.842000,-10.427000,53.405000,9.618000,26.51
4.628151,0.578000,-0.019000,-0.850000,-14.870000,59.832000,6.916000,26.46
4.640294,0.594000,-0.033000,-0.832000,-13.710000,60.733000,6.962000,26.51
4.647550,0.584000,0.006000,-0.861000,-14.641000,63.389000,10.779000,26.51
4.659828,0.573000,-0.020000,-0.854000,-21.359000,63.160000,12.366000,26.55
4.671689,0.550000,0.032000,-0.835000,-31.053000,59.786000,17.863000,26.55
4.678651,0.543000,0.124000,-0.853000,-36.611000,51.924000,24.977000,26.60
4.691104,0.492000,0.197000,-0.839000,-39.679000,45.771000,36.122000,26.55
4.697923,0.395000,0.218000,-0.888000,-37.374000,34.427000,42.718000,26.51
4.710196,0.348000,0.173000,-0.904000,-37.511000,24.992000,47.130000,26.60
4.717281,0.331000,0.154000,-0.960000,-38.824000,16.687000,48.885000,26.55
4.729440,0.303000,0.305000,-1.087000,-35.298000,10.595000,48.473000,26.55
4.741726,0.219000,0.418000,-1.152000,-25.069000,0.809000,43.481000,26.51
4.748395,0.121000,0.446000,-1.143000,-17.237000,-11.206000,32.198000,26.55
4.760870,0.095000,0.440000,-1.138000,-13.679000,-23.298000,15.313000,26.41
4.767883,0.130000,0.351000,-1.114000,-9.130000,-34.366000,-2.718000,26.51
4.779686,0.223000,0.195000,-1.030000,-3.985000,-44.794000,-18.901000,26.55
4.791787,0.357000,0.014000,-0.937000,0.015000,-53.053000,-30.534000,26.55
4.798998,0.659000,-0.217000,-0.766000,6.031000,-55.267000,-31.893000,26.51
4.810806,0.835000,-0.347000,-0.604000,12.305000,-51.221000,-32.015000,26.65
4.817749,1.056000,-0.398000,-0.450000,17.786000,-43.573000,-33.450000,26.51
4.829635,1.271000,-0.394000,-0.295000,27.359000,-31.344000,-36.290000,26.51
4.841973,1.417000,-0.363000,-0.213000,34.794000,-14.534000,-42.763000,26.55
4.848689,1.428000,-0.348000,-0.148000,41.008000,1.481000,-50.092000,26.65
4.860914,1.402000,-0.374000,-0.151000,45.099000,15.557000,-55.298000,26.51
4.867720,1.301000,-0.399000,-0.221000,45.038000,26.977000,-55.023000,26.55
4.879919,1.212000,-0.438000,-0.263000,40.687000,35.878000,-50.260000,26.51
4.885495,1.206000,-0.378000,-0.252000,34.229000,40.809000,-44.061000,26.60
4.898958,0.889000,-0.122000,-0.471000,25.344000,40.580000,-41.359000,26.55
4.911060,0.622000,0.142000,-0.607000,22.061000,29.389000,-40.824000,26.55
4.918179,0.600000,0.129000,-0.622000,21.924000,18.870000,-36.687000,26.51
4.930403,0.723000,0.035000,-0.522000,13.466000,8.321000,-33.237000,26.65
4.937310,0.843000,-0.010000,-0.519000,-0.382000,-1.771000,-24.855000,26.51
4.949482,0.789000,0.144000,-0.552000,-11.695000,-10.870000,-13.634000,26.60
4.961326,0.800000,-0.002000,-0.657000,-11.771000,-29.603000,-6.076000,26.55
4.968252,0.699000,-0.003000,-0.742000,-18.397000,-22.702000,-1.206000,26.55
4.980461,0.705000,0.053000,-0.712000,-20.794000,-18.718000,-0.550000,26.60
4.988944,0.661000,0.007000,-0.765000,-18.962000,-14.015000,-1.969000,26.55
5.000618,0.632000,0.009000,-0.767000,-16.565000,-12.992000,-4.519000,26.51
5.011308,0.680000,-0.038000,-0.760000,-13.954000,-12.137000,-5.496000,26.60
5.017972,0.639000,-0.041000,-0.755000,-11.908000,-13.084000,-8.656000,26.46
5.030230,0.614000,0.138000,-0.825000,-7.664000,-6.458000,-3.664000,26.55
5.037387,0.595000,0.069000,-0.826000,-4.214000,-4.855000,1.374000,26.60
5.049730,0.607000,0.000000,-0.771000,-4.244000,-4.153000,0.641000,26.55
5.056758,0.610000,-0.046000,-0.805000,-6.626000,-0.046000,-1.863000,26.51
5.069181,0.610000,0.009000,-0.847000,-5.130000,3.573000,-4.947000,26.51
5.081336,0.605000,0.015000,-0.837000,-4.809000,5.145000,-6.534000,26.55
5.088378,0.662000,0.071000,-0.793000,-5.206000,10.092000,-5.847000,26.46
5.100966,0.639000,0.059000,-0.787000,-4.519000,10.916000,-3.160000,26.51
5.108001,0.588000,0.034000,-0.782000,-2.748000,12.092000,-1.115000,26.55
5.120241,0.656000,0.075000,-0.771000,-4.458000,15.191000,0.427000,26.51
5.127499,0.630000,0.046000,-0.813000,0.153000,9.359000,1.313000,26.60
5.139867,0.669000,0.037000,-0.754000,-2.336000,16.168000,2.290000,26.46
5.147181,0.627000,0.037000,-0.790000,-5.557000,18.382000,5.115000,26.55
5.159416,0.623000,0.026000,-0.802000,3.679000,21.359000,5.481000,26.60
5.166709,0.620000,0.052000,-0.784000,1.313000,28.672000,6.198000,26.55
5.179338,0.603000,0.039000,-0.771000,4.031000,26.901000,7.176000,26.51
5.197306,0.638000,0.001000,-0.763000,3.252000,39.985000,6.122000,26.51
5.198523,0.665000,-0.011000,-0.735000,5.725000,43.817000,4.092000,26.55
5.211071,0.680000,-0.005000,-0.721000,6.595000,44.260000,2.046000,26.55
5.218282,0.690000,0.013000,-0.694000,5.557000,47.725000,0.885000,26.51
5.230878,0.669000,0.001000,-0.695000,8.061000,42.992000,0.412000,26.55
5.237941,0.652000,0.022000,-0.721000,10.260000,37.313000,-0.137000,26.60
5.250455,0.701000,0.051000,-0.675000,6.427000,37.756000,1.053000,26.51
5.257500,0.723000,0.029000,-0.666000,5.115000,36.626000,2.534000,26.55
5.270227,0.713000,0.016000,-0.680000,4.595000,39.511000,3.405000,26.55
5.277466,0.688000,0.035000,-0.719000,4.015000,45.298000,3.634000,26.51
5.289810,0.712000,-0.004000,-0.713000,5.191000,48.229000,3.634000,26.46
5.296862,0.701000,0.010000,-0.742000,8.366000,42.397000,4.351000,26.51
5.309876,0.699000,0.051000,-0.771000,10.321000,52.641000,6.702000,26.60
5.321489,0.664000,0.038000,-0.787000,10.000000,63.954000,12.015000,26.55
5.328784,0.670000,0.024000,-0.832000,13.374000,74.779000,16.565000,26.46
5.340803,0.646000,-0.000000,-0.807000,16.427000,80.351000,18.916000,26.60
5.347887,0.652000,-0.083000,-0.806000,20.427000,77.267000,17.802000,26.46
5.360225,0.783000,-0.113000,-0.775000,25.282000,88.702000,14.702000,26.51
5.367491,0.710000,-0.085000,-0.771000,36.000000,94.366000,8.565000,26.51
5.379567,0.694000,-0.015000,-0.835000,38.702000,123.679000,7.573000,26.55
5.391737,0.703000,0.007000,-0.806000,52.244000,134.718000,10.321000,26.65
5.398591,0.726000,0.180000,-0.928000,64.702000,107.557000,17.435000,26.51
5.410936,0.710000,0.200000,-0.942000,89.359000,115.817000,28.519000,26.55
5.417696,0.802000,0.089000,-0.935000,98.397000,146.122000,35.389000,26.60
5.429993,0.851000,0.004000,-0.960000,92.290000,110.977000,35.939000,26.60
5.436989,0.927000,-0.101000,-1.133000,92.061000,185.130000,35.176000,26.55
5.449144,0.988000,-0.326000,-1.197000,67.695000,209.664000,33.298000,26.51
5.461008,0.824000,-0.301000,-1.196000,49.725000,179.786000,21.573000,26.51
5.468142,1.054000,-0.361000,-1.016000,30.473000,194.046000,18.443000,26.65
5.480175,1.119000,-0.005000,-0.942000,28.641000,210.275000,8.611000,26.60
5.487314,1.049000,-0.110000,-1.092000,10.947000,226.916000,16.580000,26.60
5.499516,1.401000,0.109000,-1.078000,32.305000,216.687000,19.756000,26.46
5.511510,1.313000,0.135000,-1.639000,25.267000,197.267000,14.916000,26.60
5.518872,0.376000,0.209000,-2.102000,2.443000,126.015000,14.412000,26.60
5.530864,-0.826000,0.250000,-2.172000,-7.145000,47.176000,30.840000,26.55
5.537833,-0.162000,0.008000,-1.906000,-39.237000,56.122000,58.305000,26.51
5.549983,-0.422000,0.132000,-1.431000,-67.435000,19.313000,79.344000,26.60
5.561799,-0.226000,0.223000,-1.286000,-77.771000,-14.366000,95.023000,26.55
5.569027,-0.098000,0.205000,-1.026000,-94.489000,-35.496000,102.901000,26.51
5.580644,0.037000,0.296000,-0.944000,-98.000000,-59.878000,104.901000,26.55
5.587609,0.146000,0.361000,-0.829000,-97.206000,-77.740000,100.092000,26.46
5.599623,0.298000,0.415000,-0.898000,-91.802000,-81.603000,87.863000,26.60
5.611731,0.380000,0.481000,-1.021000,-82.748000,-120.122000,67.008000,26.55
5.618462,0.656000,0.469000,-0.858000,-86.870000,-81.588000,37.649000,26.55
5.630590,0.614000,0.402000,-1.123000,-105.313000,-34.473000,0.656000,26.51
5.637360,0.733000,0.405000,-1.055000,-75.405000,-142.824000,-21.649000,26.55
5.649673,0.818000,0.301000,-1.077000,-69.634000,-164.229000,-45.679000,26.55
5.661130,0.787000,0.198000,-0.997000,-70.519000,-174.733000,-63.588000,26.51
5.667811,0.801000,0.010000,-0.929000,-73.618000,-180.092000,-75.420000,26.55
5.679739,0.932000,-0.122000,-0.856000,-80.916000,-178.977000,-81.939000,26.65
5.691715,0.939000,-0.167000,-0.726000,-68.931000,-196.489000,-79.145000,26.51
5.698149,0.870000,-0.162000,-0.793000,-66.305000,-186.336000,-73.603000,26.55
5.710216,0.824000,-0.205000,-0.805000,-60.794000,-180.885000,-65.466000,26.55
5.716768,0.854000,-0.258000,-0.834000,-60.641000,-173.740000,-57.954000,26.60
5.728644,0.807000,-0.230000,-0.855000,-57.664000,-164.931000,-51.221000,26.65
5.740353,0.850000,-0.197000,-0.927000,-55.008000,-159.405000,-46.473000,26.65
5.747352,0.978000,-0.180000,-0.987000,-61.069000,-157.267000,-43.863000,26.60
5.761469,1.070000,-0.126000,-1.067000,-64.656000,-166.305000,-41.939000,26.55
5.770951,1.010000,-0.064000,-1.001000,-63.969000,-175.740000,-41.252000,26.46
5.777464,0.944000,-0.041000,-0.922000,-62.702000,-177.115000,-43.206000,26.51
5.789467,0.905000,-0.027000,-0.883000,-62.992000,-173.725000,-47.206000,26.65
5.801335,0.922000,0.013000,-0.896000,-63.405000,-168.656000,-53.053000,26.55
5.808151,0.944000,0.029000,-0.917000,-60.244000,-167.038000,-60.092000,26.51
5.820751,0.937000,0.031000,-0.933000,-56.305000,-164.779000,-68.321000,26.55
5.826637,0.931000,0.008000,-0.946000,-52.504000,-163.649000,-77.008000,26.55
5.838638,0.925000,-0.024000,-0.949000,-45.878000,-163.618000,-84.824000,26.51
5.850712,0.911000,-0.045000,-0.940000,-39.298000,-162.244000,-90.992000,26.55
5.857205,0.905000,-0.085000,-0.938000,-31.237000,-158.580000,-90.885000,26.55
5.869272,0.886000,-0.132000,-0.921000,-24.153000,-153.710000,-90.595000,26.51
5.880966,0.884000,-0.158000,-0.909000,-19.847000,-146.977000,-90.137000,26.46
5.887680,0.973000,-0.117000,-0.927000,-14.611000,-139.756000,-85.924000,26.46
5.899762,1.161000,-0.144000,-0.880000,-7.832000,-131.053000,-85.267000,26.60
5.911639,1.244000,-0.141000,-0.816000,-6.962000,-130.504000,-88.107000,26.55
5.918330,1.420000,-0.166000,-0.749000,-10.992000,-137.573000,-93.313000,26.65
5.930123,1.531000,-0.145000,-0.557000,-13.786000,-144.168000,-96.916000,26.60
5.936939,1.580000,-0.156000,-0.341000,-11.038000,-143.099000,-97.756000,26.55
5.948829,1.583000,-0.200000,-0.110000,-0.901000,-135.176000,-93.924000,26.55
5.960955,1.537000,-0.347000,0.137000,6.885000,-115.817000,-87.710000,26.51
5.967843,1.554000,-0.520000,0.368000,5.481000,-88.260000,-74.901000,26.46
5.979982,1.585000,-0.576000,0.507000,0.061000,-59.649000,-56.198000,26.65
5.987112,1.576000,-0.598000,0.583000,-9.573000,-30.519000,-32.824000,26.51
5.999302,1.557000,-0.600000,0.561000,-24.183000,-2.962000,-6.366000,26.46
6.011344,1.721000,-0.609000,0.708000,-34.687000,52.656000,30.382000,26.55
6.018678,1.400000,-0.441000,0.913000,5.496000,83.847000,59.008000,26.60
6.030731,1.845000,-0.418000,0.771000,23.282000,139.298000,90.046000,26.55
6.037928,0.549000,0.065000,-0.321000,58.840000,162.580000,91.420000,26.46
6.050068,0.979000,0.581000,-1.894000,41.557000,157.160000,72.824000,26.60
6.056891,0.044000,0.819000,-1.035000,52.687000,162.824000,53.802000,26.55
6.069238,-0.088000,0.160000,-0.531000,75.328000,212.901000,26.733000,26.55
6.081321,2.003000,-0.261000,-1.517000,41.313000,239.481000,4.519000,26.51
6.088169,1.904000,-0.207000,-1.227000,53.206000,162.351000,28.626000,26.55
6.100398,0.997000,-0.292000,-0.987000,39.267000,154.748000,26.870000,26.55
6.107463,1.829000,0.794000,-1.258000,40.000000,168.061000,12.672000,26.51
6.119794,1.328000,0.016000,-0.707000,54.015000,125.053000,18.779000,26.55
6.131744,1.023000,-0.348000,-1.075000,65.679000,62.977000,27.802000,26.55
6.138746,0.885000,-0.273000,-0.913000,51.420000,60.977000,32.809000,26.41
6.150893,0.903000,-0.029000,-0.954000,42.366000,51.985000,24.611000,26.46
6.158422,0.820000,-0.213000,-0.959000,37.939000,26.947000,24.382000,26.55
6.170471,0.718000,-0.294000,-0.999000,23.099000,8.534000,13.817000,26.41
6.177474,0.613000,-0.202000,-0.917000,9.084000,5.359000,6.137000,26.55
6.189983,0.599000,-0.048000,-0.897000,1.771000,10.000000,2.260000,26.51
6.196941,0.548000,-0.001000,-0.873000,-0.183000,9.344000,0.885000,26.60
6.209244,0.536000,-0.008000,-0.836000,-1.084000,11.328000,0.824000,26.55
6.221550,0.512000,0.024000,-0.837000,-1.908000,13.191000,1.252000,26.51
6.228654,0.519000,0.028000,-0.840000,-1.359000,13.878000,2.031000,26.60
6.241262,0.567000,-0.000000,-0.838000,-2.351000,15.802000,2.137000,26.65
6.248423,0.557000,0.015000,-0.818000,-3.115000,16.107000,1.542000,26.51
6.260940,0.567000,0.021000,-0.801000,-2.794000,16.870000,1.511000,26.60
6.267852,0.548000,0.047000,-0.802000,-1.954000,16.137000,1.802000,26.55
6.280236,0.550000,0.039000,-0.808000,-2.947000,18.046000,2.168000,26.51
6.287312,0.528000,0.009000,-0.805000,-4.260000,19.771000,1.908000,26.51
6.299478,0.554000,-0.001000,-0.824000,-4.840000,21.710000,1.802000,26.55
6.311680,0.541000,0.022000,-0.790000,-5.939000,22.305000,1.802000,26.51
6.318905,0.504000,0.041000,-0.822000,-6.595000,26.336000,1.832000,26.51
6.331296,0.581000,0.012000,-0.803000,-8.168000,28.504000,2.580000,26.46
6.338415,0.552000,0.006000,-0.827000,-9.023000,31.573000,1.756000,26.60
6.350940,0.568000,0.014000,-0.803000,-10.779000,33.878000,0.916000,26.60
6.358289,0.596000,0.003000,-0.795000,-11.359000,37.359000,2.397000,26.55
6.374001,0.611000,0.032000,-0.777000,-10.351000,40.550000,0.809000,26.51
6.377031,0.566000,0.016000,-0.802000,-8.718000,43.008000,0.305000,26.51
6.389281,0.621000,-0.008000,-0.834000,-10.015000,48.931000,-1.115000,26.46
6.401364,0.614000,-0.004000,-0.789000,-11.679000,50.183000,-1.771000,26.60
6.408576,0.674000,0.008000,-0.778000,-6.336000,50.901000,-4.916000,26.60
6.420728,0.622000,0.028000,-0.781000,-12.809000,64.015000,-6.214000,26.55
6.427606,0.680000,-0.010000,-0.741000,-10.733000,57.863000,-2.382000,26.51
6.439722,0.630000,0.012000,-0.754000,-13.252000,57.695000,-1.206000,26.51
6.446901,0.584000,0.135000,-0.852000,-3.969000,60.305000,2.748000,26.51
6.459432,0.664000,0.005000,-0.792000,-0.443000,64.916000,4.824000,26.60
6.471656,0.628000,0.070000,-0.845000,1.985000,71.649000,7.450000,26.51
6.478881,0.638000,0.053000,-0.850000,5.084000,78.794000,11.191000,26.46
6.491464,0.635000,0.027000,-0.864000,6.076000,88.718000,14.061000,26.41
6.498434,0.651000,-0.007000,-0.842000,7.344000,98.733000,15.145000,26.60
6.510778,0.642000,-0.055000,-0.866000,10.092000,108.031000,13.023000,26.51
6.517672,0.650000,-0.071000,-0.958000,14.076000,119.389000,13.023000,26.51
6.529713,0.681000,-0.017000,-0.869000,23.985000,130.702000,10.977000,26.55
6.541941,0.723000,-0.038000,-0.924000,15.802000,155.206000,9.817000,26.65
6.548797,0.665000,0.082000,-1.016000,34.809000,165.802000,14.397000,26.60
6.561054,0.656000,0.131000,-1.120000,53.466000,184.672000,18.168000,26.55
6.567927,0.699000,0.188000,-1.136000,68.916000,194.198000,23.893000,26.51
6.580294,0.612000,0.208000,-1.204000,82.458000,254.809000,29.832000,26.60
6.587588,0.855000,0.055000,-1.139000,99.069000,222.840000,31.389000,26.55
6.599280,1.195000,-0.150000,-1.382000,92.458000,317.145000,37.908000,26.46
6.611220,1.141000,-0.259000,-1.154000,44.046000,359.908000,39.511000,26.69
6.618546,0.837000,-0.324000,-1.241000,22.000000,340.107000,29.893000,26.55
6.630411,0.920000,0.054000,-0.994000,29.466000,352.397000,32.000000,26.51
6.637558,1.466000,0.217000,-1.318000,37.710000,287.695000,46.947000,26.51
6.649924,1.392000,0.536000,-0.747000,74.611000,268.779000,65.969000,26.55
6.661732,1.575000,0.459000,-0.864000,113.145000,231.939000,78.763000,26.55
6.668657,0.980000,0.079000,-1.672000,96.198000,165.374000,73.420000,26.51
6.680746,-0.269000,-0.086000,-2.214000,27.099000,51.099000,63.756000,26.55
6.687741,0.125000,-0.059000,-1.796000,-52.779000,88.275000,69.405000,26.60
6.700122,-0.326000,0.427000,-1.423000,-60.641000,-12.748000,80.595000,26.51
6.711792,-0.153000,0.496000,-1.326000,-61.496000,-28.885000,86.168000,26.46
6.718548,-0.066000,0.439000,-1.222000,-57.802000,-59.954000,85.038000,26.46
6.730529,-0.032000,0.441000,-1.102000,-68.351000,-82.275000,73.191000,26.60
6.737541,0.065000,0.452000,-1.066000,-78.382000,-95.328000,57.664000,26.46
6.749475,0.194000,0.487000,-1.030000,-80.870000,-116.550000,39.115000,26.60
6.761351,0.294000,0.510000,-0.998000,-77.802000,-137.603000,18.595000,26.41
6.768394,0.325000,0.470000,-0.950000,-72.931000,-153.679000,-3.053000,26.46
6.780196,0.415000,0.398000,-0.949000,-70.611000,-168.718000,-24.168000,26.55
6.787128,0.526000,0.311000,-0.939000,-73.679000,-174.122000,-41.237000,26.51
6.799003,0.582000,0.233000,-0.972000,-75.344000,-187.450000,-53.969000,26.55
6.811017,0.635000,0.137000,-0.968000,-78.351000,-200.031000,-63.328000,26.60
6.817967,0.681000,0.045000,-0.984000,-81.832000,-210.046000,-69.832000,26.51
6.829496,0.735000,-0.022000,-0.980000,-84.412000,-217.756000,-74.107000,26.65
6.841713,0.791000,-0.083000,-0.987000,-86.656000,-223.893000,-76.061000,26.46
6.848107,1.219000,-0.401000,-0.873000,-107.740000,-222.611000,-81.710000,26.51
6.860056,1.288000,-0.270000,-1.085000,-102.916000,-244.824000,-81.939000,26.46
6.871728,1.057000,-0.195000,-0.974000,-82.931000,-254.763000,-74.763000,26.51
6.878488,0.925000,-0.293000,-0.934000,-75.634000,-240.840000,-66.718000,26.60
6.890521,0.985000,-0.316000,-0.965000,-78.550000,-231.725000,-64.229000,26.55
6.896896,1.222000,-0.292000,-1.112000,-85.344000,-228.076000,-62.656000,26.55
6.909092,1.267000,-0.212000,-1.144000,-86.031000,-236.427000,-62.092000,26.51
6.920805,1.282000,-0.133000,-1.160000,-81.359000,-240.947000,-63.160000,26.55
6.927514,1.273000,-0.100000,-1.136000,-75.511000,-240.931000,-66.214000,26.51
6.939523,1.256000,-0.101000,-1.126000,-71.145000,-237.573000,-71.069000,26.60
6.951022,1.287000,-0.132000,-1.117000,-70.366000,-228.916000,-79.221000,26.55
6.958065,1.377000,-0.145000,-1.144000,-68.290000,-226.382000,-89.237000,26.65
6.969957,1.472000,-0.309000,-0.331000,11.557000,-192.000000,-44.534000,26.51
6.981885,1.583000,-0.515000,-0.307000,20.931000,-167.023000,-47.664000,26.55
6.988391,1.804000,-0.937000,-0.634000,-24.672000,-164.779000,-67.145000,26.51
7.000583,1.872000,-0.446000,-0.436000,-57.527000,-169.908000,-90.763000,26.51
7.006994,1.629000,-0.118000,-0.283000,-36.244000,-170.489000,-89.588000,26.55
7.018991,1.484000,-0.156000,-0.137000,-11.359000,-166.824000,-86.733000,26.46
7.030820,1.369000,-0.205000,-0.055000,0.244000,-149.328000,-88.000000,26.51
7.037678,1.491000,-0.291000,0.075000,0.840000,-122.061000,-90.031000,26.55
7.050124,1.500000,-0.392000,0.348000,-0.351000,-98.595000,-79.496000,26.60
7.057009,1.426000,-0.487000,0.756000,0.809000,-60.382000,-60.244000,26.51
7.069306,1.453000,-0.607000,0.930000,1.893000,-9.527000,-37.344000,26.55
7.081435,1.566000,-0.594000,1.007000,8.641000,43.099000,-17.237000,26.55
7.088762,1.896000,-0.609000,1.190000,15.725000,95.344000,3.389000,26.51
7.101023,2.159000,-0.622000,1.633000,32.473000,158.931000,28.550000,26.55
7.107775,0.118000,-0.167000,0.258000,63.725000,195.527000,34.656000,26.51
7.120021,1.360000,0.407000,-2.598000,65.573000,173.863000,32.000000,26.51
7.127145,0.410000,0.344000,-1.085000,61.038000,151.634000,48.534000,26.55
7.139168,0.712000,-0.074000,-0.602000,74.336000,181.740000,32.015000,26.55
7.151281,1.733000,-0.434000,-1.393000,37.908000,187.588000,16.733000,26.51
7.158526,0.978000,-0.538000,-0.913000,29.130000,152.031000,33.252000,26.55
7.170551,1.973000,0.691000,-1.413000,13.099000,174.229000,28.351000,26.51
7.177479,1.748000,0.317000,-0.823000,57.313000,95.725000,26.855000,26.60
7.189762,1.009000,-0.472000,-1.163000,55.908000,59.863000,28.977000,26.55
7.201821,0.662000,-0.395000,-1.050000,31.359000,62.015000,25.618000,26.41
7.208797,0.921000,-0.285000,-0.996000,23.389000,42.580000,12.840000,26.51
7.221008,0.650000,-0.229000,-0.965000,14.137000,15.389000,7.817000,26.65
7.227987,0.614000,-0.003000,-0.857000,5.939000,22.473000,4.092000,26.51
7.240363,0.629000,-0.117000,-0.909000,1.832000,22.046000,1.267000,26.51
7.247326,0.570000,-0.015000,-0.832000,-2.992000,21.771000,-0.305000,26.46
7.259770,0.500000,0.083000,-0.865000,-2.290000,21.359000,1.511000,26.60
7.266742,0.541000,-0.052000,-0.842000,-1.924000,18.427000,4.183000,26.60
7.278992,0.615000,-0.054000,-0.813000,-6.809000,18.397000,0.962000,26.46
7.292214,0.553000,0.046000,-0.843000,-8.168000,23.405000,-0.153000,26.51
7.298411,0.603000,0.083000,-0.794000,-5.084000,17.893000,1.496000,26.51
7.310921,0.580000,0.062000,-0.809000,-2.382000,16.031000,3.267000,26.55
7.318015,0.603000,0.021000,-0.787000,-1.527000,15.099000,3.573000,26.51
7.330486,0.605000,0.035000,-0.790000,-0.229000,12.366000,3.679000,26.60
7.337555,0.582000,0.032000,-0.802000,-0.550000,11.420000,4.489000,26.55
7.350072,0.569000,0.038000,-0.795000,-1.344000,14.870000,5.252000,26.60
7.357036,0.547000,0.044000,-0.814000,-1.008000,13.573000,6.977000,26.51
7.369605,0.576000,0.018000,-0.782000,-1.282000,10.015000,7.817000,26.65
7.381868,0.564000,0.030000,-0.776000,-0.840000,11.679000,7.740000,26.51
7.389073,0.550000,0.017000,-0.819000,0.000000,11.664000,9.115000,26.60
7.401625,0.583000,0.001000,-0.803000,-3.328000,16.519000,9.649000,26.55
7.408637,0.611000,-0.020000,-0.788000,-2.580000,18.275000,9.023000,26.51
7.420997,0.608000,0.014000,-0.767000,-6.458000,21.634000,7.634000,26.55
7.428304,0.600000,0.022000,-0.794000,-7.450000,27.237000,7.542000,26.46
7.440566,0.518000,0.050000,-0.803000,-10.214000,34.366000,7.557000,26.51
7.447394,0.596000,0.049000,-0.797000,-8.931000,36.702000,6.885000,26.65
7.459918,0.546000,-0.014000,-0.820000,-15.954000,50.458000,6.565000,26.55
7.465488,0.518000,0.085000,-0.769000,-16.061000,48.107000,5.206000,26.51
7.479218,0.565000,0.059000,-0.807000,-13.420000,44.870000,6.046000,26.60
7.491528,0.661000,-0.068000,-0.732000,-10.718000,58.718000,3.023000,26.55
7.498159,0.604000,-0.069000,-0.750000,-11.206000,56.519000,-0.183000,26.51
7.510347,0.619000,-0.032000,-0.762000,-9.969000,57.603000,-3.282000,26.60
7.517579,0.596000,0.041000,-0.821000,-3.160000,54.870000,-3.084000,26.55
7.529936,0.629000,0.066000,-0.790000,-1.573000,54.763000,1.160000,26.60
7.537066,0.700000,0.060000,-0.761000,2.580000,49.710000,7.847000,26.51
7.549381,0.569000,0.179000,-0.825000,6.840000,55.099000,14.763000,26.65
7.561815,0.651000,0.031000,-0.776000,5.420000,53.725000,18.580000,26.51
7.568981,0.696000,0.040000,-0.747000,16.504000,49.145000,18.229000,26.51
7.581173,0.734000,-0.161000,-0.712000,13.374000,41.008000,13.969000,26.55
7.588249,0.764000,-0.131000,-0.671000,14.595000,33.985000,7.771000,26.51
7.600555,0.739000,-0.079000,-0.649000,13.588000,27.252000,3.252000,26.60
7.607371,0.752000,-0.038000,-0.621000,11.969000,20.809000,1.786000,26.46
7.620019,0.745000,0.008000,-0.594000,10.031000,15.420000,2.229000,26.51
7.627082,0.727000,0.013000,-0.621000,7.573000,10.534000,4.137000,26.60
7.639698,0.710000,0.028000,-0.594000,4.687000,7.053000,6.092000,26.55
7.647102,0.657000,0.068000,-0.696000,4.504000,9.740000,8.046000,26.60
7.659345,0.733000,-0.060000,-0.716000,3.573000,11.221000,10.015000,26.60
7.671407,0.672000,-0.041000,-0.761000,5.359000,12.962000,10.809000,26.55
7.678521,0.695000,-0.069000,-0.750000,5.420000,14.626000,10.275000,26.60
7.691172,0.691000,-0.079000,-0.731000,6.153000,16.031000,7.908000,26.51
7.698121,0.648000,-0.056000,-0.748000,8.366000,16.947000,4.153000,26.65
7.710181,0.702000,-0.090000,-0.705000,7.267000,19.710000,0.656000,26.41
7.717300,0.679000,-0.054000,-0.740000,9.023000,20.519000,-1.023000,26.60
7.729546,0.654000,0.018000,-0.750000,10.046000,27.969000,-0.336000,26.55
7.736598,0.679000,0.040000,-0.719000,10.626000,25.939000,1.664000,26.51
7.748881,0.683000,0.034000,-0.734000,11.115000,28.595000,5.145000,26.51
7.761347,0.717000,0.011000,-0.719000,11.053000,29.878000,9.008000,26.46
7.768650,0.684000,0.005000,-0.730000,10.458000,32.947000,11.573000,26.51
7.780963,0.670000,0.016000,-0.789000,9.023000,44.626000,14.901000,26.51
7.787864,0.706000,0.005000,-0.743000,11.115000,40.015000,15.817000,26.55
7.800233,0.695000,-0.029000,-0.769000,7.099000,39.466000,17.344000,26.60
7.807207,0.770000,-0.026000,-0.752000,3.206000,44.702000,17.954000,26.51
7.819418,0.893000,-0.019000,-0.634000,3.053000,24.366000,16.092000,26.55
7.825304,0.745000,-0.032000,-0.688000,1.328000,40.336000,17.985000,26.51
7.838618,0.674000,-0.033000,-0.658000,-2.763000,39.206000,18.473000,26.51
7.850983,0.670000,-0.022000,-0.619000,-11.298000,35.573000,21.145000,26.55
7.858012,0.587000,0.092000,-0.657000,-18.656000,25.664000,19.511000,26.51
7.870208,0.284000,0.235000,-0.984000,-20.092000,5.863000,12.351000,26.51
7.877273,0.022000,0.413000,-1.255000,-15.832000,-18.183000,2.565000,26.55
7.889213,-0.128000,0.568000,-1.407000,-9.405000,-39.344000,-9.466000,26.51
7.901438,-0.221000,0.601000,-1.463000,-9.863000,-60.901000,-23.069000,26.60
7.907924,-0.080000,0.504000,-1.378000,-15.252000,-83.985000,-31.786000,26.55
7.920227,0.075000,0.385000,-1.253000,-22.977000,-95.832000,-33.252000,26.55
7.926736,0.377000,0.170000,-1.080000,-29.160000,-102.443000,-26.290000,26.60
7.938730,0.630000,-0.031000,-0.826000,-34.733000,-103.786000,-14.000000,26.55
7.950931,1.018000,-0.260000,-0.633000,-36.733000,-97.496000,0.534000,26.60
7.957826,1.231000,-0.333000,-0.400000,-33.206000,-82.595000,13.267000,26.51
7.969683,1.437000,-0.392000,-0.284000,-32.733000,-56.061000,23.115000,26.46
7.981920,1.278000,-0.327000,-0.246000,-31.878000,-35.634000,25.863000,26.60
7.988498,1.108000,-0.366000,-0.362000,-30.656000,-23.863000,27.603000,26.51
8.000804,0.951000,-0.381000,-0.437000,-30.855000,-20.611000,26.916000,26.55
8.007581,0.901000,-0.370000,-0.447000,-28.718000,-18.748000,24.000000,26.51
8.019504,1.054000,-0.442000,-0.361000,-24.687000,-19.099000,18.183000,26.51
8.031429,1.269000,-0.505000,-0.249000,-17.008000,-15.573000,11.695000,26.55
8.038408,1.457000,-0.505000,-0.054000,-7.542000,-4.733000,4.748000,26.51
8.051139,1.640000,-0.636000,0.033000,0.275000,14.122000,3.527000,26.60
8.058000,0.871000,-0.106000,-0.616000,4.885000,14.977000,-6.336000,26.55
8.070550,0.354000,-0.135000,-0.913000,8.947000,11.191000,-6.824000,26.51
8.077816,0.737000,0.108000,-0.714000,1.115000,14.718000,-1.084000,26.60
8.090104,0.593000,-0.037000,-0.776000,5.405000,14.733000,1.740000,26.46
8.097176,0.647000,-0.060000,-0.733000,1.267000,15.206000,2.366000,26.60
8.109946,0.697000,-0.043000,-0.700000,2.763000,13.786000,0.580000,26.41
8.121776,0.666000,-0.070000,-0.735000,3.221000,14.275000,-0.626000,26.55
8.129059,0.660000,-0.035000,-0.738000,3.756000,12.870000,-1.893000,26.51
8.141138,0.634000,-0.036000,-0.769000,4.092000,15.573000,-3.527000,26.51
8.148533,0.591000,0.028000,-0.816000,3.267000,20.244000,-3.679000,26.46
8.160594,0.595000,0.042000,-0.795000,3.069000,25.527000,-0.153000,26.60
8.168078,0.648000,-0.011000,-0.764000,1.832000,27.863000,2.107000,26.51
8.180200,0.663000,-0.050000,-0.720000,3.206000,27.924000,1.496000,26.46
8.190333,0.636000,-0.091000,-0.730000,3.878000,27.328000,-1.145000,26.60
8.199574,0.697000,-0.097000,-0.663000,4.550000,25.191000,-4.076000,26.51
8.211658,0.694000,-0.081000,-0.695000,5.466000,23.573000,-7.664000,26.55
8.218813,0.596000,0.028000,-0.777000,4.458000,23.725000,-6.947000,26.51
8.231211,0.678000,0.042000,-0.749000,1.313000,24.076000,-4.229000,26.51
8.238373,0.669000,0.049000,-0.766000,-3.313000,24.504000,0.122000,26.55
8.250999,0.697000,0.031000,-0.775000,-7.679000,26.763000,3.527000,26.60
8.257776,0.669000,0.069000,-0.780000,-7.069000,29.221000,4.763000,26.60
8.270262,0.477000,0.140000,-0.854000,-2.137000,26.275000,8.473000,26.55
8.277418,0.235000,0.110000,-1.003000,-4.260000,13.954000,6.794000,26.60
8.289973,0.122000,0.190000,-1.139000,-10.931000,-3.756000,1.527000,26.51
8.295698,0.070000,0.321000,-1.201000,-8.015000,-22.397000,-5.023000,26.55
8.308899,0.095000,0.293000,-1.310000,-7.954000,-36.733000,-10.779000,26.51
8.320969,0.065000,0.488000,-1.376000,-8.901000,-45.634000,-15.374000,26.51
8.327897,-0.045000,0.609000,-1.428000,-8.824000,-56.137000,-21.160000,26.55
8.339962,-0.108000,0.609000,-1.475000,-14.962000,-68.046000,-26.885000,26.51
8.351790,0.014000,0.477000,-1.415000,-18.260000,-76.718000,-23.618000,26.55
8.358742,-0.042000,0.267000,-1.277000,-24.672000,-80.168000,-13.115000,26.46
8.370706,0.246000,-0.095000,-1.106000,-33.328000,-78.076000,8.992000,26.60
8.377407,1.045000,-0.526000,-0.275000,-26.626000,-48.885000,32.198000,26.55
8.389658,1.853000,-0.700000,-0.053000,-22.351000,-6.870000,35.374000,26.55
8.401932,1.458000,-0.478000,-0.174000,-21.038000,6.916000,21.588000,26.60
8.409065,1.011000,-0.244000,-0.517000,-15.496000,9.802000,9.725000,26.55
8.421316,0.606000,0.034000,-0.787000,-10.031000,1.847000,-2.076000,26.55
8.428294,0.364000,0.158000,-0.866000,-1.634000,-3.053000,-14.611000,26.60
8.440217,0.460000,0.010000,-0.831000,6.763000,-3.206000,-25.252000,26.55
8.447252,0.582000,-0.037000,-0.840000,13.023000,0.840000,-30.153000,26.46
8.459491,0.488000,0.091000,-0.888000,20.092000,2.748000,-31.160000,26.51
8.465322,0.364000,0.167000,-1.001000,22.443000,3.771000,-32.336000,26.55
8.478984,0.282000,0.241000,-1.104000,20.977000,4.626000,-32.931000,26.55
8.491270,0.162000,0.323000,-1.156000,19.176000,3.267000,-32.626000,26.51
8.498116,0.058000,0.272000,-1.172000,13.832000,0.580000,-30.336000,26.55
8.510585,0.089000,0.177000,-1.241000,4.489000,-1.206000,-24.290000,26.55
8.517512,0.121000,0.138000,-1.301000,-11.405000,-2.565000,-16.733000,26.51
8.529340,0.067000,0.147000,-1.338000,-20.763000,-12.809000,-10.519000,26.46
8.541674,0.040000,0.206000,-1.388000,-26.427000,-18.565000,-9.221000,26.55
8.548119,-0.038000,0.310000,-1.531000,-40.046000,-10.076000,-14.901000,26.60
8.560527,0.243000,0.549000,-1.557000,-35.863000,-23.206000,-23.481000,26.55
8.567168,0.224000,0.437000,-1.450000,-18.031000,-29.435000,-29.344000,26.60
8.579140,0.111000,0.240000,-1.368000,-21.603000,-21.099000,-33.908000,26.51
8.591233,0.100000,0.048000,-1.381000,-11.939000,-22.397000,-39.527000,26.55
8.597954,0.225000,-0.025000,-1.310000,-23.985000,-48.519000,-39.038000,26.51
8.610113,0.273000,-0.073000,-1.311000,-27.603000,-55.695000,-32.763000,26.60
8.616699,0.452000,-0.182000,-1.298000,-32.565000,-74.611000,-26.718000,26.46
8.628669,0.480000,-0.194000,-1.230000,-35.145000,-97.710000,-18.626000,26.51
8.640396,0.436000,-0.178000,-1.208000,-33.924000,-110.702000,-10.931000,26.51
8.647174,0.483000,-0.126000,-1.178000,-31.939000,-116.962000,-4.916000,26.55
8.659233,0.530000,-0.022000,-1.102000,-28.153000,-121.313000,-3.527000,26.51
8.671094,0.541000,0.041000,-1.005000,-26.336000,-123.573000,-7.374000,26.60
8.677958,0.532000,0.061000,-0.890000,-26.718000,-121.496000,-15.328000,26.55
8.689896,0.524000,0.056000,-0.797000,-27.130000,-115.893000,-23.435000,26.51
8.696915,0.535000,0.016000,-0.747000,-25.542000,-104.763000,-29.450000,26.60
8.708832,0.546000,-0.051000,-0.689000,-25.740000,-98.015000,-33.084000,26.55
8.720719,0.545000,-0.063000,-0.628000,-26.000000,-87.847000,-35.221000,26.51
8.727311,0.607000,-0.111000,-0.597000,-27.786000,-74.351000,-36.916000,26.46
8.739310,0.740000,-0.143000,-0.573000,-27.878000,-69.435000,-37.267000,26.51
8.751285,0.823000,-0.097000,-0.563000,-24.885000,-61.802000,-39.328000,26.51
8.758132,0.888000,-0.070000,-0.508000,-14.718000,-57.969000,-38.504000,26.46
8.770268,0.962000,-0.041000,-0.470000,3.053000,-55.176000,-35.954000,26.55
8.777094,0.994000,-0.086000,-0.474000,12.702000,-52.305000,-34.718000,26.51
8.789002,1.056000,-0.111000,-0.423000,15.252000,-55.542000,-32.885000,26.55
8.801027,0.999000,-0.080000,-0.333000,15.130000,-55.679000,-31.313000,26.60
8.807860,0.897000,-0.063000,-0.198000,17.603000,-46.504000,-28.870000,26.51
8.820167,0.854000,-0.080000,-0.095000,18.977000,-30.260000,-27.603000,26.55
8.827047,0.871000,-0.083000,-0.034000,18.641000,-12.580000,-27.802000,26.55
8.839115,0.917000,-0.099000,-0.010000,19.710000,2.183000,-29.023000,26.51
8.851339,0.952000,-0.115000,0.019000,22.519000,15.649000,-29.756000,26.55
8.858245,0.943000,-0.133000,0.049000,29.237000,23.481000,-28.702000,26.51
8.875353,0.978000,-0.177000,-0.027000,31.130000,32.641000,-26.275000,26.60
8.877074,0.991000,-0.209000,-0.073000,27.878000,35.069000,-22.855000,26.46
8.889332,0.942000,-0.184000,-0.158000,22.336000,33.405000,-19.145000,26.55
8.901726,0.471000,-2.401000,-0.730000,6.550000,1.313000,14.748000,26.51
8.908571,-1.834000,1.105000,-0.246000,-31.954000,-6.046000,3.176000,26.46
8.920677,-0.214000,1.274000,-1.374000,-24.000000,123.817000,85.832000,26.51
8.927534,0.486000,1.167000,-1.389000,34.611000,151.344000,114.763000,26.51
8.939797,1.457000,0.698000,-0.979000,29.893000,192.000000,72.489000,26.55
8.946882,2.594000,0.494000,-1.280000,49.252000,176.092000,-0.153000,26.51
8.958882,2.402000,-0.127000,-1.682000,58.824000,107.939000,-6.183000,26.51
8.970846,1.147000,-0.697000,-1.354000,38.015000,77.695000,15.450000,26.55
8.978072,0.324000,-0.424000,-1.077000,8.870000,70.305000,16.214000,26.60
8.990424,0.097000,0.097000,-0.770000,-9.344000,95.191000,0.061000,26.51
8.997687,0.303000,0.086000,-0.684000,-10.672000,98.000000,-6.183000,26.46
9.009800,1.521000,0.406000,-0.849000,-5.145000,110.626000,2.779000,26.60
9.016966,1.285000,0.312000,-0.712000,33.634000,15.893000,6.534000,26.51
9.029306,0.692000,-0.023000,-0.930000,39.481000,9.786000,7.328000,26.46
9.041545,0.582000,-0.311000,-1.005000,22.794000,21.511000,9.221000,26.60
9.048876,0.660000,-0.174000,-0.952000,3.573000,16.916000,1.908000,26.60
9.060940,0.582000,0.015000,-0.888000,-0.305000,8.153000,-2.153000,26.65
9.068551,0.553000,0.037000,-0.869000,-0.092000,8.595000,-0.870000,26.60
9.080873,0.518000,0.022000,-0.851000,-1.069000,8.168000,0.244000,26.60
9.088164,0.499000,0.065000,-0.833000,-0.687000,11.725000,1.420000,26.55
9.100552,0.463000,0.077000,-0.806000,1.191000,13.725000,2.412000,26.51
9.107741,0.509000,0.071000,-0.826000,3.496000,15.267000,4.214000,26.51
9.120157,0.557000,0.069000,-0.843000,4.779000,12.733000,5.374000,26.46
9.127323,0.555000,0.058000,-0.843000,5.267000,10.885000,5.725000,26.60
9.139856,0.547000,0.056000,-0.853000,5.802000,7.771000,6.290000,26.51
9.147260,0.545000,0.032000,-0.831000,5.176000,9.252000,7.221000,26.46
9.159717,0.525000,0.033000,-0.833000,6.702000,6.366000,7.985000,26.51
9.167093,0.496000,0.042000,-0.829000,5.588000,9.023000,8.000000,26.51
9.179481,0.528000,0.036000,-0.847000,4.962000,12.427000,7.756000,26.55
9.191870,0.544000,0.047000,-0.830000,4.321000,11.344000,7.298000,26.51
9.199222,0.546000,0.055000,-0.823000,6.519000,7.649000,6.718000,26.51
9.211589,0.546000,0.062000,-0.819000,5.191000,11.267000,6.779000,26.55
9.219023,0.563000,0.038000,-0.835000,5.481000,8.382000,6.122000,26.60
9.231562,0.563000,-0.005000,-0.828000,3.099000,8.702000,5.634000,26.65
9.238666,0.528000,0.014000,-0.825000,2.473000,10.947000,5.084000,26.46
9.251196,0.537000,0.016000,-0.819000,1.649000,12.885000,4.000000,26.60
9.259001,0.521000,0.011000,-0.802000,2.000000,13.130000,3.725000,26.55
9.270746,0.507000,0.042000,-0.800000,3.252000,13.221000,3.466000,26.55
9.278020,0.532000,0.037000,-0.814000,3.771000,13.847000,3.221000,26.51
9.290416,0.536000,0.030000,-0.811000,3.695000,14.809000,3.634000,26.55
9.297803,0.545000,0.025000,-0.805000,5.053000,12.870000,3.145000,26.55
9.310274,0.543000,0.027000,-0.822000,4.916000,12.779000,3.176000,26.51
9.317206,0.534000,0.040000,-0.812000,6.718000,13.053000,3.176000,26.55
9.329977,0.527000,0.036000,-0.815000,7.221000,9.481000,3.389000,26.55
9.337084,0.560000,0.019000,-0.815000,9.267000,11.344000,3.344000,26.60
9.349588,0.534000,0.014000,-0.825000,7.557000,14.519000,2.748000,26.46
9.361784,0.562000,0.010000,-0.820000,8.061000,14.870000,1.985000,26.51
9.369120,0.549000,0.015000,-0.822000,5.252000,17.603000,0.763000,26.51
9.381562,0.561000,0.001000,-0.809000,3.817000,18.702000,0.809000,26.55
9.388379,0.542000,0.024000,-0.795000,1.389000,17.435000,-0.046000,26.51
9.400884,0.482000,0.070000,-0.787000,1.344000,21.847000,-1.069000,26.60
9.407949,0.507000,0.039000,-0.801000,0.931000,27.176000,-1.710000,26.55
9.420207,0.566000,-0.017000,-0.850000,-1.649000,29.786000,-2.351000,26.60
9.427304,0.559000,-0.031000,-0.794000,-7.008000,30.076000,-1.221000,26.60
9.439497,0.465000,0.094000,-0.823000,-8.443000,33.115000,-3.221000,26.55
9.445223,0.462000,0.024000,-0.850000,-8.489000,39.344000,-1.954000,26.51
9.458981,0.548000,0.023000,-0.817000,0.351000,16.626000,-2.336000,26.51
9.471377,0.581000,-0.075000,-0.887000,-10.901000,43.863000,-2.962000,26.55
9.477937,0.575000,-0.002000,-0.875000,-13.664000,51.053000,-4.580000,26.51
9.490394,0.511000,0.027000,-0.892000,-16.015000,57.725000,-3.847000,26.60
9.497250,0.600000,0.067000,-0.848000,-19.374000,74.382000,-6.580000,26.55
9.509530,0.572000,0.005000,-0.895000,-16.794000,86.183000,-4.779000,26.51
9.521582,0.629000,0.009000,-0.866000,-18.443000,98.427000,0.214000,26.60
9.528527,0.552000,-0.017000,-0.956000,-14.733000,102.718000,8.550000,26.55
9.540628,0.444000,0.386000,-1.093000,11.588000,134.947000,19.588000,26.51
9.548046,0.715000,0.021000,-0.988000,7.221000,153.435000,27.053000,26.51
9.560384,0.599000,0.033000,-1.104000,25.344000,168.198000,26.550000,26.55
9.567232,0.409000,0.028000,-1.287000,10.076000,191.710000,31.069000,26.60
9.579744,0.512000,-0.035000,-1.127000,39.878000,217.313000,17.725000,26.60
9.591848,0.551000,-0.071000,-1.172000,81.588000,227.573000,4.748000,26.51
9.598487,0.578000,0.042000,-1.355000,99.664000,269.817000,-4.794000,26.60
9.610773,0.414000,0.073000,-1.248000,123.878000,373.908000,0.992000,26.55
9.617680,1.226000,-0.075000,-1.056000,124.122000,340.473000,20.733000,26.55
9.629758,1.823000,-0.197000,-1.933000,31.191000,377.847000,22.290000,26.51
9.641976,1.083000,0.109000,-1.164000,35.084000,328.687000,34.000000,26.65
9.648988,1.123000,0.237000,-1.184000,18.763000,313.237000,48.061000,26.60
9.661217,0.785000,0.338000,-1.079000,47.511000,317.863000,61.374000,26.60
9.667945,1.562000,0.272000,-1.643000,47.939000,241.710000,55.252000,26.65
9.680416,0.713000,0.206000,-2.136000,8.947000,149.420000,55.099000,26.46
9.687439,-0.462000,0.071000,-1.965000,-19.985000,54.595000,66.305000,26.51
9.699232,-0.268000,-0.059000,-1.693000,-51.008000,36.214000,88.931000,26.55
9.711224,-0.219000,0.263000,-1.857000,-88.443000,-9.679000,100.687000,26.51
9.717949,-0.304000,0.436000,-1.407000,-95.710000,-45.878000,111.328000,26.60
9.729848,-0.290000,0.505000,-1.263000,-93.847000,-78.015000,112.137000,26.46
9.741859,-0.182000,0.514000,-1.139000,-99.863000,-99.771000,103.359000,26.60
9.748706,-0.078000,0.566000,-1.033000,-103.542000,-113.176000,86.611000,26.51
9.760696,0.077000,0.577000,-1.024000,-110.656000,-115.573000,59.695000,26.55
9.767293,0.279000,0.585000,-1.102000,-109.527000,-134.351000,30.504000,26.60
9.779128,0.405000,0.563000,-1.096000,-129.679000,-115.099000,-4.962000,26.60
9.790861,0.588000,0.506000,-1.123000,-97.267000,-189.710000,-28.550000,26.55
9.797767,0.608000,0.395000,-1.088000,-95.344000,-206.137000,-51.420000,26.51
9.809800,0.652000,0.277000,-1.044000,-91.924000,-220.305000,-67.954000,26.60
9.821698,0.721000,0.139000,-1.042000,-92.382000,-229.206000,-77.969000,26.55
9.828491,0.846000,0.014000,-1.047000,-98.565000,-234.824000,-82.656000,26.51
9.840286,1.106000,-0.147000,-1.110000,-107.527000,-245.115000,-82.718000,26.60
9.846833,0.902000,-0.074000,-1.054000,-99.313000,-257.344000,-74.626000,26.55
9.858908,1.077000,-0.208000,-1.040000,-98.305000,-255.038000,-66.947000,26.51
9.870417,1.122000,-0.288000,-1.061000,-102.931000,-255.206000,-60.351000,26.60
9.877073,1.200000,-0.296000,-1.102000,-109.756000,-250.382000,-56.611000,26.55
9.889098,1.292000,-0.219000,-1.162000,-117.924000,-227.664000,-58.611000,26.60
9.900956,1.414000,-0.110000,-1.170000,-106.916000,-244.351000,-63.511000,26.60
9.907481,1.479000,-0.017000,-1.133000,-92.443000,-246.214000,-71.756000,26.55
9.919427,1.465000,0.012000,-1.048000,-76.595000,-250.473000,-83.282000,26.51
9.931474,1.447000,-0.025000,-0.964000,-63.176000,-240.366000,-93.527000,26.41
9.937795,1.440000,-0.073000,-0.916000,-56.504000,-227.725000,-107.206000,26.55
9.949903,1.655000,0.471000,-1.218000,-14.763000,-194.107000,-122.489000,26.51
9.961628,1.317000,-0.126000,-0.396000,18.000000,-199.145000,-94.656000,26.51
9.968393,1.961000,-0.643000,-0.425000,-1.344000,-176.779000,-111.481000,26.55
9.979986,1.782000,-0.351000,-0.281000,-20.626000,-168.580000,-126.992000,26.51
9.987371,1.697000,-0.241000,-0.107000,-8.916000,-160.092000,-129.695000,26.55
9.998965,1.573000,-0.293000,0.105000,5.893000,-141.221000,-129.634000,26.55
10.010994,1.581000,-0.471000,0.212000,11.511000,-117.908000,-126.992000,26.51
