# Gait Analysis Data - MPU6050 IMU
# Duration: 10 seconds
# Format: timestamp(s),ax(g),ay(g),az(g),gx(deg/s),gy(deg/s),gz(deg/s),temp(C)
# Note: Document sensor placement (ankle/wrist) separately
timestamp,ax,ay,az,gx,gy,gz,temp
0.000676,0.237000,-0.135000,-0.967000,-1.817000,2.107000,-0.779000,30.04
0.002299,0.236000,-0.139000,-0.948000,-1.847000,2.687000,-0.962000,30.13
0.002940,0.240000,-0.135000,-0.962000,-2.000000,3.527000,-0.855000,30.13
0.003993,0.240000,-0.138000,-0.967000,-2.092000,3.588000,-0.840000,29.99
0.005295,0.238000,-0.136000,-0.956000,-1.649000,2.321000,-0.916000,30.18
0.006401,0.238000,-0.134000,-0.956000,-1.359000,2.458000,-0.794000,30.13
0.007441,0.238000,-0.141000,-0.968000,-1.710000,3.206000,-0.779000,30.13
0.008325,0.241000,-0.140000,-0.960000,-1.969000,3.115000,-0.947000,30.04
0.009190,0.238000,-0.135000,-0.961000,-2.076000,2.702000,-0.733000,30.08
0.010156,0.234000,-0.147000,-0.954000,-1.710000,2.779000,-0.840000,30.08
0.010905,0.238000,-0.140000,-0.950000,-1.740000,3.038000,-0.748000,30.13
0.011604,0.240000,-0.140000,-0.959000,-1.893000,3.069000,-0.718000,30.13
0.012479,0.239000,-0.138000,-0.964000,-1.847000,3.115000,-0.794000,30.08
0.013428,0.238000,-0.137000,-0.961000,-1.832000,2.855000,-0.962000,30.08
0.014147,0.238000,-0.142000,-0.965000,-1.527000,3.099000,-0.885000,30.08
0.014923,0.241000,-0.140000,-0.960000,-1.634000,2.977000,-0.824000,30.13
0.015666,0.241000,-0.137000,-0.962000,-1.389000,3.160000,-0.779000,30.13
0.016267,0.236000,-0.141000,-0.959000,-1.557000,3.221000,-0.931000,30.08
0.016863,0.239000,-0.141000,-0.964000,-1.832000,3.038000,-0.885000,30.08
0.017458,0.240000,-0.136000,-0.971000,-2.076000,2.809000,-0.840000,30.08
0.018049,0.241000,-0.142000,-0.960000,-1.847000,2.794000,-0.870000,30.04
0.018649,0.235000,-0.144000,-0.959000,-1.649000,2.916000,-1.038000,30.13
0.019246,0.245000,-0.139000,-0.962000,-1.634000,2.962000,-0.824000,29.99
0.019995,0.235000,-0.136000,-0.954000,-1.847000,3.053000,-0.977000,30.18
0.020741,0.240000,-0.141000,-0.956000,-1.893000,2.855000,-0.748000,30.18
0.021456,0.237000,-0.141000,-0.964000,-1.847000,3.176000,-0.718000,30.13
0.022123,0.241000,-0.142000,-0.957000,-1.847000,3.435000,-0.931000,30.04
0.022788,0.239000,-0.144000,-0.967000,-1.786000,2.931000,-0.824000,30.18
0.023583,0.242000,-0.140000,-0.959000,-1.832000,2.779000,-0.855000,30.08
0.024431,0.238000,-0.142000,-0.967000,-1.756000,2.916000,-0.794000,30.08
0.025116,0.235000,-0.143000,-0.964000,-1.954000,3.099000,-1.008000,30.13
0.025841,0.238000,-0.141000,-0.957000,-2.092000,3.115000,-0.840000,30.13
0.026527,0.235000,-0.142000,-0.959000,-2.031000,2.519000,-0.779000,30.08
0.027199,0.234000,-0.145000,-0.958000,-1.832000,2.977000,-0.763000,30.18
0.027861,0.233000,-0.135000,-0.960000,-1.679000,3.450000,-0.977000,30.13
0.028526,0.232000,-0.140000,-0.959000,-1.893000,2.931000,-0.977000,30.04
0.029174,0.243000,-0.143000,-0.958000,-1.878000,3.267000,-1.084000,30.04
0.029772,0.240000,-0.131000,-0.963000,-1.725000,3.252000,-0.931000,30.18
0.030364,0.241000,-0.145000,-0.962000,-1.634000,3.298000,-0.931000,29.99
0.030956,0.241000,-0.141000,-0.959000,-1.847000,2.794000,-0.763000,30.13
0.031547,0.233000,-0.137000,-0.965000,-1.817000,3.084000,-0.870000,30.13
0.032137,0.246000,-0.143000,-0.969000,-1.863000,3.115000,-0.672000,30.04
0.032739,0.237000,-0.140000,-0.958000,-1.679000,3.038000,-0.824000,29.99
0.033334,0.240000,-0.137000,-0.962000,-1.664000,3.023000,-0.748000,30.08
0.034193,0.249000,-0.137000,-0.957000,-1.664000,3.008000,-0.809000,30.04
0.034867,0.240000,-0.135000,-0.959000,-1.771000,3.008000,-0.855000,30.08
0.035478,0.233000,-0.142000,-0.953000,-1.786000,3.115000,-0.870000,30.08
0.036081,0.240000,-0.137000,-0.966000,-1.832000,2.824000,-0.641000,30.08
0.036718,0.241000,-0.141000,-0.967000,-1.985000,2.794000,-0.855000,30.18
0.037302,0.242000,-0.130000,-0.963000,-2.000000,3.115000,-0.794000,30.13
0.037855,0.243000,-0.145000,-0.966000,-2.031000,2.901000,-0.947000,30.08
0.038396,0.241000,-0.141000,-0.964000,-1.924000,2.794000,-0.901000,30.18
0.038938,0.232000,-0.142000,-0.958000,-2.000000,2.550000,-0.733000,30.08
0.039553,0.241000,-0.143000,-0.957000,-2.061000,2.519000,-0.916000,30.08
0.040109,0.239000,-0.136000,-0.960000,-2.015000,2.916000,-0.763000,30.13
0.040659,0.228000,-0.127000,-0.969000,-2.015000,3.557000,-1.053000,30.08
0.041202,0.238000,-0.144000,-0.955000,-1.985000,2.489000,-0.870000,30.18
0.041740,0.233000,-0.137000,-0.956000,-2.092000,3.023000,-1.053000,30.08
0.042292,0.243000,-0.128000,-0.958000,-2.229000,3.924000,-0.779000,30.13
0.042831,0.240000,-0.138000,-0.954000,-1.863000,2.702000,-0.947000,30.13
0.043367,0.240000,-0.141000,-0.968000,-2.137000,3.053000,-0.901000,30.08
0.044178,0.241000,-0.138000,-0.962000,-1.832000,3.221000,-1.099000,30.08
0.044744,0.242000,-0.142000,-0.959000,-2.076000,3.252000,-1.069000,30.08
0.045329,0.245000,-0.142000,-0.966000,-2.031000,3.008000,-1.084000,30.13
0.045925,0.236000,-0.135000,-0.970000,-1.954000,2.840000,-0.824000,30.13
0.046479,0.234000,-0.138000,-0.960000,-1.893000,2.595000,-0.733000,30.08
0.047006,0.242000,-0.138000,-0.962000,-2.137000,2.779000,-0.794000,30.18
0.047732,0.238000,-0.135000,-0.960000,-2.092000,3.237000,-0.885000,30.08
0.048457,0.236000,-0.138000,-0.967000,-1.847000,2.992000,-1.023000,30.04
0.049066,0.239000,-0.139000,-0.959000,-1.588000,2.656000,-0.656000,30.04
0.049581,0.235000,-0.135000,-0.958000,-1.588000,3.069000,-0.901000,29.99
0.050081,0.235000,-0.147000,-0.965000,-1.725000,3.176000,-0.672000,30.08
0.050574,0.237000,-0.143000,-0.967000,-1.756000,2.901000,-0.763000,30.18
0.051062,0.238000,-0.141000,-0.968000,-1.664000,2.931000,-0.870000,30.13
0.051555,0.238000,-0.136000,-0.968000,-1.649000,3.267000,-0.779000,30.13
0.052047,0.235000,-0.140000,-0.965000,-1.786000,3.450000,-0.687000,30.08
0.052538,0.241000,-0.135000,-0.957000,-1.954000,2.901000,-0.672000,30.18
0.053030,0.236000,-0.139000,-0.967000,-2.015000,2.702000,-0.947000,30.04
0.053526,0.240000,-0.139000,-0.958000,-1.450000,1.756000,-0.687000,30.13
0.054024,0.239000,-0.137000,-0.967000,-1.084000,-0.153000,-0.504000,30.13
0.054518,0.240000,-0.139000,-0.966000,-1.160000,0.015000,-0.489000,30.08
0.055012,0.230000,-0.136000,-0.960000,-1.954000,3.038000,-0.458000,30.08
0.055502,0.233000,-0.137000,-0.966000,-2.244000,4.412000,-0.824000,30.04
0.055993,0.241000,-0.135000,-0.958000,-1.969000,3.435000,-0.870000,30.13
0.056485,0.234000,-0.141000,-0.963000,-1.664000,2.137000,-0.794000,30.13
0.056979,0.234000,-0.139000,-0.960000,-1.481000,2.046000,-0.748000,30.08
0.057477,0.232000,-0.140000,-0.963000,-1.786000,2.672000,-0.809000,30.18
0.058191,0.243000,-0.138000,-0.969000,-2.290000,2.977000,-0.931000,30.04
0.058768,0.238000,-0.142000,-0.969000,-2.412000,2.626000,-0.718000,30.04
0.059238,0.238000,-0.139000,-0.958000,-2.153000,2.702000,-0.794000,30.08
0.059692,0.233000,-0.137000,-0.959000,-2.046000,3.420000,-1.023000,30.08
0.060153,0.238000,-0.133000,-0.955000,-1.664000,4.366000,-1.008000,30.08
0.060608,0.235000,-0.140000,-0.972000,-1.756000,3.618000,-0.931000,30.04
0.061059,0.238000,-0.137000,-0.967000,-1.817000,3.053000,-0.672000,30.13
0.061516,0.235000,-0.139000,-0.957000,-1.954000,3.160000,-0.885000,30.18
0.061979,0.239000,-0.136000,-0.964000,-2.122000,3.328000,-0.565000,30.18
0.062433,0.242000,-0.135000,-0.960000,-2.122000,2.626000,-0.794000,30.22
0.062880,0.246000,-0.138000,-0.961000,-1.832000,1.802000,-0.626000,30.13
0.063335,0.240000,-0.144000,-0.958000,-1.405000,1.756000,-0.702000,30.13
0.063787,0.235000,-0.138000,-0.956000,-1.252000,1.328000,-0.611000,30.08
0.064237,0.244000,-0.140000,-0.952000,-1.145000,1.511000,-0.656000,30.08
0.064689,0.240000,-0.138000,-0.953000,-1.115000,3.328000,-0.885000,30.04
0.065138,0.237000,-0.139000,-0.963000,-1.191000,4.107000,-0.931000,30.04
0.065592,0.236000,-0.140000,-0.962000,-1.008000,4.382000,-0.901000,30.08
0.066047,0.240000,-0.138000,-0.959000,-1.237000,4.550000,-0.947000,30.08
0.066494,0.238000,-0.147000,-0.965000,-1.466000,4.305000,-0.855000,30.08
0.066945,0.240000,-0.140000,-0.963000,-1.496000,3.130000,-0.672000,30.04
0.067407,0.235000,-0.138000,-0.969000,-1.679000,-0.305000,-0.458000,30.04
0.067974,0.240000,-0.142000,-0.969000,-1.557000,-1.908000,-0.107000,30.08
0.068584,0.238000,-0.136000,-0.967000,-1.542000,-1.145000,0.061000,30.18
0.069099,0.240000,-0.141000,-0.954000,-2.092000,-2.260000,0.198000,30.08
0.069622,0.229000,-0.135000,-0.959000,-2.473000,-0.947000,0.046000,30.13
0.070103,0.220000,-0.125000,-0.947000,-1.298000,2.809000,-0.885000,30.04
0.070577,0.224000,-0.160000,-0.948000,-5.191000,7.954000,0.107000,30.18
0.071032,0.231000,-0.130000,-0.985000,-1.313000,-0.641000,-1.664000,30.08
0.071491,0.235000,-0.131000,-0.966000,-1.466000,1.649000,-0.763000,30.04
0.071959,0.232000,-0.135000,-0.969000,-1.847000,2.214000,-1.053000,30.04
0.072411,0.230000,-0.134000,-0.963000,-2.931000,2.427000,-0.779000,30.13
0.072851,0.232000,-0.144000,-0.959000,-3.542000,4.550000,-0.595000,30.08
0.073287,0.238000,-0.138000,-0.977000,-2.672000,3.450000,-0.840000,30.08
0.073725,0.232000,-0.138000,-0.967000,-1.389000,3.221000,-1.023000,30.13
0.074159,0.234000,-0.135000,-0.962000,-0.137000,2.275000,-1.008000,30.13
0.074595,0.238000,-0.139000,-0.967000,0.061000,1.481000,-1.115000,30.04
0.075032,0.227000,-0.140000,-0.966000,-0.534000,2.290000,-0.702000,30.18
0.075466,0.234000,-0.140000,-0.962000,-1.496000,3.328000,-0.763000,30.18
0.075900,0.234000,-0.143000,-0.965000,-1.939000,4.153000,-0.931000,30.04
0.076338,0.234000,-0.142000,-0.962000,-1.969000,3.771000,-0.931000,30.13
0.076768,0.233000,-0.139000,-0.966000,-1.634000,3.115000,-0.870000,30.13
0.077193,0.235000,-0.136000,-0.961000,-1.282000,2.885000,-0.962000,30.08
0.077689,0.231000,-0.135000,-0.959000,-0.916000,3.405000,-1.115000,30.08
0.078242,0.234000,-0.137000,-0.964000,-1.176000,4.031000,-0.977000,30.13
0.078685,0.232000,-0.142000,-0.957000,-1.160000,3.588000,-1.038000,30.13
0.079119,0.233000,-0.140000,-0.965000,-1.191000,2.733000,-0.763000,30.04
0.079624,0.230000,-0.141000,-0.956000,-1.252000,3.053000,-0.916000,30.08
0.080072,0.229000,-0.138000,-0.962000,-0.947000,3.466000,-0.855000,30.08
0.080500,0.228000,-0.136000,-0.959000,-1.328000,3.405000,-1.023000,30.04
0.080923,0.235000,-0.145000,-0.961000,-1.420000,3.908000,-0.901000,30.08
0.081347,0.242000,-0.138000,-0.957000,-1.450000,3.954000,-0.962000,30.08
0.081764,0.232000,-0.143000,-0.963000,-1.649000,3.481000,-0.885000,30.08
0.082184,0.228000,-0.141000,-0.959000,-1.710000,2.519000,-0.779000,30.08
0.082605,0.232000,-0.140000,-0.967000,-2.000000,1.878000,-0.702000,30.04
0.083024,0.230000,-0.133000,-0.970000,-2.076000,3.084000,-0.656000,30.18
0.083437,0.236000,-0.135000,-0.961000,-2.260000,4.504000,-0.885000,30.08
0.083857,0.234000,-0.139000,-0.948000,-2.290000,4.366000,-0.885000,30.18
0.084290,0.233000,-0.136000,-0.968000,-1.847000,3.527000,-0.931000,30.04
0.084717,0.234000,-0.132000,-0.965000,-1.496000,2.198000,-0.718000,30.13
0.085126,0.235000,-0.139000,-0.968000,-1.145000,1.603000,-0.687000,30.08
0.085540,0.228000,-0.143000,-0.965000,-1.649000,1.893000,-0.763000,30.08
0.085962,0.241000,-0.136000,-0.955000,-2.168000,2.687000,-0.885000,30.08
0.086382,0.232000,-0.137000,-0.962000,-2.290000,2.275000,-0.672000,30.13
0.086791,0.237000,-0.146000,-0.963000,-2.092000,1.649000,-0.763000,30.04
0.087204,0.238000,-0.135000,-0.960000,-1.740000,1.374000,-0.763000,30.18
0.087683,0.230000,-0.145000,-0.963000,-1.893000,0.870000,-0.718000,30.08
0.088228,0.234000,-0.131000,-0.974000,-2.092000,1.145000,-0.519000,30.18
0.088676,0.235000,-0.137000,-0.967000,-2.366000,1.924000,-0.733000,30.13
0.089149,0.229000,-0.139000,-0.959000,-2.168000,1.954000,-0.733000,30.13
0.089610,0.235000,-0.140000,-0.964000,-1.786000,2.626000,-0.733000,30.08
0.090043,0.237000,-0.137000,-0.962000,-1.542000,3.160000,-1.053000,30.08
0.090463,0.237000,-0.139000,-0.969000,-1.267000,3.771000,-1.069000,30.08
0.090887,0.237000,-0.140000,-0.955000,-1.176000,3.985000,-0.885000,30.04
0.091302,0.232000,-0.141000,-0.962000,-1.374000,4.901000,-0.977000,30.13
0.091714,0.237000,-0.138000,-0.960000,-1.145000,5.435000,-1.267000,30.08
0.092122,0.240000,-0.138000,-0.964000,-1.176000,5.573000,-1.176000,30.08
0.092532,0.235000,-0.140000,-0.967000,-1.099000,4.824000,-1.115000,30.13
0.092944,0.236000,-0.142000,-0.962000,-1.313000,4.779000,-1.130000,30.04
0.093360,0.233000,-0.138000,-0.962000,-1.389000,4.351000,-1.130000,30.13
0.093809,0.235000,-0.139000,-0.964000,-1.710000,4.122000,-0.931000,30.08
0.094241,0.239000,-0.138000,-0.957000,-1.878000,3.985000,-0.916000,30.08
0.094669,0.238000,-0.137000,-0.963000,-1.969000,3.160000,-0.855000,30.13
0.095085,0.233000,-0.143000,-0.964000,-2.092000,1.099000,-0.534000,30.13
0.095513,0.240000,-0.140000,-0.962000,-2.198000,-0.504000,-0.305000,30.13
0.095939,0.232000,-0.142000,-0.961000,-2.198000,-1.573000,-0.214000,30.08
0.096359,0.236000,-0.138000,-0.977000,-2.046000,-2.305000,-0.305000,30.08
0.096778,0.227000,-0.138000,-0.959000,-2.366000,-0.809000,-0.198000,30.04
0.097212,0.233000,-0.142000,-0.960000,-2.794000,0.427000,-0.046000,30.13
0.097726,0.235000,-0.138000,-0.967000,-2.244000,0.351000,-0.168000,29.99
0.098276,0.234000,-0.142000,-0.969000,-1.832000,0.641000,-0.534000,29.99
0.098717,0.229000,-0.142000,-0.960000,-1.710000,0.855000,-0.565000,30.18
0.099157,0.231000,-0.143000,-0.963000,-1.450000,-0.183000,-0.489000,30.13
0.099659,0.233000,-0.136000,-0.962000,-1.389000,0.718000,-0.687000,30.04
0.100467,0.189000,-0.142000,-0.976000,-4.977000,1.664000,-0.885000,30.13
0.100908,0.186000,-0.122000,-0.970000,-4.916000,1.985000,-0.260000,30.13
0.101368,0.194000,-0.139000,-0.973000,-3.252000,0.809000,-0.366000,30.18
0.101837,0.187000,-0.115000,-0.962000,-3.679000,0.519000,-0.336000,30.08
0.102277,0.195000,-0.163000,-0.969000,-2.977000,1.603000,-0.763000,29.99
0.102702,0.180000,-0.127000,-0.977000,-2.931000,1.359000,-0.870000,30.13
0.106279,0.186000,-0.131000,-0.972000,-2.916000,2.382000,-0.840000,30.04
0.123765,0.190000,-0.143000,-0.972000,-2.092000,2.183000,-0.656000,30.08
0.130984,0.187000,-0.139000,-0.976000,-2.244000,1.710000,-0.519000,30.08
0.138205,0.188000,-0.135000,-0.972000,-1.969000,2.244000,-0.702000,30.08
0.150461,0.184000,-0.134000,-0.973000,-1.344000,1.176000,-0.412000,30.13
0.157708,0.186000,-0.129000,-0.970000,-0.733000,0.962000,-0.198000,30.04
0.170458,0.188000,-0.138000,-0.965000,-0.214000,0.519000,-0.473000,29.99
0.177298,0.180000,-0.137000,-0.974000,-0.061000,0.748000,-0.275000,30.08
0.189637,0.179000,-0.136000,-0.961000,-0.290000,1.008000,-0.290000,29.99
0.196738,0.184000,-0.142000,-0.971000,-0.458000,1.252000,-0.397000,30.04
0.209034,0.186000,-0.131000,-0.970000,-0.519000,1.802000,-0.489000,30.04
0.216328,0.190000,-0.137000,-0.963000,-0.580000,1.985000,-0.595000,30.08
0.228573,0.184000,-0.126000,-0.974000,-0.489000,1.588000,-0.214000,30.08
0.240971,0.177000,-0.135000,-0.978000,0.137000,1.053000,-0.458000,30.13
0.248247,0.187000,-0.132000,-0.981000,0.809000,0.061000,-0.122000,30.13
0.260768,0.186000,-0.143000,-0.982000,1.496000,0.611000,-0.092000,30.04
0.268030,0.183000,-0.128000,-0.988000,2.763000,1.298000,0.458000,30.08
0.280456,0.202000,-0.145000,-1.020000,4.092000,3.435000,1.176000,30.08
0.287741,0.203000,-0.146000,-1.021000,6.733000,4.977000,1.985000,30.04
0.300588,0.216000,-0.121000,-1.035000,9.588000,4.626000,4.260000,30.13
0.307642,0.228000,-0.170000,-0.997000,12.275000,2.840000,8.153000,29.94
0.320188,0.236000,-0.210000,-1.010000,13.863000,-6.061000,10.214000,30.08
0.327182,0.224000,-0.296000,-0.953000,10.275000,-14.321000,11.023000,30.08
0.339317,0.161000,-0.308000,-0.966000,2.931000,-21.542000,11.695000,30.04
0.345171,0.101000,-0.296000,-0.953000,-4.275000,-27.328000,10.794000,30.04
0.358360,0.055000,-0.266000,-0.934000,-10.519000,-27.542000,10.137000,30.13
0.370527,0.030000,-0.230000,-0.944000,-15.740000,-16.443000,8.489000,30.08
0.377712,-0.010000,-0.305000,-0.981000,-19.954000,-3.038000,4.885000,30.08
0.389691,-0.369000,-0.166000,-0.957000,-12.916000,22.565000,-15.282000,30.13
0.396372,-0.113000,-0.070000,-1.379000,-39.237000,40.122000,-24.092000,30.04
0.408634,0.119000,-0.332000,-1.190000,-32.534000,86.244000,-45.252000,30.13
0.420572,0.065000,-0.546000,-1.319000,-40.412000,78.824000,-54.092000,29.99
0.427460,0.029000,-0.674000,-1.407000,-61.695000,101.481000,-60.504000,30.08
0.439712,-0.251000,-1.037000,-1.435000,-53.847000,94.046000,-44.779000,30.04
0.446596,-0.522000,-1.514000,-1.225000,-36.275000,43.634000,-7.344000,30.13
0.458671,-0.333000,-1.276000,-1.360000,-14.992000,56.489000,28.809000,30.04
0.470987,-0.685000,-1.159000,-1.131000,6.336000,18.901000,51.145000,30.18
0.478187,-0.781000,-0.848000,-1.012000,27.053000,-7.084000,55.786000,30.08
0.490001,-0.889000,-0.624000,-0.935000,34.977000,-25.725000,49.160000,30.04
0.496988,-0.885000,-0.496000,-0.986000,43.313000,-52.473000,34.916000,30.13
0.509080,-0.855000,-0.484000,-1.023000,43.603000,-66.137000,20.962000,30.08
0.521405,-0.765000,-0.476000,-0.973000,39.771000,-58.473000,13.847000,30.08
0.528322,-0.687000,-0.459000,-0.915000,35.038000,-50.702000,8.137000,30.08
0.540411,-0.577000,-0.450000,-0.848000,28.855000,-42.214000,8.366000,30.13
0.547451,-0.453000,-0.519000,-0.854000,31.450000,-32.534000,10.305000,30.18
0.559746,-0.309000,-0.556000,-0.877000,30.565000,-20.534000,16.718000,30.08
0.565304,-0.202000,-0.581000,-0.915000,32.977000,-6.336000,24.992000,30.08
0.578891,-0.092000,-0.594000,-0.956000,37.527000,5.649000,33.282000,30.08
0.590753,-0.018000,-0.723000,-0.735000,21.237000,107.695000,36.702000,30.13
0.598030,0.081000,-0.595000,-0.983000,37.542000,42.550000,56.885000,30.08
0.610429,0.167000,-0.457000,-1.042000,54.763000,8.412000,74.290000,29.99
0.617129,0.135000,-0.361000,-0.951000,52.321000,-33.496000,94.473000,30.08
0.629093,0.145000,-0.226000,-0.908000,49.084000,-62.351000,107.863000,30.08
0.641235,0.161000,-0.141000,-0.954000,50.244000,-75.527000,112.336000,29.94
0.648186,0.172000,-0.121000,-1.000000,48.336000,-64.122000,110.748000,30.08
0.660370,0.222000,-0.050000,-1.083000,42.092000,-46.885000,102.656000,29.99
0.667508,0.269000,-0.054000,-1.206000,34.351000,-21.053000,91.847000,30.08
0.679749,0.293000,-0.032000,-1.183000,23.573000,-5.771000,81.115000,30.08
0.686777,0.310000,-0.050000,-1.219000,12.687000,-3.130000,69.191000,30.04
0.699253,0.317000,0.009000,-1.234000,8.550000,-3.863000,54.641000,30.08
0.711295,0.365000,0.006000,-1.188000,10.229000,-17.756000,42.656000,30.08
0.718656,0.416000,0.015000,-1.148000,14.779000,-34.504000,35.847000,29.99
0.730622,0.456000,-0.039000,-1.062000,17.649000,-56.489000,34.504000,30.13
0.737812,0.478000,-0.065000,-0.959000,26.763000,-73.359000,29.954000,30.04
0.750037,0.532000,-0.018000,-0.892000,29.878000,-84.947000,29.084000,30.08
0.757076,0.522000,-0.007000,-0.798000,28.947000,-73.832000,28.076000,30.08
0.769452,0.528000,-0.017000,-0.792000,38.229000,-67.008000,26.947000,30.08
0.781248,0.542000,-0.040000,-0.728000,26.534000,-41.145000,24.992000,29.94
0.788465,0.680000,0.012000,-0.918000,12.855000,4.366000,24.107000,30.04
0.800796,0.745000,-0.066000,-1.009000,21.115000,-37.695000,30.885000,30.08
0.808170,0.743000,-0.064000,-0.890000,7.496000,0.412000,34.443000,29.99
0.820497,0.728000,0.015000,-0.802000,-4.351000,-2.183000,36.519000,30.08
0.827606,0.703000,0.107000,-0.767000,-7.420000,-13.282000,36.198000,30.13
0.839643,0.682000,0.170000,-0.701000,-7.038000,32.382000,29.374000,30.04
0.846946,0.704000,0.243000,-0.822000,12.244000,-26.947000,23.038000,30.08
0.859300,0.681000,0.161000,-0.708000,3.313000,-22.458000,12.183000,30.08
0.869138,0.664000,0.191000,-0.797000,2.489000,-7.985000,-4.794000,29.99
0.878625,0.633000,0.203000,-0.753000,4.122000,-20.916000,-14.656000,30.04
0.890816,0.617000,0.166000,-0.794000,2.641000,-14.885000,-30.244000,30.13
0.898019,0.656000,0.075000,-0.957000,0.702000,-10.305000,-43.298000,30.08
0.910334,0.675000,-0.032000,-1.067000,-3.221000,-13.099000,-50.565000,30.08
0.917531,1.595000,-0.140000,-0.223000,-5.939000,68.427000,-34.763000,30.18
0.929448,-0.196000,0.065000,0.191000,14.046000,-68.351000,-41.542000,30.04
0.936618,0.148000,-0.491000,-1.525000,35.939000,85.740000,-8.443000,30.22
0.948646,-0.024000,-0.939000,-1.095000,33.344000,-9.771000,3.603000,29.99
0.961194,-0.110000,-0.912000,-0.683000,2.916000,22.702000,-6.656000,29.99
0.968309,0.026000,-0.545000,-0.849000,10.443000,18.779000,-23.924000,30.08
0.979990,0.247000,-0.269000,-1.157000,8.733000,79.450000,-24.458000,30.04
0.987257,0.140000,0.281000,-1.523000,-7.099000,98.550000,-26.870000,30.04
0.999364,-0.093000,0.551000,-1.581000,2.473000,106.473000,-41.206000,29.99
1.006535,-0.078000,0.253000,-1.295000,17.069000,110.992000,-54.656000,30.08
1.019045,0.104000,-0.283000,-1.095000,37.450000,84.611000,-54.366000,30.08
1.030882,0.398000,-0.790000,-1.159000,35.084000,55.420000,-44.534000,30.04
1.038163,0.373000,-0.648000,-0.930000,22.351000,44.061000,-28.702000,30.04
1.049871,0.226000,-0.461000,-1.082000,15.466000,17.099000,-20.321000,30.08
1.057174,0.360000,-0.589000,-1.041000,3.832000,-3.542000,-11.405000,30.08
1.069594,0.316000,-0.667000,-0.911000,-8.412000,-3.802000,-5.267000,29.99
1.075320,0.182000,-0.547000,-0.940000,-20.504000,-1.573000,-2.870000,30.04
1.088795,0.147000,-0.448000,-0.966000,-29.084000,-2.641000,-2.901000,30.04
1.100695,0.135000,-0.425000,-0.938000,-36.336000,-7.863000,-1.420000,29.99
1.107950,0.083000,-0.364000,-0.879000,-42.321000,-11.115000,-1.053000,29.99
1.119914,0.035000,-0.283000,-0.898000,-45.939000,-6.550000,-2.015000,30.08
1.137515,0.025000,-0.236000,-0.960000,-47.374000,-1.725000,-4.473000,30.04
1.139316,0.045000,-0.275000,-0.981000,-46.748000,4.947000,-5.389000,30.04
1.151977,0.107000,-0.326000,-1.052000,-43.023000,19.832000,-4.870000,29.99
1.158729,0.122000,-0.263000,-1.085000,-32.855000,24.733000,-5.450000,30.08
1.170235,0.118000,-0.260000,-1.030000,-28.092000,30.458000,-6.137000,30.08
1.177294,0.127000,-0.309000,-0.998000,-20.336000,20.412000,-6.214000,29.94
1.189507,0.142000,-0.311000,-0.947000,-16.290000,12.031000,-4.336000,29.94
1.196480,0.099000,-0.318000,-0.896000,-13.573000,2.321000,-3.344000,29.99
1.208746,0.096000,-0.342000,-0.924000,-12.351000,2.672000,-2.840000,30.08
1.226585,0.084000,-0.294000,-0.890000,-10.504000,-6.672000,-1.664000,30.13
1.227917,0.072000,-0.311000,-0.896000,-10.397000,-10.550000,-0.672000,29.94
1.240134,0.081000,-0.278000,-0.923000,-11.023000,-12.733000,0.443000,30.04
1.246855,0.050000,-0.271000,-0.885000,-10.122000,-18.107000,0.779000,30.08
1.259156,0.040000,-0.298000,-0.846000,-12.901000,-12.580000,-0.763000,30.08
1.266232,0.057000,-0.311000,-0.863000,-19.511000,-3.924000,-1.878000,30.04
1.278452,0.046000,-0.279000,-0.821000,-29.985000,4.336000,-1.954000,29.94
1.290711,0.058000,-0.320000,-0.779000,-45.496000,9.496000,-0.672000,30.04
1.298028,0.053000,-0.432000,-0.775000,-61.924000,6.870000,0.153000,29.99
1.310217,0.104000,-0.384000,-0.947000,-79.527000,19.847000,-0.473000,29.99
1.316928,0.097000,-0.100000,-1.187000,-79.252000,26.565000,-5.206000,30.04
1.329219,0.183000,-0.367000,-1.015000,-73.496000,40.855000,-12.702000,30.04
1.334922,0.161000,-0.213000,-1.109000,-65.176000,42.992000,-15.985000,30.04
1.348382,0.111000,-0.100000,-1.064000,-52.198000,50.198000,-21.847000,30.08
1.360631,0.141000,-0.159000,-1.012000,-43.573000,39.298000,-18.473000,29.99
1.367349,0.120000,-0.158000,-1.033000,-33.985000,25.313000,-15.511000,30.04
1.379548,0.146000,-0.158000,-1.041000,-26.061000,17.832000,-12.992000,30.04
1.386360,0.134000,-0.162000,-1.006000,-20.366000,12.809000,-11.863000,29.99
1.398532,0.122000,-0.182000,-0.982000,-20.229000,13.939000,-11.603000,29.99
1.410540,0.132000,-0.169000,-1.000000,-21.756000,18.992000,-12.000000,29.99
1.417554,0.111000,-0.214000,-0.957000,-22.702000,26.351000,-10.534000,30.04
1.429643,0.142000,-0.192000,-0.983000,-23.740000,33.130000,-12.275000,30.04
1.436725,0.153000,-0.204000,-0.964000,-26.656000,38.000000,-13.328000,30.08
1.448825,0.189000,-0.509000,-0.880000,-14.351000,42.840000,-8.366000,29.99
1.460899,0.165000,-0.159000,-1.012000,-20.687000,42.366000,-13.496000,30.04
1.468025,0.154000,-0.157000,-0.963000,-22.824000,50.275000,-14.611000,30.04
1.480161,0.217000,-0.242000,-1.006000,-26.962000,54.336000,-7.771000,30.13
1.486953,0.180000,-0.160000,-1.031000,-30.427000,59.573000,-5.542000,29.99
1.499450,0.138000,-0.133000,-0.982000,-26.000000,63.359000,2.534000,30.08
1.506594,0.128000,-0.042000,-1.102000,-32.809000,80.626000,4.183000,30.04
1.518934,0.188000,-0.137000,-0.922000,-31.710000,83.542000,7.008000,29.94
1.530876,0.184000,-0.034000,-0.977000,-28.763000,97.725000,8.580000,30.13
1.538282,0.098000,-0.069000,-0.956000,-26.076000,113.481000,2.855000,29.99
1.550391,0.140000,-0.090000,-0.942000,-31.847000,126.031000,1.023000,30.08
1.557151,0.177000,-0.063000,-0.935000,-34.855000,144.901000,-3.786000,30.04
1.569528,0.187000,-0.069000,-0.948000,-32.855000,149.756000,-10.809000,30.04
1.581131,0.195000,-0.090000,-0.899000,-42.550000,161.878000,-17.221000,29.99
1.588177,0.252000,-0.131000,-0.952000,-55.389000,191.908000,-16.336000,30.08
1.600056,0.296000,-0.157000,-0.993000,-49.985000,177.435000,-20.870000,30.18
1.606973,0.331000,-0.165000,-0.904000,-60.336000,190.260000,-30.122000,30.04
1.620268,0.442000,-0.162000,-1.029000,-70.366000,184.214000,-34.916000,30.04
1.630989,0.406000,-0.184000,-1.122000,-73.588000,209.344000,-35.969000,29.99
1.637583,0.608000,-0.127000,-1.183000,-55.191000,224.992000,-31.282000,29.99
1.649587,0.574000,-0.119000,-1.306000,-40.214000,233.053000,-37.252000,30.04
1.656232,0.489000,-0.299000,-1.569000,-36.275000,324.885000,-46.733000,30.04
1.668819,1.198000,-0.560000,-2.283000,27.206000,500.260000,-62.504000,30.04
1.680513,0.844000,-0.547000,-2.533000,70.809000,474.595000,-140.473000,29.99
1.687450,0.912000,-0.413000,-2.562000,-3.008000,266.473000,-133.405000,29.99
1.699628,1.104000,0.368000,-2.895000,5.160000,407.252000,-128.809000,30.04
1.706373,0.612000,-0.060000,-2.473000,37.618000,205.740000,-140.580000,30.04
1.718709,0.267000,-0.513000,-1.772000,13.038000,145.023000,-108.473000,30.04
1.730601,-0.280000,-0.919000,-2.204000,47.359000,151.313000,-90.137000,29.99
1.737337,-0.712000,-4.000000,-2.425000,59.924000,68.168000,-19.618000,29.99
1.749672,0.272000,-3.208000,-2.955000,-44.092000,110.046000,52.779000,29.94
1.761242,-1.115000,-1.524000,-2.236000,-177.863000,-284.366000,152.550000,30.08
1.768552,-1.427000,-0.306000,-0.866000,-218.901000,-428.687000,182.198000,30.08
1.780040,-1.273000,0.430000,-1.449000,-111.573000,-334.214000,91.053000,29.99
1.786851,-1.281000,0.341000,-2.374000,-92.672000,-364.351000,32.885000,29.99
1.799024,-0.919000,-0.168000,-1.178000,27.496000,-500.275000,-0.214000,30.04
1.810710,-0.558000,-0.191000,-0.732000,109.542000,-500.275000,-115.939000,30.18
1.817547,-0.285000,-0.533000,-0.671000,37.115000,-307.847000,-140.977000,30.08
1.829207,0.059000,-0.807000,-0.958000,18.534000,-283.710000,-137.145000,30.08
1.841266,0.317000,-0.968000,-0.856000,-24.107000,-152.290000,-114.321000,30.04
1.848018,0.453000,-1.056000,-1.045000,1.084000,-127.420000,-94.763000,30.04
1.860351,0.787000,-1.082000,-0.638000,10.977000,9.206000,-83.313000,30.08
1.867304,0.707000,-0.954000,-0.997000,72.824000,-48.321000,-60.733000,30.08
1.879402,0.825000,-0.812000,-1.103000,86.519000,-31.618000,-13.771000,29.99
1.891466,0.900000,-0.639000,-1.224000,116.916000,-50.000000,26.641000,30.04
1.898340,0.863000,-0.330000,-1.130000,117.511000,-107.313000,63.099000,30.04
1.910404,0.792000,-0.048000,-1.200000,118.214000,-184.046000,90.122000,29.99
1.917409,0.725000,0.280000,-1.183000,127.145000,-207.954000,87.664000,29.99
1.929613,0.735000,0.344000,-1.271000,126.397000,-214.992000,78.962000,30.08
1.941529,0.736000,0.315000,-1.258000,115.740000,-216.885000,68.534000,30.04
1.948631,0.821000,0.296000,-1.195000,103.374000,-207.115000,54.427000,30.04
1.960894,0.877000,0.249000,-1.179000,93.069000,-184.351000,41.511000,29.99
1.967665,0.988000,0.138000,-1.122000,79.237000,-143.710000,32.611000,29.99
1.979834,1.026000,0.036000,-1.070000,73.542000,-107.695000,28.916000,30.04
1.987240,1.044000,-0.011000,-1.045000,72.626000,-81.435000,33.511000,30.04
1.999285,1.020000,0.003000,-1.031000,79.374000,-72.489000,42.015000,30.04
2.011534,0.929000,0.073000,-1.111000,87.863000,-69.695000,52.809000,30.08
2.018393,0.850000,0.210000,-1.078000,96.382000,-71.084000,63.786000,29.99
2.030621,0.778000,0.300000,-1.100000,98.366000,-75.069000,71.237000,30.04
2.037577,0.669000,0.451000,-1.124000,94.809000,-90.519000,71.237000,29.94
2.049813,0.642000,0.581000,-1.130000,86.702000,-91.053000,66.168000,30.04
2.056932,0.623000,0.656000,-1.208000,74.015000,-80.611000,57.435000,29.99
2.069534,0.675000,0.345000,-0.920000,7.267000,-32.962000,74.168000,29.99
2.076448,0.684000,0.456000,-1.596000,80.153000,-122.656000,33.985000,30.04
2.088640,0.739000,0.391000,-1.183000,38.855000,-62.977000,34.763000,30.13
2.101021,0.812000,0.326000,-1.262000,35.176000,-67.618000,30.076000,29.94
2.107877,0.847000,0.346000,-1.182000,42.885000,-80.351000,28.229000,29.99
2.120532,0.900000,0.381000,-1.034000,46.534000,-63.878000,25.802000,30.08
2.127551,0.969000,0.235000,-1.019000,39.924000,-56.580000,37.069000,30.13
2.139577,0.999000,0.409000,-0.890000,45.847000,-84.443000,32.214000,29.94
2.146652,1.041000,0.478000,-0.806000,39.527000,-63.130000,32.580000,30.08
2.158785,1.088000,0.562000,-0.798000,35.038000,-56.244000,30.260000,30.08
2.171667,1.136000,0.649000,-0.768000,27.115000,-53.115000,25.588000,30.08
2.178302,1.177000,0.714000,-0.728000,14.076000,-43.053000,17.618000,29.94
2.190842,1.212000,0.758000,-0.737000,3.115000,-39.237000,6.534000,30.04
2.197816,1.482000,0.874000,-0.135000,10.534000,-5.221000,-11.511000,29.99
2.210099,1.566000,0.959000,-0.019000,-7.832000,1.359000,-36.595000,30.08
2.217235,2.117000,1.012000,-0.225000,-34.977000,137.099000,-63.252000,30.04
2.229294,0.914000,0.426000,-0.248000,-21.771000,60.840000,-67.359000,30.04
2.235177,0.283000,-0.433000,-1.747000,8.321000,128.977000,-46.763000,29.94
2.248467,-0.002000,-1.366000,-1.792000,14.824000,-36.198000,-24.244000,29.99
2.260426,-0.359000,-1.590000,-0.421000,-15.282000,-67.969000,-24.351000,29.99
2.267243,0.227000,-1.170000,-0.343000,13.328000,-11.847000,-40.641000,30.04
2.279346,0.600000,-0.200000,-1.159000,-20.046000,131.496000,-44.473000,30.04
2.291395,0.229000,0.750000,-2.164000,-24.489000,116.840000,-36.122000,30.08
2.298249,-0.148000,0.787000,-1.790000,-33.038000,88.870000,-50.504000,29.99
2.310506,0.015000,0.013000,-1.218000,-48.733000,143.832000,-61.176000,30.08
2.317501,0.515000,-0.885000,-1.130000,-33.282000,90.748000,-46.260000,29.94
2.329537,0.338000,-0.508000,-1.073000,-38.427000,105.863000,-36.107000,30.04
2.335450,0.098000,0.028000,-1.429000,-33.588000,80.763000,-31.374000,30.08
2.348616,0.173000,-0.059000,-1.175000,-27.618000,34.183000,-19.817000,29.99
2.362568,0.309000,-0.553000,-1.034000,-29.527000,22.168000,-7.344000,29.99
2.367734,0.279000,-0.506000,-1.027000,-17.771000,-29.954000,1.679000,29.94
2.379899,0.148000,-0.309000,-0.938000,-18.031000,-24.519000,1.893000,30.13
2.386576,0.150000,-0.407000,-0.927000,-22.061000,-36.000000,3.405000,29.99
2.398953,0.152000,-0.491000,-0.895000,-28.947000,-64.733000,8.290000,29.99
2.411039,0.074000,-0.340000,-0.965000,-43.664000,-45.649000,10.427000,29.94
2.418048,0.036000,-0.215000,-1.027000,-53.008000,-17.618000,7.313000,30.04
2.430159,0.079000,-0.308000,-1.043000,-57.740000,14.000000,3.893000,30.04
2.437338,0.128000,-0.227000,-1.141000,-55.863000,43.847000,2.260000,29.99
2.449561,0.076000,-0.153000,-1.062000,-37.939000,38.489000,-1.588000,29.99
2.456552,0.081000,-0.244000,-0.974000,-30.962000,44.000000,-4.076000,30.13
2.468839,0.083000,-0.221000,-1.039000,-22.198000,26.137000,-6.519000,30.04
2.481087,0.117000,-0.277000,-0.917000,-24.412000,17.084000,-6.031000,30.04
2.487727,0.117000,-0.276000,-0.973000,-31.771000,18.260000,-6.229000,29.99
2.500213,0.150000,-0.270000,-0.941000,-36.870000,8.748000,-7.954000,30.08
2.506967,0.128000,-0.280000,-0.932000,-49.740000,21.924000,-8.947000,30.04
2.519308,0.103000,-0.293000,-0.902000,-53.634000,4.794000,-11.985000,30.04
2.526815,0.097000,-0.223000,-0.944000,-66.626000,13.160000,-13.588000,30.04
2.538277,0.110000,-0.294000,-1.052000,-69.603000,10.198000,-17.557000,29.99
2.550643,0.131000,-0.221000,-0.977000,-68.229000,11.664000,-21.191000,29.99
2.557334,0.127000,-0.111000,-1.009000,-66.458000,29.557000,-19.924000,30.04
2.569752,0.129000,-0.121000,-1.002000,-57.985000,29.023000,-18.672000,29.94
2.576757,0.115000,-0.102000,-1.040000,-50.504000,26.824000,-16.000000,29.94
2.588790,0.157000,-0.117000,-1.030000,-39.847000,16.962000,-13.908000,30.08
2.601046,0.133000,-0.114000,-1.023000,-31.389000,4.489000,-11.053000,29.99
2.608045,0.130000,-0.076000,-1.035000,-28.870000,7.389000,-8.595000,30.04
2.620227,0.162000,-0.110000,-1.006000,-26.153000,8.275000,-7.359000,29.99
2.627329,0.147000,-0.084000,-1.012000,-24.336000,13.435000,-7.695000,30.08
2.639346,0.112000,-0.013000,-1.028000,-22.962000,7.450000,-6.260000,30.08
2.646809,0.125000,-0.166000,-1.024000,-24.565000,2.336000,-2.519000,29.99
2.658764,0.165000,-0.229000,-1.006000,-11.908000,-2.153000,-7.542000,29.94
2.670981,0.111000,-0.121000,-1.012000,-14.229000,-7.924000,-4.672000,29.99
2.678353,0.113000,-0.164000,-1.012000,-15.542000,-11.267000,-1.756000,29.99
2.690160,0.088000,-0.056000,-0.976000,-21.466000,8.153000,-1.710000,30.08
2.697471,0.147000,-0.131000,-0.945000,-32.336000,43.786000,4.214000,29.99
2.709575,0.082000,-0.070000,-1.011000,-40.015000,70.473000,3.344000,30.04
2.716811,0.104000,-0.108000,-0.983000,-39.496000,78.153000,5.237000,29.99
2.729242,0.131000,-0.070000,-1.003000,-42.397000,90.305000,7.359000,29.99
2.741120,0.126000,-0.067000,-0.976000,-37.878000,91.740000,8.992000,29.99
2.748557,0.082000,-0.029000,-0.971000,-38.305000,99.359000,6.824000,29.94
2.760575,0.090000,-0.049000,-0.939000,-39.817000,102.580000,0.122000,29.94
2.767578,0.096000,-0.009000,-0.946000,-47.389000,116.824000,-2.031000,29.99
2.779568,0.148000,0.011000,-0.890000,-61.664000,178.427000,-5.511000,30.08
2.785455,0.132000,-0.013000,-0.943000,-60.977000,234.351000,-15.130000,29.99
2.798658,0.200000,-0.012000,-1.002000,-65.664000,257.664000,-19.786000,30.04
2.810611,0.132000,0.040000,-0.982000,-47.435000,223.160000,-26.229000,30.04
2.817466,0.260000,-0.038000,-0.968000,-57.405000,244.412000,-28.015000,30.08
2.829796,0.332000,-0.099000,-1.015000,-51.450000,263.267000,-37.573000,29.99
2.841606,0.614000,-0.149000,-1.320000,-32.718000,284.260000,-32.519000,30.08
2.848509,0.531000,-0.239000,-1.361000,-7.008000,255.634000,-20.672000,30.04
2.860665,0.412000,-0.283000,-1.945000,61.954000,292.183000,-25.176000,30.04
2.867417,0.751000,-0.229000,-1.972000,104.229000,351.588000,-62.641000,29.99
2.879247,0.567000,-0.394000,-2.203000,26.733000,380.183000,-131.878000,30.08
2.891180,0.938000,-0.419000,-1.565000,-23.847000,500.260000,-188.275000,29.99
2.898122,0.832000,-0.083000,-1.825000,-8.565000,498.626000,-254.351000,29.94
2.910098,1.088000,-0.088000,-1.957000,-181.038000,500.260000,-167.679000,29.94
2.916795,-0.105000,-0.774000,-1.579000,11.481000,142.137000,-115.450000,29.89
2.928922,-0.958000,-2.357000,-2.320000,6.595000,69.313000,-61.053000,30.08
2.940950,0.194000,-4.000000,-3.256000,-26.519000,137.099000,11.282000,29.99
2.947913,-0.529000,-2.330000,-3.027000,-169.664000,-188.137000,92.733000,29.94
2.959764,-1.305000,-1.097000,-1.085000,-289.420000,-500.275000,191.527000,30.04
2.971501,-1.298000,0.289000,-0.012000,-147.847000,-317.160000,76.947000,30.08
2.978175,-1.110000,-0.021000,-1.503000,-125.695000,-500.275000,95.634000,29.99
2.989762,-0.654000,-1.701000,-3.121000,-70.885000,-179.603000,48.672000,29.99
2.997057,-0.570000,-0.722000,-1.747000,48.000000,-410.427000,-46.718000,30.04
3.009071,0.713000,-0.656000,0.430000,56.168000,-254.321000,-84.061000,29.94
3.021139,0.203000,-0.601000,-0.264000,100.962000,-329.725000,-98.198000,29.99
3.027969,0.372000,-0.852000,-1.169000,20.992000,-224.733000,-59.038000,29.99
3.039806,0.508000,-0.888000,-0.889000,42.061000,-115.618000,-58.412000,29.99
3.046607,0.687000,-1.054000,-0.967000,79.298000,-53.908000,-45.664000,30.04
3.058911,0.804000,-1.082000,-1.066000,104.229000,-48.809000,-10.275000,30.04
3.070914,0.887000,-0.869000,-0.986000,112.779000,-44.519000,16.076000,29.99
3.077927,0.886000,-0.668000,-1.059000,120.183000,-49.145000,59.206000,29.99
3.089624,0.660000,-0.154000,-1.295000,147.679000,-96.489000,76.214000,29.99
3.096920,0.625000,0.041000,-1.400000,156.901000,-174.092000,83.420000,30.04
3.108719,0.558000,0.238000,-1.239000,127.481000,-178.489000,80.672000,29.94
3.120951,0.553000,0.211000,-1.337000,115.863000,-175.557000,64.992000,30.08
3.128422,0.579000,0.184000,-1.483000,98.641000,-215.588000,55.023000,29.99
3.140135,0.562000,0.172000,-1.406000,108.107000,-246.076000,35.252000,29.94
3.147248,0.614000,0.112000,-1.232000,118.427000,-262.779000,21.511000,30.04
3.158854,0.677000,-0.076000,-1.067000,127.374000,-234.076000,9.405000,30.04
3.170951,0.753000,-0.214000,-1.017000,122.702000,-189.389000,4.672000,29.89
3.177987,0.811000,-0.298000,-1.013000,119.573000,-137.756000,7.740000,29.99
3.190033,0.792000,-0.331000,-1.046000,118.046000,-98.092000,20.947000,29.94
3.197012,0.799000,-0.290000,-1.042000,125.573000,-78.824000,34.412000,29.94
3.209130,0.763000,-0.196000,-1.052000,142.840000,-58.244000,42.916000,29.89
3.221197,0.753000,-0.068000,-1.113000,146.275000,-60.107000,50.977000,29.99
3.228292,0.746000,0.193000,-1.449000,193.420000,-133.496000,30.931000,29.99
3.240394,0.622000,0.177000,-1.426000,127.832000,-54.473000,61.374000,30.04
3.247504,0.641000,0.336000,-1.145000,122.427000,-19.405000,57.023000,29.94
3.259706,0.687000,0.280000,-1.337000,104.473000,-1.679000,53.588000,29.99
3.266751,0.731000,0.488000,-1.441000,87.511000,-2.489000,36.763000,29.99
3.279265,0.831000,0.462000,-1.461000,82.443000,-12.519000,22.565000,29.99
3.291514,0.938000,0.483000,-1.612000,64.977000,-27.313000,15.496000,30.04
3.298611,1.122000,0.543000,-1.910000,190.565000,-121.511000,-8.107000,29.94
3.310481,1.111000,0.337000,-1.590000,134.229000,-119.969000,7.450000,30.08
3.318023,1.208000,0.465000,-0.903000,64.260000,-28.580000,4.641000,29.99
3.330272,1.240000,0.569000,-0.812000,49.496000,-3.359000,1.634000,29.89
3.337684,1.322000,0.620000,-0.839000,43.969000,-12.473000,10.519000,30.04
3.349577,1.390000,0.696000,-0.695000,54.260000,-44.153000,13.603000,30.04
3.356661,1.443000,0.758000,-0.585000,46.137000,-61.969000,16.351000,30.08
3.368961,1.514000,0.856000,-0.479000,21.496000,-62.992000,22.229000,29.99
3.381127,1.594000,0.982000,-0.481000,-4.427000,-53.099000,26.122000,29.99
3.387864,1.477000,1.047000,-0.559000,-29.145000,-26.718000,25.221000,29.94
3.400502,1.428000,0.978000,-0.503000,-54.382000,5.710000,19.176000,29.94
3.407654,0.546000,0.271000,0.068000,-17.496000,-37.252000,-2.321000,30.08
3.424489,1.178000,1.073000,0.272000,-87.313000,18.076000,-42.840000,29.99
3.428602,0.142000,-0.083000,-1.333000,-62.565000,105.313000,-28.153000,29.99
3.439258,-0.033000,-1.074000,-2.799000,-66.733000,-74.672000,-14.046000,30.04
3.452370,-0.284000,-1.198000,-0.922000,-61.466000,-83.466000,11.618000,30.04
3.457254,-0.037000,-0.913000,-0.232000,-63.634000,-55.420000,1.099000,29.99
3.469521,0.372000,-0.324000,-0.813000,4.321000,-31.481000,-19.832000,30.08
3.476554,0.325000,0.042000,-1.476000,0.779000,43.008000,-33.542000,29.99
3.488678,-0.043000,0.387000,-1.623000,-53.756000,162.779000,-38.305000,29.94
3.506432,-0.209000,0.448000,-1.373000,-36.198000,98.901000,-50.885000,29.94
3.507582,0.005000,0.028000,-1.330000,-20.351000,74.656000,-53.908000,29.99
3.519983,0.238000,-0.353000,-1.275000,-8.305000,53.939000,-47.191000,29.99
3.526712,0.288000,-0.500000,-1.242000,-10.275000,59.206000,-48.534000,29.99
3.538943,0.313000,-0.432000,-1.156000,-16.489000,73.374000,-39.573000,30.04
3.551237,0.245000,-0.300000,-1.245000,-14.336000,46.565000,-26.611000,30.04
3.558120,0.307000,-0.433000,-1.237000,-9.588000,-8.672000,-15.878000,29.99
3.570239,0.322000,-0.523000,-1.056000,-8.336000,-21.099000,-2.626000,30.08
3.577421,0.205000,-0.470000,-0.990000,-11.206000,-10.290000,1.267000,29.99
3.589769,0.134000,-0.426000,-0.899000,-19.008000,4.321000,2.031000,29.94
3.596617,0.071000,-0.428000,-0.839000,-22.977000,-14.656000,5.786000,30.04
3.608789,-0.022000,-0.379000,-0.705000,-25.237000,-43.359000,10.427000,29.99
3.620674,-0.052000,-0.337000,-0.825000,-33.237000,-38.702000,18.962000,29.89
3.627885,0.009000,-0.222000,-0.964000,-50.733000,-8.305000,12.687000,30.04
3.639754,-0.003000,-0.237000,-0.927000,-64.366000,23.252000,10.244000,30.04
3.646705,0.010000,-0.305000,-0.928000,-74.244000,44.168000,9.496000,30.04
3.659341,0.052000,-0.359000,-1.051000,-80.031000,65.511000,8.122000,29.99
3.666267,0.097000,-0.367000,-1.099000,-71.130000,68.840000,2.672000,29.99
3.678545,0.115000,-0.302000,-1.042000,-62.550000,63.130000,-1.786000,29.94
3.690697,0.133000,-0.353000,-0.971000,-57.237000,53.389000,-3.924000,29.94
3.697491,0.124000,-0.311000,-0.997000,-52.366000,38.458000,-5.649000,29.94
3.709761,0.165000,-0.308000,-1.069000,-52.366000,37.603000,-3.328000,29.99
3.716719,0.113000,-0.216000,-0.975000,-42.244000,11.191000,-7.069000,30.08
3.729014,0.108000,-0.244000,-0.984000,-45.344000,19.695000,-6.809000,29.94
3.741246,0.106000,-0.227000,-1.004000,-40.962000,12.153000,-9.023000,30.04
3.748020,0.094000,-0.208000,-1.009000,-38.076000,-0.733000,-11.176000,29.99
3.760377,0.096000,-0.203000,-1.027000,-45.542000,25.206000,-9.664000,29.99
3.767373,0.094000,-0.162000,-1.017000,-39.344000,23.176000,-13.053000,29.99
3.779354,0.109000,-0.142000,-0.973000,-39.924000,31.496000,-14.702000,30.04
3.786404,0.120000,-0.180000,-0.983000,-41.405000,47.206000,-16.214000,30.04
3.798355,0.111000,-0.189000,-1.008000,-34.458000,29.527000,-16.504000,29.89
3.810878,0.070000,-0.249000,-0.947000,-30.260000,25.237000,-13.527000,29.99
3.817417,0.155000,-0.158000,-1.004000,-34.595000,35.802000,-12.626000,29.85
3.829679,0.164000,-0.144000,-1.014000,-27.924000,15.115000,-11.939000,29.94
3.836587,0.165000,-0.163000,-0.984000,-28.336000,18.824000,-10.489000,29.89
3.848912,0.043000,0.056000,-1.080000,-19.878000,2.992000,-25.802000,29.99
3.861288,0.165000,-0.141000,-0.997000,-24.626000,9.908000,-7.557000,30.08
3.868439,0.148000,-0.155000,-0.992000,-23.832000,12.779000,-7.847000,29.94
3.880265,0.128000,-0.125000,-1.021000,-18.260000,12.427000,-10.779000,29.99
3.887142,0.135000,-0.178000,-0.976000,-14.198000,19.695000,-10.901000,29.89
3.899194,0.141000,-0.176000,-0.976000,-15.267000,23.664000,-7.878000,29.99
3.904905,0.159000,-0.187000,-0.972000,-17.237000,36.641000,-2.992000,30.04
3.918587,0.123000,-0.155000,-0.980000,-20.794000,40.382000,1.832000,30.04
3.930713,0.097000,-0.149000,-0.986000,-23.939000,47.817000,4.565000,29.99
3.938014,0.132000,-0.135000,-0.964000,-25.038000,59.084000,6.931000,29.99
3.950091,0.121000,-0.139000,-0.940000,-28.687000,74.962000,6.351000,29.99
3.957278,0.115000,-0.083000,-0.961000,-30.916000,98.565000,5.206000,30.04
3.969359,0.072000,-0.080000,-0.936000,-33.130000,106.198000,1.878000,29.94
3.976515,0.053000,-0.039000,-0.936000,-44.183000,94.718000,-3.359000,29.99
3.988834,0.097000,-0.026000,-0.962000,-30.366000,112.687000,0.763000,29.89
4.000761,0.041000,-0.095000,-0.931000,-36.626000,105.649000,-10.244000,29.99
4.007481,-0.004000,-0.097000,-0.908000,-46.275000,116.748000,-16.000000,29.94
4.019573,0.160000,-0.176000,-1.005000,-52.947000,163.145000,-18.336000,30.04
4.025362,0.093000,-0.171000,-1.031000,-47.298000,225.832000,-33.069000,29.99
4.038683,0.255000,-0.163000,-1.205000,-54.153000,295.313000,-52.748000,29.99
4.050525,0.322000,-0.174000,-1.658000,29.160000,156.733000,-52.824000,29.94
4.057368,0.135000,-0.387000,-1.139000,-21.191000,283.115000,-53.695000,29.94
4.069578,1.039000,0.169000,-2.203000,19.206000,277.573000,-48.000000,30.04
4.075551,0.561000,-0.099000,-2.014000,30.473000,463.298000,-102.718000,29.99
4.088480,0.671000,-0.375000,-2.244000,0.275000,468.855000,-142.412000,29.89
4.100391,0.578000,-0.086000,-2.252000,-46.412000,342.092000,-156.794000,30.04
4.107107,0.650000,-0.074000,-1.976000,-149.695000,412.214000,-121.985000,29.94
4.119359,0.146000,0.063000,-2.445000,-36.687000,439.450000,-120.000000,29.94
4.131119,0.059000,-0.802000,-1.846000,27.542000,245.344000,-118.824000,29.99
4.138081,-0.910000,-3.581000,-2.135000,34.733000,75.863000,-46.183000,29.99
4.150268,0.122000,-3.275000,-3.249000,-102.855000,45.679000,84.321000,30.04
4.156934,-1.124000,-1.374000,-1.884000,-215.115000,-73.542000,106.870000,29.94
4.168696,-1.293000,-0.456000,-0.627000,-211.221000,-226.992000,103.405000,29.99
4.180528,-0.812000,0.058000,-1.743000,-159.191000,-331.466000,64.931000,29.99
4.187485,-0.531000,0.139000,-0.806000,-17.023000,-500.275000,47.756000,29.94
4.199265,-1.290000,-0.559000,-0.188000,37.313000,-500.275000,11.435000,30.04
4.211282,-0.153000,-0.639000,-0.684000,103.099000,-500.275000,-69.313000,29.94
4.219267,-0.088000,-0.785000,-0.502000,16.076000,-320.611000,-91.634000,29.99
4.229727,0.016000,-0.770000,-0.758000,-30.855000,-189.756000,-90.687000,29.99
4.236445,0.215000,-0.817000,-0.888000,-14.534000,-180.198000,-87.481000,29.94
4.248731,0.330000,-0.891000,-0.812000,3.786000,-134.137000,-75.695000,29.94
4.260979,0.435000,-0.936000,-0.757000,12.733000,13.374000,-63.282000,29.99
4.267796,0.369000,-1.008000,-0.741000,65.481000,-2.763000,-79.282000,30.08
4.280009,0.525000,-1.002000,-0.893000,85.420000,-10.916000,-51.084000,29.89
4.287014,0.656000,-0.805000,-1.008000,107.237000,-14.427000,-29.985000,30.04
4.299105,0.333000,-0.899000,-1.067000,111.664000,-5.252000,4.794000,30.04
4.311330,0.740000,-0.365000,-1.223000,126.962000,-37.023000,39.695000,29.99
4.318258,0.605000,-0.049000,-1.059000,127.771000,-24.351000,42.168000,29.99
4.330286,0.540000,-0.010000,-1.142000,122.733000,-75.130000,59.832000,29.85
4.337382,0.523000,0.016000,-1.198000,118.015000,-110.748000,64.626000,30.04
4.349615,0.483000,0.092000,-1.308000,107.817000,-128.519000,61.725000,29.94
4.355158,0.549000,0.088000,-1.485000,108.656000,-142.244000,54.214000,29.99
4.368647,0.603000,0.077000,-1.552000,109.511000,-142.641000,42.809000,29.99
4.380713,0.660000,0.059000,-1.454000,93.481000,-145.954000,31.786000,29.94
4.388047,0.747000,0.046000,-1.388000,96.641000,-133.023000,21.450000,29.85
4.399808,0.847000,-0.050000,-1.308000,93.847000,-132.198000,16.885000,29.94
4.406810,0.903000,-0.015000,-1.138000,96.260000,-140.901000,14.672000,29.89
4.418885,0.905000,-0.021000,-1.022000,110.336000,-145.740000,13.130000,29.99
4.430912,0.915000,0.019000,-0.837000,118.092000,-145.771000,15.588000,30.04
4.437969,0.894000,0.000000,-0.674000,131.023000,-139.099000,21.893000,29.94
4.450183,0.884000,0.072000,-0.657000,130.718000,-114.687000,25.527000,29.99
4.456797,0.963000,0.168000,-0.773000,118.153000,-26.748000,33.282000,30.08
4.469240,1.082000,0.231000,-1.109000,123.252000,3.771000,40.397000,29.99
4.481447,1.248000,0.280000,-1.458000,119.069000,59.374000,49.863000,29.94
4.490312,1.369000,0.394000,-1.649000,116.244000,98.595000,59.786000,30.08
4.500899,1.020000,0.613000,-0.194000,80.595000,216.321000,-2.794000,29.89
4.507538,1.526000,0.840000,-1.342000,191.282000,-30.962000,19.756000,29.99
4.519815,1.055000,0.925000,-0.505000,-99.420000,-129.954000,78.107000,29.94
4.527347,1.229000,1.315000,-1.558000,9.511000,-143.099000,58.977000,29.94
4.539049,1.311000,1.167000,-0.853000,13.511000,-243.969000,60.366000,29.99
4.551314,1.475000,1.196000,-0.967000,37.038000,-298.061000,45.252000,29.99
4.558359,1.337000,0.721000,-0.608000,85.298000,-262.519000,10.244000,29.89
4.570633,1.443000,1.029000,-0.356000,64.427000,-157.099000,2.733000,29.94
4.577665,1.296000,0.541000,-0.573000,129.313000,-184.107000,22.061000,29.94
4.589625,1.338000,0.490000,-0.341000,97.313000,-160.489000,-16.366000,30.08
4.596651,2.030000,0.249000,0.421000,-28.046000,331.130000,89.389000,29.99
4.608820,1.217000,1.135000,-0.930000,-116.748000,14.855000,15.527000,29.80
4.621010,-0.318000,0.067000,-1.016000,-10.687000,-80.534000,6.779000,29.94
4.628095,-0.093000,-0.502000,-2.128000,-51.328000,66.061000,35.252000,30.04
4.639872,-0.906000,-0.558000,-1.796000,-39.496000,-119.191000,22.504000,29.99
4.646900,-0.457000,-0.037000,-0.596000,-53.817000,-49.099000,-14.412000,29.89
4.659080,0.011000,0.000000,-0.932000,-69.328000,111.649000,-50.412000,29.94
4.671041,0.487000,-0.199000,-1.326000,-126.015000,321.115000,-37.618000,30.04
4.677952,0.295000,-0.031000,-1.724000,-91.511000,213.145000,-33.649000,29.94
4.689818,-0.026000,0.070000,-1.456000,-40.901000,43.466000,-30.687000,29.99
4.696511,-0.043000,-0.067000,-1.370000,-8.870000,-28.366000,-37.466000,30.08
4.708723,0.248000,-0.314000,-1.407000,0.092000,-40.595000,-40.779000,29.94
4.721146,0.347000,-0.520000,-1.100000,-4.137000,-22.840000,-30.947000,30.04
4.727972,0.112000,-0.362000,-0.985000,-10.992000,12.595000,-21.435000,29.85
4.739917,-0.088000,-0.133000,-1.075000,-0.153000,-19.725000,-21.359000,29.99
4.746790,-0.088000,-0.074000,-1.011000,10.244000,-62.779000,-22.122000,29.99
4.759037,0.071000,-0.287000,-0.986000,2.733000,-51.664000,-17.115000,29.94
4.770841,0.030000,-0.282000,-0.946000,-8.992000,-10.122000,-11.573000,30.04
4.778357,-0.011000,-0.305000,-1.071000,-15.817000,21.435000,-9.313000,29.99
4.790432,0.072000,-0.414000,-1.069000,-9.588000,9.802000,-6.198000,29.89
4.797253,0.097000,-0.500000,-0.981000,1.160000,-22.458000,-1.160000,29.99
4.810018,0.051000,-0.435000,-0.896000,4.153000,-50.092000,3.008000,30.04
4.816821,0.004000,-0.392000,-0.818000,-0.504000,-69.466000,6.321000,29.94
4.829007,-0.026000,-0.399000,-0.731000,-16.290000,-81.450000,9.710000,29.89
4.840988,-0.021000,-0.440000,-0.806000,-35.130000,-79.511000,15.664000,29.99
4.847699,-0.080000,-0.423000,-0.865000,-49.756000,-80.779000,17.817000,29.94
4.859779,-0.067000,-0.429000,-0.847000,-65.466000,-68.443000,20.031000,29.94
4.866637,-0.117000,-0.392000,-0.856000,-87.313000,-49.588000,18.840000,29.94
4.878585,-0.115000,-0.330000,-0.943000,-106.748000,-37.374000,18.702000,29.99
4.890454,-0.138000,-0.233000,-1.082000,-117.450000,-25.282000,16.061000,29.99
4.897650,-0.163000,-0.067000,-1.087000,-122.626000,15.435000,9.328000,29.94
4.909457,-0.154000,-0.201000,-1.007000,-137.084000,49.328000,-1.038000,29.94
4.921412,-0.165000,-0.051000,-1.079000,-141.573000,102.901000,-6.870000,29.89
4.928543,-0.033000,-0.237000,-1.106000,-101.435000,84.672000,-5.099000,29.99
4.940326,-0.091000,-0.150000,-1.024000,-80.427000,66.992000,-12.427000,29.99
4.947308,-0.021000,-0.155000,-1.067000,-69.130000,55.603000,-6.534000,29.94
4.959387,-0.082000,-0.043000,-1.039000,-39.939000,-5.847000,-9.817000,29.94
4.971378,-0.039000,-0.128000,-1.023000,-37.053000,-31.710000,-0.214000,30.08
4.978144,-0.075000,-0.175000,-1.047000,-11.511000,-44.305000,6.198000,29.99
4.990375,-0.091000,-0.135000,-1.007000,4.916000,-63.084000,-0.550000,29.85
4.997361,-0.097000,-0.099000,-0.941000,10.031000,-44.565000,-5.359000,29.94
5.009719,-0.091000,-0.110000,-0.916000,-7.817000,6.748000,-6.962000,29.89
5.016616,-0.092000,-0.110000,-1.019000,-16.595000,20.809000,-5.344000,29.99
5.029058,-0.109000,-0.083000,-1.054000,-6.336000,-16.687000,-6.122000,29.89
5.040768,-0.090000,-0.107000,-0.981000,-0.809000,-38.641000,-6.779000,29.85
5.047612,-0.123000,-0.108000,-0.923000,-11.160000,-28.489000,-7.130000,29.99
5.059830,-0.101000,-0.115000,-0.958000,-24.305000,-0.901000,-6.244000,29.99
5.066605,-0.170000,-0.114000,-0.986000,-27.817000,-0.565000,-6.229000,29.99
5.078754,-0.086000,-0.086000,-1.020000,-26.748000,-3.878000,-4.550000,29.94
5.091165,-0.080000,-0.252000,-1.018000,-20.656000,-13.511000,2.031000,29.94
5.097780,-0.251000,-0.003000,-1.021000,-34.397000,-17.878000,-9.450000,29.99
5.109678,-0.147000,-0.091000,-0.981000,-39.557000,-13.099000,3.908000,29.99
5.116876,-0.159000,-0.130000,-1.013000,-41.786000,-0.244000,7.771000,29.89
5.129412,-0.150000,-0.088000,-0.956000,-49.679000,19.847000,11.237000,29.94
5.140992,-0.184000,-0.122000,-1.028000,-54.061000,48.412000,23.817000,29.94
5.148221,-0.145000,-0.052000,-1.063000,-48.733000,50.885000,30.214000,29.89
5.160013,-0.200000,-0.111000,-1.191000,-3.420000,-38.580000,43.878000,29.99
5.167108,-0.246000,-0.051000,-1.029000,60.565000,-169.954000,41.893000,29.94
5.179040,-0.186000,-0.080000,-0.719000,86.168000,-220.214000,15.450000,29.94
5.191238,0.607000,2.083000,-0.120000,-95.725000,-8.000000,89.145000,29.99
5.197598,-0.243000,-0.657000,-0.177000,-225.405000,342.458000,136.305000,29.99
5.209949,-0.895000,0.375000,-1.782000,-256.977000,-9.038000,335.038000,29.94
5.216629,-0.603000,0.214000,-1.612000,108.366000,-256.366000,95.221000,29.94
5.228613,-0.461000,0.055000,-0.655000,157.191000,-351.344000,-90.534000,29.94
5.240532,-0.381000,-0.227000,-0.307000,-17.298000,115.557000,-50.229000,29.89
5.247366,-0.511000,-0.247000,-1.293000,-48.962000,271.893000,-28.519000,29.99
5.259394,-0.532000,-0.439000,-1.347000,-9.405000,116.672000,-50.885000,30.04
5.271268,-0.683000,-0.542000,-1.713000,-54.901000,220.916000,-9.237000,29.94
5.278321,-0.864000,-0.579000,-2.176000,-85.221000,292.214000,-15.496000,29.89
5.289994,-1.004000,-0.503000,-2.577000,-141.634000,296.153000,-37.053000,29.89
5.297074,-0.947000,-0.583000,-2.396000,-143.878000,154.870000,-57.863000,30.04
5.308703,-1.485000,-0.508000,-2.317000,-119.542000,22.000000,-78.000000,29.94
5.320753,-2.759000,-2.130000,-0.637000,36.443000,-199.771000,-34.366000,29.94
5.327568,-1.620000,-4.000000,0.599000,4.031000,184.931000,168.992000,29.99
5.339403,-2.294000,-2.758000,-0.306000,103.252000,-112.977000,151.115000,30.08
5.351504,-1.668000,-1.815000,0.389000,105.008000,-195.588000,185.679000,29.94
5.358566,-2.091000,-1.074000,1.025000,91.802000,-65.740000,225.069000,29.94
5.370555,-2.012000,-0.215000,0.272000,72.015000,-73.389000,133.893000,29.99
5.377562,-1.719000,-0.324000,-0.050000,40.641000,-139.802000,70.885000,29.99
5.389477,-1.371000,-0.542000,-0.104000,63.206000,-172.382000,29.725000,29.99
5.401409,-0.924000,-0.726000,-0.060000,34.733000,-181.695000,25.344000,29.94
5.408470,-0.868000,-0.559000,-0.286000,23.710000,-88.351000,-6.840000,29.89
5.420451,-0.813000,-0.720000,-0.052000,-7.359000,272.626000,-93.099000,29.89
5.427012,-0.789000,-0.321000,-1.008000,37.023000,290.168000,-134.992000,29.99
5.439155,-0.495000,-0.731000,-1.012000,75.420000,181.634000,-184.198000,29.94
5.451083,-0.226000,-1.027000,-1.084000,113.496000,98.290000,-258.321000,29.94
5.457800,0.234000,-0.982000,-1.203000,84.122000,10.275000,-259.924000,29.89
5.469767,0.173000,-0.805000,-1.181000,113.725000,-24.931000,-132.504000,29.89
5.476878,0.115000,-0.577000,-1.351000,164.550000,-105.053000,-148.000000,29.99
5.488622,0.126000,-0.432000,-1.243000,177.176000,-155.847000,-78.489000,29.94
5.500529,0.074000,-0.477000,-1.249000,170.702000,-152.885000,-27.282000,29.94
5.507319,0.018000,-0.405000,-1.214000,134.458000,-93.038000,10.000000,29.89
5.519646,-0.084000,-0.320000,-1.424000,139.878000,9.664000,76.687000,29.89
5.525295,-0.326000,-0.138000,-1.444000,162.092000,30.473000,-7.679000,29.89
5.538340,-0.135000,-0.214000,-1.319000,186.580000,65.725000,-103.618000,29.94
5.550475,0.186000,-0.267000,-1.309000,169.099000,78.183000,-134.962000,29.94
5.557196,0.242000,-0.360000,-1.260000,171.527000,105.130000,-122.702000,29.89
5.569322,0.497000,-0.420000,-1.203000,183.710000,120.000000,-98.107000,29.99
5.581141,0.555000,-0.320000,-1.010000,172.168000,85.344000,-59.496000,29.85
5.588152,0.471000,-0.124000,-0.943000,151.328000,86.443000,-100.458000,29.85
5.600089,0.591000,-0.312000,-1.074000,128.214000,115.008000,-100.916000,29.94
5.606886,-0.014000,-0.326000,-1.204000,82.046000,76.840000,-197.466000,29.89
5.619202,1.159000,-0.439000,-1.584000,87.542000,52.198000,-82.901000,29.80
5.631232,0.930000,-0.286000,-1.457000,56.183000,85.847000,35.298000,29.94
5.638041,1.008000,-0.147000,-1.418000,23.756000,150.458000,35.679000,29.85
5.650243,0.731000,0.089000,-1.344000,-39.481000,179.573000,64.519000,29.99
5.657295,0.665000,0.445000,-1.752000,-72.382000,216.473000,-2.061000,29.89
5.669633,0.940000,0.416000,-1.790000,-31.786000,159.985000,-44.672000,29.99
5.676407,2.150000,-0.022000,-3.309000,-109.725000,292.137000,2.626000,29.94
5.688482,1.138000,0.695000,-1.832000,23.206000,209.710000,-23.679000,29.94
5.701002,0.623000,1.018000,-1.553000,388.168000,-7.664000,-155.511000,29.89
5.707761,2.033000,0.474000,-0.669000,-3.817000,19.282000,28.198000,29.80
5.719968,1.359000,0.957000,-1.159000,124.611000,-69.267000,-23.145000,29.94
5.727211,1.151000,1.005000,-0.134000,35.725000,33.420000,-19.145000,29.94
5.739000,1.553000,0.988000,-0.257000,138.595000,-94.565000,-21.603000,29.94
5.751202,1.526000,0.933000,-0.364000,107.069000,-126.763000,10.550000,29.89
5.758306,1.384000,0.892000,0.491000,32.382000,-27.496000,39.725000,29.99
5.770819,1.436000,0.892000,0.480000,93.618000,118.779000,16.840000,29.94
5.778115,1.528000,0.883000,-0.108000,-13.099000,-16.366000,66.687000,29.94
5.790055,1.586000,0.810000,0.054000,-28.916000,24.153000,90.046000,29.89
5.797206,2.198000,-1.417000,0.453000,85.527000,-78.382000,21.221000,29.99
5.809099,1.661000,1.122000,-0.177000,-320.290000,-354.229000,130.305000,29.89
5.821108,-0.281000,0.043000,-1.549000,-146.183000,-85.710000,343.496000,29.94
5.827929,-0.863000,-0.961000,-1.998000,-131.740000,-224.519000,222.031000,29.94
5.839807,-1.774000,0.506000,-1.999000,-254.718000,-500.275000,500.260000,29.89
5.845429,-1.231000,2.269000,-0.791000,-352.366000,-500.275000,389.847000,29.89
5.858233,-1.032000,2.742000,-1.122000,-204.092000,-500.275000,69.450000,29.94
5.870353,-1.723000,1.218000,-2.296000,-270.244000,-500.275000,30.275000,29.94
5.877131,1.181000,-0.884000,-0.670000,-500.275000,-500.275000,500.260000,29.94
5.888810,-1.903000,-0.285000,-2.140000,-451.618000,-500.275000,500.260000,29.89
5.900804,1.454000,-1.107000,-2.948000,-500.275000,127.069000,500.260000,29.99
5.907529,-0.461000,-1.142000,0.498000,-328.809000,-56.489000,500.260000,29.94
5.919484,0.217000,-0.890000,2.337000,-305.450000,-76.641000,500.260000,29.85
5.931449,0.935000,4.000000,-3.498000,-379.435000,403.328000,500.260000,29.89
5.938176,-0.093000,-0.778000,1.135000,-295.267000,-43.710000,489.282000,29.89
5.950576,1.100000,1.519000,-0.731000,2.794000,-258.000000,-340.565000,29.89
5.957317,1.236000,1.078000,-1.927000,102.947000,-69.832000,-321.878000,29.94
5.969313,0.397000,0.596000,-0.839000,103.573000,-28.061000,-500.275000,29.89
5.981426,0.478000,0.760000,-1.698000,192.931000,40.824000,-254.687000,29.99
5.988330,0.132000,0.903000,-1.100000,84.229000,-42.260000,-275.130000,29.89
6.000328,0.125000,0.990000,-0.808000,-17.771000,-33.023000,-121.878000,29.94
6.007004,-0.397000,1.014000,-0.597000,11.695000,-160.931000,-116.137000,29.94
6.019120,-0.153000,1.365000,-0.379000,51.893000,-78.550000,-134.565000,29.89
6.031177,-0.408000,1.310000,-0.161000,84.916000,22.244000,-212.336000,29.99
6.038157,0.043000,0.337000,-0.582000,140.458000,90.015000,-241.405000,29.89
6.050032,-0.307000,0.920000,-0.426000,116.595000,109.252000,-222.992000,29.94
6.056939,-0.250000,0.528000,-0.491000,192.366000,79.008000,-269.649000,29.94
6.069122,-0.408000,0.476000,-0.716000,191.405000,32.504000,-340.916000,29.89
6.080970,-0.187000,0.207000,-1.041000,162.275000,12.305000,-500.275000,29.89
6.087704,-0.947000,0.919000,-0.198000,76.351000,-103.435000,-338.443000,29.99
6.099700,-0.690000,-0.116000,-0.518000,113.557000,73.847000,-354.748000,29.94
6.106696,-0.755000,0.234000,-0.476000,157.542000,27.099000,-274.366000,29.94
6.118824,-0.370000,0.043000,-1.000000,125.527000,154.870000,-176.092000,29.89
6.130557,-0.488000,-0.001000,-0.871000,99.099000,99.405000,-215.206000,29.89
6.137432,-0.985000,0.710000,-0.180000,53.145000,-33.786000,-185.466000,29.94
6.149973,-0.727000,0.277000,-0.223000,85.985000,46.000000,-137.466000,29.94
6.155169,-0.634000,0.223000,-0.563000,96.351000,92.931000,-95.160000,29.94
6.168662,-1.477000,0.787000,-1.316000,48.702000,63.832000,3.573000,29.89
6.180868,-0.416000,0.043000,-0.459000,-32.122000,58.153000,63.954000,29.99
6.188158,-1.017000,0.591000,-1.056000,-9.191000,62.214000,121.038000,29.85
6.200244,-0.530000,0.324000,-0.920000,12.275000,21.573000,187.420000,29.94
6.206850,-0.558000,0.494000,-1.021000,-50.412000,12.382000,199.924000,29.89
6.218865,-0.583000,0.440000,-0.886000,-90.779000,-27.878000,205.206000,29.89
6.230758,-0.483000,0.469000,-0.735000,-117.695000,-33.420000,190.107000,29.99
6.237472,-0.515000,0.508000,-0.671000,-98.061000,-56.763000,178.962000,29.94
6.249734,-0.412000,0.548000,-0.674000,-93.802000,-50.840000,148.916000,29.85
6.256403,-0.558000,0.521000,-0.716000,-86.748000,-60.382000,131.496000,29.89
6.268578,-0.514000,0.578000,-0.667000,-113.115000,-33.328000,101.802000,29.89
6.280385,-0.594000,0.606000,-0.595000,-128.260000,-29.053000,53.328000,29.94
6.287259,0.161000,0.628000,-0.830000,-130.412000,-67.252000,70.550000,29.94
6.299503,-0.822000,0.894000,-0.675000,-32.183000,86.534000,77.756000,30.04
6.306518,-0.371000,0.467000,-0.632000,-21.267000,79.038000,104.870000,29.89
6.318838,-0.612000,0.832000,-0.613000,-57.664000,57.191000,54.977000,29.89
6.330963,-0.279000,0.444000,-0.810000,-11.374000,18.763000,53.863000,29.94
6.338292,-0.436000,0.611000,-0.614000,3.542000,-1.053000,47.328000,29.85
6.350248,-0.362000,0.583000,-0.606000,29.359000,-12.565000,55.618000,29.89
6.357310,-0.317000,0.511000,-0.604000,60.733000,10.687000,70.672000,29.89
6.369544,-0.595000,1.007000,-0.942000,58.427000,46.397000,51.725000,29.89
6.376616,-0.846000,1.019000,-1.034000,19.573000,-21.145000,49.206000,29.94
6.388725,-0.731000,0.868000,-0.842000,14.595000,-50.687000,69.267000,29.94
6.401080,-0.759000,0.749000,-0.740000,9.466000,-85.252000,83.237000,29.80
6.408097,-0.495000,0.436000,-0.408000,2.122000,-87.634000,97.023000,29.99
6.420282,-0.653000,0.651000,-0.370000,11.450000,-64.519000,130.748000,29.85
6.429528,-0.959000,0.932000,-0.381000,7.634000,-99.069000,183.053000,29.94
6.439719,-0.814000,0.508000,-0.196000,34.504000,-131.023000,213.237000,29.94
6.452678,-1.161000,1.164000,-0.239000,30.763000,-153.786000,263.817000,29.89
6.457991,-1.036000,1.100000,-0.007000,20.382000,-126.779000,327.802000,29.99
6.470257,-1.027000,1.541000,0.237000,31.115000,-80.214000,377.405000,29.85
6.477335,-0.787000,1.394000,0.321000,155.008000,57.924000,372.031000,29.80
6.489465,-1.001000,1.649000,0.060000,156.702000,159.191000,300.626000,29.80
6.496322,-2.068000,1.978000,0.213000,69.191000,-68.198000,-50.427000,29.89
6.508249,-2.363000,1.425000,-1.190000,104.977000,-317.939000,-500.275000,29.99
6.520268,-0.714000,1.204000,-0.575000,-75.053000,-289.084000,-500.275000,29.94
6.526785,-1.641000,-0.315000,-0.255000,-110.397000,295.771000,-116.534000,29.99
6.538458,-4.000000,-1.617000,2.229000,-500.275000,346.260000,-484.916000,29.89
6.550537,-0.342000,-0.209000,0.239000,-478.244000,-148.046000,-500.275000,29.99
6.557080,-2.297000,0.418000,2.568000,109.756000,-297.710000,-482.611000,29.94
6.569242,0.730000,0.472000,-0.938000,195.832000,373.298000,171.405000,29.94
6.581224,-0.053000,0.585000,0.054000,-319.908000,443.878000,500.260000,29.89
6.588282,-0.485000,-1.163000,0.347000,-178.122000,-87.282000,-298.611000,29.89
6.599783,-0.181000,-0.429000,1.005000,-62.366000,-274.550000,-500.275000,29.99
6.606581,-0.091000,0.742000,0.532000,-106.519000,33.176000,-345.252000,29.85
6.618621,-1.115000,0.104000,0.628000,-219.511000,282.519000,-110.000000,29.94
6.630669,-0.728000,-0.444000,0.124000,3.282000,303.969000,-133.649000,29.80
6.637492,-1.054000,0.244000,0.092000,-20.229000,144.718000,-117.847000,29.80
6.649496,-1.189000,0.250000,-0.386000,-26.840000,172.229000,-22.397000,29.80
6.656623,-0.822000,0.124000,-0.026000,71.893000,208.992000,-64.779000,29.94
6.668898,-0.706000,0.262000,0.383000,22.718000,-0.931000,130.870000,29.85
6.680718,-1.348000,0.635000,-1.165000,-181.053000,500.260000,156.412000,29.99
6.687595,-1.011000,0.267000,0.137000,182.656000,146.198000,121.053000,29.89
6.699564,-0.531000,0.328000,-3.329000,-159.023000,500.260000,-27.466000,29.89
6.706396,-0.950000,0.555000,-1.280000,14.168000,239.817000,-141.160000,29.94
6.718418,-0.519000,1.442000,-0.926000,-169.344000,229.053000,-500.275000,29.85
6.730064,-0.082000,-0.178000,-2.109000,-235.313000,273.649000,-500.275000,29.99
6.737052,0.124000,0.320000,-0.900000,-178.718000,311.511000,-230.366000,29.89
6.749022,-0.766000,-0.521000,-0.510000,34.443000,227.695000,80.824000,29.89
6.761065,-0.753000,-0.034000,-0.239000,290.092000,312.824000,23.038000,29.85
6.767886,2.127000,2.191000,-3.575000,250.565000,500.260000,302.595000,29.94
6.780143,0.525000,0.769000,-2.061000,-67.908000,469.069000,29.786000,29.99
6.786897,-0.897000,-0.040000,0.535000,169.023000,374.855000,130.366000,29.99
6.799163,1.925000,3.112000,-2.524000,-31.466000,380.443000,-118.198000,29.89
6.811048,1.516000,0.622000,-1.036000,-47.420000,265.099000,-365.191000,29.85
6.821646,0.828000,0.349000,-0.901000,31.206000,113.893000,-500.275000,29.85
6.830132,0.909000,0.514000,-1.043000,121.374000,38.779000,-500.275000,29.89
6.837211,0.713000,0.811000,-1.396000,145.740000,11.191000,-500.275000,29.89
6.849229,0.339000,1.544000,-1.349000,20.870000,30.672000,-500.275000,29.89
6.861166,0.334000,1.304000,-1.451000,-103.374000,147.145000,-209.130000,29.85
6.868164,0.351000,1.112000,-0.868000,-205.573000,238.534000,-118.626000,29.94
6.880229,0.158000,1.179000,-0.654000,-221.878000,292.992000,-7.924000,29.80
6.886817,0.599000,1.048000,-0.739000,-180.794000,247.313000,-141.053000,29.99
6.898885,0.431000,1.155000,-0.434000,-180.931000,159.206000,-196.992000,29.89
6.911134,-0.393000,1.060000,-0.190000,-221.206000,236.611000,17.038000,29.85
6.917924,0.237000,0.866000,-0.262000,-119.878000,219.405000,15.802000,29.85
6.929822,0.587000,1.666000,-0.337000,-175.374000,146.260000,-132.153000,29.89
6.936669,-0.507000,-2.110000,0.846000,32.458000,162.611000,-185.603000,29.89
6.948587,-0.239000,-0.222000,0.175000,199.771000,43.053000,-107.466000,29.94
6.960625,0.347000,1.021000,-0.508000,19.618000,33.130000,-155.786000,29.94
6.967514,-0.151000,-0.880000,0.659000,189.084000,116.092000,-84.885000,29.85
6.979713,-0.301000,-0.612000,0.515000,312.275000,39.084000,-112.275000,29.89
6.985387,-0.194000,-0.401000,0.257000,404.305000,-31.924000,-250.382000,29.89
6.998316,-0.274000,-0.143000,0.529000,390.351000,-101.908000,-367.924000,29.85
7.010359,-0.200000,-0.215000,0.586000,500.260000,-147.282000,-473.435000,29.85
7.017101,-0.069000,0.082000,0.310000,500.260000,-68.473000,-452.534000,30.04
7.028964,-0.102000,0.376000,-0.073000,500.260000,86.107000,-285.267000,29.80
7.041086,-0.488000,0.255000,-0.416000,500.260000,94.183000,-142.122000,29.89
7.047695,-0.766000,0.160000,-0.693000,500.260000,-78.107000,-80.305000,29.85
7.060157,-0.674000,0.350000,-0.891000,500.260000,-249.954000,17.878000,29.94
7.066598,-0.358000,0.513000,-0.839000,499.695000,-257.389000,166.092000,29.89
7.078717,-0.281000,0.363000,-0.862000,500.260000,-149.878000,274.672000,29.89
7.091008,4.000000,4.000000,-4.000000,-500.275000,500.260000,500.260000,29.89
7.097380,-3.897000,-4.000000,0.319000,477.863000,-470.901000,500.260000,29.85
7.109234,-3.167000,0.303000,-2.145000,228.595000,-500.275000,406.092000,29.85
7.121161,-0.856000,0.351000,-2.168000,231.405000,-500.275000,-86.672000,29.89
7.128031,-1.146000,-0.663000,-0.969000,500.260000,-500.275000,160.260000,29.89
7.139746,-0.803000,0.125000,0.009000,500.260000,-500.275000,360.046000,29.80
7.146737,0.494000,0.644000,-1.257000,337.802000,-500.275000,500.260000,29.94
7.158674,1.554000,-1.775000,-2.837000,500.260000,-500.275000,500.260000,29.85
7.170505,-2.611000,0.103000,3.195000,500.260000,420.275000,-500.275000,29.80
7.177384,-1.646000,2.049000,-0.447000,20.229000,-189.466000,500.260000,29.89
7.189311,-2.568000,0.092000,0.639000,-376.076000,-500.275000,-500.275000,29.85
7.196439,-1.016000,0.264000,0.396000,74.580000,89.527000,-187.344000,29.85
7.208251,-1.025000,0.971000,1.054000,-146.794000,353.374000,88.473000,29.94
7.220518,-1.142000,-0.132000,1.147000,-53.008000,211.298000,238.779000,29.99
7.227363,-0.639000,0.020000,0.650000,167.053000,-68.366000,254.061000,29.89
7.239326,-0.818000,-0.020000,0.289000,236.947000,-187.954000,242.656000,29.75
7.244934,-0.806000,0.287000,-0.018000,218.595000,-84.244000,72.718000,29.85
7.258494,-1.099000,0.337000,-0.000000,91.481000,22.305000,64.076000,29.89
7.270812,-0.940000,0.163000,-0.154000,138.947000,26.962000,54.595000,29.89
7.277858,-0.965000,0.338000,0.114000,146.168000,-41.786000,-2.901000,29.89
7.289800,-0.588000,0.512000,0.073000,166.015000,-80.962000,34.076000,29.75
7.300128,-0.690000,0.875000,1.306000,134.824000,-48.687000,-38.229000,29.94
7.308857,-1.276000,0.140000,0.849000,223.603000,-109.924000,-39.389000,29.80
7.321220,-1.190000,0.213000,0.728000,289.878000,-46.550000,-37.893000,29.80
7.328420,-1.000000,0.201000,0.245000,340.336000,4.595000,49.435000,29.94
7.340371,-1.972000,0.976000,1.727000,-74.137000,-43.969000,240.611000,29.89
7.347608,-1.385000,-0.098000,0.346000,-74.137000,-2.336000,108.397000,29.89
7.360334,-0.821000,0.043000,0.433000,38.534000,-73.084000,-53.832000,29.89
7.371419,-0.856000,0.177000,0.331000,109.206000,-96.122000,-160.947000,29.75
7.378556,-1.104000,-0.112000,0.069000,184.733000,-64.763000,-87.206000,29.75
7.391878,-1.201000,0.050000,-0.064000,204.412000,-8.519000,103.008000,29.89
7.397296,-1.169000,-0.182000,0.065000,146.992000,22.000000,136.840000,29.89
7.409665,-0.880000,0.354000,0.004000,284.885000,67.115000,224.550000,29.80
7.417678,-1.070000,0.284000,-0.310000,292.977000,82.198000,286.534000,29.94
7.428716,-0.840000,0.570000,-0.433000,263.191000,118.473000,283.282000,29.94
7.440758,-0.688000,0.548000,-0.303000,241.695000,81.985000,326.489000,29.89
7.447836,-0.614000,0.506000,-0.812000,155.023000,261.939000,23.023000,29.80
7.459907,-0.531000,0.416000,-1.352000,203.802000,238.046000,78.763000,29.80
7.467136,-0.140000,0.846000,-0.990000,7.756000,272.870000,27.573000,29.85
7.478659,-0.750000,0.294000,-0.537000,-116.779000,130.382000,-116.947000,29.94
7.490624,-0.441000,0.368000,-0.010000,-28.427000,55.985000,-369.511000,29.89
7.497564,-0.628000,0.581000,0.015000,49.786000,21.939000,-434.550000,29.89
7.509949,-0.676000,0.591000,-0.436000,95.847000,135.420000,-353.267000,29.75
7.516797,-1.389000,0.338000,-0.714000,125.924000,268.748000,-97.023000,29.75
7.528721,-0.817000,0.421000,-0.920000,123.008000,356.931000,151.206000,29.85
7.540613,-0.219000,0.663000,-1.088000,86.779000,326.122000,311.817000,29.80
7.547682,-0.757000,0.138000,-1.000000,106.214000,215.969000,381.313000,29.80
7.559574,-0.114000,0.343000,-0.828000,177.634000,147.008000,419.115000,29.85
7.565414,-0.402000,0.784000,-0.645000,-23.115000,405.649000,76.718000,29.85
7.578364,0.155000,0.478000,-0.509000,-215.053000,257.847000,-176.122000,29.89
7.590141,-1.648000,-0.280000,-0.084000,-149.282000,121.893000,-362.626000,29.80
7.597205,0.049000,1.783000,2.338000,312.992000,-105.023000,147.527000,29.94
7.609375,-0.194000,0.176000,-0.617000,-63.832000,500.260000,12.595000,29.85
7.621510,-0.764000,0.389000,-1.270000,46.168000,93.267000,-10.916000,29.85
7.628389,-0.695000,0.239000,-0.499000,-39.664000,28.382000,-1.420000,29.89
7.640407,-0.747000,0.364000,-0.684000,-17.924000,69.908000,-19.725000,29.89
7.647635,-0.663000,0.370000,-0.773000,-0.397000,-68.183000,6.519000,29.85
7.659803,-0.765000,0.271000,-0.620000,20.748000,-70.336000,44.641000,29.85
7.666878,-0.332000,0.340000,-0.901000,69.328000,-46.656000,127.267000,29.80
7.678925,0.293000,-0.242000,-1.398000,369.649000,306.076000,231.969000,29.80
7.690662,-1.218000,0.203000,-0.909000,463.481000,296.458000,408.076000,29.94
7.697722,-1.359000,0.760000,-0.668000,215.481000,89.160000,391.237000,29.94
7.709830,-1.245000,0.287000,0.191000,153.252000,-39.145000,365.237000,29.80
7.716658,-0.527000,0.321000,-0.576000,-48.885000,72.351000,231.069000,29.80
7.728617,-0.458000,0.867000,-0.453000,-148.534000,0.061000,267.466000,29.89
7.740895,-1.834000,0.936000,-0.425000,33.847000,-157.069000,58.198000,29.94
7.747751,-0.205000,0.942000,-0.268000,192.763000,22.885000,44.153000,29.99
7.759845,-0.615000,0.862000,-0.282000,28.351000,100.534000,40.733000,29.89
7.766796,-0.234000,0.464000,-0.706000,90.718000,97.145000,-136.656000,29.89
7.779024,0.269000,0.336000,-0.860000,94.351000,7.954000,-280.901000,29.85
7.791002,-1.156000,1.545000,-0.767000,80.397000,-173.573000,-212.275000,29.94
7.797799,-0.429000,0.889000,-0.609000,27.634000,-187.618000,-54.611000,29.89
7.809866,-0.824000,-0.256000,-1.267000,111.740000,-169.435000,112.321000,29.80
7.816690,-1.092000,-0.596000,-1.429000,249.542000,72.244000,297.359000,29.80
7.828700,-0.703000,0.279000,-0.869000,254.611000,452.214000,382.580000,29.85
7.840669,-1.756000,0.558000,-0.654000,-25.939000,298.107000,226.977000,29.85
7.847396,-0.603000,-0.695000,-1.819000,-6.092000,-32.611000,-17.267000,29.80
7.859734,-0.586000,-0.773000,-2.056000,215.954000,-82.718000,73.374000,29.99
7.866447,-1.266000,1.033000,0.392000,128.336000,-156.702000,121.786000,29.85
7.878320,-0.130000,0.970000,0.540000,-338.229000,-367.008000,73.725000,29.85
7.890360,1.166000,-0.828000,-0.341000,20.687000,-355.756000,-287.084000,29.85
7.897063,1.740000,0.396000,-1.339000,500.260000,216.870000,-52.412000,29.99
7.909438,-4.000000,2.389000,1.402000,339.924000,319.160000,500.260000,29.89
7.921154,-1.190000,0.813000,-1.226000,-26.931000,276.092000,154.366000,29.75
7.928544,-0.379000,0.407000,-1.388000,-67.130000,-60.321000,-5.679000,29.75
7.940115,-0.723000,0.586000,-0.526000,-114.214000,-33.817000,-266.672000,29.80
7.946955,-0.495000,0.329000,-0.768000,-119.985000,-2.275000,-386.534000,29.80
7.958853,-0.034000,0.527000,-0.658000,-166.519000,-86.489000,-296.626000,29.80
7.970658,0.563000,-0.303000,-0.641000,-50.153000,-186.336000,-426.855000,29.85
7.977577,-0.701000,0.096000,-0.466000,136.870000,76.550000,-317.237000,29.85
7.990234,-0.968000,0.849000,-1.257000,34.534000,95.878000,31.221000,29.89
7.997081,-0.593000,0.016000,-1.036000,-26.794000,42.809000,8.855000,29.80
8.009027,-0.478000,0.101000,-0.900000,-16.641000,-37.588000,43.038000,29.80
8.021585,-0.266000,0.322000,-0.917000,-19.511000,7.374000,17.420000,29.94
8.028658,-0.472000,0.140000,-0.844000,9.130000,50.168000,-18.336000,29.85
8.040816,-0.465000,0.344000,-0.812000,-0.718000,25.710000,-59.038000,29.71
8.047575,-0.485000,0.373000,-0.753000,-35.557000,18.427000,-85.435000,29.89
8.059811,-0.420000,0.186000,-0.983000,-13.206000,2.672000,-106.534000,29.85
8.066679,-0.456000,0.182000,-0.921000,-2.718000,-0.412000,-121.084000,29.85
8.078949,-0.515000,0.313000,-0.720000,6.092000,6.366000,-114.794000,29.85
8.090982,-0.477000,0.238000,-0.714000,-77.954000,7.282000,-169.771000,29.89
8.097844,-0.310000,0.006000,-0.990000,-69.985000,18.275000,-146.687000,29.89
8.109837,-0.409000,0.183000,-0.896000,-32.595000,24.275000,-116.046000,29.85
8.116779,-0.477000,0.234000,-0.845000,-49.206000,12.076000,-134.855000,29.75
8.128941,-0.375000,0.150000,-0.926000,-58.137000,-0.672000,-127.115000,29.89
8.140613,-0.352000,0.108000,-0.906000,-48.275000,-0.534000,-98.321000,29.99
8.147855,-0.378000,0.178000,-0.836000,-55.053000,16.321000,-77.252000,29.80
8.159940,-0.426000,0.165000,-0.861000,-73.298000,14.931000,-78.626000,29.75
8.166919,-0.425000,0.170000,-0.917000,-69.389000,12.840000,-85.969000,29.75
8.179192,-0.424000,0.184000,-0.875000,-73.924000,8.550000,-90.458000,29.80
8.190956,-0.401000,0.158000,-0.929000,-75.832000,10.153000,-82.916000,29.80
8.198208,-0.410000,0.132000,-0.930000,-72.168000,5.878000,-78.733000,29.89
8.210381,-0.408000,0.139000,-0.900000,-71.573000,14.336000,-82.901000,29.85
8.217337,-0.437000,0.139000,-0.909000,-76.779000,15.389000,-93.008000,29.94
8.229183,-0.416000,0.025000,-0.914000,-75.328000,21.023000,-92.397000,29.80
8.241005,-0.403000,0.041000,-0.895000,-77.695000,14.611000,-100.290000,29.80
8.247857,-0.359000,0.065000,-0.923000,-74.382000,14.977000,-80.214000,29.94
8.260052,-0.378000,0.049000,-0.935000,-71.252000,10.779000,-58.916000,29.85
8.267097,-0.417000,0.029000,-0.922000,-63.710000,9.038000,-43.695000,29.71
8.279290,-0.439000,0.074000,-0.920000,-60.779000,6.382000,-39.160000,29.89
8.285068,-0.437000,0.050000,-0.894000,-57.939000,7.466000,-32.504000,29.94
8.298395,-0.451000,0.079000,-0.891000,-55.023000,10.504000,-30.794000,29.85
8.310546,-0.457000,0.098000,-0.896000,-52.122000,4.412000,-33.115000,29.80
8.317241,-0.450000,0.079000,-0.903000,-48.977000,-2.275000,-31.023000,29.80
8.329461,-0.427000,0.078000,-0.902000,-38.626000,1.908000,-19.817000,29.80
8.336643,-0.445000,0.075000,-0.878000,-34.702000,-0.382000,-9.160000,29.85
8.348842,-0.448000,0.103000,-0.901000,-33.099000,-1.069000,-1.511000,29.85
8.361147,-0.487000,0.108000,-0.891000,-32.504000,-8.779000,-0.931000,29.80
8.368298,-0.451000,0.088000,-0.890000,-22.824000,-2.244000,11.634000,29.71
8.380260,-0.463000,0.141000,-0.877000,-19.191000,-4.809000,15.985000,29.80
8.387490,-0.471000,0.105000,-0.888000,-20.733000,-8.214000,9.252000,29.85
8.399653,-0.478000,0.167000,-0.895000,-19.038000,-2.473000,26.214000,29.75
8.406724,-0.448000,0.253000,-0.844000,-20.809000,-5.710000,9.115000,29.80
8.418879,-0.451000,0.251000,-0.812000,-26.229000,-24.260000,11.573000,29.80
8.431058,-0.451000,0.227000,-0.852000,-5.786000,8.137000,10.153000,29.85
8.438712,-0.453000,0.283000,-0.831000,-7.695000,6.137000,11.649000,29.85
8.450832,-0.451000,0.282000,-0.810000,-17.359000,3.679000,-0.031000,29.75
8.457584,-0.480000,0.270000,-0.840000,-13.863000,11.069000,-0.947000,29.80
8.470091,-0.454000,0.249000,-0.838000,-7.511000,13.511000,-9.252000,29.80
8.477045,-0.452000,0.296000,-0.832000,-7.420000,17.573000,-8.931000,29.85
8.489942,-0.470000,0.280000,-0.851000,-8.290000,19.878000,-12.092000,29.85
8.503022,-0.465000,0.271000,-0.832000,-8.489000,18.183000,-16.611000,29.80
8.508115,-0.462000,0.311000,-0.835000,-12.092000,14.916000,-23.069000,29.80
8.521914,-0.461000,0.277000,-0.866000,-12.672000,12.336000,-31.527000,29.80
8.527013,-0.456000,0.249000,-0.856000,-14.321000,9.099000,-36.153000,29.85
8.539232,-0.456000,0.230000,-0.850000,-16.168000,11.237000,-39.954000,29.85
8.546332,-0.457000,0.235000,-0.878000,-16.229000,9.069000,-41.145000,29.80
8.558487,-0.450000,0.210000,-0.866000,-13.832000,8.962000,-40.794000,29.80
8.577568,-0.459000,0.193000,-0.867000,-10.351000,5.115000,-39.542000,29.75
8.578695,-0.470000,0.204000,-0.880000,-8.107000,4.427000,-36.840000,29.85
8.589838,-0.450000,0.191000,-0.871000,-5.267000,2.824000,-36.870000,29.80
8.597017,-0.464000,0.203000,-0.880000,-3.466000,2.458000,-37.084000,29.89
8.609103,-0.465000,0.199000,-0.870000,-2.336000,0.672000,-41.328000,29.80
8.616176,-0.468000,0.210000,-0.868000,-2.718000,-2.198000,-46.427000,29.85
8.628445,-0.474000,0.219000,-0.872000,-0.962000,-5.908000,-49.359000,29.85
8.640743,-0.476000,0.200000,-0.874000,4.855000,-11.008000,-52.275000,29.80
8.647835,-0.472000,0.192000,-0.854000,9.130000,-10.076000,-52.244000,29.89
8.659735,-0.473000,0.167000,-0.864000,10.885000,-10.489000,-52.901000,29.75
8.666753,-0.466000,0.148000,-0.857000,14.992000,-4.672000,-58.626000,29.85
8.679028,-0.426000,0.206000,-0.885000,16.977000,12.641000,-37.969000,29.75
8.691174,-0.479000,0.227000,-0.850000,14.977000,13.588000,-21.863000,29.71
8.698221,-0.553000,0.206000,-0.842000,11.969000,-5.542000,-44.550000,29.80
8.710283,-0.489000,0.153000,-0.880000,22.672000,-15.405000,-71.038000,29.75
8.717185,-0.448000,0.166000,-0.859000,22.061000,-3.145000,-59.328000,29.85
8.729508,-0.508000,0.134000,-0.828000,14.122000,3.710000,-59.481000,29.80
8.736518,-0.527000,0.163000,-0.858000,12.183000,-8.366000,-68.015000,29.80
8.748719,-0.537000,0.163000,-0.855000,13.405000,-15.084000,-75.954000,29.80
8.760734,-0.534000,0.150000,-0.842000,12.962000,-23.679000,-85.053000,29.85
8.767780,-0.526000,0.126000,-0.830000,6.718000,-28.000000,-88.244000,29.80
8.779915,-0.507000,0.113000,-0.839000,2.214000,-26.611000,-89.802000,29.89
8.786953,-0.501000,0.108000,-0.848000,3.328000,-23.466000,-89.618000,29.89
8.799270,-0.505000,0.105000,-0.831000,3.786000,-22.153000,-85.863000,29.80
8.804869,-0.504000,0.100000,-0.830000,2.550000,-23.069000,-82.611000,29.75
8.822158,-0.492000,0.082000,-0.827000,1.420000,-22.489000,-77.069000,29.80
8.830780,-0.491000,0.066000,-0.829000,0.901000,-16.489000,-70.031000,29.80
8.837798,-0.490000,0.054000,-0.829000,0.137000,-9.771000,-59.695000,29.80
8.849656,-0.496000,0.048000,-0.837000,-2.229000,-5.389000,-49.603000,29.85
8.856930,-0.496000,0.035000,-0.847000,-1.191000,-3.145000,-40.107000,29.85
8.869116,-0.500000,0.052000,-0.855000,-4.611000,5.649000,-26.611000,29.80
8.881242,-0.536000,0.044000,-0.832000,-20.641000,12.015000,-19.771000,29.80
8.888321,-0.503000,-0.031000,-0.959000,-1.847000,-2.733000,1.420000,29.85
8.900571,-0.533000,0.136000,-0.749000,10.183000,0.611000,-22.718000,29.75
8.907468,-0.511000,0.087000,-0.776000,-2.595000,18.000000,-24.595000,29.94
8.919864,-0.476000,0.028000,-0.858000,-9.298000,11.603000,-35.618000,29.80
8.927115,-0.623000,0.168000,-0.680000,-76.885000,37.725000,-0.443000,29.71
8.938922,-0.619000,0.221000,-0.614000,-152.275000,34.595000,-48.000000,29.85
8.950983,-0.316000,-0.043000,-0.951000,-305.817000,-102.962000,23.878000,29.85
8.957633,-0.375000,0.062000,-1.153000,-89.221000,58.580000,-40.214000,29.80
8.970896,-0.435000,-0.626000,-1.210000,87.481000,10.641000,-82.031000,29.89
8.976691,-0.140000,0.050000,-0.989000,88.656000,-15.527000,-140.931000,29.80
8.988966,-0.469000,0.385000,-0.825000,18.489000,74.809000,148.183000,29.85
9.000975,-0.783000,-0.016000,-0.628000,35.634000,131.053000,14.000000,29.85
9.008005,-0.692000,-0.075000,-0.868000,29.679000,5.939000,-95.359000,29.71
9.020042,-0.872000,0.334000,-0.983000,22.229000,-7.145000,11.634000,29.80
9.027256,-0.844000,0.287000,-0.560000,-6.779000,116.153000,20.595000,29.85
9.039067,-0.816000,0.053000,-0.725000,-90.214000,-14.443000,-41.924000,29.75
9.051076,-0.476000,-0.368000,-1.011000,-44.031000,-161.359000,-260.244000,29.75
9.057539,-0.121000,-0.216000,-1.040000,-21.267000,-65.038000,-216.656000,29.80
9.069595,-0.129000,-0.310000,-0.821000,-7.847000,72.061000,-130.534000,29.80
9.076547,-0.166000,-0.372000,-0.572000,33.725000,-0.214000,-229.832000,29.75
9.088451,-0.060000,-0.216000,-0.594000,42.183000,-26.840000,-291.863000,29.85
9.100545,0.078000,-0.270000,-0.658000,73.634000,35.573000,-289.206000,29.80
9.107671,0.559000,-0.846000,-0.802000,3.450000,200.687000,5.298000,29.89
9.119963,-0.142000,-0.130000,-0.581000,88.901000,-3.053000,-60.107000,29.85
9.127017,0.179000,-0.905000,-0.725000,34.656000,109.863000,-343.664000,29.85
9.138617,-0.114000,-0.359000,-0.787000,-12.290000,94.000000,-146.611000,29.85
9.151017,-0.355000,-0.272000,-0.856000,2.305000,63.115000,-132.015000,29.80
9.157511,-0.387000,-0.297000,-0.813000,-27.405000,24.290000,-126.015000,29.80
9.169921,-0.367000,-0.139000,-0.922000,-22.305000,43.817000,-103.908000,29.75
9.175438,-0.303000,-0.268000,-0.896000,-9.756000,69.481000,-110.137000,29.75
9.188425,-0.278000,-0.340000,-0.910000,-22.672000,81.634000,-138.840000,29.80
9.200168,-0.279000,-0.381000,-0.849000,-36.092000,60.198000,-144.244000,29.89
9.207138,-0.128000,-0.433000,-0.805000,-43.557000,101.160000,-154.275000,29.89
9.218821,-0.250000,-0.224000,-0.834000,-82.641000,137.573000,-123.511000,29.85
9.230605,-0.750000,-0.078000,-0.789000,-59.069000,116.427000,-70.519000,29.80
9.237748,-0.453000,-0.218000,-1.075000,-56.397000,163.573000,-107.450000,29.71
9.249328,-0.186000,-0.002000,-0.795000,-119.725000,165.511000,-4.687000,29.80
9.261271,-0.945000,-0.022000,-1.030000,-97.420000,136.061000,-73.817000,29.75
9.268082,-0.302000,0.696000,-1.020000,35.359000,-16.031000,90.015000,29.66
9.280221,-0.447000,0.027000,-1.137000,111.664000,-60.061000,-9.023000,29.80
9.287118,-0.361000,-0.070000,-0.635000,35.939000,-71.374000,-53.573000,29.71
9.299078,-0.213000,-0.157000,-0.736000,-50.611000,-4.916000,-50.137000,29.80
9.311319,-0.287000,-0.126000,-0.951000,-34.489000,64.000000,16.168000,29.75
9.318110,-0.454000,-0.044000,-1.026000,-9.924000,62.153000,-28.779000,29.75
9.330333,-0.396000,-0.069000,-1.003000,-3.954000,-11.924000,-72.336000,29.80
9.337179,-0.301000,-0.088000,-0.973000,3.924000,-53.267000,-81.542000,29.80
9.349591,-0.260000,-0.138000,-0.911000,8.412000,-40.977000,-61.908000,29.85
9.361285,-0.245000,-0.150000,-0.875000,-2.046000,-3.695000,-31.267000,29.75
9.368517,-0.294000,-0.128000,-0.911000,-9.267000,19.649000,-15.435000,29.85
9.380306,-0.350000,-0.111000,-0.953000,-5.588000,17.603000,-21.435000,29.71
9.387502,-0.359000,-0.099000,-0.969000,0.718000,1.191000,-40.931000,29.89
9.399700,-0.338000,-0.104000,-0.956000,3.740000,-13.634000,-54.321000,29.75
9.406597,-0.295000,-0.130000,-0.937000,6.061000,-14.962000,-49.969000,29.75
9.418815,-0.276000,-0.142000,-0.928000,7.038000,-8.916000,-34.687000,29.89
9.430830,-0.275000,-0.145000,-0.920000,4.366000,-1.313000,-16.794000,29.80
9.438209,-0.297000,-0.134000,-0.923000,3.176000,3.145000,-1.908000,29.80
9.450526,-0.320000,-0.130000,-0.933000,0.809000,-0.183000,0.061000,29.85
9.457633,-0.321000,-0.133000,-0.935000,1.420000,-4.092000,-0.061000,29.85
9.470064,-0.327000,-0.131000,-0.927000,0.458000,-3.557000,-0.809000,29.71
9.477355,-0.323000,-0.139000,-0.930000,-1.099000,0.641000,-0.427000,29.80
9.489224,-0.327000,-0.129000,-0.935000,-1.496000,3.603000,-1.496000,29.75
9.501391,-0.324000,-0.135000,-0.940000,-0.763000,4.198000,-2.794000,29.85
9.508790,-0.327000,-0.133000,-0.936000,0.763000,3.084000,-4.092000,29.85
9.520939,-0.338000,-0.134000,-0.935000,2.244000,-0.901000,-7.099000,29.80
9.528245,-0.321000,-0.132000,-0.935000,4.260000,-4.000000,-8.107000,29.71
9.540154,-0.326000,-0.142000,-0.931000,6.107000,-3.023000,-6.641000,29.75
9.547582,-0.325000,-0.141000,-0.928000,6.107000,-0.718000,-5.344000,29.75
9.559875,-0.329000,-0.146000,-0.929000,6.992000,0.977000,-6.412000,29.80
9.566925,-0.336000,-0.140000,-0.937000,9.511000,2.962000,-8.641000,29.80
9.578973,-0.340000,-0.134000,-0.933000,10.366000,1.908000,-11.664000,29.89
9.591345,-0.333000,-0.145000,-0.929000,10.870000,0.534000,-14.000000,29.85
9.598522,-0.331000,-0.150000,-0.929000,10.153000,-0.962000,-16.061000,29.85
9.610358,-0.323000,-0.153000,-0.929000,10.260000,-2.870000,-16.458000,29.80
9.617458,-0.320000,-0.157000,-0.928000,11.023000,-3.710000,-15.878000,29.80
9.629251,-0.316000,-0.166000,-0.928000,12.733000,-3.374000,-12.763000,29.85
9.641487,-0.319000,-0.165000,-0.933000,14.473000,-1.832000,-8.901000,29.89
9.648486,-0.327000,-0.162000,-0.922000,14.427000,-1.527000,-7.069000,29.71
9.660652,-0.329000,-0.166000,-0.928000,14.733000,-0.840000,-6.641000,29.80
9.667918,-0.332000,-0.167000,-0.923000,14.061000,-0.427000,-8.702000,29.75
9.679818,-0.339000,-0.174000,-0.914000,11.466000,-0.641000,-12.595000,29.75
9.687072,-0.339000,-0.173000,-0.917000,9.985000,-0.977000,-17.053000,29.80
9.698967,-0.334000,-0.176000,-0.917000,9.450000,-1.038000,-20.198000,29.80
9.711076,-0.332000,-0.184000,-0.914000,8.183000,-0.656000,-23.420000,29.80
9.718464,-0.331000,-0.187000,-0.914000,7.069000,-0.015000,-24.794000,29.75
9.730598,-0.335000,-0.182000,-0.915000,6.107000,2.214000,-25.053000,29.85
9.737608,-0.335000,-0.189000,-0.908000,4.214000,4.962000,-26.137000,29.80
9.749869,-0.341000,-0.190000,-0.912000,1.389000,7.069000,-30.458000,29.89
9.757227,-0.336000,-0.193000,-0.909000,-0.565000,9.252000,-36.153000,29.80
9.768903,-0.335000,-0.196000,-0.915000,-3.145000,8.427000,-41.573000,29.75
9.780992,-0.328000,-0.194000,-0.915000,-5.221000,8.885000,-46.305000,29.75
9.787811,-0.323000,-0.196000,-0.914000,-6.031000,11.099000,-49.435000,29.80
9.799968,-0.328000,-0.207000,-0.920000,-7.527000,14.000000,-52.382000,29.89
9.807115,-0.325000,-0.194000,-0.932000,-8.718000,14.107000,-55.359000,29.85
9.819131,-0.332000,-0.207000,-0.923000,-9.649000,16.763000,-62.901000,29.85
9.830937,-0.310000,-0.204000,-0.927000,-14.137000,13.908000,-67.649000,29.61
9.837878,-0.275000,-0.180000,-0.950000,-11.756000,10.214000,-61.374000,29.71
9.850083,-0.280000,-0.210000,-0.901000,-9.359000,16.763000,-56.901000,29.80
9.857126,-0.262000,-0.221000,-0.926000,-12.244000,9.084000,-50.061000,29.75
9.869229,-0.257000,-0.238000,-0.919000,-10.779000,7.756000,-39.069000,29.75
9.881238,-0.258000,-0.212000,-0.928000,-8.534000,13.038000,-25.481000,29.71
9.888039,-0.278000,-0.228000,-0.931000,-9.115000,11.420000,-22.870000,29.80
9.900208,-0.267000,-0.204000,-0.953000,-5.725000,6.885000,-17.176000,29.75
9.907352,-0.272000,-0.215000,-0.948000,-0.779000,4.672000,-15.084000,29.85
9.919564,-0.273000,-0.219000,-0.932000,1.664000,3.939000,-12.061000,29.75
9.926683,-0.275000,-0.221000,-0.920000,1.099000,3.786000,-10.794000,29.89
9.938816,-0.290000,-0.223000,-0.939000,0.870000,7.649000,-12.656000,29.80
9.951090,-0.295000,-0.208000,-0.930000,-0.779000,7.191000,-20.718000,29.75
9.958172,-0.304000,-0.208000,-0.921000,-2.962000,2.962000,-32.321000,29.66
9.970349,-0.304000,-0.221000,-0.937000,-3.863000,1.160000,-44.321000,29.80
9.977625,-0.290000,-0.217000,-0.929000,-5.053000,0.885000,-54.626000,29.80
9.989587,-0.287000,-0.219000,-0.932000,-4.000000,1.557000,-61.786000,29.66
9.996555,-0.281000,-0.230000,-0.934000,-1.542000,4.962000,-66.947000,29.75
10.008720,-0.284000,-0.232000,-0.943000,-0.855000,7.313000,-73.466000,29.75
