# Gait Analysis Data - MPU6050 IMU
# Duration: 10 seconds
# Format: timestamp(s),ax(g),ay(g),az(g),gx(deg/s),gy(deg/s),gz(deg/s),temp(C)
# Note: Document sensor placement (ankle/wrist) separately
timestamp,ax,ay,az,gx,gy,gz,temp
0.000884,0.617000,-0.136000,-0.789000,2.229000,21.374000,3.450000,27.78
0.001938,0.600000,-0.149000,-0.842000,-0.519000,28.565000,3.328000,27.73
0.002817,0.576000,-0.164000,-0.857000,-3.985000,40.427000,0.031000,27.82
0.003918,0.601000,-0.165000,-0.829000,-9.588000,49.206000,-4.122000,27.78
0.004979,0.572000,-0.100000,-0.884000,-0.443000,62.611000,-4.885000,27.87
0.006042,0.532000,-0.076000,-0.927000,-2.031000,89.710000,-6.168000,27.73
0.007097,0.316000,0.303000,-1.157000,26.656000,105.389000,-2.534000,27.78
0.008211,0.483000,-0.318000,-0.963000,37.053000,124.153000,-5.511000,27.78
0.009411,0.813000,-0.223000,-1.042000,49.313000,152.412000,-11.420000,27.82
0.010575,0.570000,-0.277000,-0.984000,54.809000,162.580000,-19.023000,27.82
0.011756,0.887000,-0.334000,-0.958000,67.160000,170.534000,-23.618000,27.78
0.012715,0.718000,-0.292000,-0.821000,84.076000,165.069000,-30.214000,27.73
0.013641,0.785000,-0.337000,-0.826000,106.489000,168.351000,-37.176000,27.73
0.014555,0.954000,-0.480000,-0.994000,130.580000,148.947000,-50.824000,27.78
0.015367,0.720000,-0.448000,-0.897000,146.000000,116.412000,-74.885000,27.68
0.016155,0.586000,-0.418000,-0.851000,167.542000,102.702000,-91.023000,27.82
0.016944,0.531000,-0.427000,-1.235000,171.985000,79.771000,-104.763000,27.82
0.017734,0.079000,-0.535000,-1.377000,162.931000,36.122000,-104.061000,27.68
0.018509,0.250000,-0.573000,-1.324000,143.130000,-0.489000,-89.115000,27.68
0.019295,0.138000,-0.420000,-1.368000,136.763000,-60.107000,-67.679000,27.82
0.020083,-0.128000,-0.318000,-1.125000,143.069000,-85.313000,-48.229000,27.78
0.020951,-0.168000,-0.351000,-0.990000,142.427000,-93.664000,-40.092000,27.78
0.021925,-0.031000,-0.242000,-0.981000,138.702000,-103.771000,-38.809000,27.82
0.022651,0.135000,-0.072000,-0.975000,141.038000,-118.748000,-38.977000,27.73
0.023348,0.231000,0.035000,-0.967000,148.733000,-134.321000,-44.366000,27.78
0.024053,0.315000,0.121000,-0.928000,157.603000,-147.679000,-54.870000,27.78
0.024742,0.405000,0.196000,-0.895000,166.198000,-159.634000,-69.664000,27.82
0.025447,0.497000,0.235000,-0.884000,173.664000,-165.649000,-89.863000,27.78
0.026151,0.662000,0.294000,-0.903000,182.916000,-172.458000,-111.786000,27.82
0.026851,0.808000,0.387000,-0.876000,200.198000,-181.832000,-132.931000,27.73
0.027549,0.932000,0.439000,-0.848000,222.656000,-191.084000,-150.061000,27.73
0.028248,1.026000,0.450000,-0.810000,243.359000,-199.115000,-166.489000,27.78
0.028895,1.081000,0.420000,-0.748000,256.733000,-203.099000,-182.565000,27.78
0.029527,1.168000,0.411000,-0.691000,261.634000,-203.740000,-196.718000,27.73
0.030156,1.250000,0.428000,-0.625000,259.863000,-201.252000,-206.260000,27.78
0.030899,1.283000,0.421000,-0.571000,249.115000,-194.580000,-210.061000,27.78
0.031747,1.256000,0.379000,-0.518000,227.649000,-180.718000,-207.267000,27.82
0.032412,1.192000,0.323000,-0.433000,195.969000,-160.992000,-197.115000,27.73
0.033048,1.015000,-0.027000,-0.354000,149.817000,-132.412000,-182.794000,27.78
0.033677,0.984000,-0.110000,-0.261000,94.336000,-95.511000,-158.931000,27.82
0.034302,1.052000,0.042000,-0.199000,56.672000,-62.198000,-121.008000,27.73
0.034953,1.330000,-0.062000,-0.118000,-5.099000,-18.962000,-99.389000,27.78
0.035578,1.314000,0.427000,0.118000,-40.229000,5.588000,-79.710000,27.87
0.036182,1.674000,0.891000,0.090000,-45.267000,23.573000,-61.725000,27.82
0.036788,1.748000,0.929000,0.236000,-46.443000,26.931000,-65.695000,27.73
0.037391,1.738000,1.256000,0.513000,-49.267000,45.542000,-88.275000,27.78
0.037996,1.559000,0.831000,-0.688000,22.809000,40.137000,-82.382000,27.82
0.038579,1.142000,-0.376000,-1.344000,50.260000,-26.504000,-51.817000,27.82
0.039125,0.401000,-1.261000,-0.655000,25.664000,-38.229000,6.565000,27.78
0.039669,0.498000,-0.778000,-0.958000,-6.672000,-4.992000,17.634000,27.78
0.040224,0.548000,0.142000,-0.829000,-17.405000,-13.557000,-12.336000,27.82
0.040925,0.594000,-0.299000,-0.693000,-14.153000,1.053000,-14.870000,27.73
0.041540,0.820000,-0.336000,-0.817000,-16.046000,-4.611000,-5.725000,27.78
0.042102,0.806000,-0.155000,-0.688000,-9.328000,-17.176000,-13.954000,27.82
0.042668,0.673000,-0.365000,-0.720000,-14.916000,-15.466000,-17.878000,27.73
0.043275,0.584000,-0.303000,-0.765000,-25.725000,-13.740000,-18.840000,27.78
0.043878,0.692000,-0.084000,-0.788000,-27.115000,-11.985000,-19.679000,27.82
0.044458,0.748000,-0.154000,-0.749000,-24.015000,-14.870000,-18.305000,27.82
0.045037,0.675000,-0.202000,-0.755000,-26.366000,-15.679000,-17.756000,27.78
0.045617,0.638000,-0.102000,-0.740000,-29.557000,-10.107000,-17.420000,27.78
0.046175,0.673000,0.021000,-0.717000,-28.092000,-3.557000,-19.313000,27.73
0.046730,0.642000,-0.009000,-0.727000,-21.939000,-1.252000,-16.733000,27.82
0.047286,0.651000,0.010000,-0.712000,-14.916000,-0.412000,-13.573000,27.78
0.047842,0.656000,-0.012000,-0.718000,-9.557000,1.130000,-11.221000,27.87
0.048375,0.626000,-0.030000,-0.746000,-7.618000,4.824000,-8.382000,27.82
0.048873,0.668000,-0.080000,-0.731000,-5.924000,7.145000,-7.130000,27.78
0.049372,0.701000,-0.137000,-0.736000,-6.260000,5.450000,-7.695000,27.78
0.049869,0.673000,-0.141000,-0.726000,-6.656000,4.244000,-8.565000,27.73
0.050432,0.654000,-0.151000,-0.732000,-7.649000,5.420000,-9.695000,27.82
0.051010,0.646000,-0.150000,-0.727000,-8.321000,7.053000,-9.969000,27.78
0.051548,0.654000,-0.164000,-0.727000,-8.351000,6.687000,-11.023000,27.73
0.052069,0.633000,-0.200000,-0.736000,-8.992000,5.893000,-11.328000,27.82
0.052583,0.639000,-0.165000,-0.738000,-10.412000,5.588000,-11.649000,27.78
0.053095,0.645000,-0.132000,-0.723000,-11.053000,5.710000,-11.725000,27.82
0.053607,0.647000,-0.115000,-0.726000,-11.542000,4.718000,-10.931000,27.73
0.054113,0.652000,-0.072000,-0.745000,-10.061000,4.962000,-9.878000,27.82
0.054740,0.659000,-0.085000,-0.729000,-9.099000,3.435000,-9.160000,27.78
0.055328,0.665000,-0.095000,-0.717000,-8.321000,2.641000,-8.519000,27.82
0.055825,0.648000,-0.085000,-0.710000,-7.802000,1.191000,-7.573000,27.82
0.056349,0.635000,-0.083000,-0.713000,-6.076000,1.282000,-5.756000,27.78
0.056870,0.644000,-0.108000,-0.713000,-4.321000,1.206000,-4.794000,27.78
0.057370,0.637000,-0.132000,-0.724000,-3.053000,1.527000,-3.649000,27.82
0.057868,0.630000,-0.105000,-0.710000,-2.107000,2.031000,-2.046000,27.78
0.058361,0.613000,-0.025000,-0.707000,0.382000,3.023000,-1.282000,27.68
0.058862,0.647000,-0.087000,-0.732000,1.420000,4.076000,-1.588000,27.82
0.059360,0.680000,-0.123000,-0.735000,0.794000,2.870000,-1.725000,27.82
0.059855,0.646000,-0.086000,-0.738000,1.069000,3.221000,-1.527000,27.78
0.060317,0.653000,-0.099000,-0.743000,2.031000,4.901000,-1.389000,27.82
0.060773,0.674000,-0.134000,-0.742000,0.779000,5.191000,-2.046000,27.73
0.061232,0.658000,-0.126000,-0.744000,-0.336000,5.603000,-3.298000,27.87
0.061684,0.648000,-0.113000,-0.751000,0.015000,6.977000,-3.328000,27.64
0.062138,0.652000,-0.141000,-0.742000,-0.489000,8.076000,-3.603000,27.64
0.062598,0.659000,-0.139000,-0.741000,-0.687000,9.084000,-3.649000,27.78
0.063066,0.659000,-0.144000,-0.733000,-0.656000,10.092000,-3.420000,27.78
0.063530,0.674000,-0.149000,-0.745000,-1.893000,11.985000,-3.130000,27.73
0.063991,0.668000,-0.134000,-0.745000,-2.687000,13.954000,-4.183000,27.73
0.064454,0.665000,-0.122000,-0.766000,-2.931000,17.435000,-4.443000,27.78
0.065058,0.653000,-0.125000,-0.769000,-2.672000,21.008000,-5.191000,27.78
0.065579,0.646000,-0.149000,-0.786000,-3.328000,25.374000,-5.771000,27.73
0.066042,0.655000,-0.138000,-0.826000,-5.588000,31.969000,-6.947000,27.87
0.066518,0.653000,-0.135000,-0.788000,-9.542000,39.893000,-11.969000,27.78
0.066991,0.590000,-0.191000,-0.809000,-10.565000,48.931000,-18.046000,27.73
0.067473,0.582000,-0.232000,-0.816000,-11.252000,56.794000,-23.618000,27.82
0.068006,0.646000,-0.187000,-0.801000,-12.015000,61.573000,-27.176000,27.87
0.068465,0.640000,-0.156000,-0.773000,-6.626000,61.878000,-36.321000,27.73
0.068911,0.815000,-0.157000,-0.613000,11.237000,50.290000,-48.947000,27.73
0.069394,0.869000,0.040000,-0.725000,45.023000,46.748000,-68.794000,27.78
0.069850,0.746000,-0.217000,-0.709000,58.916000,30.565000,-85.649000,27.73
0.070301,0.717000,-0.266000,-0.765000,64.718000,18.962000,-98.122000,27.73
0.070754,0.652000,-0.163000,-0.757000,75.267000,5.466000,-109.084000,27.82
0.071219,0.811000,-0.005000,-0.784000,103.802000,-20.046000,-106.763000,27.68
0.071685,0.784000,-0.128000,-0.720000,131.527000,-42.733000,-104.931000,27.73
0.072149,0.744000,-0.167000,-0.658000,150.702000,-57.435000,-109.511000,27.73
0.072612,0.718000,-0.108000,-0.586000,164.336000,-64.031000,-119.710000,27.68
0.073076,0.774000,-0.036000,-0.537000,176.580000,-65.511000,-132.076000,27.68
0.073535,0.854000,0.010000,-0.504000,189.252000,-66.244000,-144.901000,27.73
0.074118,0.890000,0.042000,-0.472000,203.618000,-69.023000,-159.603000,27.78
0.074701,0.892000,0.068000,-0.446000,218.183000,-69.847000,-174.947000,27.78
0.075163,0.876000,0.044000,-0.385000,229.191000,-66.870000,-189.740000,27.82
0.075629,0.855000,0.021000,-0.372000,236.779000,-60.489000,-204.321000,27.82
0.076094,0.893000,-0.032000,-0.405000,241.237000,-56.137000,-216.107000,27.78
0.076587,0.906000,-0.061000,-0.399000,244.214000,-55.450000,-224.107000,27.82
0.077057,0.858000,-0.063000,-0.412000,246.779000,-52.992000,-230.718000,27.82
0.077522,0.805000,-0.140000,-0.403000,245.740000,-49.359000,-235.725000,27.78
0.077977,0.769000,-0.220000,-0.404000,239.893000,-45.069000,-238.656000,27.82
0.078429,0.731000,-0.183000,-0.398000,236.901000,-39.756000,-239.206000,27.73
0.078877,0.731000,-0.264000,-0.410000,231.786000,-34.321000,-237.511000,27.78
0.079323,0.707000,-0.209000,-0.435000,229.160000,-30.260000,-234.137000,27.78
0.079773,0.690000,-0.220000,-0.470000,226.458000,-24.992000,-228.901000,27.82
0.080222,0.692000,-0.281000,-0.522000,218.947000,-21.267000,-223.740000,27.73
0.080673,0.655000,-0.329000,-0.526000,208.137000,-17.878000,-217.053000,27.78
0.081126,0.655000,-0.374000,-0.568000,192.702000,-11.405000,-206.977000,27.73
0.081566,0.676000,-0.330000,-0.587000,180.443000,-7.267000,-191.634000,27.73
0.082008,0.680000,-0.331000,-0.592000,168.412000,-3.618000,-173.435000,27.78
0.082448,0.688000,-0.306000,-0.601000,158.168000,-0.565000,-155.603000,27.78
0.082890,0.714000,-0.306000,-0.623000,146.336000,3.191000,-139.832000,27.82
0.083327,0.727000,-0.271000,-0.652000,132.427000,4.534000,-124.763000,27.78
0.083755,0.753000,-0.254000,-0.684000,116.824000,5.176000,-109.603000,27.68
0.084315,0.761000,-0.239000,-0.707000,101.237000,4.550000,-96.031000,27.82
0.085014,0.740000,-0.215000,-0.712000,85.588000,3.573000,-84.763000,27.73
0.085474,1.383000,-0.274000,-1.581000,71.649000,-11.420000,-61.878000,27.78
0.085903,0.417000,-0.439000,-0.940000,54.565000,-77.435000,-44.901000,27.73
0.086356,0.234000,-0.350000,-0.788000,28.840000,-26.351000,-38.321000,27.73
0.086792,0.457000,-0.405000,-1.233000,3.740000,-30.611000,-29.115000,27.78
0.087236,0.238000,-0.327000,-1.201000,-11.420000,-46.656000,-16.809000,27.68
0.087681,0.203000,-0.187000,-1.368000,-0.565000,-38.916000,-5.237000,27.73
0.088141,0.272000,-0.092000,-0.839000,-10.489000,-34.916000,-3.023000,27.82
0.088572,0.443000,-0.209000,-0.637000,-7.618000,2.427000,-0.229000,27.68
0.089006,0.748000,-0.190000,-0.888000,-8.137000,5.313000,-1.725000,27.73
0.089435,0.615000,-0.145000,-0.715000,-10.260000,4.840000,-3.588000,27.73
0.089871,0.625000,-0.187000,-0.700000,-8.519000,10.870000,-1.802000,27.78
0.090314,0.688000,-0.149000,-0.658000,-9.817000,8.748000,-2.046000,27.78
0.090743,0.693000,-0.065000,-0.629000,-9.099000,8.000000,-0.412000,27.73
0.091164,0.761000,-0.011000,-0.643000,-6.641000,2.214000,0.718000,27.73
0.091625,0.812000,-0.081000,-0.645000,-6.275000,-6.885000,1.435000,27.68
0.092063,0.790000,-0.115000,-0.537000,-5.145000,-16.702000,2.489000,27.73
0.092506,0.815000,-0.078000,-0.574000,-1.221000,-20.336000,-2.443000,27.82
0.092953,0.751000,-0.144000,-0.688000,2.382000,-27.618000,-4.000000,27.78
0.093411,0.667000,-0.195000,-0.733000,3.359000,-30.260000,-0.214000,27.82
0.093847,0.597000,-0.137000,-0.786000,1.863000,-26.641000,-0.611000,27.73
0.094429,0.613000,-0.172000,-0.812000,-1.908000,-19.450000,-4.687000,27.78
0.095030,0.627000,-0.204000,-0.777000,-6.748000,-16.092000,-6.611000,27.87
0.095534,0.674000,-0.196000,-0.797000,-11.237000,-10.779000,-10.763000,27.73
0.096029,0.721000,-0.135000,-0.739000,-14.519000,-12.565000,-12.656000,27.82
0.096532,0.666000,-0.042000,-0.698000,-13.099000,-10.366000,-12.107000,27.68
0.097034,0.681000,-0.064000,-0.746000,-11.511000,-8.321000,-11.786000,27.78
0.097517,0.717000,-0.143000,-0.701000,-11.969000,-12.427000,-11.038000,27.64
0.098041,0.666000,-0.112000,-0.708000,-11.053000,-12.992000,-10.519000,27.78
0.098516,0.662000,-0.110000,-0.754000,-12.718000,-11.924000,-10.824000,27.78
0.099048,0.712000,-0.159000,-0.711000,-13.405000,-14.672000,-10.427000,27.82
0.099519,0.643000,-0.113000,-0.736000,-12.382000,-15.725000,-9.405000,27.73
0.099984,0.592000,-0.099000,-0.729000,-10.809000,-12.076000,-8.733000,27.78
0.100457,0.618000,-0.107000,-0.734000,-10.595000,-7.634000,-8.504000,27.73
0.100904,0.625000,-0.119000,-0.720000,-9.802000,-6.519000,-7.115000,27.73
0.101378,0.631000,-0.099000,-0.742000,-17.000000,-5.237000,-0.275000,27.73
0.101855,0.691000,-0.125000,-0.700000,-3.084000,-6.641000,0.107000,27.78
0.102295,0.678000,-0.123000,-0.707000,-2.702000,-6.916000,0.733000,27.78
0.102732,0.664000,-0.120000,-0.714000,-1.893000,-6.382000,1.008000,27.73
0.103165,0.657000,-0.138000,-0.704000,-1.618000,-6.412000,1.160000,27.78
0.103585,0.620000,-0.104000,-0.732000,-1.542000,-4.962000,1.313000,27.73
0.104001,0.641000,-0.142000,-0.745000,-1.802000,-1.618000,0.733000,27.73
0.112557,0.672000,-0.170000,-0.717000,-3.038000,-0.870000,-0.916000,27.73
0.124811,0.669000,-0.148000,-0.756000,-4.519000,-0.840000,-1.924000,27.68
0.131851,0.696000,-0.160000,-0.731000,-8.015000,0.076000,-2.977000,27.64
0.144166,0.674000,-0.142000,-0.706000,-9.313000,-2.275000,-3.282000,27.73
0.150996,0.738000,-0.184000,-0.749000,-14.977000,-1.374000,-5.908000,27.78
0.163117,0.695000,-0.167000,-0.715000,-15.985000,-5.099000,-7.481000,27.78
0.168700,0.668000,-0.138000,-0.705000,-16.489000,-5.084000,-8.214000,27.73
0.182187,0.638000,-0.113000,-0.715000,-15.664000,-5.527000,-7.053000,27.78
0.194308,0.625000,-0.103000,-0.718000,-13.176000,-4.382000,-5.450000,27.78
0.201122,0.631000,-0.093000,-0.699000,-10.015000,-5.115000,-4.305000,27.82
0.213297,0.596000,-0.050000,-0.699000,-5.725000,-3.969000,-2.107000,27.73
0.220398,0.608000,-0.040000,-0.704000,-1.160000,-1.527000,0.321000,27.68
0.232865,0.646000,-0.108000,-0.727000,1.008000,-0.702000,1.115000,27.78
0.245120,0.689000,-0.163000,-0.772000,-2.290000,-1.420000,-1.344000,27.73
0.251989,0.681000,-0.176000,-0.728000,-5.893000,-3.420000,-2.885000,27.68
0.264121,0.633000,-0.099000,-0.727000,-6.611000,-1.023000,-2.702000,27.82
0.271148,0.637000,-0.074000,-0.745000,-4.870000,0.656000,-2.168000,27.82
0.283604,0.628000,-0.088000,-0.726000,-2.351000,0.916000,-0.901000,27.73
0.290776,0.647000,-0.106000,-0.730000,-0.809000,1.527000,0.046000,27.78
0.303162,0.655000,-0.114000,-0.728000,-0.137000,1.237000,0.885000,27.73
0.310294,0.643000,-0.112000,-0.736000,0.366000,1.740000,1.802000,27.73
0.322697,0.638000,-0.089000,-0.724000,1.053000,2.046000,2.840000,27.78
0.335215,0.661000,-0.086000,-0.713000,2.336000,2.733000,3.359000,27.78
0.342630,0.673000,-0.138000,-0.752000,1.954000,2.244000,3.420000,27.82
0.355256,0.666000,-0.138000,-0.749000,0.198000,1.618000,2.626000,27.73
0.362109,0.667000,-0.118000,-0.746000,-1.756000,2.153000,1.908000,27.78
0.374457,0.680000,-0.144000,-0.743000,-3.344000,1.496000,1.466000,27.73
0.384063,0.659000,-0.132000,-0.735000,-4.305000,0.824000,1.206000,27.73
0.394008,0.651000,-0.104000,-0.713000,-3.603000,0.733000,1.649000,27.68
0.401379,0.643000,-0.100000,-0.723000,-2.534000,0.336000,2.290000,27.78
0.413887,0.656000,-0.110000,-0.727000,-1.664000,0.443000,3.084000,27.73
0.420874,0.636000,-0.094000,-0.740000,-0.672000,0.305000,3.725000,27.73
0.433417,0.623000,-0.069000,-0.721000,1.359000,2.244000,4.565000,27.78
0.441096,0.650000,-0.097000,-0.726000,3.618000,2.916000,5.893000,27.82
0.452937,0.635000,-0.078000,-0.740000,5.618000,2.779000,7.008000,27.73
0.465259,0.621000,-0.052000,-0.731000,8.260000,5.084000,8.290000,27.68
0.472833,0.641000,-0.049000,-0.752000,11.069000,6.916000,9.389000,27.68
0.484781,0.656000,-0.066000,-0.749000,12.931000,8.611000,10.382000,27.82
0.492251,0.646000,-0.030000,-0.733000,15.496000,9.954000,11.664000,27.78
0.506082,0.627000,-0.013000,-0.732000,20.366000,13.756000,14.183000,27.78
0.510863,0.598000,-0.054000,-0.760000,24.519000,19.939000,16.458000,27.73
0.523505,0.586000,-0.065000,-0.786000,26.718000,28.198000,17.588000,27.73
0.535365,0.548000,-0.102000,-0.789000,25.496000,38.519000,16.947000,27.78
0.547471,0.461000,-0.151000,-0.828000,22.718000,51.649000,14.336000,27.73
0.554459,0.381000,-0.054000,-0.901000,16.824000,63.634000,10.809000,27.73
0.561576,0.572000,0.246000,-0.941000,17.344000,72.611000,10.947000,27.68
0.580417,0.680000,0.373000,-1.148000,44.794000,70.718000,2.565000,27.68
0.581311,0.467000,0.686000,-1.272000,89.038000,48.305000,-28.779000,27.73
0.593241,0.034000,0.956000,-1.722000,106.061000,16.840000,-68.153000,27.82
0.605189,-0.275000,1.196000,-1.837000,103.664000,-2.901000,-116.519000,27.78
0.611678,-0.057000,1.138000,-1.672000,104.107000,-11.878000,-149.863000,27.73
0.623329,0.189000,0.786000,-1.583000,114.519000,-28.519000,-158.031000,27.64
0.630274,0.205000,0.628000,-1.389000,117.282000,-39.588000,-161.023000,27.78
0.642056,0.271000,0.448000,-1.288000,111.603000,-37.511000,-155.420000,27.78
0.654121,0.379000,0.332000,-1.165000,103.924000,-31.618000,-143.313000,27.73
0.660820,0.503000,0.202000,-1.118000,93.130000,-22.763000,-132.046000,27.73
0.673029,0.498000,0.196000,-1.153000,78.916000,-21.817000,-126.046000,27.78
0.685150,0.448000,0.271000,-1.248000,59.130000,-14.427000,-129.053000,27.64
0.691910,0.544000,0.349000,-1.358000,40.351000,-24.321000,-135.359000,27.64
0.703913,0.435000,0.298000,-1.362000,23.893000,-37.832000,-143.252000,27.78
0.710946,0.573000,0.287000,-1.360000,15.038000,-52.214000,-142.412000,27.73
0.722865,0.540000,0.060000,-1.213000,19.649000,-66.733000,-124.504000,27.64
0.734610,0.521000,-0.157000,-1.170000,20.733000,-76.076000,-101.267000,27.78
0.741533,0.449000,-0.265000,-1.083000,17.954000,-79.435000,-75.527000,27.78
0.753663,0.458000,-0.339000,-1.034000,7.634000,-76.962000,-52.107000,27.73
0.760466,0.542000,-0.311000,-1.027000,-5.817000,-74.504000,-33.679000,27.82
0.772544,0.624000,-0.238000,-1.002000,-15.695000,-78.351000,-20.962000,27.68
0.784347,0.679000,-0.149000,-0.912000,-19.634000,-82.779000,-12.153000,27.68
0.791422,0.696000,-0.104000,-0.803000,-21.481000,-83.649000,-7.084000,27.73
0.803162,0.744000,-0.063000,-0.711000,-23.710000,-80.519000,-6.366000,27.68
0.809048,0.815000,-0.010000,-0.644000,-24.687000,-77.053000,-9.313000,27.68
0.822510,0.882000,0.023000,-0.594000,-22.092000,-74.824000,-14.641000,27.73
0.834156,0.985000,0.032000,-0.534000,-18.489000,-74.397000,-22.702000,27.73
0.841284,1.049000,0.032000,-0.445000,-12.718000,-75.771000,-32.031000,27.68
0.853140,1.065000,0.035000,-0.327000,-4.366000,-75.420000,-40.840000,27.73
0.865036,1.020000,-0.031000,-0.193000,2.672000,-70.092000,-49.771000,27.73
0.872327,1.031000,-0.093000,-0.102000,7.176000,-62.076000,-59.344000,27.78
0.884087,1.095000,-0.118000,-0.010000,15.710000,-56.214000,-67.481000,27.73
0.890917,1.148000,-0.143000,0.126000,28.198000,-54.565000,-75.130000,27.82
0.903291,1.121000,-0.157000,0.235000,40.504000,-51.130000,-81.710000,27.78
0.908834,1.061000,-0.184000,0.312000,46.794000,-42.656000,-88.229000,27.68
0.922357,1.029000,-0.239000,0.341000,44.214000,-31.496000,-93.511000,27.73
0.934473,1.034000,-0.289000,0.313000,34.718000,-22.809000,-98.641000,27.73
0.941553,0.994000,-0.280000,0.305000,25.405000,-17.695000,-98.916000,27.78
0.953469,0.880000,-0.284000,0.319000,23.237000,-9.893000,-95.130000,27.73
0.960727,1.498000,-1.264000,1.607000,59.878000,31.466000,-79.496000,27.73
0.972899,0.162000,-0.611000,2.888000,94.122000,153.481000,-46.870000,27.78
0.984650,1.070000,0.194000,-1.097000,50.565000,365.023000,-73.450000,27.78
0.992266,2.037000,-0.374000,-2.012000,112.443000,156.351000,18.901000,27.73
1.003694,0.537000,-0.638000,-0.238000,123.817000,155.344000,89.878000,27.68
1.010509,0.841000,-0.752000,-0.720000,98.092000,328.183000,60.443000,27.78
1.022800,4.000000,0.419000,-2.268000,142.076000,88.702000,73.664000,27.64
1.034562,1.293000,-1.636000,-0.354000,71.099000,-87.603000,53.786000,27.73
1.041663,0.208000,-0.441000,-1.477000,19.466000,18.794000,18.580000,27.78
1.054121,0.697000,-0.311000,-0.678000,4.092000,3.252000,8.198000,27.73
1.061073,0.772000,-0.304000,-0.603000,-3.893000,24.244000,-1.939000,27.73
1.073366,0.776000,0.019000,-0.690000,-6.504000,-1.466000,-2.153000,27.78
1.080610,0.796000,-0.073000,-0.746000,2.153000,0.718000,1.023000,27.68
1.092775,0.724000,-0.163000,-0.720000,2.595000,-4.046000,0.366000,27.73
1.105115,0.679000,-0.147000,-0.748000,-0.550000,-6.504000,-1.038000,27.73
1.112067,0.714000,-0.128000,-0.731000,-2.885000,-0.321000,-0.718000,27.68
1.124290,0.673000,-0.146000,-0.734000,-4.382000,0.748000,-1.618000,27.82
1.131396,0.640000,-0.085000,-0.757000,-2.656000,3.725000,-1.267000,27.82
1.143978,0.654000,-0.111000,-0.731000,-0.504000,5.099000,-0.366000,27.78
1.150978,0.670000,-0.123000,-0.725000,-0.794000,7.679000,-0.794000,27.78
1.163147,0.660000,-0.109000,-0.721000,-1.435000,7.374000,-0.885000,27.73
1.170132,0.653000,-0.094000,-0.728000,-0.427000,10.092000,-0.015000,27.68
1.182658,0.675000,-0.103000,-0.711000,0.473000,8.931000,1.450000,27.68
1.195091,0.668000,-0.125000,-0.712000,1.282000,8.275000,1.878000,27.73
1.202156,0.663000,-0.144000,-0.710000,1.496000,7.969000,1.908000,27.73
1.214637,0.672000,-0.146000,-0.697000,0.046000,7.588000,1.176000,27.68
1.221939,0.646000,-0.118000,-0.722000,0.076000,8.305000,0.275000,27.73
1.234510,0.652000,-0.118000,-0.707000,0.901000,8.550000,0.107000,27.73
1.241733,0.636000,-0.096000,-0.717000,2.504000,8.595000,0.290000,27.68
1.254126,0.626000,-0.122000,-0.739000,-1.771000,15.420000,0.305000,27.87
1.261219,0.668000,-0.140000,-0.716000,2.183000,10.427000,0.718000,27.73
1.273710,0.684000,-0.143000,-0.701000,-2.718000,9.221000,1.176000,27.68
1.280630,0.668000,-0.124000,-0.705000,2.779000,11.206000,0.748000,27.78
1.293081,0.700000,-0.125000,-0.685000,3.756000,7.313000,2.153000,27.64
1.300684,0.699000,-0.126000,-0.680000,-0.855000,6.076000,3.389000,27.73
1.312989,0.696000,-0.133000,-0.692000,2.748000,6.656000,3.298000,27.68
1.325324,0.690000,-0.154000,-0.690000,9.496000,2.229000,3.634000,27.82
1.332403,0.671000,-0.126000,-0.687000,5.618000,-1.130000,3.710000,27.73
1.344838,0.643000,-0.115000,-0.710000,1.557000,-2.015000,4.168000,27.78
1.351921,0.669000,-0.138000,-0.719000,6.824000,3.344000,2.916000,27.78
1.364418,0.672000,-0.150000,-0.727000,6.061000,4.260000,2.366000,27.82
1.371710,0.664000,-0.127000,-0.730000,5.282000,5.725000,2.718000,27.78
1.384108,0.691000,-0.151000,-0.768000,4.412000,9.084000,3.511000,27.68
1.391173,0.661000,-0.122000,-0.751000,4.962000,11.725000,4.595000,27.64
1.403622,0.680000,-0.108000,-0.747000,6.504000,17.939000,7.160000,27.82
1.410699,0.632000,-0.134000,-0.796000,7.496000,26.427000,10.504000,27.78
1.422917,0.654000,-0.195000,-0.774000,12.687000,37.282000,11.496000,27.73
1.434991,0.669000,-0.197000,-0.766000,12.611000,41.634000,11.176000,27.73
1.442248,0.570000,-0.131000,-0.827000,12.763000,55.511000,11.420000,27.78
1.454320,0.548000,-0.129000,-0.854000,22.000000,77.053000,13.939000,27.73
1.461161,0.611000,-0.131000,-0.839000,25.969000,83.588000,10.534000,27.73
1.473357,0.686000,0.116000,-0.984000,18.168000,106.366000,11.847000,27.64
1.480555,0.594000,-0.375000,-1.159000,44.672000,140.626000,18.794000,27.78
1.492713,0.833000,0.215000,-0.923000,34.168000,154.092000,26.626000,27.73
1.504661,0.869000,-0.127000,-0.988000,26.763000,179.802000,32.229000,27.64
1.511743,0.932000,0.067000,-0.983000,26.580000,183.969000,41.115000,27.59
1.523840,0.906000,-0.127000,-0.972000,32.046000,199.145000,46.290000,27.68
1.530678,0.888000,0.009000,-0.955000,32.916000,199.023000,51.664000,27.73
1.542942,0.787000,0.270000,-1.449000,29.771000,206.168000,48.947000,27.78
1.555054,0.250000,0.929000,-2.326000,24.092000,155.069000,25.466000,27.78
1.562136,-0.523000,1.417000,-2.527000,25.954000,79.954000,-8.260000,27.73
1.574504,-0.988000,1.378000,-2.737000,22.611000,21.038000,-52.611000,27.73
1.581325,-1.071000,1.095000,-2.758000,5.893000,-47.969000,-78.260000,27.78
1.593253,-0.837000,0.732000,-2.652000,-12.824000,-97.740000,-77.756000,27.82
1.605070,-0.514000,0.352000,-2.381000,-33.954000,-143.542000,-52.718000,27.73
1.611953,-0.195000,0.144000,-2.049000,-55.649000,-164.000000,-23.160000,27.78
1.623804,0.154000,0.100000,-1.693000,-73.527000,-173.038000,1.359000,27.64
1.630641,0.893000,-0.116000,-1.344000,-94.305000,-173.908000,11.252000,27.73
1.642780,0.806000,0.099000,-0.878000,-96.244000,-162.565000,14.489000,27.78
1.654826,1.109000,-0.168000,-0.568000,-88.489000,-139.771000,26.046000,27.68
1.661309,1.258000,-0.512000,-0.440000,-88.855000,-119.053000,44.519000,27.73
1.673508,1.198000,-0.750000,-0.196000,-90.260000,-89.664000,63.832000,27.82
1.685285,1.292000,-1.022000,-0.116000,-102.611000,-47.542000,76.855000,27.78
1.691812,1.283000,-0.968000,-0.083000,-105.008000,-16.366000,82.275000,27.73
1.703794,1.138000,-0.755000,-0.174000,-101.756000,4.214000,79.756000,27.82
1.710624,1.040000,-0.568000,-0.291000,-92.397000,15.985000,67.252000,27.68
1.723059,0.930000,-0.428000,-0.502000,-84.962000,20.687000,44.641000,27.68
1.735070,0.770000,-0.195000,-0.707000,-69.115000,18.916000,19.817000,27.73
1.742169,0.639000,-0.071000,-0.879000,-54.412000,10.168000,-5.008000,27.73
1.753885,0.675000,-0.090000,-0.998000,-45.969000,-5.191000,-31.237000,27.68
1.761040,0.665000,-0.050000,-1.081000,-40.947000,-20.489000,-54.550000,27.73
1.772868,0.717000,0.001000,-1.156000,-28.305000,-41.756000,-68.107000,27.73
1.784711,0.752000,-0.156000,-1.184000,-14.779000,-63.664000,-71.679000,27.68
1.793029,0.751000,-0.335000,-1.157000,-9.832000,-90.626000,-73.954000,27.73
1.804430,0.599000,-0.340000,-1.024000,-7.313000,-113.405000,-71.817000,27.82
1.810554,0.527000,-0.427000,-0.809000,5.756000,-122.534000,-61.924000,27.78
1.822835,0.430000,-0.647000,-0.451000,4.260000,-111.435000,-51.481000,27.78
1.835544,0.695000,-0.865000,-0.313000,-11.130000,-94.656000,-43.130000,27.73
1.843505,1.129000,-1.019000,-0.138000,-32.962000,-95.756000,-39.038000,27.68
1.853478,1.294000,-1.054000,0.438000,-42.763000,-99.466000,-27.450000,27.64
1.865438,1.688000,-1.307000,1.140000,-38.473000,-75.252000,-18.992000,27.73
1.872512,2.062000,-1.409000,2.000000,-26.275000,-40.687000,-11.466000,27.82
1.884638,2.700000,-1.748000,3.201000,-3.328000,38.748000,6.809000,27.68
1.892004,3.795000,-2.109000,4.000000,0.427000,191.588000,28.458000,27.73
1.903748,3.434000,-0.051000,-0.812000,-58.275000,254.153000,-35.374000,27.82
1.910620,3.395000,1.422000,-1.865000,70.947000,-130.321000,37.191000,27.78
1.922944,-1.202000,0.282000,0.075000,33.298000,-53.267000,68.015000,27.68
1.934734,0.603000,-0.187000,-1.419000,84.824000,152.122000,36.870000,27.73
1.941874,1.198000,-1.197000,-0.842000,86.107000,-27.985000,50.153000,27.78
1.953973,1.020000,-0.375000,-0.985000,47.893000,18.473000,31.863000,27.78
1.961035,0.713000,-0.004000,-0.811000,29.954000,16.015000,22.260000,27.73
1.973195,0.774000,-0.335000,-0.888000,22.061000,23.679000,17.817000,27.64
1.985245,0.866000,-0.323000,-0.771000,18.962000,20.855000,7.756000,27.78
1.992479,0.774000,-0.157000,-0.765000,16.626000,-7.557000,2.244000,27.78
2.005031,0.676000,-0.035000,-0.766000,9.771000,7.603000,0.885000,27.73
2.011786,0.697000,-0.110000,-0.770000,2.031000,11.344000,0.626000,27.78
2.024033,0.695000,-0.096000,-0.743000,1.969000,12.031000,0.885000,27.64
2.031408,0.693000,-0.107000,-0.724000,5.069000,6.382000,1.664000,27.73
2.043837,0.663000,-0.110000,-0.732000,4.748000,6.580000,2.519000,27.64
2.050903,0.659000,-0.086000,-0.730000,2.931000,9.496000,3.725000,27.68
2.063416,0.639000,-0.070000,-0.716000,3.313000,11.542000,4.489000,27.73
2.070451,0.633000,-0.123000,-0.731000,4.977000,11.237000,4.718000,27.73
2.082852,0.664000,-0.155000,-0.710000,5.786000,10.000000,3.450000,27.78
2.088624,0.664000,-0.156000,-0.698000,1.863000,10.153000,1.725000,27.78
2.102459,0.652000,-0.113000,-0.699000,2.198000,7.710000,1.206000,27.64
2.115044,0.669000,-0.100000,-0.730000,1.527000,6.885000,1.847000,27.78
2.122489,0.672000,-0.114000,-0.700000,4.153000,5.847000,2.519000,27.68
2.134499,0.714000,-0.074000,-0.646000,17.328000,-4.229000,3.511000,27.73
2.141692,0.693000,-0.074000,-0.703000,11.847000,-7.420000,6.443000,27.73
2.153997,0.662000,-0.091000,-0.719000,9.237000,-0.229000,7.847000,27.78
2.161226,0.655000,-0.089000,-0.754000,9.023000,-0.092000,8.840000,27.68
2.173549,0.608000,-0.083000,-0.821000,2.031000,13.405000,11.237000,27.82
2.180851,0.656000,-0.101000,-0.774000,8.702000,19.954000,13.405000,27.78
2.192950,0.627000,-0.135000,-0.783000,8.840000,30.794000,14.443000,27.73
2.205074,0.580000,-0.128000,-0.817000,11.160000,28.565000,15.038000,27.73
2.212114,0.557000,-0.253000,-0.850000,9.771000,49.466000,14.366000,27.73
2.224501,0.461000,-0.232000,-0.948000,16.626000,65.542000,8.550000,27.68
2.232041,0.260000,-0.054000,-1.217000,3.924000,93.756000,0.855000,27.73
2.243863,0.309000,0.179000,-1.262000,-0.763000,132.031000,5.573000,27.73
2.251226,0.294000,0.212000,-1.414000,32.885000,173.435000,26.382000,27.68
2.263288,0.754000,0.046000,-1.273000,28.748000,202.992000,32.443000,27.78
2.275165,0.823000,0.027000,-1.198000,40.656000,212.351000,38.000000,27.73
2.282452,0.291000,0.366000,-1.783000,42.901000,198.489000,29.603000,27.78
2.294329,-0.336000,0.709000,-2.225000,50.580000,152.473000,6.046000,27.68
2.301474,-0.513000,0.833000,-2.539000,47.450000,93.695000,-21.435000,27.82
2.313483,-0.751000,0.905000,-2.626000,39.908000,29.695000,-44.076000,27.73
2.319458,-0.825000,0.816000,-2.584000,31.084000,-25.328000,-58.275000,27.78
2.332418,-0.731000,0.630000,-2.490000,15.130000,-72.198000,-60.870000,27.68
2.344317,-0.519000,0.489000,-2.349000,-1.954000,-110.489000,-55.099000,27.73
2.351046,-0.259000,0.385000,-2.122000,-15.679000,-132.183000,-45.084000,27.78
2.362956,-0.077000,0.350000,-1.903000,-27.191000,-139.847000,-38.015000,27.73
2.374778,0.174000,0.273000,-1.606000,-28.046000,-145.496000,-29.435000,27.73
2.381598,0.258000,0.200000,-1.429000,-29.924000,-137.954000,-20.290000,27.68
2.393630,0.496000,0.077000,-1.236000,-34.504000,-118.305000,-8.244000,27.68
2.400758,0.781000,-0.216000,-0.940000,-34.443000,-96.397000,7.573000,27.73
2.412526,0.795000,-0.308000,-0.673000,-35.466000,-64.550000,19.527000,27.73
2.424471,1.100000,-0.445000,-0.278000,-30.305000,-28.855000,20.244000,27.78
2.431619,1.243000,-0.603000,0.033000,-24.962000,18.916000,17.115000,27.73
2.443749,1.440000,-0.906000,-0.445000,-60.046000,19.634000,6.137000,27.73
2.450642,1.036000,-0.540000,-0.852000,-80.580000,-5.374000,-10.626000,27.68
2.462447,1.060000,-0.314000,-1.073000,-98.962000,-32.916000,-26.595000,27.68
2.474246,1.010000,-0.004000,-1.010000,-82.733000,-69.176000,-32.763000,27.82
2.481054,0.943000,-0.072000,-1.048000,-59.618000,-110.366000,-34.076000,27.78
2.493067,0.694000,-0.112000,-0.873000,-32.412000,-136.000000,-33.603000,27.68
2.505015,0.729000,-0.208000,-0.705000,-12.763000,-136.397000,-31.634000,27.73
2.517824,0.642000,-0.338000,-0.363000,-2.534000,-125.328000,-27.527000,27.73
2.523981,0.926000,-0.414000,-0.201000,-13.008000,-107.542000,-32.000000,27.78
2.529457,1.108000,-0.271000,0.026000,-14.000000,-99.405000,-32.840000,27.82
2.542418,1.240000,-0.294000,0.271000,-8.015000,-86.794000,-34.916000,27.64
2.554364,1.376000,-0.434000,0.558000,-2.595000,-75.679000,-40.092000,27.68
2.561073,1.683000,-0.729000,0.836000,-6.382000,-50.412000,-50.840000,27.78
2.573128,2.349000,-1.097000,1.332000,-14.458000,-42.565000,-55.282000,27.73
2.580191,2.681000,-1.195000,2.437000,-7.344000,-23.924000,-23.908000,27.68
2.592525,3.215000,-1.910000,3.913000,11.344000,86.015000,14.702000,27.73
2.604655,1.973000,-0.824000,3.114000,15.359000,269.053000,22.595000,27.73
2.611424,4.000000,0.187000,-2.881000,-2.779000,182.458000,-10.519000,27.73
2.623658,1.214000,1.082000,-1.010000,63.496000,-160.473000,67.649000,27.68
2.630496,-0.454000,-0.074000,-0.559000,85.557000,98.214000,38.458000,27.64
2.642581,1.162000,-0.481000,-1.092000,87.573000,35.130000,24.565000,27.73
2.654891,0.924000,-0.857000,-0.707000,54.336000,13.221000,47.282000,27.68
2.661857,1.068000,0.187000,-0.855000,40.687000,36.260000,24.824000,27.78
2.674345,0.723000,-0.382000,-0.849000,47.099000,6.122000,25.817000,27.73
2.681656,0.873000,-0.461000,-0.886000,32.076000,9.939000,17.496000,27.68
2.693872,0.844000,-0.321000,-0.797000,17.893000,-4.351000,5.405000,27.68
2.700708,0.698000,-0.216000,-0.791000,3.176000,2.870000,-1.023000,27.82
2.713368,0.698000,-0.147000,-0.777000,-4.748000,6.641000,-3.771000,27.82
2.720517,0.668000,-0.115000,-0.768000,-5.527000,6.153000,-3.725000,27.68
2.732622,0.674000,-0.040000,-0.740000,-3.099000,6.595000,-2.504000,27.64
2.744846,0.658000,-0.045000,-0.732000,-0.748000,7.863000,-0.183000,27.73
2.752099,0.664000,-0.075000,-0.717000,-0.779000,9.649000,1.710000,27.78
2.764654,0.650000,-0.038000,-0.688000,1.817000,8.275000,4.000000,27.73
2.772022,0.628000,-0.050000,-0.727000,6.855000,2.626000,6.626000,27.73
2.784042,0.646000,-0.110000,-0.708000,8.290000,-0.473000,8.214000,27.78
2.791494,0.655000,-0.122000,-0.711000,7.679000,9.008000,7.298000,27.68
2.803943,0.669000,-0.142000,-0.711000,7.252000,8.672000,6.244000,27.73
2.810951,0.674000,-0.138000,-0.707000,6.336000,7.282000,4.992000,27.64
2.823434,0.682000,-0.147000,-0.702000,5.908000,4.382000,4.626000,27.68
2.830823,0.660000,-0.078000,-0.725000,6.855000,3.863000,5.359000,27.68
2.843059,0.664000,-0.054000,-0.721000,9.588000,4.687000,7.511000,27.73
2.848898,0.649000,-0.080000,-0.755000,9.908000,10.595000,9.924000,27.68
2.862708,0.637000,-0.114000,-0.741000,12.656000,8.763000,11.588000,27.68
2.874818,0.656000,-0.092000,-0.758000,9.252000,14.489000,12.931000,27.82
2.881965,0.643000,-0.103000,-0.761000,11.450000,24.916000,13.267000,27.73
2.894038,0.601000,-0.142000,-0.752000,4.641000,40.244000,13.145000,27.78
2.901341,0.636000,-0.224000,-0.797000,5.038000,37.466000,13.115000,27.54
2.913511,0.552000,-0.208000,-0.853000,33.511000,52.885000,13.176000,27.73
2.920514,0.412000,-0.135000,-0.912000,20.473000,60.824000,7.664000,27.78
2.932931,0.380000,-0.112000,-1.027000,4.031000,91.374000,1.221000,27.73
2.945070,0.368000,0.052000,-1.170000,-3.176000,118.595000,4.565000,27.73
2.952338,0.388000,0.421000,-1.447000,-0.412000,157.038000,15.588000,27.68
2.964393,0.664000,0.253000,-1.390000,23.725000,202.092000,27.237000,27.68
2.971393,0.694000,0.166000,-1.376000,33.802000,198.733000,33.908000,27.73
2.983094,0.089000,0.525000,-2.042000,37.939000,168.519000,26.580000,27.64
2.990318,-0.503000,0.851000,-2.441000,33.206000,141.237000,7.252000,27.68
3.002443,-0.716000,0.928000,-2.676000,28.015000,91.313000,-16.840000,27.78
3.014551,-0.912000,0.934000,-2.822000,23.359000,33.084000,-34.290000,27.73
3.021182,-1.003000,0.827000,-2.739000,11.176000,-25.786000,-45.481000,27.78
3.033387,-0.873000,0.627000,-2.599000,-8.198000,-68.824000,-47.511000,27.78
3.045107,-0.622000,0.449000,-2.417000,-26.733000,-107.985000,-42.809000,27.73
3.052222,-0.346000,0.318000,-2.155000,-39.939000,-133.954000,-36.489000,27.73
3.064291,-0.047000,0.195000,-1.900000,-50.321000,-145.863000,-29.863000,27.68
3.070795,0.160000,-0.026000,-1.768000,-60.260000,-152.931000,-16.718000,27.73
3.082798,0.405000,-0.185000,-1.532000,-67.802000,-160.031000,5.969000,27.73
3.094608,0.712000,-0.502000,-1.304000,-83.237000,-134.336000,24.824000,27.68
3.101790,1.889000,-0.572000,-0.397000,-53.557000,-103.084000,38.244000,27.73
3.113579,1.641000,-1.016000,0.873000,-34.992000,-11.924000,34.809000,27.73
3.120611,1.568000,-0.817000,0.032000,-54.656000,44.702000,11.099000,27.68
3.132471,1.305000,-0.376000,-0.960000,-59.008000,-43.374000,-4.794000,27.78
3.144624,0.673000,-0.097000,-1.337000,-54.305000,-26.550000,-14.122000,27.64
3.151539,0.281000,0.012000,-1.037000,-37.298000,-61.939000,-5.725000,27.64
3.163425,0.137000,-0.335000,-0.858000,-22.885000,-45.802000,-6.992000,27.68
3.175148,0.404000,-0.476000,-0.893000,-35.588000,-30.153000,-11.191000,27.82
3.182313,0.592000,-0.369000,-0.948000,-43.740000,-54.305000,-13.756000,27.73
3.194127,0.922000,-0.403000,-1.074000,-49.969000,-69.267000,-17.496000,27.78
3.200746,1.041000,-0.340000,-1.008000,-47.313000,-104.687000,-15.130000,27.78
3.212773,0.891000,-0.288000,-0.851000,-34.565000,-137.237000,-12.504000,27.73
3.224291,0.857000,-0.365000,-0.471000,-14.137000,-146.107000,-12.473000,27.68
3.231439,0.719000,-0.423000,-0.058000,-2.901000,-126.580000,-10.962000,27.68
3.243172,1.061000,-0.548000,-0.034000,-15.176000,-96.305000,-20.656000,27.73
3.255023,1.288000,-0.450000,0.178000,-23.237000,-94.290000,-29.863000,27.73
3.261821,1.535000,-0.472000,0.543000,-22.183000,-93.893000,-34.458000,27.68
3.274249,1.550000,-0.594000,1.152000,-13.191000,-72.275000,-36.656000,27.73
3.280957,1.630000,-0.786000,1.894000,-7.206000,-6.015000,-37.145000,27.73
3.293081,2.240000,-1.048000,2.606000,-2.122000,79.038000,-30.122000,27.68
3.300517,3.276000,-1.541000,3.778000,4.183000,181.634000,4.260000,27.68
3.312449,2.961000,-0.694000,2.366000,-32.305000,320.321000,10.809000,27.64
3.324486,4.000000,0.875000,-2.360000,-25.893000,154.641000,5.679000,27.68
3.331819,1.406000,1.339000,-0.838000,77.176000,-84.168000,76.534000,27.64
3.343555,-0.133000,-0.184000,-0.946000,117.481000,74.977000,48.992000,27.73
3.350962,0.798000,-1.107000,-0.976000,88.061000,90.412000,45.359000,27.73
3.363619,1.328000,-0.688000,-0.856000,73.023000,-1.985000,52.244000,27.78
3.374940,0.982000,0.037000,-0.806000,42.885000,30.504000,27.527000,27.73
3.382782,0.721000,-0.476000,-0.956000,32.779000,16.595000,26.611000,27.64
3.394431,0.803000,-0.364000,-0.867000,21.832000,21.359000,13.924000,27.68
3.401467,0.790000,-0.312000,-0.803000,25.328000,-7.511000,5.084000,27.78
3.414045,0.670000,-0.113000,-0.777000,14.198000,2.183000,0.824000,27.82
3.420892,0.718000,-0.172000,-0.758000,-0.519000,12.107000,-2.702000,27.78
3.432905,0.657000,-0.122000,-0.765000,-5.817000,13.267000,-4.489000,27.68
3.445222,0.671000,-0.061000,-0.750000,-1.435000,12.626000,-2.198000,27.73
3.452383,0.685000,-0.052000,-0.714000,3.450000,7.832000,1.008000,27.73
3.464777,0.649000,-0.064000,-0.718000,3.832000,10.214000,3.084000,27.78
3.471777,0.652000,-0.075000,-0.727000,3.740000,12.351000,4.611000,27.73
3.484295,0.656000,-0.083000,-0.719000,5.160000,11.359000,5.969000,27.64
3.491505,0.673000,-0.106000,-0.720000,6.321000,10.595000,6.504000,27.78
3.503721,0.666000,-0.150000,-0.718000,6.748000,8.260000,5.496000,27.73
3.511017,0.664000,-0.167000,-0.721000,5.038000,9.649000,4.397000,27.64
3.524846,0.664000,-0.172000,-0.715000,3.115000,8.443000,2.931000,27.68
3.533416,0.666000,-0.179000,-0.709000,2.122000,8.168000,1.328000,27.68
3.542881,0.653000,-0.146000,-0.694000,2.473000,5.588000,1.206000,27.73
3.552261,0.667000,-0.122000,-0.690000,3.450000,4.489000,2.321000,27.73
3.562498,0.666000,-0.123000,-0.696000,3.908000,3.893000,2.397000,27.68
3.575202,0.632000,-0.115000,-0.719000,5.374000,3.145000,3.191000,27.64
3.582358,0.642000,-0.118000,-0.704000,9.893000,7.084000,3.466000,27.82
3.597212,0.650000,-0.160000,-0.735000,7.450000,4.550000,3.405000,27.78
3.601783,0.655000,-0.135000,-0.749000,-2.611000,-0.214000,3.496000,27.68
3.616545,0.645000,-0.123000,-0.779000,-1.099000,13.817000,4.504000,27.73
3.631923,0.612000,-0.128000,-0.810000,10.107000,12.870000,6.092000,27.64
3.635130,0.617000,-0.131000,-0.809000,7.115000,32.122000,5.786000,27.78
3.640713,0.608000,-0.083000,-0.758000,4.611000,38.397000,6.656000,27.64
3.652919,0.589000,-0.162000,-0.819000,-3.099000,37.160000,7.191000,27.73
3.665046,0.455000,-0.196000,-0.888000,-27.725000,89.756000,6.244000,27.68
3.672408,0.588000,-0.187000,-0.815000,9.130000,70.473000,7.466000,27.73
3.696439,0.527000,-0.178000,-0.966000,11.771000,71.130000,5.069000,27.64
3.697881,0.596000,-0.191000,-1.102000,-0.321000,122.870000,1.527000,27.68
3.703835,0.630000,-0.123000,-1.312000,28.733000,165.771000,-0.366000,27.68
3.711003,0.802000,0.073000,-1.157000,20.137000,212.916000,4.672000,27.73
3.723190,0.615000,0.137000,-1.322000,46.885000,238.550000,6.122000,27.64
3.735992,1.116000,-0.042000,-1.448000,70.580000,247.802000,11.450000,27.78
3.743081,0.930000,-0.158000,-1.504000,86.107000,265.832000,9.374000,27.68
3.754661,1.130000,0.001000,-1.847000,102.000000,248.183000,0.702000,27.73
3.762407,0.475000,0.795000,-2.195000,124.244000,213.542000,-37.786000,27.78
3.773347,-0.209000,1.329000,-2.491000,146.779000,168.122000,-105.481000,27.78
3.784877,-0.895000,1.108000,-2.635000,156.763000,110.000000,-153.939000,27.73
3.792484,-1.361000,0.406000,-2.666000,139.435000,49.344000,-155.053000,27.73
3.803684,-1.339000,-0.206000,-2.690000,96.992000,-1.038000,-104.137000,27.68
3.811168,-1.304000,-0.427000,-2.569000,51.832000,-48.382000,-40.519000,27.78
3.822930,-0.214000,-0.377000,-2.408000,4.992000,-89.511000,5.053000,27.73
3.834828,0.054000,-0.056000,-1.888000,-9.038000,-145.908000,21.527000,27.68
3.841782,0.399000,0.005000,-1.530000,-17.893000,-159.756000,17.954000,27.73
3.853707,0.813000,0.038000,-1.282000,-26.351000,-173.298000,12.580000,27.64
3.860304,0.700000,-0.015000,-1.084000,-28.458000,-181.145000,11.237000,27.82
3.872548,0.742000,-0.162000,-0.987000,-43.481000,-164.962000,10.031000,27.59
3.884269,0.834000,-0.183000,-0.949000,-58.641000,-151.634000,9.084000,27.78
3.891362,0.778000,-0.207000,-1.021000,-69.038000,-145.298000,5.450000,27.73
3.904364,0.621000,-0.189000,-1.031000,-74.290000,-137.115000,-1.252000,27.78
3.915007,0.737000,-0.137000,-1.047000,-76.092000,-134.519000,-8.092000,27.78
3.922383,0.915000,-0.234000,-1.073000,-66.718000,-129.435000,-6.214000,27.73
3.937547,0.977000,-0.337000,-1.117000,-53.053000,-166.916000,2.000000,27.73
3.943625,1.023000,-0.429000,-1.068000,-53.786000,-171.053000,10.031000,27.68
3.952818,1.031000,-0.406000,-1.030000,-61.496000,-178.031000,17.099000,27.73
3.964711,1.016000,-0.334000,-0.976000,-64.641000,-169.985000,21.267000,27.64
3.971914,1.127000,-0.269000,-0.953000,-66.275000,-169.649000,20.992000,27.78
3.987681,1.294000,-0.282000,-0.141000,-44.122000,-145.878000,36.718000,27.68
3.995383,1.435000,-0.461000,-0.228000,-38.840000,-112.244000,30.641000,27.64
4.002294,1.648000,-0.343000,-0.206000,-59.649000,-96.641000,4.107000,27.73
4.014299,1.786000,-0.129000,-0.277000,-63.282000,-112.947000,-13.206000,27.68
4.020843,1.599000,-0.088000,-0.291000,-59.023000,-126.809000,-22.565000,27.73
4.032928,1.267000,-0.152000,-0.212000,-56.748000,-131.786000,-27.725000,27.73
4.044318,1.052000,-0.199000,-0.094000,-58.092000,-121.634000,-29.817000,27.68
4.051356,1.064000,-0.307000,-0.021000,-63.206000,-109.176000,-27.939000,27.68
4.063301,1.250000,-0.408000,0.078000,-68.382000,-97.313000,-18.672000,27.73
4.075192,1.365000,-0.463000,0.264000,-65.969000,-89.710000,-3.908000,27.68
4.082334,1.469000,-0.534000,0.535000,-59.176000,-79.634000,7.160000,27.68
4.094392,1.561000,-0.538000,0.877000,-44.748000,-65.908000,15.557000,27.73
4.102681,1.662000,-0.585000,1.297000,-31.038000,-33.359000,16.351000,27.64
4.113688,1.895000,-0.624000,1.895000,-11.282000,16.702000,13.878000,27.68
4.120747,2.109000,-0.597000,2.795000,21.298000,104.397000,16.015000,27.73
4.132971,2.364000,-0.602000,3.328000,60.901000,239.496000,18.107000,27.73
4.144776,1.989000,-0.181000,-1.580000,19.206000,329.267000,-47.053000,27.68
4.151727,2.604000,0.481000,-2.304000,81.847000,113.420000,25.725000,27.68
4.164004,0.962000,-0.645000,-0.649000,77.649000,211.573000,44.733000,27.64
4.170982,2.911000,-0.086000,-1.862000,55.618000,215.053000,11.756000,27.68
4.183146,3.287000,-0.792000,-0.939000,35.053000,8.000000,31.939000,27.68
4.196426,0.202000,-0.181000,-0.908000,29.359000,18.137000,21.893000,27.64
4.202270,0.535000,-0.049000,-0.839000,12.672000,76.824000,15.511000,27.73
4.214513,1.155000,-0.088000,-0.692000,29.481000,13.924000,19.389000,27.68
4.221656,0.972000,-0.158000,-0.764000,30.366000,21.511000,15.649000,27.73
4.233772,0.706000,-0.004000,-0.799000,26.473000,7.618000,16.962000,27.73
4.241018,0.694000,-0.115000,-0.808000,22.107000,11.145000,13.588000,27.59
4.253085,0.740000,-0.237000,-0.830000,14.489000,7.649000,9.939000,27.68
4.268553,0.651000,-0.108000,-0.785000,11.130000,6.733000,7.557000,27.64
4.272803,0.647000,-0.115000,-0.770000,11.130000,8.519000,7.176000,27.73
4.284753,0.653000,-0.138000,-0.763000,12.153000,11.191000,7.481000,27.78
4.295917,0.664000,-0.165000,-0.749000,9.221000,10.260000,5.405000,27.64
4.304331,0.664000,-0.171000,-0.753000,6.443000,10.275000,2.901000,27.73
4.311607,0.643000,-0.143000,-0.748000,4.687000,11.023000,1.740000,27.68
4.324003,0.631000,-0.115000,-0.734000,3.542000,11.206000,1.588000,27.68
4.331331,0.635000,-0.108000,-0.730000,4.366000,9.725000,1.939000,27.82
4.343286,0.634000,-0.107000,-0.711000,5.450000,7.756000,2.855000,27.73
4.350921,0.621000,-0.098000,-0.720000,7.481000,6.748000,4.443000,27.78
4.363306,0.624000,-0.080000,-0.724000,8.885000,5.405000,6.473000,27.73
4.370966,0.673000,-0.087000,-0.680000,10.458000,3.450000,8.565000,27.64
4.382843,0.687000,-0.075000,-0.689000,12.351000,-0.718000,8.855000,27.78
4.394790,0.636000,-0.145000,-0.739000,11.695000,-1.450000,8.748000,27.78
4.401929,0.655000,-0.151000,-0.749000,10.031000,-2.076000,7.954000,27.73
4.414382,0.666000,-0.172000,-0.748000,8.916000,-1.817000,6.718000,27.73
4.421620,0.640000,-0.134000,-0.755000,8.931000,0.260000,6.901000,27.78
4.433922,0.663000,-0.143000,-0.747000,7.313000,-0.779000,8.015000,27.64
4.443612,0.650000,-0.113000,-0.735000,9.221000,2.916000,7.832000,27.73
4.453950,0.626000,-0.102000,-0.747000,3.664000,7.649000,9.084000,27.68
4.460877,0.645000,-0.101000,-0.786000,3.664000,13.344000,11.252000,27.73
4.473026,0.582000,-0.142000,-0.745000,13.603000,19.450000,12.534000,27.73
4.484914,0.618000,-0.114000,-0.771000,6.977000,20.382000,15.542000,27.68
4.494534,0.586000,-0.171000,-0.762000,23.267000,28.962000,18.260000,27.68
4.504196,0.533000,-0.146000,-0.828000,20.916000,36.748000,19.420000,27.73
4.512043,0.557000,-0.199000,-0.877000,29.527000,57.130000,15.939000,27.64
4.523195,0.434000,-0.061000,-0.977000,20.229000,69.008000,12.397000,27.68
4.530120,0.499000,-0.001000,-1.024000,8.412000,97.802000,11.603000,27.68
4.545364,0.409000,-0.053000,-1.031000,3.191000,116.229000,16.794000,27.73
4.562005,0.635000,-0.046000,-0.986000,-5.695000,124.641000,26.198000,27.68
4.564982,0.881000,0.190000,-1.035000,6.397000,144.031000,38.412000,27.68
4.573795,0.306000,0.454000,-1.592000,7.023000,130.168000,38.076000,27.73
4.581112,-0.135000,0.774000,-1.998000,5.191000,114.183000,36.702000,27.73
4.593095,-0.282000,1.050000,-2.211000,1.771000,83.771000,18.198000,27.78
4.600026,-0.466000,1.163000,-2.260000,2.321000,48.962000,-8.275000,27.64
4.612429,-0.471000,1.099000,-2.219000,-0.687000,16.687000,-35.695000,27.64
4.624285,-0.395000,0.914000,-2.152000,-7.160000,-13.191000,-53.115000,27.68
4.631106,-0.330000,0.683000,-1.997000,-17.069000,-35.008000,-60.321000,27.73
4.642998,-0.218000,0.392000,-1.805000,-27.511000,-51.786000,-55.908000,27.64
4.655126,-0.049000,0.124000,-1.679000,-37.710000,-63.008000,-42.748000,27.68
4.661808,0.105000,-0.172000,-1.542000,-51.969000,-70.015000,-25.084000,27.68
4.673888,0.263000,-0.285000,-1.361000,-61.023000,-76.840000,-2.504000,27.73
4.680683,0.237000,-0.386000,-1.226000,-71.023000,-72.489000,14.611000,27.73
4.692644,0.455000,-0.411000,-1.078000,-79.344000,-63.588000,30.031000,27.68
4.704840,0.664000,-0.426000,-0.953000,-82.290000,-63.420000,40.519000,27.73
4.711642,0.726000,-0.370000,-0.327000,-58.427000,-43.053000,39.252000,27.82
4.723948,1.076000,-0.648000,-0.176000,-45.099000,3.908000,25.130000,27.68
4.730786,1.164000,-0.599000,-0.546000,-51.221000,-11.756000,8.656000,27.68
4.742562,0.873000,-0.333000,-0.956000,-48.489000,-10.687000,-3.618000,27.64
4.754832,0.695000,-0.267000,-1.117000,-50.046000,-24.656000,-15.817000,27.73
4.761257,0.568000,-0.114000,-1.017000,-39.832000,-45.557000,-23.435000,27.68
4.773333,0.462000,-0.215000,-0.889000,-20.321000,-52.397000,-27.389000,27.73
4.780045,0.489000,-0.283000,-0.870000,-11.328000,-53.130000,-32.992000,27.73
4.792040,0.555000,-0.296000,-0.886000,-6.550000,-58.168000,-36.733000,27.68
4.804064,0.592000,-0.243000,-0.868000,-3.557000,-59.542000,-36.443000,27.73
4.811120,0.573000,-0.215000,-0.825000,0.565000,-67.023000,-34.977000,27.82
4.823106,0.559000,-0.180000,-0.808000,3.038000,-66.229000,-35.756000,27.64
4.830229,0.564000,-0.117000,-0.790000,5.786000,-65.450000,-39.450000,27.68
4.842124,0.611000,-0.123000,-0.831000,3.298000,-63.481000,-47.420000,27.64
4.854425,0.719000,-0.112000,-0.847000,0.092000,-69.176000,-53.573000,27.73
4.861027,0.827000,-0.159000,-0.877000,-4.565000,-81.160000,-56.931000,27.68
4.873637,0.885000,-0.191000,-0.805000,-5.985000,-101.160000,-56.137000,27.78
4.885080,0.808000,-0.254000,-0.733000,-8.015000,-114.809000,-53.771000,27.73
4.891515,0.671000,-0.285000,-0.681000,-10.000000,-117.084000,-49.160000,27.68
4.903787,0.590000,-0.315000,-0.394000,-9.115000,-101.679000,-39.954000,27.68
4.911686,0.913000,-0.535000,-0.412000,-20.504000,-81.893000,-35.466000,27.64
4.922440,1.161000,-0.490000,-0.418000,-30.595000,-83.542000,-27.145000,27.73
4.934600,1.170000,-0.439000,-0.336000,-31.527000,-89.847000,-12.168000,27.68
4.941646,1.142000,-0.520000,-0.180000,-34.611000,-86.122000,0.046000,27.78
4.953403,1.074000,-0.562000,-0.103000,-38.611000,-73.954000,7.496000,27.64
4.962663,1.213000,-0.617000,0.034000,-43.969000,-63.130000,15.008000,27.68
4.974635,1.401000,-0.627000,0.199000,-44.595000,-54.336000,26.611000,27.73
4.984636,1.420000,-0.626000,0.519000,-43.573000,-38.824000,40.458000,27.73
4.992594,1.412000,-0.625000,0.855000,-37.130000,-2.962000,54.534000,27.73
5.004201,1.552000,-0.674000,1.249000,-28.000000,49.939000,66.168000,27.78
5.010781,1.685000,-0.703000,1.760000,-14.092000,115.221000,79.313000,27.68
5.022952,1.848000,-0.509000,1.716000,-1.374000,211.756000,91.130000,27.64
5.035052,2.149000,0.294000,-1.768000,-27.023000,205.695000,41.221000,27.68
5.042071,1.733000,1.540000,-1.372000,6.534000,50.916000,25.206000,27.68
5.056936,1.137000,0.655000,-0.667000,36.214000,140.031000,4.443000,27.64
5.061065,1.507000,-0.335000,-1.099000,65.328000,111.206000,-8.534000,27.73
5.073362,0.949000,-0.837000,-0.897000,57.817000,72.656000,15.939000,27.68
5.080480,0.653000,-0.466000,-0.808000,24.153000,96.137000,25.542000,27.64
5.092742,1.621000,0.560000,-0.800000,31.359000,90.901000,28.290000,27.73
5.105044,1.189000,0.074000,-0.599000,46.122000,52.824000,17.221000,27.68
5.111796,0.764000,-0.606000,-0.857000,47.145000,42.840000,26.656000,27.59
5.124081,0.820000,-0.249000,-0.811000,40.183000,31.359000,31.878000,27.64
5.131092,0.896000,-0.010000,-0.813000,32.626000,28.000000,16.519000,27.68
5.143607,0.843000,-0.363000,-0.857000,19.435000,26.260000,13.924000,27.73
5.150364,0.750000,-0.251000,-0.833000,12.015000,18.183000,11.450000,27.73
5.162507,0.724000,-0.105000,-0.789000,11.160000,16.046000,5.496000,27.68
5.175566,0.711000,-0.165000,-0.797000,9.588000,9.664000,3.985000,27.68
5.181986,0.716000,-0.115000,-0.760000,5.374000,10.214000,2.916000,27.64
5.196483,0.710000,-0.089000,-0.761000,2.015000,9.359000,0.901000,27.82
5.201510,0.704000,-0.113000,-0.768000,-0.595000,7.282000,-0.046000,27.68
5.218298,0.674000,-0.076000,-0.736000,-0.779000,6.214000,0.305000,27.78
5.221287,0.646000,-0.059000,-0.743000,0.382000,6.672000,1.191000,27.64
5.233802,0.649000,-0.090000,-0.737000,0.290000,7.191000,2.290000,27.68
5.245323,0.648000,-0.104000,-0.720000,0.137000,7.939000,3.481000,27.78
5.253554,0.628000,-0.108000,-0.720000,0.794000,7.725000,4.550000,27.64
5.260618,0.615000,-0.068000,-0.713000,1.924000,8.473000,5.649000,27.64
5.273069,0.583000,-0.037000,-0.706000,4.534000,10.092000,7.023000,27.68
5.280114,0.599000,-0.039000,-0.712000,8.137000,11.908000,8.779000,27.87
5.293166,0.631000,-0.063000,-0.699000,11.511000,15.069000,10.183000,27.64
5.307223,0.598000,-0.049000,-0.665000,13.374000,16.626000,12.229000,27.68
5.311491,0.615000,-0.041000,-0.678000,20.565000,8.321000,13.038000,27.73
5.324170,0.670000,-0.106000,-0.697000,22.183000,4.137000,14.611000,27.73
5.330967,0.637000,-0.094000,-0.732000,15.847000,13.863000,13.435000,27.73
5.345491,0.649000,-0.095000,-0.692000,23.069000,-10.885000,13.282000,27.78
5.351434,0.649000,-0.108000,-0.750000,24.901000,12.885000,12.489000,27.68
5.362216,0.625000,-0.092000,-0.735000,26.366000,-1.344000,13.374000,27.73
5.375679,0.725000,-0.172000,-0.783000,23.710000,10.397000,10.565000,27.78
5.381535,0.682000,-0.160000,-0.733000,18.855000,8.305000,9.527000,27.78
5.393949,0.699000,-0.184000,-0.788000,11.282000,9.496000,3.924000,27.73
5.403136,0.601000,-0.125000,-0.782000,9.237000,7.160000,3.725000,27.73
5.418459,0.664000,-0.161000,-0.805000,9.664000,11.389000,3.725000,27.68
5.422005,0.635000,-0.119000,-0.813000,7.725000,16.351000,3.252000,27.64
5.433081,0.576000,-0.148000,-0.834000,2.458000,38.458000,5.069000,27.64
5.447059,0.514000,-0.192000,-0.818000,3.145000,40.794000,5.695000,27.78
5.452349,0.477000,-0.117000,-0.843000,12.397000,46.366000,7.237000,27.68
5.466034,0.613000,-0.192000,-0.838000,13.466000,64.824000,7.344000,27.64
5.471859,0.703000,-0.218000,-0.774000,12.885000,81.282000,4.397000,27.59
5.484020,0.689000,-0.175000,-0.837000,11.649000,81.237000,3.710000,27.78
5.505428,0.667000,-0.104000,-0.935000,3.969000,86.779000,3.298000,27.73
5.505973,0.584000,0.476000,-0.973000,28.595000,110.580000,12.397000,27.73
5.510439,0.714000,-0.108000,-0.831000,11.893000,120.748000,15.649000,27.68
5.523013,0.857000,0.075000,-0.873000,15.847000,132.473000,18.153000,27.68
5.534499,0.707000,-0.209000,-0.965000,19.893000,148.702000,16.015000,27.64
5.541576,0.673000,0.052000,-1.175000,23.740000,150.855000,16.168000,27.68
5.553764,0.201000,0.523000,-1.738000,38.046000,143.847000,-0.427000,27.68
5.566162,-0.133000,0.791000,-2.073000,46.214000,112.748000,-26.595000,27.73
5.572945,-0.318000,0.863000,-2.258000,44.351000,77.450000,-55.710000,27.59
5.584931,-0.494000,0.738000,-2.243000,35.817000,37.267000,-76.718000,27.68
5.591761,-0.667000,0.529000,-2.261000,27.160000,2.229000,-82.061000,27.64
5.607329,-0.687000,0.157000,-2.210000,7.756000,-35.344000,-70.748000,27.73
5.610489,-0.543000,-0.006000,-2.105000,-10.565000,-65.038000,-46.595000,27.68
5.622891,-0.421000,-0.105000,-1.935000,-26.214000,-84.198000,-21.359000,27.68
5.636819,-0.227000,-0.114000,-1.773000,-40.748000,-103.710000,1.069000,27.64
5.641851,-0.053000,-0.025000,-1.591000,-51.588000,-108.840000,16.962000,27.68
5.653012,0.288000,0.002000,-1.450000,-64.229000,-112.092000,25.664000,27.64
5.662609,0.474000,0.110000,-1.199000,-59.313000,-116.580000,31.466000,27.73
5.671835,0.650000,-0.036000,-1.055000,-55.374000,-113.832000,36.656000,27.64
5.686433,0.713000,-0.204000,-0.924000,-55.389000,-108.901000,49.053000,27.78
5.690737,0.944000,-0.520000,-0.673000,-64.962000,-88.947000,58.992000,27.73
5.703747,0.922000,-0.473000,-0.469000,-66.672000,-70.107000,66.931000,27.73
5.714847,1.494000,-0.441000,-0.037000,-52.321000,-41.160000,64.153000,27.59
5.725247,1.724000,-0.759000,0.374000,-36.107000,5.588000,52.962000,27.78
5.734028,1.650000,-0.572000,-0.047000,-40.244000,21.130000,25.618000,27.73
5.749899,1.100000,-0.139000,-0.508000,-32.336000,2.809000,-2.763000,27.64
5.752997,0.810000,0.164000,-0.785000,-21.817000,-15.084000,-19.405000,27.68
5.766261,0.578000,0.108000,-0.910000,-5.603000,-18.015000,-26.015000,27.64
5.774433,0.444000,0.063000,-0.922000,5.084000,-36.992000,-27.069000,27.64
5.786021,0.412000,0.009000,-0.904000,11.664000,-31.145000,-31.664000,27.59
5.791611,0.446000,0.014000,-0.983000,12.763000,-37.908000,-35.084000,27.78
5.803418,0.495000,0.038000,-1.005000,15.069000,-39.786000,-36.733000,27.73
5.812868,0.553000,0.030000,-0.948000,22.641000,-48.977000,-35.863000,27.78
5.824267,0.646000,-0.076000,-0.970000,22.641000,-51.695000,-37.282000,27.68
5.834276,0.766000,-0.109000,-0.922000,17.450000,-60.229000,-36.885000,27.73
5.841906,0.826000,-0.139000,-0.861000,12.687000,-68.076000,-33.542000,27.64
5.853077,0.840000,-0.176000,-0.728000,5.954000,-72.672000,-27.435000,27.68
5.862316,0.864000,-0.206000,-0.671000,-6.412000,-69.053000,-23.496000,27.68
5.874856,0.929000,-0.182000,-0.650000,-19.313000,-65.328000,-21.466000,27.73
5.883963,1.040000,-0.154000,-0.601000,-26.260000,-66.580000,-19.817000,27.73
5.890705,1.018000,-0.084000,-0.556000,-29.527000,-69.939000,-20.137000,27.68
5.903029,1.029000,-0.081000,-0.474000,-26.870000,-83.817000,-23.710000,27.64
5.914596,1.018000,-0.175000,-0.419000,-26.962000,-80.611000,-33.084000,27.82
5.923822,1.041000,-0.259000,-0.359000,-29.756000,-77.374000,-42.351000,27.68
5.933733,1.043000,-0.352000,-0.277000,-27.145000,-78.443000,-46.809000,27.64
5.939011,0.951000,-0.489000,-0.089000,-20.305000,-78.458000,-46.901000,27.64
5.953086,0.865000,-0.585000,0.034000,-16.244000,-62.977000,-45.969000,27.68
5.965952,0.844000,-0.661000,0.211000,-13.908000,-43.405000,-39.038000,27.68
5.970762,1.036000,-0.706000,0.409000,-15.786000,-13.023000,-27.618000,27.73
5.983222,1.194000,-0.653000,0.598000,-18.107000,16.061000,-12.489000,27.73
5.988749,1.589000,-0.626000,0.881000,-21.695000,52.534000,-1.359000,27.59
6.003014,2.109000,-0.701000,1.340000,-17.084000,79.527000,4.244000,27.73
6.016274,2.766000,-0.989000,2.083000,4.351000,107.359000,27.130000,27.64
6.021940,1.739000,-0.965000,1.755000,14.748000,175.191000,43.771000,27.68
6.034907,3.438000,0.256000,-2.030000,-11.221000,122.168000,-0.626000,27.68
6.041613,0.852000,0.843000,-1.244000,43.405000,-40.931000,30.519000,27.64
6.053047,-0.607000,-0.500000,-0.629000,51.191000,134.305000,1.863000,27.64
6.064917,1.829000,-0.530000,-1.092000,68.565000,118.534000,29.023000,27.68
6.072349,1.197000,-0.261000,-0.486000,44.611000,49.832000,32.198000,27.64
6.087536,0.947000,0.602000,-0.812000,49.542000,94.504000,26.076000,27.82
6.091197,0.970000,-0.418000,-0.867000,71.679000,33.053000,37.573000,27.59
6.103394,1.045000,-0.401000,-0.923000,59.023000,16.824000,30.427000,27.73
6.113864,0.875000,-0.433000,-0.846000,40.076000,-2.580000,17.008000,27.64
6.125340,0.742000,-0.303000,-0.802000,13.786000,-4.763000,7.008000,27.64
6.135249,0.789000,-0.164000,-0.752000,7.435000,1.221000,3.817000,27.68
6.143188,0.773000,-0.194000,-0.721000,4.153000,1.634000,2.672000,27.64
6.155028,0.746000,-0.172000,-0.716000,4.214000,1.374000,1.069000,27.73
6.164630,0.725000,-0.173000,-0.714000,2.473000,2.611000,0.183000,27.68
6.174746,0.673000,-0.095000,-0.737000,0.931000,5.679000,0.855000,27.68
6.182163,0.669000,-0.113000,-0.744000,-0.092000,8.229000,2.260000,27.73
6.194200,0.674000,-0.148000,-0.726000,-0.351000,10.046000,1.634000,27.73
6.201606,0.663000,-0.145000,-0.727000,-0.916000,10.947000,0.672000,27.68
6.213559,0.678000,-0.154000,-0.731000,-2.687000,12.687000,0.107000,27.73
6.220731,0.675000,-0.152000,-0.738000,-5.557000,15.344000,-0.198000,27.64
6.232889,0.667000,-0.107000,-0.717000,-6.763000,16.718000,0.107000,27.68
6.245073,0.653000,-0.078000,-0.714000,-5.557000,16.351000,0.885000,27.68
6.252266,0.677000,-0.099000,-0.699000,-3.649000,15.252000,2.015000,27.73
6.264550,0.673000,-0.116000,-0.665000,-2.183000,12.779000,2.824000,27.68
6.271559,0.637000,-0.104000,-0.698000,0.931000,11.405000,3.237000,27.64
6.284127,0.695000,-0.098000,-0.695000,-8.901000,11.756000,5.985000,27.64
6.294804,0.667000,-0.124000,-0.715000,9.863000,8.519000,5.344000,27.64
6.303142,0.682000,-0.188000,-0.692000,4.580000,25.237000,2.733000,27.59
6.310506,0.698000,-0.153000,-0.682000,1.435000,7.771000,4.275000,27.73
6.322722,0.681000,-0.127000,-0.678000,1.359000,14.229000,4.779000,27.64
6.335937,0.705000,-0.114000,-0.653000,7.756000,0.870000,5.908000,27.68
6.343526,0.684000,-0.114000,-0.679000,6.427000,4.336000,6.580000,27.59
6.355123,0.683000,-0.151000,-0.751000,3.267000,11.115000,7.252000,27.73
6.362615,0.646000,-0.123000,-0.760000,2.107000,14.641000,7.847000,27.68
6.377522,0.627000,-0.102000,-0.784000,3.908000,22.595000,8.122000,27.78
6.381761,0.635000,-0.113000,-0.825000,4.305000,29.298000,8.992000,27.73
6.394970,0.610000,-0.087000,-0.855000,4.611000,43.939000,9.664000,27.73
6.401951,0.599000,-0.126000,-0.875000,3.115000,63.374000,9.160000,27.59
6.413977,0.611000,-0.127000,-0.849000,4.198000,83.588000,6.229000,27.73
6.420940,0.590000,-0.248000,-0.942000,29.786000,99.069000,2.260000,27.73
6.433097,0.596000,-0.151000,-0.994000,30.519000,118.809000,-3.237000,27.68
6.444902,0.587000,-0.115000,-1.163000,38.504000,159.008000,-2.840000,27.73
6.452076,0.587000,-0.109000,-1.355000,43.053000,199.817000,3.252000,27.64
6.464288,0.764000,0.069000,-1.348000,42.183000,237.008000,8.748000,27.64
6.471258,1.059000,0.019000,-1.374000,53.023000,255.038000,13.786000,27.68
6.483145,0.791000,-0.008000,-1.270000,61.954000,251.405000,13.511000,27.73
6.495465,0.747000,0.368000,-2.459000,50.534000,217.939000,-14.015000,27.73
6.502083,-0.434000,1.142000,-2.686000,52.061000,119.237000,-44.427000,27.68
6.516242,-0.927000,1.085000,-2.758000,58.779000,65.817000,-78.214000,27.68
6.522292,-1.160000,0.694000,-2.709000,41.924000,-4.076000,-88.000000,27.64
6.533057,-1.134000,0.280000,-2.619000,8.931000,-59.374000,-70.153000,27.68
6.544784,-0.969000,-0.003000,-2.429000,-26.748000,-109.359000,-36.809000,27.68
6.551500,-0.673000,-0.161000,-2.286000,-57.298000,-149.817000,-0.137000,27.64
6.563580,-0.222000,-0.215000,-2.060000,-74.611000,-178.061000,28.550000,27.73
6.570085,0.005000,-0.230000,-1.862000,-88.580000,-203.176000,48.855000,27.68
6.582385,0.124000,-0.179000,-1.652000,-95.939000,-208.641000,59.053000,27.59
6.593981,0.868000,-0.380000,-1.585000,-106.275000,-204.962000,64.626000,27.73
6.600760,0.868000,-0.177000,-1.407000,-102.763000,-208.336000,68.183000,27.78
6.612355,0.840000,-0.248000,-1.349000,-103.344000,-188.031000,69.053000,27.64
6.624374,1.822000,-0.374000,-1.445000,-122.534000,-161.893000,68.489000,27.73
6.631101,2.523000,-0.400000,-1.129000,-114.397000,-137.481000,59.099000,27.64
6.642902,1.832000,-0.335000,-0.136000,-114.168000,-180.473000,53.008000,27.68
6.654891,2.322000,-0.842000,-0.233000,-103.817000,-152.550000,33.939000,27.64
6.661731,2.352000,-0.784000,0.276000,-101.802000,-178.840000,0.321000,27.82
6.673722,1.996000,-0.613000,0.511000,-92.504000,-161.115000,-24.473000,27.68
6.680397,1.966000,-0.642000,0.636000,-75.954000,-150.779000,-44.656000,27.68
6.692458,1.970000,-0.603000,0.874000,-56.107000,-147.603000,-54.977000,27.73
6.709673,1.824000,-0.602000,1.287000,-28.779000,-136.687000,-54.962000,27.59
6.711085,1.577000,-0.701000,1.696000,0.061000,-92.809000,-53.802000,27.68
6.723715,1.522000,-0.896000,1.895000,17.618000,-25.664000,-63.115000,27.73
6.730239,2.005000,-1.127000,1.974000,23.298000,37.542000,-71.863000,27.73
6.742448,2.545000,-1.242000,2.542000,29.771000,84.687000,-54.672000,27.68
6.754632,0.911000,-0.757000,0.038000,32.153000,160.427000,-25.878000,27.54
6.761960,2.604000,-0.550000,-2.510000,4.412000,82.641000,20.336000,27.73
6.774193,0.300000,0.469000,-0.654000,29.511000,-34.718000,54.305000,27.68
6.780888,0.664000,-0.336000,-0.904000,36.885000,129.786000,-2.122000,27.64
6.793485,1.145000,-0.659000,-1.139000,39.634000,43.313000,-8.901000,27.64
6.800618,0.644000,-0.824000,-0.863000,5.603000,58.824000,8.015000,27.64
6.812556,1.156000,0.129000,-1.211000,-11.038000,94.519000,9.008000,27.59
6.825117,1.149000,0.361000,-0.625000,0.779000,39.557000,-8.183000,27.73
6.832272,0.715000,-0.201000,-0.829000,9.084000,41.924000,-2.718000,27.64
6.844305,0.749000,-0.140000,-0.842000,9.252000,35.710000,10.718000,27.68
6.851584,0.836000,0.189000,-0.807000,9.954000,31.344000,6.580000,27.59
6.864037,0.837000,-0.002000,-0.800000,10.962000,26.107000,5.160000,27.64
6.871131,0.702000,-0.140000,-0.805000,10.809000,18.672000,10.290000,27.68
6.883264,0.717000,-0.014000,-0.776000,12.198000,17.969000,10.641000,27.68
6.895294,0.693000,-0.063000,-0.781000,14.580000,12.183000,10.214000,27.54
6.902420,0.684000,-0.146000,-0.789000,10.977000,13.664000,9.176000,27.73
6.914597,0.694000,-0.124000,-0.761000,7.481000,11.160000,7.298000,27.59
6.922216,0.674000,-0.123000,-0.767000,5.847000,10.092000,5.466000,27.68
6.934607,0.682000,-0.140000,-0.762000,4.198000,6.992000,4.382000,27.64
6.941797,0.632000,-0.108000,-0.736000,3.298000,3.847000,4.382000,27.68
6.953878,0.575000,-0.090000,-0.727000,3.450000,5.038000,6.046000,27.64
6.961322,0.576000,-0.035000,-0.713000,5.405000,6.489000,9.389000,27.64
6.973864,0.569000,0.026000,-0.706000,10.458000,8.733000,13.893000,27.64
6.980578,0.575000,0.039000,-0.741000,17.802000,10.733000,18.519000,27.68
6.993986,0.580000,-0.008000,-0.743000,23.710000,13.985000,22.885000,27.68
7.007260,0.615000,-0.043000,-0.756000,25.527000,18.336000,26.122000,27.64
7.012177,0.646000,-0.106000,-0.756000,25.511000,20.397000,27.832000,27.59
7.023907,0.625000,-0.109000,-0.757000,24.244000,24.931000,28.168000,27.68
7.031100,0.521000,-0.042000,-0.769000,20.168000,36.977000,28.824000,27.64
7.043069,0.495000,-0.011000,-0.820000,28.122000,49.374000,27.206000,27.64
7.050408,0.465000,-0.065000,-0.906000,28.763000,67.115000,23.924000,27.68
7.067012,0.422000,-0.101000,-0.978000,25.313000,82.031000,22.992000,27.64
7.074471,0.560000,-0.112000,-1.022000,20.718000,105.420000,30.336000,27.64
7.081518,0.813000,-0.343000,-1.021000,4.198000,112.489000,31.786000,27.68
7.095375,0.454000,0.034000,-1.156000,4.672000,122.412000,49.221000,27.59
7.103020,0.459000,0.064000,-1.285000,-23.634000,149.298000,60.489000,27.64
7.112557,0.510000,0.261000,-1.291000,-25.893000,152.580000,69.893000,27.73
7.124799,0.451000,0.424000,-1.557000,-8.641000,143.191000,69.511000,27.68
7.135253,0.213000,0.342000,-1.623000,5.008000,122.137000,63.069000,27.64
7.144338,0.017000,0.387000,-1.654000,1.237000,110.046000,51.557000,27.54
7.151702,0.029000,0.440000,-1.738000,-4.519000,84.534000,39.618000,27.59
7.163410,-0.046000,0.467000,-1.742000,-12.107000,60.229000,27.695000,27.68
7.170513,-0.054000,0.453000,-1.682000,-14.489000,25.374000,18.611000,27.64
7.182555,-0.028000,0.406000,-1.623000,-22.046000,4.061000,12.977000,27.68
7.195806,-0.022000,0.388000,-1.574000,-30.870000,-20.351000,9.588000,27.68
7.201561,0.011000,0.329000,-1.489000,-40.031000,-36.718000,5.771000,27.64
7.216813,0.205000,0.208000,-1.461000,-53.664000,-54.305000,-1.389000,27.73
7.220582,0.316000,0.195000,-1.381000,-57.573000,-75.176000,-6.244000,27.68
7.232851,0.354000,0.162000,-1.269000,-55.817000,-87.969000,-9.802000,27.64
7.244805,0.466000,0.062000,-1.183000,-56.489000,-96.366000,-15.084000,27.64
7.251518,0.547000,0.031000,-1.104000,-58.977000,-106.687000,-18.763000,27.68
7.263513,0.585000,-0.004000,-1.049000,-60.947000,-112.214000,-21.878000,27.78
7.270127,0.669000,-0.055000,-1.031000,-64.000000,-115.115000,-25.527000,27.64
7.281814,0.735000,-0.077000,-0.966000,-66.046000,-117.679000,-26.427000,27.64
7.293769,0.745000,-0.076000,-0.912000,-65.466000,-120.565000,-26.718000,27.68
7.300471,0.752000,-0.090000,-0.862000,-64.198000,-118.061000,-27.710000,27.64
7.312272,0.784000,-0.091000,-0.828000,-61.817000,-114.595000,-29.557000,27.73
7.324253,1.485000,-0.131000,-0.174000,4.565000,-100.947000,-15.191000,27.78
7.331455,0.998000,-0.515000,0.139000,18.473000,-54.611000,-22.305000,27.68
7.343337,1.386000,-0.567000,-0.132000,2.550000,-13.511000,-52.473000,27.73
7.353187,1.461000,-0.354000,-0.375000,5.908000,-39.634000,-52.901000,27.78
7.362259,1.136000,-0.389000,-0.475000,2.977000,-43.069000,-47.038000,27.68
7.374699,0.872000,-0.369000,-0.489000,-3.664000,-38.718000,-44.916000,27.73
7.381434,0.866000,-0.400000,-0.518000,-12.412000,-37.802000,-41.771000,27.73
7.393214,0.902000,-0.387000,-0.487000,-19.252000,-42.656000,-35.863000,27.59
7.405333,0.852000,-0.365000,-0.486000,-21.939000,-40.962000,-28.153000,27.73
7.411905,0.764000,-0.402000,-0.435000,-23.832000,-34.275000,-22.366000,27.64
7.423917,0.723000,-0.386000,-0.435000,-24.031000,-27.359000,-17.771000,27.68
7.430799,0.670000,-0.401000,-0.402000,-23.191000,-20.626000,-13.557000,27.68
7.446416,0.673000,-0.412000,-0.403000,-23.542000,-12.901000,-9.160000,27.64
7.454868,0.823000,-0.525000,-0.468000,-30.061000,-5.908000,-8.718000,27.68
7.461520,0.992000,-0.607000,-0.323000,-34.656000,-14.992000,-8.168000,27.64
7.474766,0.953000,-0.578000,0.066000,-23.649000,-21.435000,-3.191000,27.64
7.482441,0.907000,-0.623000,0.483000,-4.779000,-0.672000,0.321000,27.64
7.493069,1.057000,-0.638000,0.971000,20.763000,36.031000,3.725000,27.68
7.500429,1.445000,-0.758000,1.472000,43.252000,90.489000,4.992000,27.73
7.512890,2.607000,-1.295000,2.533000,53.420000,160.443000,6.183000,27.64
7.525467,2.960000,-0.399000,-0.757000,13.252000,190.779000,-11.450000,27.68
7.531559,2.551000,0.000000,-1.701000,44.885000,-22.733000,31.145000,27.68
7.544699,-0.090000,0.355000,-0.600000,51.405000,20.840000,47.038000,27.73
7.551033,1.052000,-0.084000,-1.146000,71.496000,132.489000,29.038000,27.68
7.563395,1.142000,-1.067000,-0.940000,77.954000,-11.481000,30.794000,27.68
7.576048,0.949000,-0.535000,-0.990000,41.466000,22.870000,30.489000,27.73
7.586431,0.940000,0.131000,-0.782000,26.260000,13.008000,13.038000,27.73
7.594484,0.767000,-0.346000,-0.885000,24.611000,1.405000,14.046000,27.68
7.601649,0.809000,-0.162000,-0.764000,21.374000,4.580000,10.336000,27.73
7.617573,0.748000,-0.107000,-0.731000,20.336000,-10.748000,8.061000,27.64
7.620979,0.671000,-0.136000,-0.788000,14.046000,-0.580000,7.542000,27.59
7.641571,0.695000,-0.145000,-0.765000,8.458000,1.267000,6.183000,27.64
7.643827,0.656000,-0.166000,-0.749000,4.656000,0.962000,4.794000,27.64
7.652912,0.677000,-0.173000,-0.759000,4.840000,4.076000,4.305000,27.73
7.660316,0.677000,-0.195000,-0.743000,3.832000,5.252000,2.504000,27.68
7.675728,0.660000,-0.171000,-0.747000,1.695000,7.328000,0.992000,27.64
7.684867,0.650000,-0.166000,-0.720000,-0.641000,8.763000,0.305000,27.64
7.692503,0.656000,-0.148000,-0.727000,-1.664000,9.420000,0.351000,27.68
7.704560,0.646000,-0.145000,-0.729000,-0.366000,8.748000,0.794000,27.68
7.712053,0.615000,-0.091000,-0.711000,0.061000,10.412000,1.145000,27.73
7.724358,0.593000,-0.091000,-0.770000,1.679000,13.084000,1.985000,27.68
7.731715,0.630000,-0.123000,-0.751000,2.641000,16.565000,2.855000,27.68
7.743846,0.638000,-0.157000,-0.723000,3.695000,15.863000,2.641000,27.64
7.751585,0.649000,-0.145000,-0.717000,3.115000,15.176000,2.458000,27.64
7.763239,0.641000,-0.119000,-0.709000,2.534000,15.313000,3.481000,27.59
7.770713,0.660000,-0.133000,-0.719000,0.901000,16.076000,4.885000,27.64
7.782742,0.645000,-0.124000,-0.720000,2.275000,14.351000,6.076000,27.64
7.795254,0.657000,-0.115000,-0.703000,2.855000,11.130000,7.847000,27.68
7.802320,0.663000,-0.142000,-0.720000,5.420000,9.313000,9.206000,27.64
7.814798,0.662000,-0.144000,-0.730000,5.496000,10.168000,10.229000,27.64
7.821835,0.666000,-0.158000,-0.744000,5.878000,12.626000,10.458000,27.64
7.834189,0.626000,-0.131000,-0.772000,3.389000,18.382000,11.863000,27.68
7.841160,0.615000,-0.099000,-0.784000,5.710000,25.191000,13.496000,27.64
7.853395,0.632000,-0.150000,-0.792000,6.626000,34.687000,15.038000,27.54
7.861715,0.667000,-0.148000,-0.768000,7.374000,41.771000,15.405000,27.59
7.872813,0.639000,-0.153000,-0.794000,12.611000,48.779000,17.802000,27.59
7.884781,0.566000,-0.191000,-0.857000,12.412000,61.053000,17.191000,27.64
7.895710,0.509000,-0.159000,-1.003000,7.603000,89.282000,19.130000,27.68
7.904169,0.492000,0.304000,-1.127000,51.573000,131.389000,25.634000,27.68
7.910950,0.548000,-0.150000,-1.132000,37.588000,160.260000,34.763000,27.64
7.923506,0.862000,-0.030000,-1.137000,46.015000,193.145000,39.771000,27.73
7.936256,0.730000,-0.023000,-1.099000,46.595000,205.695000,49.298000,27.59
7.942235,0.954000,-0.162000,-1.035000,53.481000,215.038000,56.336000,27.64
7.954233,0.874000,-0.044000,-0.943000,58.840000,212.626000,56.733000,27.73
7.961349,1.013000,-0.069000,-1.049000,59.267000,216.977000,60.656000,27.68
7.973460,0.794000,0.372000,-1.472000,62.580000,198.092000,53.237000,27.73
7.979411,0.399000,0.612000,-2.150000,51.435000,136.382000,32.061000,27.54
7.992863,-0.231000,1.077000,-2.165000,52.137000,76.855000,0.366000,27.78
8.007039,-0.541000,1.170000,-2.243000,43.221000,33.954000,-35.969000,27.59
8.011818,-0.679000,1.047000,-2.209000,27.145000,-14.718000,-60.947000,27.64
8.023614,-0.670000,0.754000,-2.165000,4.412000,-54.229000,-71.176000,27.64
8.032778,-0.583000,0.434000,-2.053000,-22.137000,-89.405000,-65.649000,27.68
8.041881,-0.340000,0.079000,-1.914000,-54.504000,-111.405000,-51.435000,27.59
8.053854,-0.021000,-0.093000,-1.785000,-82.565000,-134.229000,-32.977000,27.64
8.060590,0.142000,-0.100000,-1.589000,-98.427000,-146.290000,-17.084000,27.68
8.072534,0.397000,-0.159000,-1.422000,-103.786000,-148.702000,-3.328000,27.68
8.084434,0.898000,-0.292000,-1.417000,-111.832000,-158.107000,1.008000,27.64
8.091306,0.727000,-0.086000,-1.061000,-102.183000,-162.305000,5.282000,27.64
8.104164,0.786000,-0.074000,-1.028000,-89.756000,-148.595000,12.260000,27.68
8.116034,0.712000,-0.094000,-1.028000,-89.038000,-136.366000,8.641000,27.64
8.122243,0.814000,-0.134000,-1.110000,-97.145000,-122.580000,0.534000,27.64
8.138377,0.905000,-0.054000,-1.065000,-105.420000,-125.344000,-16.855000,27.68
8.140708,1.088000,-0.014000,-1.077000,-96.076000,-143.099000,-25.618000,27.73
8.152719,1.698000,0.035000,0.126000,-10.046000,-127.740000,-28.183000,27.73
8.164850,1.618000,-0.800000,0.546000,32.000000,-65.725000,-42.519000,27.59
8.171896,1.687000,-0.915000,0.107000,20.809000,-36.565000,-73.313000,27.78
8.183784,1.581000,-0.559000,-0.292000,10.947000,-59.878000,-82.779000,27.64
8.190694,1.080000,-0.370000,-0.622000,3.038000,-66.275000,-77.588000,27.54
8.202661,0.801000,-0.348000,-0.734000,-4.198000,-66.931000,-72.275000,27.68
8.214658,0.566000,-0.235000,-0.609000,-2.885000,-67.313000,-66.153000,27.73
8.221761,0.491000,-0.247000,-0.614000,3.725000,-59.053000,-58.336000,27.64
8.234835,0.577000,-0.316000,-0.726000,1.481000,-48.870000,-53.832000,27.59
8.240840,0.660000,-0.293000,-0.814000,-5.038000,-51.145000,-47.985000,27.68
8.252541,0.685000,-0.268000,-0.852000,-11.053000,-56.229000,-38.962000,27.73
8.264448,0.693000,-0.245000,-0.907000,-18.183000,-61.176000,-28.290000,27.64
8.271215,0.678000,-0.213000,-0.925000,-28.260000,-67.771000,-15.878000,27.68
8.283220,0.616000,-0.183000,-0.920000,-42.198000,-71.618000,-4.504000,27.64
8.295335,0.550000,-0.121000,-0.882000,-56.000000,-72.397000,4.748000,27.64
8.302363,0.520000,-0.095000,-0.835000,-66.275000,-68.244000,11.603000,27.78
8.314046,0.576000,-0.139000,-0.807000,-76.397000,-64.672000,15.298000,27.64
8.321011,0.669000,-0.188000,-0.833000,-87.802000,-64.198000,16.229000,27.64
8.332933,0.808000,-0.214000,-0.794000,-98.443000,-72.809000,14.046000,27.78
8.345060,0.866000,-0.146000,-0.672000,-98.733000,-85.069000,13.023000,27.68
8.351978,0.843000,-0.104000,-0.502000,-87.435000,-90.168000,11.130000,27.64
8.363885,0.844000,-0.163000,-0.333000,-73.298000,-88.992000,3.618000,27.54
8.370804,0.872000,-0.182000,-0.226000,-62.046000,-82.870000,-9.145000,27.68
8.382716,1.019000,-0.143000,-0.007000,-38.321000,-74.519000,-19.679000,27.82
8.395070,1.131000,-0.266000,0.186000,-11.450000,-66.046000,-33.573000,27.64
8.401761,1.153000,-0.291000,0.353000,18.260000,-56.092000,-48.137000,27.68
8.414017,1.336000,-0.494000,0.547000,34.550000,-44.992000,-63.588000,27.68
8.421760,1.414000,-0.655000,1.185000,48.321000,-23.817000,-64.992000,27.64
8.433096,1.543000,-0.736000,2.147000,65.328000,49.985000,-57.328000,27.68
8.446181,1.957000,-0.993000,3.269000,98.947000,164.580000,-27.176000,27.68
8.452092,0.862000,-0.435000,-0.465000,99.802000,312.305000,-32.580000,27.73
8.464001,2.127000,-1.168000,-2.777000,90.626000,166.534000,14.992000,27.54
8.471292,1.091000,-0.632000,-0.532000,66.229000,152.779000,60.824000,27.59
8.482820,1.607000,-0.968000,-1.093000,34.672000,266.061000,12.550000,27.64
8.495065,3.160000,0.383000,-1.283000,86.870000,105.847000,36.718000,27.64
8.502200,1.524000,-0.820000,-0.661000,61.420000,45.634000,38.550000,27.68
8.514437,0.650000,-0.231000,-1.036000,37.603000,97.053000,32.840000,27.68
8.521702,0.807000,-0.040000,-0.722000,52.702000,53.282000,34.443000,27.73
8.533555,1.112000,0.011000,-0.779000,57.267000,38.275000,29.893000,27.73
8.540967,0.964000,-0.323000,-0.819000,49.710000,21.710000,34.092000,27.59
8.553101,0.823000,-0.174000,-0.809000,41.939000,11.939000,28.244000,27.64
8.564997,0.811000,-0.324000,-0.840000,34.534000,3.817000,20.076000,27.64
8.572387,0.740000,-0.254000,-0.832000,20.718000,-2.580000,12.366000,27.68
8.584333,0.666000,-0.185000,-0.801000,10.931000,4.382000,7.328000,27.59
8.591934,0.661000,-0.175000,-0.774000,5.160000,7.069000,4.992000,27.64
8.604061,0.612000,-0.162000,-0.787000,4.580000,8.443000,3.542000,27.59
8.613891,0.625000,-0.189000,-0.765000,3.542000,10.626000,2.550000,27.68
8.623686,0.667000,-0.183000,-0.746000,0.763000,11.908000,0.595000,27.64
8.632908,0.674000,-0.165000,-0.726000,-2.580000,13.176000,-1.115000,27.64
8.643132,0.664000,-0.152000,-0.724000,-4.260000,12.733000,-2.489000,27.68
8.655202,0.658000,-0.104000,-0.712000,-2.977000,11.588000,-2.336000,27.73
8.662070,0.649000,-0.074000,-0.712000,-0.443000,10.809000,-2.000000,27.64
8.674686,0.644000,-0.081000,-0.706000,1.328000,9.756000,-0.992000,27.68
8.681674,0.654000,-0.099000,-0.705000,1.817000,8.412000,-0.534000,27.68
8.693955,0.645000,-0.101000,-0.711000,1.206000,6.763000,0.229000,27.64
8.701104,0.648000,-0.081000,-0.722000,1.298000,6.000000,0.809000,27.73
8.713803,0.632000,-0.060000,-0.719000,2.794000,5.771000,2.870000,27.59
8.721265,0.652000,-0.083000,-0.723000,4.290000,5.847000,4.198000,27.59
8.733450,0.667000,-0.121000,-0.705000,4.702000,3.832000,4.641000,27.73
8.740713,0.673000,-0.120000,-0.716000,5.160000,1.954000,4.595000,27.59
8.753141,0.667000,-0.120000,-0.701000,4.916000,-0.137000,4.931000,27.68
8.765226,0.657000,-0.113000,-0.706000,5.359000,-1.145000,5.115000,27.64
8.772674,0.668000,-0.140000,-0.714000,5.374000,-1.908000,4.611000,27.64
8.784977,0.653000,-0.134000,-0.729000,5.374000,-3.237000,4.366000,27.68
8.792041,0.630000,-0.146000,-0.757000,4.229000,-1.878000,3.679000,27.54
8.804518,0.627000,-0.130000,-0.746000,2.718000,0.214000,3.298000,27.64
8.812199,0.605000,-0.122000,-0.772000,1.237000,6.824000,2.656000,27.59
8.824081,0.623000,-0.137000,-0.773000,5.603000,4.672000,2.672000,27.64
8.834688,0.622000,-0.142000,-0.771000,4.504000,9.237000,2.076000,27.64
8.843346,0.639000,-0.141000,-0.753000,3.267000,13.649000,1.649000,27.78
8.851142,0.629000,-0.156000,-0.772000,1.756000,18.718000,0.718000,27.68
8.863180,0.585000,-0.120000,-0.800000,0.931000,24.412000,0.595000,27.54
8.869041,0.605000,-0.095000,-0.821000,1.832000,32.168000,1.710000,27.64
8.882827,0.613000,-0.082000,-0.842000,1.954000,41.328000,4.031000,27.68
8.894957,0.545000,-0.056000,-0.903000,4.382000,59.053000,7.099000,27.68
8.903844,0.534000,-0.129000,-0.930000,4.122000,75.359000,11.466000,27.54
8.918327,0.526000,-0.103000,-0.939000,12.763000,90.168000,12.641000,27.59
8.921466,0.598000,-0.140000,-0.886000,4.992000,113.878000,14.336000,27.68
8.933508,0.544000,-0.042000,-1.022000,44.580000,137.450000,18.198000,27.54
8.939278,0.689000,-0.234000,-0.885000,25.221000,158.580000,21.496000,27.64
8.952495,0.810000,-0.047000,-0.965000,25.725000,185.435000,22.305000,27.68
8.964965,0.772000,-0.183000,-1.026000,23.908000,197.649000,26.626000,27.64
8.971604,0.814000,-0.087000,-1.050000,21.130000,208.809000,33.405000,27.73
8.984912,0.776000,-0.038000,-1.026000,21.695000,217.802000,36.031000,27.68
8.990363,0.875000,-0.174000,-0.952000,19.740000,224.687000,40.153000,27.73
9.002706,1.073000,0.049000,-1.394000,4.977000,209.771000,34.672000,27.64
9.014942,0.475000,0.388000,-1.616000,8.840000,159.664000,29.466000,27.73
9.021759,0.036000,0.449000,-1.746000,14.672000,127.771000,19.053000,27.59
9.036026,-0.192000,0.422000,-1.816000,7.664000,82.427000,10.443000,27.64
9.040894,-0.271000,0.266000,-1.855000,-11.069000,41.496000,12.519000,27.64
9.053889,-0.199000,0.098000,-1.775000,-37.618000,2.504000,22.687000,27.59
9.065023,-0.235000,0.079000,-1.658000,-56.260000,-34.137000,38.672000,27.59
9.071855,-0.235000,0.065000,-1.477000,-68.672000,-53.740000,53.053000,27.54
9.085135,-0.096000,0.042000,-1.390000,-80.733000,-69.817000,62.580000,27.59
9.090779,0.078000,0.076000,-1.319000,-89.511000,-83.115000,66.351000,27.78
9.102984,0.226000,0.107000,-1.267000,-92.718000,-95.176000,64.366000,27.54
9.117530,0.378000,0.115000,-1.198000,-93.206000,-105.573000,56.977000,27.73
9.121820,0.484000,0.113000,-1.137000,-91.527000,-113.282000,45.786000,27.59
9.134039,0.560000,0.106000,-1.061000,-89.099000,-117.328000,32.107000,27.64
9.142516,0.679000,0.114000,-1.037000,-88.595000,-117.939000,16.885000,27.64
9.153072,1.186000,0.025000,-1.053000,-98.504000,-120.855000,-3.954000,27.68
9.164888,0.931000,0.193000,-0.963000,-83.267000,-136.198000,-12.458000,27.64
9.171612,0.923000,0.140000,-0.961000,-66.504000,-133.969000,-24.046000,27.64
9.183493,0.989000,0.055000,-0.929000,-57.679000,-132.885000,-36.443000,27.64
9.190575,1.034000,0.060000,-0.895000,-50.702000,-136.565000,-50.840000,27.59
9.202508,1.035000,0.085000,-0.864000,-40.901000,-133.954000,-64.855000,27.64
9.214353,1.072000,0.055000,-0.845000,-30.656000,-131.649000,-79.099000,27.64
9.221008,1.282000,-0.072000,-0.784000,-16.702000,-124.214000,-93.969000,27.59
9.233126,1.197000,0.107000,-0.287000,29.130000,-114.489000,-95.542000,27.68
9.245480,1.245000,-0.334000,-0.002000,68.321000,-88.397000,-96.198000,27.64
9.251977,1.181000,-0.578000,-0.069000,64.275000,-59.832000,-111.725000,27.59
9.264112,1.194000,-0.515000,-0.385000,50.702000,-51.115000,-120.809000,27.68
9.270153,1.197000,-0.486000,-0.615000,34.565000,-53.145000,-111.115000,27.54
9.282150,1.081000,-0.520000,-0.664000,19.405000,-63.084000,-103.908000,27.73
9.294591,0.980000,-0.415000,-0.678000,14.336000,-76.244000,-93.328000,27.68
9.301335,0.842000,-0.363000,-0.703000,14.702000,-85.924000,-81.740000,27.64
9.313453,0.838000,-0.386000,-0.687000,12.947000,-87.786000,-68.885000,27.64
9.325218,0.734000,-0.379000,-0.594000,11.191000,-84.794000,-52.794000,27.68
9.332626,0.761000,-0.459000,-0.620000,5.267000,-82.046000,-38.870000,27.64
9.345144,0.781000,-0.452000,-0.601000,-4.473000,-83.817000,-25.756000,27.64
9.351284,0.748000,-0.412000,-0.553000,-14.336000,-83.313000,-13.344000,27.78
9.362890,0.709000,-0.358000,-0.504000,-22.718000,-79.099000,-2.534000,27.68
9.375004,0.694000,-0.320000,-0.457000,-30.397000,-72.443000,4.992000,27.54
9.382020,0.729000,-0.267000,-0.431000,-37.664000,-65.450000,8.824000,27.64
9.394084,0.753000,-0.199000,-0.427000,-41.634000,-60.122000,9.939000,27.59
9.401086,0.806000,-0.142000,-0.430000,-42.824000,-55.679000,7.282000,27.64
9.413292,0.879000,-0.145000,-0.424000,-43.710000,-57.344000,2.244000,27.54
9.425036,0.847000,-0.115000,-0.367000,-42.092000,-61.328000,-1.618000,27.59
9.432037,0.809000,-0.082000,-0.338000,-39.191000,-59.069000,-5.115000,27.68
9.443906,0.810000,-0.092000,-0.302000,-38.565000,-54.977000,-9.023000,27.64
9.451246,0.635000,0.021000,0.106000,-24.809000,-41.664000,-14.122000,27.59
9.463087,0.848000,-0.135000,0.311000,-8.611000,2.198000,-27.160000,27.68
9.470251,1.227000,-0.269000,0.388000,-0.275000,37.969000,-38.015000,27.64
9.482432,1.370000,-0.333000,0.730000,6.565000,57.130000,-46.565000,27.64
9.494641,1.566000,-0.455000,1.235000,28.153000,106.550000,-45.267000,27.59
9.502449,1.561000,-0.608000,1.770000,51.603000,178.137000,-34.214000,27.64
9.514582,1.534000,-0.410000,-0.959000,35.908000,254.901000,-43.618000,27.54
9.522214,2.057000,-0.712000,-2.007000,44.992000,127.847000,7.893000,27.68
9.532641,0.796000,-0.504000,-0.692000,33.710000,109.481000,55.954000,27.59
9.544587,0.992000,-0.032000,-0.627000,27.466000,181.374000,37.771000,27.64
9.551588,2.228000,0.820000,-1.382000,47.420000,166.000000,36.870000,27.59
9.563919,2.177000,0.370000,-0.547000,58.229000,75.511000,35.298000,27.64
9.570844,1.117000,-0.452000,-0.907000,81.130000,52.275000,52.214000,27.64
9.583030,0.726000,-0.471000,-0.955000,78.641000,18.015000,51.817000,27.64
9.590120,0.936000,-0.255000,-0.849000,66.824000,-0.916000,36.824000,27.59
9.602011,1.060000,-0.531000,-0.836000,40.168000,-14.351000,25.954000,27.73
9.614625,0.790000,-0.343000,-0.847000,19.389000,-12.000000,12.962000,27.73
9.621402,0.681000,-0.295000,-0.804000,9.603000,-11.084000,3.924000,27.59
9.633581,0.685000,-0.229000,-0.814000,3.893000,-10.672000,-1.786000,27.68
9.640888,0.642000,-0.127000,-0.784000,-2.244000,-1.618000,-4.916000,27.64
9.652806,0.668000,-0.117000,-0.758000,-5.038000,1.542000,-4.885000,27.68
9.665123,0.637000,-0.096000,-0.766000,-3.908000,3.527000,-4.214000,27.78
9.672245,0.637000,-0.084000,-0.765000,-2.351000,4.901000,-3.008000,27.64
9.684604,0.662000,-0.114000,-0.750000,-2.122000,7.664000,-2.443000,27.59
9.691376,0.657000,-0.136000,-0.749000,-3.038000,10.107000,-3.084000,27.68
9.703540,0.645000,-0.122000,-0.750000,-4.244000,11.221000,-3.084000,27.64
9.710672,0.661000,-0.110000,-0.731000,-3.756000,11.023000,-2.336000,27.64
9.722844,0.667000,-0.102000,-0.728000,-2.260000,9.985000,-1.130000,27.59
9.730091,0.669000,-0.102000,-0.721000,-1.145000,9.267000,0.076000,27.54
9.742285,0.657000,-0.105000,-0.721000,-0.382000,8.443000,0.947000,27.64
9.755002,0.642000,-0.130000,-0.720000,-0.321000,8.305000,1.405000,27.68
9.761840,0.645000,-0.135000,-0.724000,-0.473000,7.237000,0.733000,27.59
9.774589,0.647000,-0.127000,-0.718000,-0.427000,5.649000,0.412000,27.64
9.781426,0.653000,-0.120000,-0.718000,-0.137000,5.344000,0.672000,27.59
9.794052,0.639000,-0.114000,-0.711000,-0.397000,3.863000,-0.076000,27.64
9.801070,0.637000,-0.114000,-0.728000,0.183000,5.160000,-0.122000,27.64
9.813380,0.638000,-0.138000,-0.716000,-0.336000,2.718000,-0.321000,27.73
9.820252,0.644000,-0.129000,-0.724000,-1.237000,1.252000,-0.916000,27.68
9.832792,0.642000,-0.105000,-0.728000,-1.374000,0.504000,-0.901000,27.73
9.845046,0.649000,-0.112000,-0.718000,-1.206000,-0.748000,-0.458000,27.64
9.851904,0.652000,-0.102000,-0.721000,-0.977000,-1.160000,-0.656000,27.59
9.864272,0.633000,-0.079000,-0.738000,0.458000,-1.282000,0.107000,27.68
9.871333,0.656000,-0.110000,-0.723000,1.252000,-0.931000,1.023000,27.64
9.883918,0.645000,-0.101000,-0.738000,2.000000,-1.038000,1.053000,27.64
9.891147,0.634000,-0.104000,-0.750000,2.366000,0.000000,1.496000,27.59
9.903626,0.642000,-0.109000,-0.764000,3.069000,2.031000,1.832000,27.64
9.910656,0.642000,-0.136000,-0.762000,3.298000,5.267000,1.832000,27.54
9.923237,0.625000,-0.123000,-0.771000,1.542000,11.954000,1.557000,27.68
9.928703,0.643000,-0.144000,-0.761000,3.282000,10.534000,1.252000,27.59
9.942694,0.641000,-0.120000,-0.753000,2.794000,13.099000,1.115000,27.54
9.955170,0.613000,-0.122000,-0.755000,3.160000,15.863000,1.237000,27.59
9.962173,0.605000,-0.116000,-0.782000,3.573000,19.145000,0.763000,27.64
9.974689,0.604000,-0.090000,-0.834000,5.008000,26.550000,0.550000,27.64
9.982076,0.607000,-0.088000,-0.872000,3.847000,40.229000,0.656000,27.64
9.993943,0.533000,-0.153000,-0.859000,2.351000,50.122000,0.321000,27.59
10.000893,0.610000,-0.237000,-0.835000,-1.847000,49.313000,-0.779000,27.64
