# Gait Analysis Data - MPU6050 IMU
# Duration: 10 seconds
# Format: timestamp(s),ax(g),ay(g),az(g),gx(deg/s),gy(deg/s),gz(deg/s),temp(C)
# Note: Document sensor placement (ankle/wrist) separately
timestamp,ax,ay,az,gx,gy,gz,temp
0.001310,0.542000,-0.033000,-0.816000,1.664000,9.115000,2.351000,28.67
0.002325,0.551000,-0.017000,-0.818000,1.008000,7.099000,1.863000,28.72
0.002988,0.551000,0.020000,-0.791000,-0.076000,8.947000,2.931000,28.77
0.003914,0.552000,-0.006000,-0.832000,0.962000,7.878000,3.832000,28.67
0.004548,0.574000,0.007000,-0.844000,1.344000,9.130000,4.458000,28.67
0.005158,0.541000,0.061000,-0.855000,3.435000,11.802000,5.664000,28.81
0.005860,0.544000,-0.002000,-0.800000,6.855000,9.878000,6.733000,28.77
0.006577,0.573000,-0.034000,-0.802000,6.779000,9.893000,6.748000,28.77
0.007239,0.562000,0.007000,-0.846000,8.214000,12.427000,6.366000,28.81
0.007883,0.530000,0.027000,-0.871000,8.779000,15.618000,6.504000,28.81
0.008494,0.502000,0.048000,-0.881000,10.763000,21.374000,6.198000,28.77
0.009169,0.576000,0.057000,-0.898000,12.672000,32.153000,7.603000,28.77
0.009840,0.529000,0.035000,-0.915000,18.443000,38.504000,6.931000,28.72
0.010592,0.410000,0.029000,-0.987000,18.000000,59.664000,6.458000,28.77
0.011300,0.363000,0.048000,-1.069000,19.160000,82.672000,7.817000,28.77
0.011924,0.537000,0.056000,-1.071000,25.908000,101.389000,6.275000,28.77
0.012529,0.427000,0.052000,-1.239000,9.023000,134.763000,35.405000,28.81
0.013107,0.664000,0.111000,-1.085000,1.756000,173.817000,46.397000,28.81
0.013685,0.719000,0.050000,-1.076000,13.969000,177.237000,53.466000,28.77
0.014265,0.756000,0.158000,-1.224000,17.420000,190.672000,58.687000,28.67
0.014854,0.571000,0.223000,-1.174000,26.534000,188.962000,62.015000,28.72
0.015498,0.224000,0.649000,-1.626000,25.664000,189.924000,50.947000,28.81
0.016103,-0.293000,0.828000,-1.884000,29.374000,135.115000,25.420000,28.77
0.016681,-0.606000,0.914000,-2.013000,14.550000,74.534000,-2.351000,28.77
0.017251,-0.894000,0.930000,-1.932000,1.603000,25.237000,-23.664000,28.72
0.017847,-0.887000,0.713000,-1.931000,-15.664000,-4.366000,-33.298000,28.81
0.018431,-0.750000,0.550000,-1.940000,-24.763000,-47.313000,-31.557000,28.77
0.019046,-0.528000,0.479000,-1.898000,-30.977000,-77.786000,-24.290000,28.77
0.019699,-0.298000,0.528000,-1.767000,-27.359000,-101.725000,-21.527000,28.72
0.020356,-0.122000,0.585000,-1.625000,-19.939000,-122.229000,-31.313000,28.77
0.021301,0.237000,0.627000,-1.538000,-23.786000,-124.092000,-52.473000,28.67
0.022133,0.302000,0.768000,-1.327000,-6.885000,-138.214000,-78.779000,28.77
0.022922,0.356000,0.677000,-1.249000,15.817000,-142.611000,-102.489000,28.81
0.023703,0.429000,0.525000,-1.134000,24.504000,-131.267000,-120.397000,28.77
0.024439,0.632000,0.369000,-1.097000,26.351000,-112.244000,-130.519000,28.77
0.025169,1.087000,0.071000,-0.950000,46.321000,-116.137000,-123.618000,28.72
0.025898,1.208000,0.079000,-0.842000,59.664000,-107.618000,-114.763000,28.81
0.026623,1.416000,-0.203000,0.052000,45.221000,-45.710000,-119.908000,28.77
0.027349,1.843000,-0.281000,0.248000,51.832000,-7.420000,-124.153000,28.77
0.028062,1.686000,-0.345000,-0.184000,27.450000,6.412000,-129.924000,28.72
0.028804,1.834000,-0.108000,-0.726000,21.405000,-18.885000,-129.237000,28.86
0.029557,1.342000,0.025000,-1.060000,43.924000,-93.771000,-128.351000,28.67
0.030313,1.033000,-0.135000,-0.850000,44.870000,-133.725000,-116.122000,28.77
0.031120,0.901000,-0.291000,-0.474000,42.366000,-136.321000,-88.550000,28.72
0.031999,0.782000,-0.499000,-0.114000,22.962000,-118.351000,-55.649000,28.72
0.032789,1.146000,-0.868000,0.252000,-12.473000,-89.420000,-22.122000,28.67
0.033500,1.433000,-0.620000,0.554000,-37.145000,-49.924000,-0.916000,28.77
0.034172,1.642000,-0.504000,0.822000,-28.321000,-18.214000,21.099000,28.81
0.034808,2.020000,-0.642000,1.193000,-6.794000,-0.168000,32.611000,28.77
0.035440,2.811000,-1.037000,1.795000,5.603000,52.198000,33.863000,28.77
0.036067,3.034000,-0.984000,2.719000,8.076000,131.084000,31.084000,28.72
0.036736,2.362000,0.144000,0.406000,-32.015000,292.046000,44.748000,28.72
0.037398,4.000000,0.208000,-3.329000,-28.321000,179.542000,54.046000,28.77
0.038095,0.229000,-0.168000,-0.315000,118.031000,-233.588000,37.206000,28.77
0.038736,0.065000,-0.050000,-0.809000,87.053000,-10.305000,28.702000,28.72
0.039372,1.022000,-0.407000,-1.237000,-9.939000,91.969000,13.038000,28.72
0.040012,0.872000,-0.376000,-0.869000,34.718000,-42.305000,5.939000,28.77
0.040708,0.522000,0.031000,-0.838000,17.618000,-42.397000,1.099000,28.77
0.041423,0.596000,-0.039000,-0.933000,-7.893000,18.580000,0.214000,28.72
0.042031,0.639000,-0.133000,-0.864000,-0.382000,-6.382000,-3.298000,28.72
0.042626,0.571000,-0.055000,-0.861000,-3.160000,-4.763000,-6.840000,28.77
0.043200,0.576000,-0.010000,-0.849000,-13.634000,13.771000,-8.244000,28.77
0.043765,0.593000,0.075000,-0.822000,-7.176000,4.595000,-9.359000,28.72
0.044429,0.583000,0.061000,-0.832000,-6.672000,10.748000,-6.962000,28.72
0.045024,0.645000,0.037000,-0.807000,-6.656000,15.130000,-5.328000,28.77
0.045593,0.622000,-0.006000,-0.824000,-4.427000,10.931000,-4.351000,28.62
0.046158,0.599000,0.033000,-0.815000,-5.557000,13.084000,-4.168000,28.72
0.046727,0.600000,0.021000,-0.814000,-4.183000,13.099000,-3.328000,28.67
0.047291,0.608000,0.050000,-0.818000,-2.931000,14.214000,-2.153000,28.67
0.047855,0.597000,0.007000,-0.825000,-1.969000,14.916000,-0.550000,28.81
0.048421,0.593000,-0.002000,-0.819000,-1.389000,15.634000,-0.275000,28.72
0.048984,0.584000,0.008000,-0.821000,-2.015000,16.336000,0.305000,28.67
0.049551,0.584000,-0.001000,-0.830000,-1.603000,17.664000,0.931000,28.86
0.050112,0.583000,0.021000,-0.819000,-1.618000,18.031000,1.496000,28.72
0.050703,0.602000,-0.005000,-0.808000,-1.802000,19.679000,1.191000,28.81
0.051335,0.594000,-0.012000,-0.794000,-1.344000,17.115000,0.901000,28.77
0.051869,0.615000,-0.007000,-0.786000,-1.863000,16.000000,0.702000,28.67
0.052398,0.602000,-0.004000,-0.781000,-1.725000,13.786000,0.519000,28.72
0.052968,0.603000,0.013000,-0.776000,-1.023000,12.198000,0.656000,28.67
0.053507,0.600000,0.002000,-0.782000,-0.672000,11.008000,1.237000,28.67
0.054029,0.606000,0.003000,-0.802000,-0.183000,10.702000,1.282000,28.67
0.054609,0.616000,-0.004000,-0.800000,0.290000,10.076000,1.374000,28.72
0.055204,0.608000,0.014000,-0.803000,1.069000,10.458000,1.328000,28.81
0.055749,0.596000,0.025000,-0.812000,2.046000,12.351000,1.466000,28.67
0.056272,0.594000,0.032000,-0.834000,3.649000,15.282000,1.634000,28.77
0.056782,0.602000,0.017000,-0.826000,4.626000,18.412000,1.573000,28.72
0.057299,0.614000,0.006000,-0.787000,5.847000,19.710000,0.092000,28.72
0.057821,0.634000,-0.015000,-0.776000,6.229000,17.160000,-1.542000,28.67
0.058340,0.629000,-0.041000,-0.792000,4.794000,17.863000,-3.313000,28.67
0.058855,0.593000,-0.023000,-0.803000,4.443000,18.275000,-5.481000,28.72
0.059378,0.598000,-0.022000,-0.814000,5.298000,19.450000,-8.107000,28.81
0.059899,0.611000,-0.021000,-0.814000,7.160000,25.496000,-12.031000,28.67
0.060474,0.634000,0.038000,-0.787000,19.969000,34.901000,-17.618000,28.67
0.060987,0.574000,-0.164000,-0.845000,19.664000,37.405000,-18.794000,28.72
0.061474,0.588000,-0.014000,-0.803000,15.511000,43.191000,-18.870000,28.67
0.061948,0.653000,0.075000,-0.734000,27.252000,46.107000,-23.725000,28.77
0.062432,0.678000,0.074000,-0.732000,41.099000,37.298000,-31.252000,28.72
0.062915,0.652000,0.078000,-0.783000,55.191000,39.908000,-42.046000,28.72
0.063404,0.637000,-0.004000,-0.801000,75.252000,33.847000,-56.885000,28.67
0.063889,0.624000,-0.029000,-0.820000,90.092000,29.176000,-72.611000,28.77
0.064379,0.654000,0.021000,-0.795000,103.634000,29.389000,-87.405000,28.62
0.064958,0.684000,0.051000,-0.790000,121.359000,18.794000,-104.046000,28.72
0.065551,0.591000,0.022000,-0.801000,142.183000,1.649000,-123.710000,28.67
0.066081,0.545000,0.010000,-0.747000,150.855000,-3.008000,-146.687000,28.77
0.066576,0.595000,0.079000,-0.727000,157.863000,-3.069000,-170.702000,28.81
0.067067,0.674000,0.169000,-0.713000,169.878000,-8.779000,-194.870000,28.77
0.067564,0.717000,0.213000,-0.646000,182.824000,-14.244000,-218.168000,28.77
0.068059,0.738000,0.173000,-0.575000,191.420000,-16.290000,-238.824000,28.81
0.068584,0.755000,0.071000,-0.570000,194.733000,-16.443000,-251.115000,28.72
0.069100,0.754000,-0.127000,-0.593000,195.038000,-21.145000,-249.634000,28.67
0.069653,0.751000,-0.333000,-0.607000,188.244000,-26.840000,-233.359000,28.67
0.070173,0.695000,-0.595000,-0.634000,172.931000,-31.344000,-202.122000,28.72
0.070652,0.648000,-0.619000,-0.636000,141.466000,-29.679000,-165.542000,28.62
0.071133,0.741000,-0.134000,-0.606000,108.840000,-21.603000,-144.840000,28.67
0.071615,0.820000,0.197000,-0.627000,100.595000,-29.359000,-133.603000,28.77
0.072094,0.687000,0.175000,-0.594000,90.244000,-36.870000,-119.649000,28.72
0.072566,0.602000,-0.114000,-0.790000,58.748000,-31.924000,-93.802000,28.67
0.073039,0.613000,-0.142000,-0.756000,25.466000,-43.496000,-63.115000,28.58
0.073505,0.697000,0.115000,-0.754000,-8.198000,-56.061000,-35.160000,28.67
0.073974,0.619000,0.410000,-0.939000,-20.855000,-30.626000,-5.023000,28.81
0.074437,0.602000,0.182000,-0.845000,-7.725000,-38.534000,0.855000,28.72
0.075000,0.594000,0.039000,-0.834000,0.885000,-43.603000,1.206000,28.77
0.075648,0.511000,0.062000,-0.888000,-2.275000,-33.176000,2.321000,28.67
0.076167,0.598000,-0.021000,-0.846000,1.389000,-30.321000,1.786000,28.72
0.076684,0.627000,-0.052000,-0.811000,0.702000,-25.985000,-2.107000,28.72
0.077186,0.569000,-0.028000,-0.851000,-0.885000,-17.542000,-3.237000,28.67
0.077677,0.545000,-0.061000,-0.865000,-2.382000,-12.992000,-4.855000,28.67
0.078241,0.546000,-0.032000,-0.868000,-4.718000,-6.504000,-5.664000,28.72
0.078757,0.582000,0.021000,-0.825000,-3.618000,-5.939000,-4.885000,28.67
0.079228,0.550000,0.002000,-0.831000,-2.870000,-4.412000,-5.023000,28.67
0.079700,0.629000,0.018000,-0.790000,-2.168000,-4.626000,-5.084000,28.81
0.080152,0.648000,0.036000,-0.790000,-0.198000,-4.519000,-3.084000,28.72
0.080602,0.608000,0.023000,-0.808000,1.298000,-2.763000,-0.305000,28.67
0.081052,0.604000,-0.042000,-0.834000,0.855000,-1.374000,0.076000,28.67
0.081508,0.586000,-0.056000,-0.834000,-1.084000,1.221000,-1.466000,28.72
0.081956,0.570000,-0.018000,-0.842000,-2.443000,4.214000,-2.000000,28.72
0.082400,0.574000,-0.014000,-0.819000,-2.748000,5.695000,-2.244000,28.77
0.082843,0.587000,-0.009000,-0.808000,-2.763000,6.153000,-2.366000,28.67
0.083281,0.582000,0.003000,-0.797000,-3.084000,6.779000,-1.771000,28.72
0.083717,0.579000,0.007000,-0.814000,-2.763000,6.397000,-1.191000,28.72
0.084154,0.594000,0.000000,-0.803000,-2.443000,7.145000,-0.977000,28.67
0.084591,0.592000,0.008000,-0.790000,-1.863000,5.450000,-0.763000,28.77
0.085025,0.584000,0.022000,-0.788000,-2.031000,5.725000,0.305000,28.72
0.085463,0.581000,0.013000,-0.809000,-1.023000,6.046000,0.824000,28.67
0.085901,0.586000,0.013000,-0.808000,-1.145000,5.969000,1.145000,28.77
0.086358,0.585000,-0.010000,-0.795000,-1.038000,5.511000,0.809000,28.81
0.086881,0.595000,0.008000,-0.784000,-0.534000,4.275000,0.611000,28.72
0.087328,0.588000,0.010000,-0.791000,0.931000,4.504000,0.702000,28.67
0.087767,0.595000,0.004000,-0.789000,1.802000,2.183000,0.244000,28.67
0.088296,0.603000,0.011000,-0.773000,2.656000,0.809000,0.275000,28.72
0.088884,0.598000,0.016000,-0.776000,4.122000,-0.687000,1.130000,28.72
0.089349,0.592000,0.013000,-0.809000,5.221000,-0.595000,1.924000,28.77
0.089804,0.592000,0.005000,-0.802000,6.885000,-1.740000,2.107000,28.67
0.090259,0.596000,0.006000,-0.800000,7.740000,-0.504000,2.870000,28.72
0.090722,0.611000,-0.009000,-0.787000,10.260000,-2.336000,2.824000,28.67
0.091204,0.622000,-0.044000,-0.791000,11.221000,-3.695000,3.023000,28.67
0.091688,0.596000,-0.015000,-0.808000,10.962000,-2.855000,3.206000,28.72
0.092161,0.576000,-0.016000,-0.844000,11.237000,-2.076000,4.137000,28.72
0.092709,0.578000,-0.007000,-0.836000,11.740000,0.824000,5.374000,28.67
0.093187,0.556000,-0.025000,-0.852000,9.832000,8.489000,5.802000,28.77
0.093638,0.551000,-0.018000,-0.861000,10.000000,14.947000,5.328000,28.72
0.094081,0.551000,-0.004000,-0.863000,11.145000,20.122000,4.260000,28.72
0.094609,0.547000,-0.001000,-0.860000,12.366000,24.962000,3.389000,28.67
0.095084,0.531000,0.007000,-0.887000,14.000000,26.107000,2.137000,28.67
0.095584,0.530000,0.022000,-0.872000,15.511000,32.427000,1.786000,28.72
0.096029,0.571000,0.058000,-0.849000,14.382000,37.710000,4.336000,28.67
0.096479,0.588000,0.043000,-0.858000,16.061000,40.351000,4.901000,28.77
0.096925,0.619000,0.082000,-0.897000,27.649000,45.573000,3.237000,28.67
0.097379,0.660000,0.188000,-0.896000,48.107000,46.473000,-1.649000,28.81
0.097856,0.622000,0.077000,-0.896000,84.733000,32.321000,-22.916000,28.62
0.098314,0.594000,-0.138000,-0.852000,86.641000,11.832000,-35.893000,28.77
0.098760,0.711000,-0.026000,-0.859000,94.305000,17.099000,-44.672000,28.77
0.099203,0.793000,0.275000,-0.717000,106.702000,10.458000,-67.542000,28.72
0.099645,0.909000,0.679000,-0.574000,126.840000,1.908000,-117.740000,28.72
0.100083,1.059000,1.035000,-0.363000,153.435000,5.328000,-187.817000,28.67
0.100521,1.167000,1.114000,-0.275000,186.473000,6.061000,-262.305000,28.58
0.101256,0.594000,-0.034000,-0.800000,-1.420000,2.519000,-0.947000,28.62
0.101685,0.590000,-0.038000,-0.800000,-1.649000,2.260000,-0.977000,28.77
0.102116,0.577000,-0.039000,-0.792000,-1.160000,1.542000,-0.870000,28.67
0.102545,0.592000,-0.045000,-0.794000,-1.908000,1.252000,-1.069000,28.62
0.103020,0.589000,-0.033000,-0.798000,-2.107000,0.626000,-1.267000,28.62
0.103465,0.593000,-0.029000,-0.806000,-1.817000,0.015000,-1.481000,28.77
0.111774,0.579000,-0.029000,-0.801000,-1.557000,0.779000,-1.374000,28.62
0.118676,0.581000,-0.029000,-0.811000,-1.649000,1.267000,-1.313000,28.72
0.130983,0.584000,-0.035000,-0.807000,-1.725000,1.573000,-1.298000,28.67
0.137979,0.589000,-0.031000,-0.810000,-1.435000,1.924000,-1.420000,28.58
0.150186,0.580000,-0.038000,-0.807000,-1.847000,2.489000,-1.359000,28.62
0.155979,0.580000,-0.042000,-0.804000,-2.031000,2.748000,-1.557000,28.62
0.169318,0.587000,-0.033000,-0.803000,-2.061000,2.885000,-1.542000,28.67
0.181552,0.584000,-0.031000,-0.808000,-2.351000,2.824000,-1.832000,28.67
0.188614,0.587000,-0.032000,-0.800000,-2.153000,2.412000,-1.603000,28.62
0.200718,0.603000,-0.028000,-0.807000,-2.626000,2.244000,-1.695000,28.62
0.207860,0.594000,-0.030000,-0.806000,-2.718000,1.130000,-1.618000,28.67
0.220164,0.593000,-0.032000,-0.799000,-2.122000,0.794000,-1.740000,28.58
0.232034,0.582000,-0.024000,-0.804000,-2.275000,-0.046000,-1.695000,28.62
0.238944,0.572000,-0.032000,-0.792000,-1.756000,-1.252000,-1.466000,28.62
0.251126,0.578000,-0.030000,-0.810000,-2.031000,-1.450000,-1.695000,28.67
0.258163,0.574000,-0.027000,-0.802000,-1.924000,-2.336000,-1.450000,28.58
0.270032,0.590000,-0.028000,-0.806000,-1.756000,-3.084000,-1.618000,28.72
0.282179,0.590000,-0.023000,-0.802000,-1.725000,-3.298000,-1.405000,28.67
0.289095,0.577000,-0.022000,-0.802000,-1.664000,-2.519000,-1.313000,28.67
0.301329,0.589000,-0.017000,-0.802000,-1.282000,-2.504000,-1.160000,28.58
0.311016,0.581000,-0.022000,-0.809000,-0.641000,-2.519000,-0.962000,28.72
0.320310,0.576000,-0.031000,-0.807000,-0.443000,-2.260000,-0.656000,28.62
0.325918,0.571000,-0.032000,-0.811000,-0.382000,-1.725000,-0.702000,28.77
0.339343,0.577000,-0.035000,-0.823000,-1.878000,-0.076000,-0.687000,28.62
0.351674,0.575000,-0.027000,-0.819000,-2.580000,1.008000,-0.473000,28.72
0.358670,0.570000,-0.032000,-0.830000,-1.939000,3.496000,-0.748000,28.67
0.370935,0.576000,-0.043000,-0.834000,-3.374000,6.229000,-1.313000,28.67
0.377587,0.579000,-0.046000,-0.837000,-4.718000,7.481000,-2.122000,28.62
0.389968,0.567000,-0.036000,-0.818000,-5.084000,8.489000,-2.305000,28.72
0.402003,0.590000,-0.020000,-0.844000,-6.763000,11.511000,-2.321000,28.67
0.409483,0.559000,-0.009000,-0.840000,-7.588000,15.374000,-2.641000,28.67
0.421013,0.543000,-0.018000,-0.845000,-7.084000,20.336000,-2.748000,28.62
0.428080,0.559000,-0.032000,-0.848000,-8.137000,25.603000,-4.458000,28.62
0.440500,0.564000,-0.027000,-0.829000,-8.122000,29.038000,-5.649000,28.67
0.452434,0.442000,-0.046000,-0.807000,-7.069000,35.313000,-5.160000,28.77
0.459132,0.414000,0.038000,-0.869000,-7.374000,44.534000,-0.427000,28.62
0.471423,0.528000,-0.017000,-0.841000,-4.427000,52.183000,4.565000,28.62
0.478521,0.537000,0.112000,-0.882000,-8.611000,54.794000,11.511000,28.67
0.490864,0.495000,-0.021000,-0.868000,-7.649000,50.748000,20.000000,28.67
0.497839,0.466000,-0.004000,-0.991000,-24.443000,58.580000,33.634000,28.53
0.509541,0.416000,0.130000,-0.969000,-30.687000,59.176000,40.672000,28.72
0.521542,0.424000,0.186000,-1.081000,-32.092000,54.611000,41.282000,28.58
0.528477,0.252000,0.261000,-1.107000,-26.626000,47.267000,37.664000,28.77
0.540772,0.186000,0.327000,-1.187000,-18.580000,36.748000,29.832000,28.72
0.547320,0.121000,0.359000,-1.201000,-10.168000,25.389000,18.504000,28.58
0.560150,0.058000,0.390000,-1.224000,-4.473000,15.664000,5.267000,28.67
0.571940,0.076000,0.401000,-1.241000,-2.031000,7.450000,-8.473000,28.67
0.579346,0.079000,0.410000,-1.241000,0.947000,-4.427000,-21.664000,28.62
0.591350,0.171000,0.365000,-1.256000,-0.031000,-13.802000,-31.740000,28.62
0.598250,0.247000,0.302000,-1.253000,-1.466000,-27.985000,-37.893000,28.67
0.609828,0.289000,0.244000,-1.204000,-1.634000,-42.855000,-39.893000,28.67
0.621994,0.293000,0.187000,-1.135000,-4.275000,-50.031000,-38.763000,28.62
0.628822,0.333000,0.156000,-1.068000,-8.565000,-51.603000,-35.771000,28.67
0.640888,0.371000,0.134000,-1.032000,-12.168000,-52.519000,-32.489000,28.58
0.647270,0.439000,0.125000,-1.004000,-18.000000,-47.237000,-29.313000,28.62
0.659617,0.531000,0.147000,-0.984000,-19.313000,-48.305000,-24.947000,28.62
0.671219,0.617000,0.132000,-0.994000,-20.840000,-51.832000,-20.718000,28.58
0.678039,0.678000,0.095000,-0.979000,-25.649000,-56.305000,-17.313000,28.67
0.689989,0.681000,0.066000,-0.944000,-33.328000,-60.504000,-13.878000,28.72
0.701989,0.656000,0.035000,-0.892000,-41.710000,-60.427000,-10.244000,28.62
0.708831,0.646000,0.033000,-0.853000,-49.115000,-55.557000,-6.382000,28.58
0.720882,0.629000,0.024000,-0.810000,-52.840000,-49.191000,-2.809000,28.67
0.727653,0.612000,-0.003000,-0.772000,-52.427000,-43.160000,-0.885000,28.62
0.739655,0.698000,-0.040000,-0.838000,-57.496000,-39.069000,-3.802000,28.72
0.751516,0.722000,-0.007000,-0.834000,-55.527000,-43.344000,-4.870000,28.58
0.758425,0.679000,-0.005000,-0.792000,-44.656000,-51.710000,-6.046000,28.67
0.770296,0.593000,-0.034000,-0.752000,-35.802000,-51.313000,-7.328000,28.62
0.782430,0.534000,-0.044000,-0.719000,-29.954000,-45.924000,-9.496000,28.62
0.788860,0.532000,-0.048000,-0.696000,-27.282000,-38.351000,-11.389000,28.58
0.800870,0.559000,-0.049000,-0.718000,-25.496000,-33.099000,-13.115000,28.67
0.807523,0.581000,-0.051000,-0.754000,-23.527000,-31.191000,-14.687000,28.62
0.819489,0.596000,-0.051000,-0.749000,-20.656000,-30.702000,-16.183000,28.67
0.831173,0.607000,-0.056000,-0.737000,-17.237000,-29.924000,-17.298000,28.67
0.838024,0.649000,-0.064000,-0.743000,-14.748000,-28.092000,-19.160000,28.67
0.850439,0.675000,-0.061000,-0.707000,-11.084000,-29.359000,-22.931000,28.62
0.861643,0.678000,-0.043000,-0.659000,-4.733000,-29.298000,-26.336000,28.72
0.868646,0.682000,-0.042000,-0.583000,3.450000,-25.985000,-29.466000,28.67
0.886520,0.703000,-0.060000,-0.523000,10.519000,-19.374000,-31.634000,28.58
0.892227,0.768000,-0.091000,-0.513000,15.664000,-11.756000,-32.351000,28.62
0.899293,0.828000,-0.140000,-0.501000,20.122000,-10.092000,-32.382000,28.62
0.911109,0.818000,-0.180000,-0.452000,24.885000,-9.450000,-30.397000,28.67
0.918188,0.775000,-0.221000,-0.393000,27.710000,-3.802000,-27.099000,28.72
0.930616,0.760000,-0.238000,-0.328000,27.405000,3.313000,-22.260000,28.62
0.942363,0.750000,-0.248000,-0.312000,23.893000,12.260000,-17.038000,28.67
0.949387,0.795000,-0.272000,-0.390000,14.656000,20.198000,-12.870000,28.67
0.961144,1.040000,-0.513000,0.026000,-3.405000,52.351000,12.092000,28.62
0.968658,0.908000,-0.496000,0.268000,-8.687000,76.611000,44.931000,28.62
0.980264,0.962000,0.211000,-0.983000,-31.664000,125.099000,74.107000,28.67
0.992690,0.681000,0.445000,-1.323000,-12.229000,26.931000,57.389000,28.67
0.999340,0.151000,0.554000,-0.703000,30.504000,-24.076000,45.145000,28.62
1.011330,0.264000,0.429000,-0.678000,18.565000,71.542000,37.069000,28.62
1.018478,0.851000,0.199000,-0.913000,-5.282000,120.382000,23.466000,28.67
1.030284,1.131000,-0.006000,-0.934000,34.260000,48.504000,13.160000,28.58
1.037380,0.876000,-0.154000,-0.981000,33.603000,43.053000,16.031000,28.62
1.050039,0.679000,-0.150000,-0.986000,18.046000,58.000000,16.641000,28.72
1.061562,0.571000,-0.111000,-0.898000,17.389000,43.710000,11.527000,28.67
1.068596,0.562000,-0.055000,-0.844000,9.191000,55.527000,9.573000,28.58
1.080778,1.122000,0.175000,-1.167000,6.626000,65.802000,18.702000,28.62
1.087929,0.979000,0.201000,-0.697000,37.023000,0.061000,5.344000,28.58
1.100264,0.626000,-0.032000,-0.849000,32.580000,12.794000,7.099000,28.67
1.112212,0.631000,-0.080000,-0.886000,22.901000,18.611000,15.206000,28.67
1.119174,0.703000,0.111000,-0.842000,28.351000,2.885000,13.206000,28.72
1.131943,0.718000,0.051000,-0.836000,31.252000,-3.267000,9.924000,28.67
1.138462,0.642000,-0.123000,-0.898000,26.275000,-4.992000,11.649000,28.67
1.150665,0.639000,-0.078000,-0.880000,19.313000,-9.023000,8.977000,28.67
1.157733,0.597000,-0.032000,-0.879000,13.863000,-5.282000,4.748000,28.81
1.169978,0.585000,-0.036000,-0.877000,9.191000,-2.672000,2.458000,28.58
1.182574,0.605000,-0.006000,-0.842000,6.962000,-2.611000,0.550000,28.67
1.189430,0.605000,0.003000,-0.848000,4.260000,1.130000,-0.580000,28.62
1.201700,0.594000,0.004000,-0.837000,2.687000,-1.496000,-1.206000,28.62
1.208860,0.572000,0.033000,-0.828000,1.053000,3.481000,-1.695000,28.58
1.221211,0.570000,0.036000,-0.830000,1.191000,3.115000,-1.435000,28.67
1.228312,0.575000,0.025000,-0.822000,1.863000,3.771000,-0.611000,28.62
1.242134,0.564000,0.026000,-0.826000,2.611000,4.779000,0.183000,28.72
1.248068,0.566000,0.016000,-0.818000,2.748000,5.924000,0.702000,28.67
1.263545,0.564000,0.009000,-0.822000,2.580000,5.313000,0.962000,28.58
1.267758,0.559000,0.004000,-0.815000,2.595000,5.359000,1.053000,28.62
1.280312,0.556000,0.011000,-0.808000,3.099000,5.313000,1.084000,28.62
1.287396,0.578000,0.003000,-0.816000,2.626000,5.527000,0.489000,28.67
1.300039,0.564000,-0.009000,-0.819000,2.580000,4.779000,0.336000,28.67
1.312331,0.552000,0.000000,-0.805000,3.359000,3.313000,0.107000,28.62
1.319639,0.556000,-0.001000,-0.813000,4.366000,3.588000,0.718000,28.72
1.331561,0.569000,0.006000,-0.805000,5.527000,3.282000,0.641000,28.67
1.338990,0.574000,0.012000,-0.804000,6.458000,2.122000,1.160000,28.77
1.351730,0.555000,0.023000,-0.802000,8.137000,1.664000,1.786000,28.62
1.358825,0.561000,-0.004000,-0.797000,9.420000,1.038000,1.786000,28.67
1.371388,0.538000,0.009000,-0.814000,10.473000,1.115000,2.427000,28.67
1.380568,0.559000,-0.003000,-0.821000,11.588000,0.611000,1.924000,28.62
1.390512,0.574000,-0.031000,-0.792000,10.947000,-0.489000,0.107000,28.62
1.397559,0.532000,0.018000,-0.813000,10.885000,1.191000,0.397000,28.58
1.410160,0.529000,0.022000,-0.807000,11.588000,2.931000,-0.519000,28.67
1.422264,0.510000,-0.035000,-0.846000,10.534000,3.511000,-1.939000,28.72
1.429350,0.540000,-0.038000,-0.826000,5.939000,9.160000,-2.382000,28.62
1.441539,0.570000,-0.062000,-0.814000,6.962000,4.351000,-5.481000,28.48
1.449000,0.557000,-0.024000,-0.824000,3.588000,7.634000,-3.695000,28.58
1.460896,0.568000,-0.014000,-0.784000,4.473000,7.817000,-4.412000,28.62
1.467950,0.519000,0.017000,-0.845000,5.099000,11.328000,-4.366000,28.67
1.480090,0.566000,-0.037000,-0.849000,7.130000,17.511000,-4.397000,28.58
1.492378,0.592000,-0.041000,-0.846000,7.985000,18.015000,-3.328000,28.58
1.499209,0.577000,-0.038000,-0.861000,8.565000,20.412000,-4.351000,28.53
1.511327,0.555000,-0.008000,-0.852000,10.534000,25.069000,-4.687000,28.62
1.518549,0.483000,0.041000,-0.830000,10.962000,27.008000,-3.695000,28.67
1.530296,0.514000,0.032000,-0.894000,11.084000,34.122000,-3.191000,28.67
1.537556,0.594000,-0.037000,-0.826000,10.595000,44.198000,-5.344000,28.62
1.549474,0.498000,-0.059000,-0.921000,12.580000,46.947000,-3.954000,28.58
1.561709,0.533000,0.001000,-0.971000,9.282000,67.282000,-3.542000,28.58
1.568675,0.543000,0.012000,-0.929000,12.565000,81.267000,-1.603000,28.53
1.580727,0.290000,0.216000,-1.212000,21.145000,124.718000,15.206000,28.62
1.587515,0.579000,-0.062000,-0.970000,18.092000,163.008000,25.557000,28.58
1.604762,0.586000,-0.014000,-1.064000,31.695000,189.084000,29.481000,28.67
1.613043,0.350000,-0.129000,-1.089000,37.374000,227.725000,28.672000,28.62
1.620909,0.632000,-0.004000,-1.001000,41.267000,267.221000,27.344000,28.62
1.630748,0.716000,-0.019000,-1.055000,60.290000,270.244000,29.099000,28.77
1.637701,0.714000,0.046000,-1.145000,67.420000,293.130000,32.153000,28.48
1.649699,0.755000,0.014000,-1.007000,84.397000,286.595000,35.420000,28.62
1.671603,0.950000,-0.052000,-0.981000,84.733000,295.176000,37.756000,28.62
1.675119,1.269000,-0.173000,-1.457000,63.893000,298.031000,41.832000,28.67
1.680526,1.018000,-0.184000,-0.978000,43.557000,274.733000,37.557000,28.67
1.687522,1.092000,0.063000,-0.872000,47.389000,239.176000,44.382000,28.62
1.699793,1.170000,0.168000,-1.052000,43.969000,243.847000,46.183000,28.72
1.712467,0.942000,0.273000,-1.548000,39.863000,199.695000,43.527000,28.67
1.718811,0.363000,0.162000,-1.844000,41.573000,81.374000,37.832000,28.67
1.730889,0.070000,0.053000,-1.484000,21.817000,56.198000,57.420000,28.72
1.737832,0.203000,0.209000,-1.531000,-2.977000,34.183000,75.435000,28.77
1.750482,0.181000,0.311000,-1.356000,-5.802000,-5.802000,88.351000,28.67
1.762248,0.211000,0.436000,-1.274000,-12.763000,-47.710000,90.229000,28.58
1.769532,0.125000,0.564000,-1.126000,-21.954000,-63.466000,84.931000,28.62
1.780919,0.062000,0.645000,-0.967000,-20.687000,-88.031000,71.420000,28.62
1.787979,0.033000,0.714000,-0.878000,-25.908000,-89.710000,52.397000,28.67
1.800331,0.073000,0.778000,-0.836000,-28.137000,-93.206000,26.824000,28.67
1.811864,0.136000,0.798000,-0.831000,-30.260000,-100.366000,-3.252000,28.72
1.818345,0.221000,0.786000,-0.851000,-31.863000,-108.351000,-35.130000,28.62
1.830225,0.305000,0.755000,-0.847000,-31.634000,-116.000000,-64.031000,28.67
1.842019,0.357000,0.683000,-0.852000,-28.076000,-125.252000,-88.550000,28.67
1.848673,0.438000,0.572000,-0.892000,-28.107000,-130.901000,-108.351000,28.62
1.860545,0.571000,0.447000,-0.986000,-30.351000,-137.252000,-123.542000,28.62
1.872190,0.723000,0.347000,-1.063000,-31.511000,-147.924000,-134.183000,28.67
1.878738,0.880000,0.233000,-1.110000,-30.977000,-164.229000,-138.855000,28.67
1.890636,0.979000,0.105000,-1.112000,-29.664000,-183.588000,-136.382000,28.72
1.902194,1.380000,-0.282000,-1.105000,-45.603000,-191.389000,-124.840000,28.67
1.908902,1.090000,-0.250000,-0.885000,-37.038000,-237.038000,-102.519000,28.67
1.920529,0.935000,-0.351000,-0.737000,-52.656000,-198.824000,-74.809000,28.72
1.926307,1.011000,-0.365000,-0.806000,-73.450000,-181.160000,-53.267000,28.72
1.938970,1.294000,-0.291000,-0.917000,-101.649000,-172.366000,-39.466000,28.58
1.950847,1.159000,0.003000,-0.759000,-96.992000,-177.924000,-28.336000,28.58
1.957741,1.762000,0.285000,-0.838000,-105.756000,-143.099000,-22.000000,28.62
1.969454,1.215000,0.121000,-0.882000,-82.977000,-172.397000,-33.206000,28.62
1.981122,1.496000,0.229000,-0.961000,-106.947000,-150.550000,-52.412000,28.77
1.988156,1.787000,0.659000,-0.722000,-73.435000,-96.931000,-29.176000,28.67
1.999976,1.258000,0.010000,0.073000,13.557000,-137.115000,-41.237000,28.53
2.011837,1.809000,-1.236000,0.295000,15.649000,-92.565000,-61.649000,28.67
2.019139,2.033000,-1.321000,0.510000,-34.565000,-50.412000,-73.420000,28.67
2.030514,2.097000,-1.277000,0.611000,-20.534000,-34.718000,-85.435000,28.67
2.037370,2.246000,-1.590000,1.004000,21.588000,-63.985000,-87.389000,28.62
2.049558,2.630000,-1.868000,1.834000,34.275000,-9.176000,-64.672000,28.62
2.061602,3.320000,-2.427000,2.995000,59.740000,35.695000,-45.893000,28.58
2.068617,3.129000,-1.614000,2.315000,39.695000,163.634000,21.664000,28.58
2.080576,4.000000,-0.135000,-3.285000,-21.237000,95.023000,34.580000,28.72
2.087483,-2.012000,0.385000,0.114000,143.573000,-303.832000,38.473000,28.62
2.099377,-0.083000,0.425000,-1.328000,95.313000,50.397000,39.740000,28.58
2.111559,1.527000,-1.163000,-1.159000,6.336000,76.702000,13.237000,28.62
2.118571,0.734000,-0.382000,-1.110000,24.046000,-31.038000,5.695000,28.62
2.130887,0.526000,0.108000,-0.876000,32.534000,-28.977000,2.153000,28.58
2.137907,0.688000,-0.200000,-0.841000,-7.160000,39.969000,-1.176000,28.58
2.149884,0.654000,-0.065000,-0.853000,5.588000,-1.084000,-7.420000,28.72
2.162442,0.613000,0.088000,-0.848000,7.481000,1.466000,-6.336000,28.62
2.169201,0.619000,0.000000,-0.876000,-1.908000,20.137000,-4.229000,28.58
2.181696,0.608000,0.079000,-0.822000,4.137000,5.573000,-1.817000,28.67
2.189012,0.607000,0.067000,-0.817000,6.626000,6.763000,2.046000,28.62
2.201074,0.597000,0.019000,-0.803000,3.588000,12.443000,3.481000,28.62
2.208553,0.573000,0.014000,-0.813000,6.916000,5.756000,3.588000,28.58
2.220849,0.566000,-0.016000,-0.820000,3.603000,11.176000,3.282000,28.67
2.228049,0.553000,-0.033000,-0.835000,1.191000,13.191000,3.145000,28.62
2.240410,0.574000,-0.001000,-0.817000,2.000000,11.466000,3.038000,28.53
2.252383,0.596000,0.016000,-0.781000,1.664000,12.092000,3.603000,28.58
2.259880,0.598000,0.008000,-0.780000,3.573000,7.985000,3.649000,28.58
2.272267,0.593000,-0.022000,-0.799000,3.863000,6.672000,3.252000,28.62
2.279456,0.588000,-0.007000,-0.821000,2.702000,8.427000,3.069000,28.58
2.291870,0.573000,0.031000,-0.840000,3.481000,10.321000,3.618000,28.67
2.299059,0.600000,0.026000,-0.803000,4.260000,11.466000,4.687000,28.62
2.311289,0.602000,0.024000,-0.793000,5.954000,10.366000,5.893000,28.62
2.318542,0.594000,0.010000,-0.839000,5.740000,13.420000,5.603000,28.67
2.330530,0.589000,-0.005000,-0.833000,7.023000,15.985000,5.786000,28.67
2.337772,0.579000,-0.015000,-0.833000,7.221000,18.824000,4.718000,28.72
2.350139,0.616000,0.021000,-0.814000,8.107000,23.695000,2.824000,28.72
2.362236,0.580000,0.037000,-0.844000,11.985000,20.962000,0.992000,28.58
2.369451,0.539000,0.020000,-0.867000,14.351000,23.527000,-1.893000,28.67
2.381730,0.479000,-0.017000,-0.948000,17.634000,26.580000,-6.672000,28.62
2.389351,0.411000,0.038000,-0.987000,17.954000,41.313000,-7.206000,28.58
2.400689,0.390000,0.090000,-1.024000,18.779000,57.863000,-8.443000,28.58
2.407932,0.328000,-0.073000,-1.060000,20.687000,82.137000,-9.679000,28.58
2.419838,0.384000,0.082000,-1.162000,11.756000,110.137000,8.031000,28.62
2.431904,0.554000,0.247000,-1.055000,10.962000,131.786000,14.641000,28.62
2.441076,0.335000,0.506000,-1.206000,26.489000,131.985000,14.656000,28.58
2.455452,-0.054000,0.715000,-1.792000,38.076000,117.023000,2.412000,28.58
2.461106,-0.679000,0.971000,-1.875000,48.885000,73.832000,-24.244000,28.62
2.471601,-0.957000,1.030000,-1.971000,42.244000,38.504000,-50.168000,28.58
2.483459,-1.023000,0.907000,-2.006000,28.229000,7.969000,-63.985000,28.58
2.489033,-0.954000,0.664000,-1.996000,9.511000,-33.267000,-61.450000,28.62
2.502059,-0.802000,0.469000,-1.923000,-15.756000,-64.244000,-47.328000,28.62
2.512219,-0.470000,0.297000,-1.808000,-34.931000,-89.939000,-27.053000,28.58
2.518814,0.183000,0.056000,-1.676000,-47.695000,-109.832000,-0.382000,28.58
2.530749,0.016000,-0.061000,-1.468000,-51.191000,-140.000000,24.885000,28.62
2.537219,0.526000,-0.284000,-1.280000,-85.557000,-104.092000,53.588000,28.53
2.549263,1.373000,-0.544000,-0.801000,-89.038000,-80.015000,67.298000,28.58
2.561594,1.542000,-0.667000,0.762000,-30.733000,-65.466000,79.573000,28.58
2.568338,2.559000,-1.076000,0.229000,-74.595000,30.336000,69.634000,28.62
2.580271,1.983000,-0.535000,-0.331000,-97.130000,-7.069000,38.931000,28.62
2.587428,1.135000,0.013000,-0.343000,-76.107000,-39.893000,3.985000,28.58
2.599316,0.807000,0.125000,-0.022000,-27.115000,-42.031000,-28.092000,28.67
2.611259,1.335000,-0.446000,0.343000,5.893000,-14.427000,-42.962000,28.62
2.618359,2.194000,-1.303000,0.995000,29.863000,-6.473000,-39.115000,28.62
2.630275,3.114000,-1.996000,1.819000,37.557000,10.244000,-10.473000,28.58
2.637385,4.000000,-2.030000,2.339000,18.885000,45.954000,42.962000,28.58
2.649267,2.197000,0.556000,-1.061000,-7.313000,-41.130000,-43.069000,28.62
2.661565,-0.856000,0.614000,-0.674000,61.969000,-85.939000,8.916000,28.67
2.668307,0.435000,0.515000,-1.251000,58.061000,-37.282000,31.634000,28.67
2.680507,0.875000,-0.727000,-1.070000,43.511000,-23.985000,9.954000,28.58
2.687672,0.228000,-0.644000,-0.936000,1.511000,-46.366000,6.504000,28.62
2.699841,0.380000,0.253000,-0.998000,-2.153000,-8.305000,-4.153000,28.72
2.711725,0.697000,-0.233000,-0.882000,-5.527000,-0.427000,-7.313000,28.58
2.718665,0.591000,-0.074000,-0.839000,-11.603000,-5.710000,-14.458000,28.58
2.730770,0.574000,0.108000,-0.833000,-11.053000,1.908000,-13.557000,28.53
2.737898,0.603000,0.155000,-0.819000,-7.115000,9.802000,-7.802000,28.72
2.750277,0.636000,0.108000,-0.802000,0.427000,5.450000,-1.618000,28.58
2.757595,0.636000,0.115000,-0.794000,3.710000,8.870000,3.374000,28.58
2.769952,0.588000,0.082000,-0.822000,7.878000,10.107000,7.359000,28.62
2.782195,0.595000,0.009000,-0.814000,11.832000,8.290000,6.794000,28.58
2.789191,0.593000,-0.045000,-0.829000,6.962000,12.534000,7.832000,28.67
2.801548,0.574000,-0.056000,-0.828000,4.687000,11.450000,6.443000,28.62
2.808607,0.566000,-0.042000,-0.835000,4.198000,11.145000,4.733000,28.62
2.820722,0.556000,-0.013000,-0.848000,2.718000,15.466000,5.069000,28.58
2.827675,0.573000,-0.001000,-0.849000,1.725000,19.252000,6.107000,28.58
2.840185,0.554000,-0.009000,-0.825000,2.672000,20.840000,6.076000,28.62
2.846182,0.578000,-0.017000,-0.795000,3.802000,21.176000,6.000000,28.53
2.859794,0.586000,0.013000,-0.789000,7.557000,19.435000,6.198000,28.67
2.871784,0.552000,0.047000,-0.809000,12.565000,19.847000,7.252000,28.58
2.881019,0.528000,0.016000,-0.837000,17.298000,15.924000,7.344000,28.53
2.891250,0.513000,0.057000,-0.859000,17.878000,25.282000,7.145000,28.62
2.903200,0.508000,-0.050000,-0.869000,20.092000,30.489000,5.252000,28.67
2.912577,0.474000,0.028000,-0.928000,19.405000,45.893000,5.099000,28.58
2.920295,0.440000,0.039000,-0.987000,20.962000,55.176000,4.855000,28.62
2.930539,0.390000,0.051000,-1.067000,24.611000,77.832000,6.962000,28.67
2.945770,0.616000,0.159000,-1.076000,30.595000,93.053000,9.221000,28.58
2.952254,0.351000,0.335000,-1.178000,31.573000,105.023000,7.267000,28.58
2.961570,-0.004000,0.662000,-1.527000,44.076000,83.527000,-6.992000,28.53
2.972143,-0.316000,0.887000,-1.639000,46.977000,61.939000,-30.763000,28.58
2.980440,-0.536000,1.006000,-1.663000,40.977000,35.740000,-56.840000,28.58
2.992206,-0.601000,0.934000,-1.642000,30.885000,11.328000,-79.679000,28.72
2.999093,-0.516000,0.683000,-1.611000,15.710000,-16.672000,-88.534000,28.62
3.010758,-0.310000,0.429000,-1.553000,0.763000,-40.107000,-81.832000,28.67
3.017657,-0.035000,0.109000,-1.472000,-12.382000,-60.076000,-61.771000,28.58
3.031086,0.197000,-0.094000,-1.344000,-24.046000,-71.802000,-28.916000,28.62
3.042228,0.449000,-0.352000,-1.160000,-43.786000,-71.679000,2.702000,28.67
3.048593,0.554000,-0.292000,-0.975000,-65.176000,-63.573000,28.458000,28.67
3.060126,1.043000,-0.260000,-0.729000,-72.397000,-48.779000,38.580000,28.58
3.072028,1.257000,-0.082000,-0.385000,-58.656000,-17.069000,33.344000,28.62
3.079468,1.174000,-0.199000,-0.415000,-43.511000,1.481000,17.130000,28.62
3.093128,0.897000,-0.013000,-0.715000,-54.183000,7.908000,-4.809000,28.58
3.098198,0.465000,0.185000,-0.800000,-41.634000,-8.382000,-21.710000,28.58
3.110504,0.255000,0.131000,-0.773000,-23.511000,-9.252000,-24.916000,28.62
3.121997,0.226000,-0.128000,-0.690000,-9.374000,-2.763000,-14.977000,28.53
3.130095,0.461000,-0.518000,-0.515000,-4.015000,8.153000,8.565000,28.58
3.147610,0.860000,-0.799000,-0.744000,-18.595000,22.489000,32.595000,28.62
3.148851,1.338000,-1.090000,-0.769000,-59.298000,2.656000,49.282000,28.62
3.160178,1.202000,-0.745000,-0.580000,-75.893000,-32.321000,57.420000,28.67
3.172199,0.954000,-0.485000,-0.023000,-58.458000,-38.168000,64.427000,28.58
3.178983,1.486000,-0.691000,0.474000,-43.221000,-3.802000,72.611000,28.62
3.191501,2.412000,-0.967000,0.919000,-34.947000,19.847000,80.336000,28.62
3.198502,3.219000,-1.044000,1.327000,-20.427000,18.611000,78.824000,28.58
3.211077,3.484000,0.455000,1.020000,2.992000,17.908000,22.122000,28.58
3.222541,0.790000,-0.313000,-0.828000,30.901000,-60.519000,-42.366000,28.62
3.235350,-0.060000,-0.043000,-0.922000,8.382000,-48.092000,18.366000,28.62
3.240985,0.691000,0.876000,-0.728000,25.237000,-44.336000,15.634000,28.58
3.247868,0.596000,-0.162000,-0.912000,42.092000,-38.153000,10.489000,28.58
3.260427,0.335000,-0.509000,-1.096000,14.046000,-46.962000,6.702000,28.53
3.272705,0.491000,0.162000,-0.848000,4.366000,-15.740000,2.962000,28.62
3.280870,0.542000,-0.095000,-0.938000,7.435000,-10.748000,-2.779000,28.67
3.291445,0.539000,-0.183000,-0.885000,-2.260000,-5.008000,-4.183000,28.58
3.306153,0.610000,-0.084000,-0.849000,-4.214000,-2.748000,-8.183000,28.62
3.310568,0.584000,-0.043000,-0.839000,-8.977000,3.298000,-9.069000,28.67
3.317930,0.590000,0.050000,-0.808000,-5.725000,0.656000,-8.321000,28.58
3.331510,0.644000,0.048000,-0.795000,-4.794000,2.885000,-5.924000,28.58
3.342001,0.631000,0.066000,-0.801000,-1.878000,3.740000,-2.947000,28.62
3.361055,0.594000,0.066000,-0.812000,1.756000,3.863000,0.366000,28.62
3.362166,0.599000,0.029000,-0.823000,3.985000,4.718000,2.305000,28.58
3.368803,0.573000,-0.008000,-0.822000,4.305000,4.412000,3.282000,28.67
3.381380,0.560000,-0.012000,-0.825000,4.443000,4.947000,3.557000,28.53
3.388315,0.569000,-0.054000,-0.803000,2.076000,7.664000,2.992000,28.62
3.400923,0.587000,-0.039000,-0.808000,1.573000,5.985000,1.771000,28.48
3.407960,0.576000,-0.024000,-0.802000,1.893000,4.168000,1.649000,28.58
3.420501,0.581000,-0.023000,-0.795000,1.878000,4.244000,1.802000,28.62
3.427520,0.574000,-0.016000,-0.797000,3.252000,1.634000,2.183000,28.62
3.444069,0.583000,-0.012000,-0.791000,4.168000,-0.840000,2.885000,28.58
3.451939,0.585000,-0.032000,-0.799000,4.489000,-1.282000,3.496000,28.62
3.459802,0.587000,-0.007000,-0.792000,4.473000,-2.076000,3.924000,28.62
3.471524,0.574000,-0.002000,-0.804000,5.206000,-2.504000,4.122000,28.58
3.478778,0.555000,-0.000000,-0.814000,5.237000,-0.092000,3.954000,28.58
3.490763,0.570000,-0.028000,-0.823000,4.397000,2.382000,3.466000,28.62
3.497924,0.558000,-0.041000,-0.825000,4.168000,3.038000,3.115000,28.62
3.510399,0.556000,-0.033000,-0.833000,4.183000,4.351000,2.763000,28.58
3.517398,0.563000,-0.034000,-0.837000,3.863000,6.611000,2.931000,28.58
3.531284,0.542000,-0.026000,-0.836000,3.878000,9.237000,3.542000,28.53
3.542095,0.543000,-0.058000,-0.821000,3.374000,12.031000,4.107000,28.53
3.554797,0.499000,-0.004000,-0.859000,2.244000,14.901000,5.267000,28.58
3.561831,0.541000,-0.037000,-0.871000,4.122000,19.771000,8.092000,28.58
3.572485,0.576000,-0.064000,-0.848000,4.443000,22.565000,7.115000,28.62
3.581277,0.532000,-0.023000,-0.892000,4.550000,31.191000,5.191000,28.67
3.588439,0.476000,0.066000,-0.964000,7.634000,42.595000,3.267000,28.58
3.600682,0.436000,0.059000,-0.958000,11.740000,55.603000,4.305000,28.67
3.608116,0.456000,0.161000,-0.927000,14.885000,65.145000,7.450000,28.72
3.619964,0.427000,0.057000,-0.963000,13.053000,84.855000,13.527000,28.62
3.632185,0.578000,-0.090000,-0.922000,9.817000,97.069000,29.649000,28.58
3.639068,0.559000,0.187000,-0.996000,4.382000,137.344000,46.504000,28.62
3.651060,0.751000,0.023000,-1.069000,4.840000,144.504000,54.244000,28.62
3.658896,0.539000,0.261000,-1.176000,10.687000,149.802000,59.145000,28.67
3.670143,0.208000,0.267000,-1.255000,15.725000,133.496000,57.359000,28.67
3.682359,-0.301000,0.735000,-1.654000,11.557000,107.985000,33.710000,28.53
3.689425,-0.710000,0.824000,-1.830000,7.878000,62.092000,1.664000,28.58
3.701337,-0.768000,0.895000,-1.873000,-4.916000,12.565000,-24.962000,28.58
3.707972,-0.633000,0.892000,-1.815000,-13.527000,-27.191000,-43.573000,28.58
3.719997,-0.456000,0.804000,-1.702000,-16.885000,-60.748000,-55.542000,28.62
3.731953,-0.205000,0.703000,-1.519000,-14.992000,-85.802000,-62.595000,28.62
3.738391,0.049000,0.607000,-1.348000,-16.061000,-94.763000,-66.611000,28.58
3.750285,0.395000,0.514000,-1.302000,-16.702000,-96.183000,-67.099000,28.58
3.762237,0.346000,0.489000,-1.127000,-6.321000,-107.130000,-70.580000,28.62
3.769023,0.539000,0.316000,-1.067000,-5.695000,-97.221000,-68.061000,28.58
3.781138,0.712000,-0.122000,-0.929000,-2.443000,-97.969000,-57.008000,28.58
3.787798,0.752000,-0.220000,-0.779000,-18.718000,-84.443000,-37.679000,28.62
3.799503,1.111000,-0.496000,-0.651000,-24.718000,-60.290000,-18.687000,28.62
3.811580,1.318000,-0.603000,0.158000,-0.947000,-21.817000,1.603000,28.58
3.818227,1.511000,-0.970000,-0.159000,-10.183000,13.496000,14.427000,28.58
3.830464,1.029000,-0.550000,-0.635000,-30.641000,12.931000,17.679000,28.53
3.837325,0.371000,-0.048000,-0.803000,-24.702000,11.466000,17.649000,28.62
3.849547,0.202000,0.100000,-0.958000,-11.542000,7.176000,16.626000,28.67
3.861498,0.368000,-0.001000,-1.107000,-14.122000,10.580000,14.870000,28.67
3.868255,0.490000,-0.116000,-1.105000,-25.496000,-3.878000,7.954000,28.62
3.880511,1.977000,1.495000,0.419000,168.122000,47.924000,-57.710000,28.53
3.887287,1.559000,-0.860000,-1.078000,64.824000,4.366000,-145.160000,28.58
3.899138,0.277000,-0.518000,-1.249000,-22.351000,-44.534000,-103.817000,28.58
3.911286,0.297000,0.026000,-1.011000,-39.313000,14.977000,-38.046000,28.62
3.918277,0.397000,-0.269000,-0.675000,11.221000,-43.313000,9.695000,28.62
3.929993,0.837000,-0.343000,-0.642000,-26.870000,-2.855000,27.008000,28.58
3.942162,1.012000,-0.094000,-0.673000,-33.328000,7.389000,16.931000,28.48
3.948967,0.872000,0.153000,-0.698000,-17.481000,-0.321000,-3.710000,28.53
3.961238,0.855000,0.246000,-0.882000,6.137000,-19.069000,-25.649000,28.48
3.968026,0.834000,0.199000,-1.094000,3.115000,-18.168000,-38.000000,28.58
3.980352,0.683000,0.217000,-1.149000,9.802000,-57.099000,-43.496000,28.62
3.986048,0.565000,0.167000,-1.069000,6.351000,-67.344000,-39.328000,28.53
3.999600,0.503000,0.113000,-0.851000,0.672000,-57.344000,-28.748000,28.58
4.011249,0.546000,0.016000,-0.769000,-6.687000,-45.954000,-17.466000,28.58
4.018047,0.705000,0.007000,-0.839000,-20.229000,-33.618000,-10.840000,28.53
4.030258,0.787000,0.061000,-0.866000,-26.122000,-35.863000,-7.847000,28.62
4.042408,0.795000,0.088000,-0.853000,-23.084000,-42.763000,-8.565000,28.58
4.048799,0.755000,0.061000,-0.781000,-19.160000,-44.061000,-11.710000,28.58
4.060732,0.761000,-0.011000,-0.719000,-18.977000,-44.305000,-14.595000,28.62
4.067377,0.734000,-0.057000,-0.668000,-19.954000,-44.809000,-13.634000,28.58
4.079513,0.710000,-0.079000,-0.594000,-21.756000,-42.443000,-8.198000,28.58
4.091247,0.677000,-0.078000,-0.548000,-24.214000,-39.115000,-1.450000,28.58
4.098281,0.664000,-0.063000,-0.530000,-29.649000,-33.527000,3.695000,28.53
4.110448,0.673000,-0.038000,-0.516000,-33.939000,-28.534000,6.137000,28.48
4.122525,0.706000,-0.033000,-0.538000,-36.107000,-29.313000,5.084000,28.48
4.129524,0.702000,-0.035000,-0.554000,-36.137000,-36.244000,2.733000,28.53
4.141432,0.638000,-0.062000,-0.504000,-35.405000,-40.885000,-0.504000,28.53
4.148064,0.622000,-0.098000,-0.456000,-35.420000,-40.794000,-4.214000,28.67
4.159986,0.655000,-0.126000,-0.407000,-34.962000,-39.450000,-6.870000,28.58
4.172101,0.708000,-0.135000,-0.379000,-32.580000,-37.847000,-9.939000,28.62
4.178563,0.746000,-0.132000,-0.329000,-29.954000,-37.038000,-13.435000,28.58
4.190779,0.754000,-0.080000,-0.286000,-25.756000,-33.924000,-15.389000,28.58
4.202070,0.777000,-0.078000,-0.272000,-22.962000,-28.305000,-18.305000,28.58
4.209068,0.411000,0.147000,-0.576000,-33.405000,-9.160000,-11.344000,28.53
4.221633,0.585000,0.063000,0.800000,25.252000,8.718000,30.656000,28.67
4.229028,1.579000,-0.785000,1.046000,39.740000,99.450000,27.481000,28.58
4.240701,1.053000,-0.346000,0.520000,12.565000,170.000000,60.260000,28.62
4.246583,1.767000,0.146000,-1.854000,-31.145000,228.092000,69.099000,28.53
4.259860,1.409000,-0.135000,-1.824000,38.794000,25.908000,39.344000,28.58
4.271584,0.615000,-0.269000,-0.670000,98.473000,-49.405000,47.405000,28.58
4.278658,0.787000,-0.268000,-0.967000,46.198000,100.321000,24.198000,28.62
4.290656,1.077000,-0.361000,-1.234000,-2.412000,126.962000,12.794000,28.67
4.296539,0.520000,-0.423000,-0.870000,38.107000,22.733000,9.481000,28.58
4.309956,1.297000,0.055000,-1.103000,4.840000,86.885000,35.069000,28.58
4.321996,1.157000,0.277000,-0.680000,29.267000,30.595000,6.534000,28.62
4.329107,0.695000,-0.164000,-0.839000,44.885000,-3.573000,10.214000,28.53
4.341226,0.788000,-0.108000,-0.959000,27.847000,9.420000,15.649000,28.58
4.348350,0.784000,0.049000,-0.826000,28.580000,2.534000,9.710000,28.67
4.360642,0.713000,-0.122000,-0.916000,30.580000,-15.847000,5.099000,28.62
4.372488,0.653000,-0.069000,-0.883000,13.695000,-2.885000,4.992000,28.62
4.379726,0.591000,0.026000,-0.864000,12.534000,-4.351000,1.817000,28.48
4.392060,0.626000,-0.036000,-0.861000,9.954000,-3.847000,2.321000,28.62
4.399230,0.597000,0.009000,-0.826000,7.847000,-1.176000,2.092000,28.62
4.411518,0.567000,0.016000,-0.834000,7.603000,0.626000,2.153000,28.58
4.422969,0.585000,0.006000,-0.823000,7.069000,1.374000,2.504000,28.58
4.431329,0.559000,0.034000,-0.819000,7.191000,3.802000,3.084000,28.53
4.438603,0.566000,0.020000,-0.818000,8.580000,4.901000,3.313000,28.72
4.450689,0.587000,-0.007000,-0.799000,8.305000,5.176000,3.237000,28.58
4.458269,0.558000,0.009000,-0.797000,7.603000,5.099000,3.313000,28.58
4.470612,0.488000,0.089000,-0.779000,9.710000,6.977000,5.389000,28.53
4.478022,0.513000,0.044000,-0.819000,11.145000,13.069000,6.412000,28.53
4.490104,0.614000,-0.062000,-0.815000,4.901000,15.863000,5.328000,28.48
4.501985,0.604000,-0.022000,-0.822000,5.328000,12.076000,4.061000,28.58
4.509375,0.609000,-0.033000,-0.801000,5.725000,11.634000,3.893000,28.53
4.521616,0.604000,-0.055000,-0.804000,5.145000,11.771000,3.160000,28.62
4.528777,0.620000,-0.064000,-0.799000,3.725000,9.786000,1.878000,28.48
4.541197,0.608000,-0.038000,-0.794000,3.237000,7.695000,1.573000,28.58
4.547872,0.611000,-0.034000,-0.818000,3.847000,6.107000,1.618000,28.62
4.560502,0.616000,-0.047000,-0.795000,4.275000,5.221000,1.969000,28.58
4.567587,0.603000,-0.036000,-0.801000,5.176000,3.145000,1.313000,28.67
4.580286,0.601000,-0.030000,-0.802000,5.328000,3.924000,1.344000,28.58
4.592216,0.593000,-0.020000,-0.811000,6.626000,3.725000,1.954000,28.62
4.599682,0.583000,-0.016000,-0.852000,9.008000,5.557000,1.511000,28.53
4.611814,0.605000,-0.016000,-0.845000,11.145000,9.466000,1.649000,28.48
4.618772,0.599000,-0.028000,-0.869000,14.321000,13.908000,-0.687000,28.48
4.630880,0.590000,-0.041000,-0.775000,14.763000,21.466000,-1.679000,28.53
4.637945,0.549000,-0.046000,-0.803000,16.702000,17.099000,-7.908000,28.53
4.649957,0.581000,-0.066000,-0.821000,19.145000,17.038000,-11.160000,28.67
4.662006,0.601000,-0.052000,-0.842000,14.275000,25.237000,-9.557000,28.53
4.668968,0.555000,-0.049000,-0.876000,11.756000,32.183000,-9.221000,28.53
4.685783,0.493000,0.093000,-0.944000,9.267000,48.412000,-5.817000,28.67
4.688069,0.495000,0.092000,-0.925000,13.374000,54.580000,-6.046000,28.67
4.700316,0.438000,-0.057000,-0.898000,11.237000,64.656000,0.458000,28.62
4.712211,0.599000,-0.058000,-0.897000,15.053000,84.779000,14.672000,28.53
4.718961,0.622000,-0.051000,-0.880000,15.817000,103.481000,22.519000,28.48
4.731047,0.640000,-0.020000,-0.923000,17.893000,106.473000,24.534000,28.58
4.737823,0.578000,0.073000,-0.988000,17.634000,112.275000,24.397000,28.44
4.756505,0.291000,0.334000,-1.250000,18.718000,104.244000,16.748000,28.62
4.762172,-0.174000,0.580000,-1.488000,27.527000,73.679000,-5.435000,28.67
4.769169,-0.357000,0.730000,-1.646000,25.588000,43.954000,-37.359000,28.58
4.781392,-0.509000,0.814000,-1.674000,28.550000,10.290000,-65.679000,28.44
4.788201,-0.524000,0.642000,-1.707000,18.656000,-14.748000,-79.588000,28.53
4.800297,-0.446000,0.417000,-1.695000,1.130000,-41.328000,-72.382000,28.67
4.811820,-0.301000,0.189000,-1.667000,-16.687000,-59.298000,-49.557000,28.48
4.818522,-0.214000,-0.060000,-1.524000,-31.985000,-74.962000,-22.076000,28.62
4.830477,0.071000,-0.177000,-1.413000,-46.107000,-81.069000,5.954000,28.58
4.846671,0.171000,-0.220000,-1.264000,-46.977000,-94.427000,29.435000,28.58
4.848894,0.312000,-0.295000,-1.170000,-59.771000,-86.168000,48.763000,28.67
4.861657,0.574000,-0.258000,-1.017000,-65.252000,-82.992000,62.626000,28.53
4.868144,0.601000,-0.056000,-0.875000,-67.023000,-78.473000,65.771000,28.67
4.879766,0.706000,0.018000,-0.792000,-57.695000,-66.107000,65.115000,28.58
4.891509,1.153000,-0.142000,-0.310000,-48.229000,-33.481000,55.664000,28.44
4.898723,1.320000,-0.167000,-0.354000,-39.725000,-10.809000,36.183000,28.62
4.910428,1.005000,-0.146000,-0.556000,-29.878000,-3.359000,16.779000,28.58
4.916513,0.581000,-0.032000,-0.720000,-20.412000,-3.710000,-0.183000,28.58
4.929764,0.438000,0.006000,-0.896000,-16.504000,-0.412000,-10.916000,28.53
4.941446,0.454000,-0.037000,-0.940000,-13.405000,-8.214000,-18.962000,28.67
4.948586,0.577000,-0.081000,-0.806000,-8.489000,-6.473000,-21.176000,28.48
4.960615,0.680000,-0.246000,-0.669000,0.687000,-1.420000,-15.389000,28.48
4.972351,0.689000,-0.242000,-0.784000,-9.466000,3.893000,-9.466000,28.53
4.979702,0.592000,-0.055000,-0.827000,-9.069000,3.634000,-7.237000,28.53
4.996416,0.577000,0.132000,-0.812000,-1.435000,4.427000,-10.427000,28.58
4.998769,0.594000,0.201000,-0.833000,6.397000,7.924000,-18.046000,28.58
5.011918,0.652000,0.255000,-0.908000,6.015000,9.160000,-32.183000,28.62
5.017792,0.618000,0.260000,-0.928000,7.221000,-4.931000,-45.374000,28.62
5.030217,0.524000,0.216000,-0.872000,7.053000,-11.649000,-55.389000,28.67
5.041914,0.538000,0.156000,-0.703000,11.145000,-11.603000,-58.626000,28.58
5.051162,0.671000,-0.053000,-0.583000,12.031000,-1.237000,-53.267000,28.53
5.061122,0.877000,-0.252000,-0.598000,5.802000,2.885000,-41.954000,28.44
5.068437,0.949000,-0.321000,-0.606000,-6.489000,3.878000,-29.557000,28.58
5.080339,0.969000,-0.307000,-0.656000,-21.405000,0.901000,-20.305000,28.58
5.096582,1.049000,-0.283000,-0.680000,-38.275000,-10.076000,-15.756000,28.53
5.102236,1.096000,-0.106000,-0.676000,-41.695000,-25.099000,-10.794000,28.58
5.110697,1.059000,-0.144000,-0.583000,-26.885000,-45.344000,-3.084000,28.48
5.117783,0.948000,-0.298000,-0.371000,-25.252000,-52.565000,7.939000,28.58
5.129755,0.958000,-0.401000,-0.184000,-32.992000,-33.924000,21.420000,28.53
5.141683,1.070000,-0.477000,-0.019000,-40.031000,-13.603000,34.794000,28.62
5.148747,1.215000,-0.564000,0.186000,-37.099000,1.954000,47.023000,28.58
5.160522,1.337000,-0.665000,0.380000,-31.450000,25.542000,55.542000,28.58
5.166647,1.576000,-0.754000,0.697000,-22.550000,52.076000,57.496000,28.62
5.179628,3.024000,-1.026000,0.945000,-4.076000,87.863000,82.214000,28.62
5.192133,3.242000,0.844000,-0.207000,28.733000,47.603000,31.038000,28.58
5.198567,0.881000,0.106000,-0.494000,60.840000,-78.214000,-28.977000,28.48
5.210481,-0.316000,-0.123000,-0.991000,56.992000,-32.962000,24.962000,28.62
5.217391,0.667000,0.225000,-1.135000,31.053000,-9.679000,19.847000,28.58
5.229835,0.674000,-0.056000,-0.785000,49.084000,-32.687000,8.855000,28.58
5.241596,0.258000,-0.304000,-1.269000,32.275000,-44.489000,2.168000,28.62
5.248900,0.460000,-0.285000,-0.978000,-8.412000,17.267000,0.779000,28.62
5.260853,0.773000,0.006000,-0.820000,5.008000,-9.618000,-8.580000,28.58
5.268160,0.558000,-0.185000,-0.830000,-4.840000,-0.794000,-8.107000,28.58
5.280076,0.607000,-0.077000,-0.805000,-10.534000,0.794000,-11.450000,28.62
5.291678,0.625000,-0.013000,-0.821000,-10.504000,-2.214000,-11.649000,28.53
5.301689,0.592000,-0.007000,-0.840000,-10.412000,-2.794000,-10.809000,28.58
5.310741,0.597000,0.048000,-0.813000,-11.527000,1.252000,-7.679000,28.48
5.320182,0.572000,0.058000,-0.836000,-7.863000,0.809000,-4.305000,28.62
5.330353,0.602000,0.033000,-0.834000,-7.481000,4.763000,-2.214000,28.53
5.347988,0.568000,0.003000,-0.842000,-6.794000,5.664000,-1.802000,28.67
5.349479,0.559000,0.007000,-0.836000,-7.603000,9.863000,-1.099000,28.58
5.361559,0.572000,0.028000,-0.835000,-6.641000,11.573000,-0.611000,28.62
5.368542,0.605000,0.041000,-0.797000,-4.397000,11.084000,0.427000,28.58
5.380990,0.601000,0.037000,-0.794000,-2.733000,9.282000,1.679000,28.58
5.387968,0.603000,0.040000,-0.788000,-0.992000,6.977000,2.504000,28.58
5.400579,0.591000,0.029000,-0.794000,0.565000,5.557000,3.344000,28.53
5.408202,0.587000,0.033000,-0.787000,1.649000,5.466000,4.183000,28.58
5.420926,0.556000,0.029000,-0.794000,3.802000,3.893000,4.733000,28.58
5.427563,0.559000,0.015000,-0.804000,5.282000,3.847000,5.023000,28.53
5.439980,0.574000,-0.003000,-0.805000,6.122000,3.588000,4.305000,28.53
5.452183,0.596000,-0.013000,-0.792000,7.252000,3.450000,3.130000,28.58
5.460497,0.605000,-0.018000,-0.781000,8.015000,1.634000,1.863000,28.67
5.471830,0.605000,-0.013000,-0.792000,7.908000,-1.221000,1.878000,28.62
5.479106,0.612000,0.005000,-0.791000,8.992000,-3.069000,2.824000,28.58
5.491634,0.586000,0.002000,-0.809000,9.053000,-1.924000,4.153000,28.58
5.498448,0.582000,-0.009000,-0.831000,10.092000,-2.031000,5.420000,28.58
5.510823,0.578000,0.009000,-0.838000,10.107000,0.382000,6.702000,28.53
5.518195,0.575000,0.023000,-0.843000,10.489000,4.397000,9.053000,28.53
5.530680,0.537000,0.027000,-0.879000,10.809000,8.672000,12.321000,28.48
5.542104,0.562000,-0.005000,-0.864000,11.649000,15.771000,13.679000,28.48
5.549675,0.536000,0.017000,-0.874000,11.573000,22.244000,13.221000,28.53
5.561508,0.483000,0.103000,-0.929000,13.145000,32.153000,15.176000,28.53
5.568832,0.455000,0.127000,-0.942000,20.122000,45.832000,18.260000,28.58
5.581536,0.448000,0.078000,-0.930000,24.412000,59.130000,19.008000,28.58
5.593122,0.389000,0.013000,-1.007000,23.664000,67.756000,17.511000,28.53
5.600003,0.275000,0.303000,-1.205000,17.328000,113.267000,25.649000,28.53
5.612154,0.464000,-0.021000,-1.185000,0.763000,123.985000,40.733000,28.58
5.618598,0.507000,0.438000,-1.195000,-2.962000,176.748000,60.779000,28.53
5.630781,0.602000,0.423000,-1.308000,17.588000,176.351000,74.183000,28.53
5.637735,0.402000,0.586000,-1.475000,22.198000,182.641000,74.992000,28.58
5.649585,-0.442000,1.497000,-1.992000,28.076000,147.435000,40.458000,28.58
5.661512,-0.936000,1.668000,-2.078000,27.374000,102.458000,-13.847000,28.53
5.668219,-1.141000,1.667000,-2.123000,21.115000,32.137000,-65.405000,28.53
5.680446,-1.157000,1.206000,-2.130000,-2.534000,-9.466000,-86.702000,28.48
5.692142,-0.984000,0.679000,-2.040000,-29.466000,-58.198000,-76.794000,28.58
5.698901,-0.562000,0.180000,-1.934000,-51.542000,-103.405000,-45.053000,28.62
5.710884,-0.221000,-0.091000,-1.652000,-69.710000,-129.527000,-9.756000,28.53
5.717436,0.258000,-0.141000,-1.444000,-79.176000,-135.008000,20.198000,28.48
5.729358,0.516000,-0.139000,-1.277000,-76.290000,-138.031000,42.290000,28.58
5.742271,0.827000,-0.307000,-0.937000,-68.504000,-123.740000,54.687000,28.72
5.747876,0.956000,-0.271000,-0.657000,-64.840000,-98.626000,62.611000,28.58
5.760001,1.327000,-0.206000,-0.253000,-41.435000,-37.756000,60.641000,28.58
5.772046,1.640000,-0.407000,0.014000,-16.794000,9.939000,37.573000,28.48
5.778902,1.269000,-0.262000,-0.422000,-19.252000,40.366000,15.344000,28.53
5.791346,0.666000,0.012000,-0.846000,-28.611000,37.298000,-6.656000,28.53
5.798098,0.406000,0.229000,-0.977000,-45.511000,35.878000,-27.206000,28.58
5.810131,0.379000,0.314000,-1.121000,-41.176000,27.771000,-49.313000,28.58
5.822278,0.471000,0.170000,-1.322000,-48.214000,0.519000,-77.038000,28.53
5.828903,0.450000,0.074000,-1.320000,-59.740000,-31.344000,-106.046000,28.53
5.840914,0.369000,0.166000,-1.341000,-61.008000,-73.863000,-129.954000,28.58
5.852599,0.359000,0.166000,-1.178000,-30.885000,-77.634000,-120.656000,28.58
5.859488,0.652000,-0.588000,-0.475000,37.099000,-121.832000,-93.023000,28.53
5.871133,1.208000,-1.355000,-0.155000,24.321000,-107.267000,-52.214000,28.53
5.877918,1.709000,-1.427000,0.112000,-14.626000,-65.725000,-4.351000,28.58
5.890147,2.134000,-1.378000,0.543000,-36.656000,-55.374000,32.443000,28.58
5.901905,2.622000,-1.257000,1.247000,-18.076000,-57.206000,47.985000,28.62
5.909415,3.119000,-1.226000,1.992000,3.573000,-15.084000,34.351000,28.48
5.921351,3.968000,-1.365000,3.208000,28.305000,55.573000,-1.756000,28.58
5.927861,3.538000,-0.360000,-1.021000,-26.718000,209.527000,24.458000,28.58
5.940277,1.749000,-0.249000,-2.209000,5.664000,-100.107000,-3.252000,28.53
5.951605,-1.831000,0.153000,-0.060000,120.458000,-240.366000,51.588000,28.62
5.959323,0.375000,0.390000,-1.147000,41.069000,73.084000,20.504000,28.58
5.971379,0.978000,-0.883000,-0.972000,8.092000,93.130000,9.557000,28.53
5.977860,0.608000,-0.178000,-1.044000,30.992000,-30.229000,20.519000,28.44
5.990262,0.607000,0.279000,-0.890000,38.000000,-10.885000,11.863000,28.58
6.002053,0.871000,-0.360000,-1.000000,4.458000,31.527000,4.489000,28.58
6.009218,0.713000,-0.248000,-0.902000,-0.183000,-7.695000,-2.305000,28.53
6.021225,0.538000,0.093000,-0.842000,-2.885000,-0.290000,-3.679000,28.58
6.028263,0.630000,0.116000,-0.818000,-8.321000,22.779000,-2.107000,28.48
6.040665,0.627000,0.159000,-0.791000,5.649000,4.718000,1.328000,28.58
6.047610,0.601000,0.141000,-0.788000,10.519000,10.931000,4.015000,28.62
6.060061,0.625000,0.055000,-0.855000,8.183000,20.290000,4.901000,28.44
6.065739,0.581000,0.010000,-0.844000,10.427000,6.595000,5.695000,28.48
6.079491,0.575000,0.063000,-0.798000,9.603000,10.733000,8.595000,28.67
6.091737,0.572000,-0.000000,-0.810000,11.374000,9.160000,9.878000,28.62
6.098823,0.561000,-0.011000,-0.840000,12.244000,4.397000,9.496000,28.62
6.111300,0.564000,0.006000,-0.864000,9.420000,10.122000,9.115000,28.58
6.118393,0.550000,0.001000,-0.871000,6.183000,18.046000,8.137000,28.58
6.130766,0.557000,-0.052000,-0.837000,5.359000,16.931000,6.672000,28.53
6.137929,0.567000,-0.028000,-0.794000,3.924000,17.405000,6.641000,28.53
6.150442,0.583000,0.008000,-0.819000,3.954000,19.908000,6.611000,28.58
6.157630,0.542000,0.056000,-0.842000,5.756000,21.771000,7.954000,28.58
6.169664,0.529000,0.101000,-0.849000,7.695000,30.733000,9.160000,28.53
6.183201,0.451000,0.095000,-0.930000,14.137000,37.817000,9.038000,28.58
6.189162,0.440000,0.115000,-0.917000,22.443000,45.496000,4.076000,28.58
6.201512,0.070000,0.168000,-1.106000,25.405000,67.664000,6.794000,28.58
6.209442,-0.075000,0.156000,-1.219000,22.153000,83.802000,16.824000,28.62
6.220504,0.298000,0.016000,-1.347000,1.389000,122.473000,50.305000,28.53
6.232268,-0.045000,1.016000,-1.712000,-22.137000,140.641000,62.046000,28.58
6.239516,-0.324000,1.107000,-1.837000,15.435000,96.412000,36.672000,28.58
6.251788,-0.619000,0.966000,-1.752000,19.802000,60.000000,3.863000,28.53
6.258859,-0.657000,0.953000,-1.781000,7.344000,41.710000,-25.389000,28.67
6.270720,-0.604000,0.905000,-1.790000,0.382000,20.595000,-47.832000,28.48
6.277888,-0.556000,0.753000,-1.769000,1.053000,-23.725000,-62.565000,28.53
6.289461,-0.515000,0.599000,-1.704000,-13.511000,-43.435000,-66.244000,28.48
6.301173,-0.357000,0.434000,-1.657000,-32.565000,-55.527000,-59.084000,28.58
6.308172,0.053000,0.320000,-1.654000,-48.855000,-70.107000,-43.450000,28.58
6.319917,0.071000,0.069000,-1.475000,-46.534000,-102.321000,-24.809000,28.62
6.331861,0.266000,-0.180000,-1.316000,-65.908000,-83.038000,2.061000,28.62
6.338831,1.103000,-0.313000,-0.940000,-63.771000,-68.107000,21.695000,28.58
6.350885,0.534000,-0.460000,0.297000,2.672000,-63.527000,41.313000,28.48
6.358115,1.524000,-0.923000,0.044000,-12.473000,33.786000,47.588000,28.62
6.369702,1.826000,-0.884000,-0.525000,-57.618000,39.282000,36.916000,28.44
6.381640,1.390000,-0.576000,-0.772000,-81.160000,-11.511000,20.015000,28.58
6.388688,0.956000,-0.063000,-0.592000,-72.122000,-49.221000,-4.198000,28.58
6.400645,1.071000,0.131000,-0.215000,-33.496000,-38.397000,-26.443000,28.53
6.412420,1.455000,-0.274000,0.488000,24.122000,-50.718000,-47.160000,28.58
6.419378,2.164000,-0.835000,1.350000,62.565000,-18.198000,-55.435000,28.67
6.431537,3.325000,-1.604000,2.321000,94.641000,32.153000,-45.160000,28.44
6.438480,4.000000,-2.966000,2.928000,115.893000,42.794000,6.565000,28.62
6.450451,3.476000,-0.656000,-2.064000,-15.466000,-57.344000,1.481000,28.48
6.462591,-0.893000,1.191000,-0.669000,75.603000,-116.595000,4.779000,28.48
6.469331,0.436000,0.088000,-1.690000,37.878000,-43.405000,25.176000,28.53
6.481645,0.580000,-0.804000,-0.708000,28.290000,-24.824000,1.282000,28.53
6.488515,0.329000,-0.539000,-1.060000,-16.962000,-14.840000,-4.611000,28.67
6.500271,0.533000,0.124000,-0.902000,-7.985000,-10.137000,-9.969000,28.48
6.512397,0.655000,-0.011000,-0.821000,-6.336000,-4.473000,-8.229000,28.62
6.519456,0.601000,-0.043000,-0.819000,-6.489000,-2.412000,-8.198000,28.53
6.531490,0.610000,-0.021000,-0.822000,-4.427000,-4.504000,-8.046000,28.48
6.538697,0.619000,0.010000,-0.830000,-7.191000,1.160000,-6.870000,28.58
6.551041,0.574000,0.034000,-0.853000,-6.458000,0.687000,-6.580000,28.53
6.557877,0.559000,0.034000,-0.843000,-5.740000,5.924000,-3.542000,28.48
6.570335,0.560000,0.065000,-0.826000,-2.840000,7.695000,-1.282000,28.48
6.576361,0.539000,0.098000,-0.821000,3.008000,7.756000,2.321000,28.58
6.590220,0.570000,0.074000,-0.798000,7.908000,8.931000,5.740000,28.62
6.602159,0.616000,0.023000,-0.788000,10.397000,7.023000,6.977000,28.62
6.609884,0.600000,0.003000,-0.800000,11.084000,4.809000,7.649000,28.48
6.621964,0.567000,-0.044000,-0.840000,8.290000,4.275000,7.527000,28.58
6.628889,0.548000,-0.078000,-0.843000,4.046000,5.267000,6.458000,28.53
6.641305,0.537000,-0.039000,-0.866000,2.687000,9.069000,4.962000,28.53
6.648471,0.560000,-0.008000,-0.878000,1.008000,14.794000,3.298000,28.58
6.660671,0.555000,-0.035000,-0.842000,-0.168000,18.153000,2.336000,28.62
6.667835,0.584000,-0.040000,-0.833000,-1.252000,21.649000,2.779000,28.44
6.679886,0.553000,0.044000,-0.782000,1.618000,22.000000,4.641000,28.58
6.691929,0.505000,0.077000,-0.814000,9.252000,22.229000,7.023000,28.48
6.699213,0.481000,0.086000,-0.855000,15.985000,23.160000,8.015000,28.53
6.711313,0.471000,0.033000,-0.875000,17.557000,33.435000,5.908000,28.53
6.718306,0.408000,0.032000,-0.932000,19.176000,39.008000,7.298000,28.58
6.730639,0.359000,-0.053000,-0.950000,18.061000,52.702000,5.832000,28.48
6.737493,0.415000,0.083000,-1.010000,13.664000,69.450000,9.664000,28.44
6.754592,0.400000,0.039000,-1.092000,11.374000,89.298000,18.840000,28.62
6.762363,0.276000,0.296000,-1.268000,-3.786000,94.702000,30.748000,28.58
6.768960,-0.010000,0.846000,-1.453000,2.595000,100.794000,31.878000,28.58
6.784166,-0.118000,0.826000,-1.623000,24.534000,75.252000,11.542000,28.53
6.787676,-0.318000,0.865000,-1.622000,27.450000,57.878000,-11.145000,28.53
6.800041,-0.382000,0.868000,-1.616000,22.305000,48.153000,-30.336000,28.58
6.814382,-0.387000,0.740000,-1.619000,15.145000,27.237000,-40.565000,28.58
6.819237,-0.385000,0.610000,-1.599000,1.405000,7.069000,-41.053000,28.53
6.831054,-0.302000,0.474000,-1.577000,-17.069000,-7.863000,-31.450000,28.58
6.838740,-0.226000,0.332000,-1.487000,-31.557000,-27.221000,-16.794000,28.48
6.849753,-0.130000,0.186000,-1.375000,-44.336000,-41.313000,0.000000,28.53
6.863250,0.075000,0.034000,-1.330000,-56.305000,-45.771000,21.038000,28.62
6.868727,0.230000,-0.139000,-1.220000,-68.443000,-54.397000,42.137000,28.48
6.880499,0.418000,-0.332000,-1.086000,-82.504000,-60.901000,60.656000,28.58
6.896509,0.532000,-0.291000,-0.934000,-100.046000,-48.992000,74.107000,28.62
6.910149,0.781000,-0.280000,-0.862000,-107.053000,-42.260000,78.595000,28.62
6.911185,0.938000,-0.080000,-0.424000,-87.725000,-22.321000,72.962000,28.58
6.917774,1.163000,-0.457000,-0.190000,-52.595000,-7.969000,57.099000,28.48
6.929930,1.204000,-0.484000,-0.327000,-59.145000,17.084000,36.611000,28.62
6.941906,1.007000,-0.372000,-0.382000,-41.969000,0.931000,21.313000,28.58
6.948978,0.929000,-0.398000,-0.289000,-12.580000,-9.832000,15.374000,28.48
6.963628,1.159000,-0.649000,-0.163000,13.893000,-9.450000,15.847000,28.48
6.968055,1.676000,-1.031000,0.086000,23.206000,-13.756000,11.679000,28.62
6.980386,2.197000,-1.280000,0.624000,30.504000,-24.031000,3.435000,28.48
6.992457,3.053000,-1.599000,1.295000,29.176000,-18.855000,-15.313000,28.48
6.999404,3.997000,-2.089000,1.994000,32.122000,-19.084000,-21.420000,28.53
7.011181,1.695000,-0.283000,-0.694000,-25.542000,-35.160000,-8.565000,28.62
7.020912,-0.057000,0.583000,-0.937000,0.687000,-40.580000,-18.489000,28.48
7.030123,0.574000,0.521000,-0.864000,11.786000,-73.939000,15.282000,28.58
7.041941,0.510000,-0.218000,-0.916000,31.420000,-59.008000,3.282000,28.53
7.048916,0.122000,-0.593000,-1.107000,-20.962000,-10.977000,2.779000,28.58
7.061017,0.423000,0.168000,-0.987000,-7.496000,-13.176000,-6.641000,28.58
7.068094,0.647000,-0.043000,-0.859000,-3.908000,-6.275000,-6.015000,28.58
7.080306,0.687000,-0.167000,-0.806000,-10.198000,1.191000,-7.481000,28.62
7.091886,0.605000,-0.029000,-0.826000,-11.664000,-0.427000,-8.412000,28.53
7.099505,0.630000,0.055000,-0.823000,-12.550000,5.008000,-7.679000,28.48
7.111349,0.603000,0.155000,-0.839000,-6.168000,5.023000,-4.366000,28.48
7.118454,0.634000,0.080000,-0.802000,-0.382000,4.794000,-0.718000,28.62
7.130893,0.609000,0.062000,-0.822000,1.374000,5.954000,2.458000,28.53
7.138519,0.594000,0.073000,-0.809000,3.298000,9.069000,6.992000,28.48
7.150133,0.588000,0.037000,-0.802000,6.489000,8.336000,10.412000,28.58
7.156343,0.607000,-0.002000,-0.802000,7.634000,6.031000,12.519000,28.53
7.169997,0.560000,-0.016000,-0.826000,5.542000,9.267000,12.870000,28.58
7.181894,0.546000,-0.043000,-0.828000,6.244000,7.939000,11.237000,28.58
7.189173,0.566000,-0.073000,-0.811000,5.191000,8.366000,9.618000,28.53
7.201501,0.554000,-0.010000,-0.830000,3.893000,11.435000,9.099000,28.53
7.210701,0.561000,0.005000,-0.862000,4.779000,17.008000,9.252000,28.58
7.220936,0.564000,0.104000,-0.845000,6.580000,21.160000,10.626000,28.48
7.233117,0.475000,0.103000,-0.830000,15.450000,20.153000,13.969000,28.44
7.239854,0.447000,-0.049000,-0.845000,23.282000,21.802000,13.527000,28.62
7.252043,0.486000,-0.110000,-0.807000,28.931000,16.122000,9.511000,28.48
7.258735,0.422000,-0.136000,-0.905000,24.748000,34.595000,4.534000,28.48
7.271207,0.323000,0.028000,-1.056000,20.412000,53.160000,3.115000,28.53
7.278465,0.296000,0.141000,-1.175000,20.076000,71.985000,6.656000,28.53
7.290430,0.262000,0.330000,-1.324000,22.000000,119.771000,23.893000,28.58
7.297677,0.470000,0.489000,-1.419000,26.168000,125.450000,33.695000,28.53
7.309451,0.418000,0.542000,-1.489000,41.450000,139.023000,32.580000,28.53
7.321601,-0.241000,1.067000,-1.787000,59.450000,103.450000,11.298000,28.48
7.331417,-0.707000,1.261000,-1.895000,66.137000,75.893000,-27.160000,28.58
7.340516,-0.891000,1.439000,-1.932000,61.099000,41.344000,-74.748000,28.53
7.352221,-0.940000,1.325000,-1.936000,54.947000,2.489000,-115.588000,28.53
7.359481,-0.810000,0.946000,-1.878000,45.389000,-42.412000,-136.779000,28.58
7.373288,-0.606000,0.561000,-1.811000,24.641000,-72.916000,-132.412000,28.58
7.377658,-0.202000,0.260000,-1.683000,7.237000,-94.977000,-109.435000,28.53
7.390045,0.059000,0.069000,-1.522000,-0.992000,-120.901000,-78.107000,28.53
7.406096,0.492000,-0.174000,-1.220000,-6.458000,-123.252000,-47.267000,28.58
7.408758,0.786000,-0.301000,-0.807000,-12.824000,-101.908000,-20.748000,28.48
7.423799,1.834000,-0.622000,0.472000,0.962000,-34.275000,-8.885000,28.62
7.427369,2.105000,-0.896000,0.297000,5.084000,10.076000,-5.847000,28.48
7.449969,1.219000,-0.224000,-0.584000,-26.107000,34.427000,-18.489000,28.58
7.451224,0.559000,0.126000,-0.863000,-26.489000,16.473000,-30.656000,28.58
7.458058,0.344000,0.290000,-1.057000,-23.908000,-13.099000,-45.542000,28.53
7.470225,0.240000,0.290000,-1.112000,-23.908000,-22.351000,-58.656000,28.53
7.482042,0.634000,0.308000,0.025000,118.260000,-57.328000,-103.450000,28.48
7.488813,1.553000,-0.896000,-1.149000,-3.557000,-2.977000,-114.351000,28.62
7.500788,0.489000,-0.555000,-0.561000,-16.962000,-33.435000,-63.893000,28.62
7.508284,0.673000,-0.685000,-0.603000,-29.038000,9.466000,0.366000,28.48
7.519858,0.828000,-0.481000,-0.699000,-27.160000,-29.008000,35.740000,28.48
7.532084,0.959000,-0.333000,-0.920000,-66.336000,-12.519000,55.588000,28.53
7.538403,1.073000,-0.090000,-0.929000,-76.092000,-44.626000,59.725000,28.48
7.550645,0.849000,0.082000,-0.702000,-53.649000,-83.939000,56.244000,28.58
7.562696,0.726000,-0.037000,-0.424000,-52.641000,-72.015000,52.244000,28.48
7.568998,0.780000,-0.114000,-0.155000,-61.985000,-39.527000,50.244000,28.53
7.581240,1.029000,-0.326000,0.067000,-55.725000,-18.595000,50.198000,28.53
7.588081,1.395000,-0.540000,0.200000,-53.832000,7.084000,49.328000,28.58
7.607881,1.766000,-0.735000,0.490000,-38.382000,22.458000,46.550000,28.58
7.612412,2.186000,-0.983000,0.916000,-15.664000,37.328000,35.176000,28.53
7.621409,2.683000,-1.169000,1.586000,10.595000,65.466000,15.420000,28.58
7.631754,3.312000,-1.546000,0.594000,19.969000,129.069000,28.580000,28.58
7.638067,2.635000,-0.079000,-1.791000,-21.710000,-14.565000,-15.618000,28.62
7.650030,-0.642000,0.287000,-0.354000,45.084000,-152.641000,21.221000,28.53
7.662383,0.005000,0.722000,-1.100000,47.435000,8.702000,24.473000,28.58
7.672881,0.717000,-0.330000,-0.967000,25.420000,32.565000,10.443000,28.48
7.681805,0.792000,-0.700000,-1.066000,25.573000,-32.137000,9.099000,28.53
7.689031,0.660000,0.108000,-0.898000,7.725000,-23.863000,1.130000,28.62
7.701164,0.583000,0.111000,-0.831000,6.611000,1.557000,1.298000,28.58
7.708249,0.639000,-0.207000,-0.875000,6.962000,-13.649000,0.718000,28.58
7.720175,0.655000,-0.158000,-0.853000,-3.328000,-10.137000,-3.985000,28.44
7.732006,0.594000,-0.031000,-0.840000,-11.649000,1.084000,-5.344000,28.53
7.739280,0.548000,0.110000,-0.814000,-5.985000,-4.229000,-4.840000,28.58
7.751267,0.566000,0.117000,-0.806000,-0.595000,-3.664000,-2.840000,28.48
7.758646,0.580000,0.083000,-0.808000,2.290000,0.061000,-0.718000,28.53
7.770905,0.584000,0.048000,-0.814000,5.511000,-0.382000,0.733000,28.58
7.778485,0.583000,0.048000,-0.816000,6.168000,1.878000,2.458000,28.48
7.794704,0.603000,0.044000,-0.798000,8.656000,2.229000,4.076000,28.53
7.797584,0.589000,0.017000,-0.802000,9.985000,1.359000,5.115000,28.53
7.812489,0.561000,0.004000,-0.809000,10.779000,0.137000,5.221000,28.58
7.822475,0.570000,-0.001000,-0.822000,10.382000,2.641000,6.061000,28.58
7.831086,0.562000,-0.014000,-0.810000,9.557000,4.061000,6.153000,28.53
7.843751,0.562000,-0.022000,-0.814000,9.221000,4.458000,5.710000,28.53
7.849225,0.601000,-0.050000,-0.800000,7.954000,4.443000,4.366000,28.58
7.861413,0.593000,-0.044000,-0.797000,6.305000,3.237000,2.855000,28.58
7.869061,0.562000,-0.058000,-0.816000,4.214000,3.878000,2.260000,28.62
7.880904,0.553000,-0.019000,-0.815000,3.771000,3.954000,2.198000,28.48
7.888444,0.569000,-0.020000,-0.822000,4.290000,5.008000,2.595000,28.58
7.900666,0.556000,0.025000,-0.838000,4.611000,6.412000,3.634000,28.53
7.908013,0.542000,0.026000,-0.851000,7.924000,8.565000,6.076000,28.53
7.920158,0.548000,0.036000,-0.844000,9.267000,13.985000,8.565000,28.67
7.938225,0.561000,0.030000,-0.828000,11.084000,21.603000,9.817000,28.39
7.939475,0.541000,0.018000,-0.830000,16.168000,23.679000,9.160000,28.53
7.951344,0.511000,-0.081000,-0.863000,21.145000,23.786000,5.756000,28.44
7.962740,0.489000,-0.115000,-0.873000,20.031000,29.099000,0.733000,28.48
7.970595,0.433000,-0.053000,-0.933000,16.626000,32.748000,-3.557000,28.48
7.982387,0.392000,0.092000,-0.987000,22.702000,50.794000,-7.573000,28.53
7.989615,0.334000,0.065000,-1.057000,20.595000,61.573000,-1.252000,28.44
8.001967,0.361000,0.104000,-1.083000,21.939000,74.015000,0.244000,28.48
8.008765,0.594000,0.090000,-1.086000,6.931000,106.473000,26.885000,28.53
8.020985,0.488000,0.647000,-1.179000,18.931000,112.855000,31.206000,28.53
8.029145,0.021000,0.460000,-1.539000,24.473000,85.649000,20.366000,28.48
8.040443,-0.344000,0.709000,-1.630000,21.359000,71.191000,5.496000,28.48
8.052213,-0.412000,0.937000,-1.709000,23.221000,49.679000,-17.817000,28.53
8.060525,-0.470000,0.915000,-1.688000,23.344000,26.885000,-42.473000,28.53
8.072617,-0.438000,0.772000,-1.645000,18.275000,4.840000,-58.687000,28.58
8.080692,-0.324000,0.552000,-1.591000,5.878000,-8.748000,-61.053000,28.58
8.090379,-0.201000,0.328000,-1.503000,-6.183000,-23.374000,-51.496000,28.53
8.102006,-0.083000,0.113000,-1.438000,-18.504000,-35.450000,-35.344000,28.48
8.108906,0.027000,-0.021000,-1.381000,-31.374000,-40.473000,-15.313000,28.48
8.120868,0.074000,-0.086000,-1.288000,-42.137000,-43.908000,4.137000,28.53
8.130130,0.164000,-0.101000,-1.244000,-49.618000,-47.450000,23.359000,28.53
8.139454,0.202000,-0.092000,-1.182000,-54.168000,-46.519000,38.229000,28.58
8.152036,0.309000,-0.045000,-1.054000,-57.405000,-44.427000,47.542000,28.48
8.158462,0.443000,-0.002000,-1.013000,-59.649000,-36.565000,50.382000,28.53
8.170344,0.607000,0.022000,-0.802000,-47.847000,-28.351000,42.885000,28.53
8.181971,0.825000,-0.038000,-0.509000,-29.359000,-3.008000,28.107000,28.48
8.188831,0.955000,-0.175000,-0.573000,-15.145000,11.725000,12.321000,28.48
8.201015,0.802000,-0.188000,-0.803000,-12.275000,23.313000,-2.107000,28.53
8.207684,0.624000,-0.073000,-1.003000,-18.473000,17.374000,-18.260000,28.44
8.219739,0.501000,0.147000,-1.143000,-22.015000,4.046000,-34.168000,28.58
8.231976,0.317000,0.236000,-1.149000,-16.137000,-15.908000,-54.183000,28.48
8.238565,0.464000,0.308000,-1.167000,-11.176000,-27.893000,-73.344000,28.53
8.250510,0.541000,0.211000,-1.105000,4.092000,-44.229000,-82.656000,28.58
8.257552,0.562000,0.017000,-0.957000,22.656000,-62.534000,-78.504000,28.48
8.269293,0.647000,-0.178000,-1.018000,17.603000,-64.763000,-70.885000,28.53
8.281591,0.692000,-0.165000,-1.081000,5.191000,-69.573000,-61.053000,28.53
8.288458,0.635000,-0.093000,-0.987000,5.069000,-80.504000,-47.664000,28.48
8.300598,0.653000,-0.096000,-0.984000,4.931000,-84.168000,-39.206000,28.48
8.312265,0.685000,-0.049000,-0.919000,-0.916000,-81.511000,-33.496000,28.53
8.319186,0.711000,-0.036000,-0.923000,-7.038000,-83.206000,-32.809000,28.62
8.331219,0.767000,0.015000,-0.966000,-12.672000,-84.092000,-33.695000,28.48
8.337823,0.756000,0.004000,-0.903000,-14.122000,-88.061000,-32.275000,28.48
8.349849,0.755000,-0.035000,-0.860000,-16.809000,-89.313000,-30.122000,28.44
8.361838,0.752000,-0.044000,-0.793000,-19.344000,-85.191000,-28.397000,28.48
8.368390,0.737000,-0.053000,-0.731000,-20.198000,-80.763000,-27.237000,28.39
8.380375,0.738000,-0.068000,-0.675000,-21.023000,-74.947000,-27.527000,28.53
8.391847,0.741000,-0.098000,-0.629000,-21.115000,-69.298000,-28.458000,28.53
8.398871,0.768000,-0.137000,-0.597000,-21.313000,-65.191000,-29.740000,28.67
8.410477,0.782000,-0.169000,-0.540000,-19.786000,-62.473000,-29.725000,28.39
8.422492,0.767000,-0.198000,-0.471000,-16.885000,-58.916000,-28.504000,28.53
8.429222,0.772000,-0.239000,-0.417000,-15.084000,-52.183000,-26.809000,28.53
8.441235,0.783000,-0.264000,-0.362000,-16.092000,-45.618000,-24.382000,28.48
8.447749,0.791000,-0.257000,-0.319000,-16.992000,-36.656000,-20.489000,28.48
8.459699,0.849000,-0.267000,-0.296000,-20.412000,-28.046000,-17.023000,28.53
8.471336,0.914000,-0.252000,-0.277000,-21.298000,-25.511000,-13.053000,28.48
8.477987,0.937000,-0.209000,-0.257000,-19.359000,-21.786000,-7.374000,28.58
8.489807,0.931000,-0.187000,-0.229000,-13.511000,-18.214000,-0.168000,28.48
8.501970,0.932000,-0.201000,-0.198000,-12.504000,-11.710000,5.985000,28.44
8.508766,0.969000,-0.209000,-0.221000,-19.496000,-3.573000,9.786000,28.58
8.520936,1.000000,-0.169000,-0.216000,-24.061000,-0.656000,13.435000,28.39
8.528032,0.945000,-0.101000,-0.189000,-22.611000,2.000000,17.206000,28.53
8.539822,0.875000,-0.075000,0.375000,-39.237000,65.511000,32.031000,28.44
8.552998,0.870000,-0.335000,1.076000,-7.634000,78.855000,48.763000,28.58
8.560412,0.715000,-0.107000,0.683000,-33.985000,189.466000,95.191000,28.48
8.571793,1.300000,0.136000,-1.580000,-80.931000,286.992000,77.832000,28.53
8.578081,1.403000,0.419000,-1.576000,-19.557000,70.672000,80.992000,28.67
8.590546,0.411000,0.221000,-0.732000,78.779000,-2.244000,54.687000,28.58
8.602195,1.078000,0.185000,-0.880000,19.511000,154.977000,31.053000,28.58
8.608966,1.729000,0.053000,-1.333000,-7.206000,206.092000,27.099000,28.44
8.621137,1.101000,-0.386000,-1.012000,48.290000,44.824000,14.855000,28.53
8.627974,1.186000,0.152000,-1.305000,32.031000,76.275000,39.511000,28.48
8.640385,1.185000,0.482000,-0.700000,37.389000,58.107000,14.809000,28.48
8.647242,0.709000,0.050000,-0.770000,70.504000,16.550000,18.870000,28.44
8.659783,0.747000,-0.058000,-0.901000,68.779000,13.511000,22.718000,28.62
8.671853,0.789000,-0.012000,-0.808000,65.191000,7.924000,26.656000,28.48
8.678553,0.736000,-0.116000,-0.944000,71.954000,-24.092000,20.855000,28.48
8.690617,0.673000,-0.252000,-0.979000,52.015000,-17.450000,18.931000,28.53
8.697470,0.635000,-0.227000,-0.965000,31.664000,-13.176000,9.481000,28.53
8.709581,0.586000,-0.166000,-0.915000,16.473000,-9.145000,3.878000,28.58
8.721877,0.609000,-0.024000,-0.863000,9.985000,-3.786000,-1.023000,28.39
8.728826,0.579000,-0.032000,-0.852000,5.267000,0.061000,-2.443000,28.53
8.741319,0.557000,0.030000,-0.845000,2.977000,2.107000,-2.794000,28.58
8.748467,0.560000,0.043000,-0.820000,3.130000,3.542000,-2.519000,28.58
8.760762,0.588000,0.046000,-0.839000,3.328000,5.603000,-1.435000,28.48
8.768083,0.555000,0.043000,-0.839000,3.725000,7.725000,-0.473000,28.53
8.780339,0.575000,0.020000,-0.832000,4.504000,8.107000,1.099000,28.53
8.787524,0.576000,-0.001000,-0.830000,4.153000,8.489000,1.802000,28.48
8.799821,0.574000,-0.021000,-0.833000,3.679000,8.122000,2.015000,28.39
8.812291,0.566000,-0.028000,-0.823000,2.748000,8.351000,2.137000,28.44
8.819192,0.556000,-0.035000,-0.826000,1.908000,7.695000,1.313000,28.48
8.831711,0.561000,-0.033000,-0.825000,1.008000,7.420000,0.580000,28.58
8.838657,0.559000,-0.015000,-0.820000,0.321000,6.443000,-0.061000,28.53
8.850930,0.564000,-0.003000,-0.805000,0.901000,6.076000,-0.153000,28.53
8.858003,0.577000,-0.017000,-0.805000,1.954000,4.977000,-0.260000,28.58
8.870737,0.574000,-0.011000,-0.809000,1.618000,4.321000,-0.382000,28.48
8.877426,0.565000,0.005000,-0.807000,2.947000,2.611000,-0.321000,28.53
8.889857,0.572000,-0.005000,-0.805000,3.618000,1.252000,-0.321000,28.44
8.902180,0.549000,-0.003000,-0.814000,3.023000,2.580000,-0.321000,28.48
8.909261,0.565000,-0.008000,-0.809000,4.092000,1.374000,-0.015000,28.48
8.925220,0.556000,-0.010000,-0.821000,4.244000,1.115000,-0.275000,28.62
8.928823,0.521000,0.018000,-0.816000,5.130000,0.153000,-0.076000,28.44
8.940991,0.527000,-0.029000,-0.852000,4.824000,1.756000,0.595000,28.48
8.948074,0.564000,-0.026000,-0.819000,3.084000,5.313000,0.718000,28.48
8.960621,0.580000,-0.041000,-0.829000,3.954000,4.687000,-0.305000,28.44
8.967690,0.568000,0.002000,-0.828000,4.229000,5.985000,-0.382000,28.53
8.980166,0.565000,0.009000,-0.851000,5.160000,7.130000,0.519000,28.48
8.992322,0.533000,-0.031000,-0.852000,7.237000,9.481000,-0.366000,28.58
8.999574,0.516000,-0.012000,-0.856000,6.198000,14.198000,0.748000,28.44
9.011944,0.545000,-0.008000,-0.837000,6.107000,18.641000,0.977000,28.58
9.019165,0.493000,0.036000,-0.877000,8.458000,22.809000,1.573000,28.39
9.031116,0.472000,0.002000,-0.882000,10.046000,28.305000,0.672000,28.48
9.038195,0.536000,0.007000,-0.858000,11.405000,33.130000,-2.565000,28.53
9.050615,0.561000,-0.061000,-0.863000,14.214000,37.511000,-6.229000,28.44
9.056215,0.528000,0.019000,-0.907000,14.809000,44.534000,-7.389000,28.58
9.069711,0.501000,0.003000,-0.967000,12.595000,50.733000,-3.084000,28.48
9.082144,0.344000,0.083000,-1.023000,6.183000,71.756000,-0.443000,28.44
9.088730,0.263000,0.552000,-1.205000,16.565000,122.672000,18.885000,28.44
9.100750,0.353000,-0.005000,-1.171000,26.840000,159.588000,30.183000,28.39
9.108087,0.588000,0.154000,-1.114000,29.756000,192.824000,40.580000,28.48
9.119678,0.478000,-0.005000,-1.147000,46.168000,209.725000,47.527000,28.53
9.132137,0.685000,0.068000,-1.201000,57.008000,233.435000,53.511000,28.53
9.138827,0.746000,-0.009000,-1.226000,69.466000,226.046000,55.939000,28.48
9.151263,0.694000,0.010000,-1.075000,66.473000,239.359000,56.443000,28.62
9.157945,0.789000,0.258000,-1.429000,58.458000,244.397000,47.878000,28.44
9.169899,0.445000,0.527000,-2.115000,39.191000,191.924000,20.305000,28.48
9.181657,-0.419000,0.914000,-1.939000,51.679000,105.573000,-13.008000,28.48
9.188630,-0.603000,0.870000,-1.932000,44.702000,59.573000,-39.756000,28.53
9.200806,-0.718000,0.706000,-1.952000,26.641000,20.382000,-44.947000,28.53
9.206615,-0.768000,0.462000,-1.848000,11.511000,-33.115000,-34.351000,28.48
9.219442,-0.563000,0.300000,-1.846000,-16.046000,-69.420000,-13.588000,28.48
9.231288,-0.505000,0.275000,-1.629000,-30.534000,-99.679000,6.473000,28.62
9.238294,-0.323000,0.229000,-1.535000,-45.618000,-118.382000,20.321000,28.53
9.251418,-0.136000,0.274000,-1.433000,-57.038000,-129.557000,25.405000,28.39
9.261755,0.012000,0.314000,-1.323000,-61.145000,-135.435000,23.542000,28.48
9.268664,0.466000,0.000000,-1.169000,-77.634000,-123.679000,13.832000,28.53
9.280569,0.594000,0.311000,-1.211000,-78.534000,-130.122000,-3.771000,28.48
9.292396,0.902000,0.223000,-1.055000,-75.450000,-130.061000,-29.511000,28.48
9.299358,1.010000,0.206000,-0.903000,-54.519000,-145.664000,-43.405000,28.53
9.311257,0.893000,0.145000,-0.889000,-43.145000,-142.336000,-44.107000,28.44
9.317800,0.716000,0.073000,-0.860000,-35.527000,-135.084000,-46.107000,28.48
9.329564,0.684000,0.079000,-0.886000,-36.748000,-117.298000,-49.389000,28.58
9.341203,0.908000,0.020000,-1.026000,-32.061000,-109.450000,-51.160000,28.44
9.348314,1.142000,0.028000,-1.070000,-34.031000,-101.664000,-57.740000,28.44
9.359829,1.153000,-0.155000,-0.926000,-13.985000,-113.756000,-67.710000,28.48
9.371751,1.423000,0.169000,-0.114000,-7.725000,-65.237000,-77.817000,28.58
9.378701,1.476000,-0.365000,-0.065000,40.122000,-37.435000,-84.244000,28.44
9.390580,1.574000,-0.625000,-0.544000,0.885000,-11.847000,-86.153000,28.48
9.402240,1.316000,-0.512000,-1.024000,-29.603000,-48.351000,-85.405000,28.48
9.409386,1.139000,-0.370000,-1.168000,-52.443000,-73.481000,-72.870000,28.48
9.421161,0.778000,-0.101000,-0.896000,-36.931000,-107.664000,-51.969000,28.53
9.427958,0.633000,-0.202000,-0.761000,-17.847000,-115.420000,-34.351000,28.44
9.439449,0.601000,-0.343000,-0.705000,-27.832000,-97.924000,-24.214000,28.48
9.452167,0.679000,-0.303000,-0.708000,-40.183000,-93.511000,-18.458000,28.48
9.462364,0.772000,-0.194000,-0.740000,-42.656000,-93.618000,-10.977000,28.53
9.469664,0.825000,-0.164000,-0.749000,-40.962000,-100.901000,-4.931000,28.44
9.481824,0.794000,-0.151000,-0.679000,-42.015000,-103.511000,-1.328000,28.58
9.488663,0.804000,-0.158000,-0.604000,-47.557000,-98.534000,-0.672000,28.48
9.500491,0.875000,-0.181000,-0.556000,-54.992000,-92.962000,-2.702000,28.44
9.512121,0.905000,-0.148000,-0.485000,-54.733000,-92.550000,-5.679000,28.48
9.519108,0.894000,-0.150000,-0.402000,-48.229000,-89.634000,-9.786000,28.48
9.531060,0.912000,-0.202000,-0.190000,-36.626000,-73.176000,-12.595000,28.53
9.537701,0.956000,-0.308000,-0.031000,-29.176000,-55.771000,-17.481000,28.44
9.549529,1.093000,-0.334000,0.065000,-31.023000,-26.489000,-15.924000,28.39
9.564644,1.066000,-0.385000,0.182000,-23.573000,-7.878000,-12.763000,28.48
9.568450,1.255000,-0.465000,0.329000,-26.198000,16.901000,-3.649000,28.44
9.583039,1.552000,-0.574000,0.532000,-26.885000,51.756000,2.641000,28.53
9.587531,1.778000,-0.677000,0.883000,-20.901000,77.664000,19.389000,28.48
9.600103,2.193000,-0.892000,1.351000,7.344000,114.534000,38.977000,28.39
9.611633,0.763000,-0.137000,-0.005000,-28.595000,206.641000,75.496000,28.44
9.618730,1.624000,0.313000,-2.366000,-69.008000,223.954000,87.267000,28.39
9.631002,0.832000,0.573000,-0.805000,67.130000,-8.794000,70.153000,28.39
9.639861,0.671000,0.298000,-0.495000,107.496000,43.802000,39.603000,28.44
9.652339,1.334000,0.022000,-1.165000,28.748000,197.359000,23.924000,28.44
9.662825,0.735000,-0.434000,-0.982000,46.489000,120.626000,29.008000,28.48
9.668804,1.306000,0.008000,-0.824000,74.641000,63.954000,58.351000,28.48
9.681082,1.147000,0.222000,-0.769000,73.954000,66.275000,35.817000,28.53
9.688334,1.010000,0.039000,-0.947000,96.687000,28.397000,33.664000,28.44
9.700227,0.937000,-0.306000,-1.098000,100.595000,-30.412000,24.076000,28.58
9.711929,0.905000,-0.342000,-0.986000,62.153000,-18.885000,17.863000,28.39
9.719002,0.745000,-0.237000,-0.974000,33.435000,-16.534000,6.351000,28.44
9.737907,0.664000,-0.204000,-0.977000,12.687000,-10.519000,1.252000,28.48
9.739058,0.571000,-0.080000,-0.868000,4.748000,-6.840000,-3.298000,28.39
9.750071,0.533000,-0.035000,-0.879000,-0.718000,-0.427000,-5.344000,28.44
9.762188,0.554000,0.023000,-0.850000,-1.649000,2.824000,-5.115000,28.44
9.771505,0.616000,0.056000,-0.821000,-1.145000,3.954000,-3.817000,28.48
9.781415,0.568000,0.042000,-0.833000,-0.244000,5.771000,-2.702000,28.48
9.788964,0.548000,0.041000,-0.820000,0.229000,6.595000,-2.198000,28.53
9.801096,0.571000,0.045000,-0.829000,1.832000,6.611000,-0.473000,28.44
9.808206,0.572000,0.039000,-0.818000,2.962000,7.771000,0.672000,28.39
9.820766,0.552000,0.030000,-0.807000,3.771000,6.870000,2.122000,28.48
9.827704,0.512000,0.048000,-0.844000,5.053000,9.069000,3.176000,28.44
9.840294,0.555000,-0.030000,-0.841000,5.328000,11.557000,2.443000,28.48
9.847244,0.577000,-0.049000,-0.829000,3.786000,10.565000,1.771000,28.48
9.861752,0.545000,-0.016000,-0.847000,2.656000,11.237000,1.267000,28.44
9.871708,0.580000,-0.026000,-0.825000,1.954000,12.427000,1.145000,28.44
9.881151,0.582000,-0.006000,-0.810000,2.168000,11.115000,1.298000,28.39
9.891286,0.586000,0.003000,-0.799000,2.458000,10.947000,1.634000,28.48
9.898352,0.572000,0.004000,-0.809000,3.191000,10.901000,2.000000,28.44
9.911354,0.587000,0.000000,-0.805000,4.305000,9.878000,2.275000,28.53
9.923146,0.574000,-0.012000,-0.806000,5.008000,7.618000,2.763000,28.48
9.930254,0.581000,-0.019000,-0.800000,4.214000,8.534000,3.237000,28.53
9.938051,0.597000,-0.027000,-0.803000,4.718000,8.260000,2.809000,28.48
9.950575,0.559000,-0.011000,-0.834000,4.687000,9.450000,3.405000,28.48
9.962309,0.555000,0.007000,-0.811000,8.153000,12.565000,-0.458000,28.48
9.969610,0.591000,0.054000,-0.827000,8.763000,14.275000,3.557000,28.34
9.981622,0.537000,0.035000,-0.847000,11.817000,16.458000,0.244000,28.44
9.988769,0.559000,-0.039000,-0.871000,13.802000,19.802000,2.076000,28.58
10.001531,0.554000,-0.071000,-0.869000,12.779000,21.710000,1.160000,28.39
