# Gait Analysis Data - MPU6050 IMU
# Duration: 10 seconds
# Format: timestamp(s),ax(g),ay(g),az(g),gx(deg/s),gy(deg/s),gz(deg/s),temp(C)
# Note: Document sensor placement (ankle/wrist) separately
timestamp,ax,ay,az,gx,gy,gz,temp
0.000874,0.699000,-0.049000,-0.817000,27.160000,-10.931000,25.084000,27.40
0.001779,0.731000,-0.062000,-0.732000,36.763000,-23.817000,22.427000,27.35
0.002427,0.607000,-0.064000,-0.890000,28.153000,11.267000,19.206000,27.45
0.002991,0.633000,-0.047000,-0.450000,7.313000,2.931000,19.359000,27.40
0.003553,0.648000,-0.105000,-0.806000,28.427000,22.962000,15.450000,27.35
0.004122,0.598000,-0.146000,-0.808000,23.435000,32.580000,10.611000,27.45
0.004681,0.598000,-0.092000,-0.840000,17.878000,27.557000,8.916000,27.40
0.005228,0.613000,-0.060000,-0.910000,5.420000,54.504000,6.473000,27.49
0.005773,0.564000,-0.062000,-0.870000,-1.374000,62.107000,5.786000,27.45
0.006327,0.494000,-0.104000,-0.918000,-10.168000,74.168000,4.489000,27.45
0.006895,0.616000,-0.048000,-1.004000,-20.382000,92.977000,12.321000,27.40
0.007455,0.479000,0.228000,-1.044000,-11.069000,110.718000,29.634000,27.45
0.008004,0.753000,0.045000,-0.994000,-9.939000,132.473000,33.389000,27.35
0.008566,0.726000,-0.021000,-1.058000,-11.435000,147.588000,38.748000,27.31
0.009129,0.512000,0.308000,-1.263000,-10.122000,138.473000,40.809000,27.49
0.009679,0.288000,0.240000,-1.404000,4.824000,115.435000,36.092000,27.35
0.010260,0.132000,0.315000,-1.512000,5.771000,91.328000,26.947000,27.40
0.010871,-0.005000,0.420000,-1.531000,14.534000,60.550000,13.053000,27.49
0.011498,-0.015000,0.441000,-1.613000,14.046000,36.931000,-1.176000,27.35
0.012109,-0.022000,0.472000,-1.653000,16.290000,9.023000,-15.527000,27.35
0.012729,-0.091000,0.486000,-1.682000,-4.015000,-3.405000,-26.473000,27.40
0.013338,0.007000,0.450000,-1.595000,7.649000,-32.840000,-38.656000,27.35
0.013950,0.052000,0.439000,-1.535000,-1.908000,-48.412000,-47.450000,27.45
0.014566,0.104000,0.369000,-1.505000,-3.206000,-62.321000,-54.076000,27.40
0.015176,0.319000,0.214000,-1.447000,-8.840000,-72.000000,-60.840000,27.40
0.015785,0.388000,0.139000,-1.365000,-8.901000,-89.099000,-60.153000,27.35
0.016401,0.408000,0.034000,-1.239000,-9.252000,-95.328000,-55.298000,27.35
0.017023,0.445000,-0.039000,-1.149000,-10.702000,-98.427000,-48.504000,27.31
0.017655,0.505000,-0.095000,-1.071000,-13.328000,-102.733000,-39.969000,27.45
0.018314,0.525000,-0.104000,-1.010000,-17.588000,-98.061000,-31.069000,27.35
0.018941,0.534000,-0.102000,-0.919000,-17.542000,-96.229000,-23.267000,27.49
0.019571,0.587000,-0.111000,-0.911000,-17.511000,-89.481000,-19.298000,27.49
0.020196,0.639000,-0.091000,-0.900000,-21.206000,-78.489000,-17.786000,27.45
0.020810,1.102000,-0.106000,-0.494000,-2.168000,-59.802000,-6.321000,27.45
0.021397,1.036000,-0.333000,-0.276000,8.382000,-7.969000,1.802000,27.40
0.022037,1.231000,-0.378000,-0.429000,22.336000,-6.397000,-16.656000,27.45
0.022730,1.274000,-0.127000,-0.722000,-4.351000,5.710000,-28.855000,27.35
0.023416,1.167000,-0.031000,-0.809000,-3.099000,-41.710000,-35.176000,27.40
0.024112,0.788000,0.077000,-0.721000,25.191000,-94.458000,-42.641000,27.45
0.024795,0.570000,0.040000,-0.693000,40.824000,-88.443000,-52.519000,27.45
0.025478,0.603000,0.018000,-0.763000,52.794000,-95.344000,-61.908000,27.40
0.026161,0.569000,0.072000,-0.763000,53.069000,-72.809000,-71.008000,27.40
0.026845,0.588000,0.063000,-0.670000,59.817000,-62.275000,-78.641000,27.26
0.027516,0.542000,0.067000,-0.997000,44.351000,-67.450000,-83.725000,27.45
0.028345,0.577000,0.103000,-0.750000,73.603000,-51.450000,-92.015000,27.40
0.029192,0.612000,0.121000,-0.714000,78.153000,-40.168000,-96.443000,27.35
0.029901,0.662000,0.074000,-0.837000,85.802000,-46.885000,-98.260000,27.35
0.030657,0.774000,0.002000,-0.841000,83.115000,-49.878000,-99.053000,27.40
0.031422,0.786000,0.004000,-0.798000,78.962000,-73.191000,-97.939000,27.31
0.032083,0.746000,0.034000,-0.757000,74.061000,-67.542000,-94.672000,27.35
0.032705,0.683000,0.007000,-0.736000,80.153000,-81.069000,-90.275000,27.35
0.033328,0.673000,-0.028000,-0.724000,78.672000,-83.710000,-89.740000,27.40
0.034001,0.736000,-0.021000,-0.700000,78.779000,-84.595000,-84.550000,27.45
0.034631,0.784000,-0.003000,-0.752000,80.183000,-84.015000,-78.107000,27.35
0.035259,0.854000,-0.005000,-0.725000,77.145000,-84.718000,-75.695000,27.40
0.035886,0.991000,-0.001000,-0.646000,68.763000,-79.832000,-76.321000,27.35
0.036495,0.944000,0.108000,-0.589000,77.496000,-98.931000,-79.405000,27.45
0.037117,0.897000,0.129000,-0.590000,76.992000,-108.122000,-85.679000,27.40
0.037731,0.906000,0.154000,-0.367000,80.489000,-94.397000,-92.595000,27.49
0.038465,0.948000,0.160000,-0.260000,90.733000,-86.260000,-99.344000,27.45
0.039231,1.045000,0.120000,-0.140000,86.031000,-82.122000,-102.672000,27.40
0.039826,1.044000,0.101000,-0.137000,74.702000,-65.313000,-107.405000,27.35
0.040403,1.206000,0.055000,0.004000,61.771000,-50.351000,-109.237000,27.45
0.040964,1.155000,0.035000,0.148000,31.115000,-34.977000,-108.519000,27.35
0.041559,1.120000,0.091000,0.331000,4.366000,-11.450000,-111.328000,27.40
0.042127,1.149000,0.113000,0.531000,-9.893000,15.389000,-118.046000,27.40
0.042688,1.168000,0.195000,0.641000,-25.710000,50.015000,-133.603000,27.45
0.043242,1.263000,0.054000,1.148000,-60.611000,89.359000,-159.756000,27.40
0.043802,0.528000,0.812000,1.132000,-68.763000,153.679000,-168.244000,27.40
0.044372,0.107000,0.369000,-1.307000,-39.069000,212.260000,-122.168000,27.45
0.044932,0.102000,-0.225000,-1.969000,-25.573000,161.863000,-31.695000,27.35
0.045487,0.545000,-0.823000,-0.879000,-25.969000,197.985000,1.695000,27.49
0.046057,2.097000,-0.359000,-1.020000,-42.931000,216.565000,-11.847000,27.45
0.046606,2.372000,0.304000,-0.857000,-37.832000,152.214000,0.000000,27.35
0.047156,1.472000,0.202000,-0.836000,-52.656000,158.565000,8.824000,27.40
0.047721,2.104000,1.073000,-0.992000,-55.542000,115.924000,24.031000,27.49
0.048324,1.878000,0.197000,1.966000,49.344000,112.031000,0.733000,27.35
0.048964,0.672000,-0.140000,-1.052000,68.534000,-44.473000,10.534000,27.40
0.049524,0.716000,-0.180000,-0.628000,40.718000,8.977000,21.008000,27.45
0.050042,0.908000,0.314000,-0.556000,47.557000,0.824000,13.710000,27.45
0.050609,0.758000,0.026000,-0.744000,41.008000,1.206000,15.374000,27.35
0.051244,0.722000,-0.160000,-0.817000,23.588000,21.176000,9.847000,27.40
0.051763,0.852000,-0.174000,-0.798000,14.855000,28.748000,2.198000,27.45
0.052327,0.688000,-0.154000,-0.777000,0.015000,86.855000,0.550000,27.45
0.052927,0.784000,0.148000,-0.681000,2.550000,10.885000,5.115000,27.40
0.053469,0.663000,0.095000,-0.680000,17.954000,25.954000,6.076000,27.40
0.053972,0.699000,0.018000,-0.723000,24.122000,32.046000,9.786000,27.45
0.054485,0.678000,-0.010000,-0.688000,26.168000,19.664000,10.153000,27.40
0.054982,0.719000,0.059000,-0.683000,26.641000,3.710000,14.580000,27.49
0.055493,0.720000,0.004000,-0.750000,27.817000,15.863000,13.832000,27.45
0.055984,0.759000,-0.062000,-0.758000,26.031000,9.847000,9.359000,27.35
0.056485,0.797000,-0.168000,-0.702000,18.489000,8.794000,3.481000,27.49
0.056983,0.760000,-0.126000,-0.706000,7.405000,7.969000,-2.427000,27.45
0.057510,0.729000,-0.083000,-0.712000,3.206000,11.405000,-5.267000,27.35
0.058192,0.754000,-0.072000,-0.699000,0.168000,13.053000,-5.863000,27.40
0.058718,0.736000,-0.067000,-0.692000,-0.519000,11.573000,-7.588000,27.35
0.059225,0.707000,-0.063000,-0.709000,-0.351000,10.397000,-8.397000,27.45
0.059735,0.734000,-0.087000,-0.630000,-0.580000,5.588000,-10.229000,27.45
0.060241,0.762000,-0.028000,-0.634000,-1.450000,-5.878000,-9.603000,27.40
0.060819,0.735000,-0.013000,-0.663000,-1.115000,1.542000,-8.809000,27.35
0.061488,0.719000,-0.061000,-0.685000,-1.298000,1.282000,-8.565000,27.35
0.061979,0.727000,-0.050000,-0.680000,-2.534000,0.901000,-8.168000,27.40
0.062450,0.713000,-0.059000,-0.695000,-2.885000,-1.313000,-8.977000,27.49
0.062918,0.720000,-0.042000,-0.695000,-4.626000,2.870000,-9.084000,27.45
0.063380,0.719000,0.017000,-0.671000,-5.221000,6.473000,-8.000000,27.40
0.063841,0.714000,0.010000,-0.668000,-4.489000,6.336000,-6.947000,27.40
0.064300,0.724000,-0.000000,-0.670000,-4.061000,6.885000,-6.809000,27.45
0.064761,0.717000,-0.045000,-0.682000,-5.053000,5.939000,-6.534000,27.45
0.065270,0.714000,-0.047000,-0.689000,-6.473000,6.992000,-7.466000,27.31
0.065739,0.708000,-0.032000,-0.687000,-8.031000,8.580000,-8.229000,27.45
0.066213,0.703000,-0.062000,-0.687000,-8.046000,10.183000,-10.153000,27.35
0.066692,0.735000,-0.041000,-0.655000,-9.069000,12.931000,-12.183000,27.40
0.067159,0.723000,-0.036000,-0.656000,-7.588000,9.603000,-12.534000,27.45
0.067634,0.724000,-0.025000,-0.647000,-11.969000,8.824000,-12.183000,27.35
0.068104,0.711000,0.030000,-0.637000,-13.908000,9.649000,-10.336000,27.31
0.068681,0.705000,0.064000,-0.666000,-11.176000,5.084000,-8.290000,27.31
0.069281,0.719000,0.066000,-0.673000,-10.580000,5.618000,-6.748000,27.35
0.069760,0.705000,0.049000,-0.676000,-4.550000,3.069000,-6.015000,27.35
0.070225,0.718000,0.046000,-0.683000,-6.534000,5.099000,-4.519000,27.49
0.070720,0.742000,-0.019000,-0.648000,-4.229000,3.130000,-5.221000,27.35
0.071224,0.737000,0.032000,-0.677000,-5.176000,4.626000,-5.023000,27.45
0.071696,0.706000,-0.005000,-0.679000,-5.847000,4.290000,-4.809000,27.40
0.072176,0.737000,-0.031000,-0.664000,-4.397000,4.779000,-5.756000,27.31
0.072655,0.728000,-0.032000,-0.676000,-5.740000,4.580000,-6.275000,27.35
0.073115,0.721000,0.019000,-0.680000,-7.450000,4.962000,-6.244000,27.40
0.073563,0.725000,-0.000000,-0.679000,-6.870000,7.618000,-7.573000,27.40
0.074011,0.718000,0.019000,-0.681000,-5.695000,10.275000,-8.580000,27.45
0.074456,0.704000,0.042000,-0.659000,-5.954000,9.420000,-8.702000,27.35
0.074905,0.718000,0.059000,-0.660000,-4.519000,11.832000,-8.489000,27.49
0.075349,0.698000,0.044000,-0.673000,-2.656000,9.847000,-5.985000,27.35
0.075785,0.749000,0.074000,-0.612000,-1.786000,7.710000,-3.573000,27.35
0.076223,0.755000,0.046000,-0.608000,0.687000,1.481000,-0.458000,27.31
0.076704,0.756000,-0.009000,-0.637000,2.641000,-3.374000,1.221000,27.40
0.077166,0.729000,-0.043000,-0.715000,1.756000,-4.214000,-0.550000,27.45
0.077620,0.699000,-0.061000,-0.745000,-0.427000,-1.252000,-3.130000,27.40
0.078070,0.705000,-0.031000,-0.733000,-3.130000,5.359000,-6.458000,27.35
0.078565,0.707000,-0.000000,-0.683000,-4.061000,10.641000,-9.298000,27.45
0.079058,0.706000,0.043000,-0.674000,-3.557000,12.153000,-12.031000,27.35
0.079505,0.727000,0.090000,-0.656000,-1.237000,11.618000,-12.351000,27.40
0.079944,0.691000,-0.005000,-0.690000,0.962000,5.328000,-9.023000,27.45
0.080384,0.867000,0.018000,-0.517000,-0.733000,4.626000,-5.786000,27.45
0.080823,0.740000,0.082000,-0.636000,-1.481000,-2.733000,-1.802000,27.40
0.081260,0.736000,0.078000,-0.660000,0.779000,-6.870000,1.863000,27.40
0.081706,0.705000,0.002000,-0.725000,1.756000,-4.366000,2.046000,27.45
0.082166,0.719000,-0.025000,-0.712000,1.924000,-0.885000,-0.275000,27.40
0.082653,0.685000,0.011000,-0.715000,1.664000,2.336000,-2.198000,27.49
0.083102,0.726000,0.045000,-0.669000,0.443000,8.870000,-3.542000,27.35
0.083525,0.721000,0.024000,-0.650000,3.145000,8.443000,-5.176000,27.35
0.083941,0.722000,0.019000,-0.640000,2.672000,4.779000,-6.000000,27.40
0.084360,0.697000,0.053000,-0.656000,0.733000,-1.954000,-6.229000,27.45
0.084787,0.777000,-0.035000,-0.627000,0.656000,-3.176000,-3.496000,27.45
0.085213,0.732000,0.019000,-0.686000,-1.359000,-4.718000,-3.099000,27.31
0.085644,0.713000,-0.029000,-0.718000,-1.908000,-1.725000,-3.832000,27.35
0.086067,0.714000,-0.034000,-0.727000,-2.855000,3.985000,-5.786000,27.45
0.086498,0.724000,-0.031000,-0.691000,-3.573000,7.359000,-8.244000,27.40
0.086933,0.723000,-0.012000,-0.683000,-4.153000,13.466000,-10.641000,27.31
0.087379,0.712000,0.033000,-0.631000,-37.450000,25.664000,-11.176000,27.45
0.087814,0.758000,0.062000,-0.608000,-15.267000,37.863000,-13.985000,27.49
0.088307,0.751000,0.021000,-0.597000,-19.527000,35.710000,-11.603000,27.40
0.088859,0.785000,0.107000,-0.587000,-13.725000,21.282000,-9.298000,27.35
0.089317,0.736000,0.109000,-0.654000,-3.634000,11.069000,-5.176000,27.54
0.089761,0.729000,0.047000,-0.661000,0.244000,6.489000,-2.260000,27.40
0.090199,0.755000,0.011000,-0.676000,2.412000,6.809000,-1.389000,27.35
0.090651,0.760000,0.006000,-0.644000,-0.504000,-1.237000,-0.656000,27.45
0.091188,0.740000,0.014000,-0.682000,-3.603000,3.863000,-1.573000,27.40
0.091702,0.730000,-0.006000,-0.646000,-5.893000,10.809000,-3.618000,27.40
0.092165,0.742000,-0.023000,-0.665000,-1.160000,4.305000,-6.550000,27.35
0.092622,0.723000,0.038000,-0.643000,0.702000,-4.061000,-6.962000,27.49
0.093070,0.744000,0.062000,-0.612000,1.847000,-1.145000,-6.824000,27.40
0.093590,0.749000,0.085000,-0.649000,3.038000,2.031000,-5.603000,27.45
0.094097,0.751000,0.065000,-0.638000,15.145000,-9.130000,-4.885000,27.45
0.094543,0.747000,0.031000,-0.685000,8.565000,-21.527000,-1.725000,27.31
0.094986,0.756000,0.044000,-0.618000,-31.618000,-5.664000,0.916000,27.35
0.095433,0.770000,0.038000,-0.629000,-18.550000,-3.542000,0.840000,27.35
0.095873,0.648000,0.040000,-1.139000,-22.458000,7.328000,-0.687000,27.40
0.096319,0.693000,0.070000,-0.703000,-7.145000,-0.977000,-0.611000,27.45
0.096757,0.736000,0.053000,-0.667000,-4.489000,-19.344000,0.931000,27.35
0.097683,0.662000,-0.123000,-0.706000,-0.885000,2.015000,-0.305000,27.40
0.098136,0.668000,-0.130000,-0.714000,-1.237000,2.244000,-0.229000,27.35
0.098579,0.689000,-0.129000,-0.723000,-2.000000,3.802000,-0.229000,27.45
0.099030,0.686000,-0.124000,-0.715000,-3.359000,5.618000,0.275000,27.49
0.099509,0.675000,-0.139000,-0.695000,-2.962000,5.328000,0.550000,27.35
0.099944,0.677000,-0.126000,-0.700000,-2.916000,5.115000,0.321000,27.35
0.104160,0.670000,-0.114000,-0.707000,-2.244000,4.611000,0.153000,27.40
0.116868,0.667000,-0.119000,-0.706000,-1.634000,4.168000,0.275000,27.31
0.123560,0.667000,-0.118000,-0.700000,-1.359000,4.275000,0.046000,27.45
0.136386,0.667000,-0.123000,-0.700000,-0.916000,4.137000,0.122000,27.35
0.143168,0.694000,-0.113000,-0.734000,-2.275000,5.618000,0.061000,27.40
0.155391,0.708000,-0.135000,-0.712000,-4.611000,7.481000,-0.397000,27.35
0.162448,0.677000,-0.146000,-0.708000,-4.885000,7.145000,-1.420000,27.35
0.174919,0.660000,-0.125000,-0.694000,-4.519000,7.664000,-1.695000,27.31
0.181957,0.667000,-0.127000,-0.699000,-4.137000,8.076000,-2.076000,27.31
0.194360,0.670000,-0.136000,-0.707000,-4.244000,8.473000,-2.229000,27.35
0.206336,0.679000,-0.130000,-0.712000,-4.412000,9.221000,-2.916000,27.40
0.213518,0.704000,-0.135000,-0.709000,-6.168000,8.656000,-3.817000,27.40
0.225903,0.692000,-0.129000,-0.707000,-7.832000,8.550000,-5.817000,27.35
0.233064,0.704000,-0.151000,-0.696000,-9.267000,8.092000,-6.901000,27.35
0.246173,0.701000,-0.169000,-0.694000,-10.977000,5.649000,-6.809000,27.40
0.251980,0.658000,-0.116000,-0.680000,-10.122000,4.275000,-5.878000,27.35
0.264422,0.659000,-0.088000,-0.684000,2.061000,2.031000,-6.290000,27.35
0.276633,0.652000,-0.120000,-0.672000,-4.519000,3.160000,-2.901000,27.40
0.283844,0.671000,-0.124000,-0.686000,-1.221000,-0.855000,-2.076000,27.40
0.296059,0.675000,-0.113000,-0.672000,-1.191000,0.305000,-1.481000,27.45
0.303234,0.648000,-0.109000,-0.660000,0.840000,-1.908000,-0.290000,27.40
0.315502,0.658000,-0.097000,-0.674000,2.443000,-1.069000,-2.183000,27.35
0.323014,0.675000,-0.214000,-0.703000,1.847000,-1.527000,-2.534000,27.35
0.334876,0.686000,-0.192000,-0.707000,-0.489000,-2.626000,-2.611000,27.45
0.340640,0.690000,-0.106000,-0.698000,-0.534000,-4.412000,-2.718000,27.40
0.354277,0.717000,-0.076000,-0.705000,0.840000,-6.947000,-1.786000,27.35
0.366277,0.683000,-0.068000,-0.683000,3.115000,-9.344000,-0.443000,27.45
0.373521,0.674000,-0.066000,-0.698000,5.221000,-10.565000,0.916000,27.40
0.385569,0.691000,-0.086000,-0.711000,6.809000,-12.870000,1.939000,27.31
0.392989,0.684000,-0.119000,-0.709000,6.458000,-14.305000,2.458000,27.35
0.405706,0.669000,-0.127000,-0.695000,6.397000,-15.466000,2.427000,27.45
0.412605,0.670000,-0.152000,-0.696000,6.351000,-17.847000,2.366000,27.40
0.424511,0.679000,-0.158000,-0.721000,4.824000,-18.489000,1.344000,27.45
0.436942,0.655000,-0.170000,-0.755000,2.763000,-15.893000,-0.443000,27.45
0.443538,0.643000,-0.141000,-0.782000,-0.061000,-10.641000,-1.679000,27.31
0.455677,0.635000,-0.092000,-0.783000,-1.588000,-4.840000,-2.443000,27.35
0.462992,0.656000,-0.086000,-0.756000,-1.145000,-0.214000,-1.481000,27.35
0.475010,0.671000,-0.099000,-0.731000,-0.641000,1.206000,-0.351000,27.40
0.485971,0.669000,-0.082000,-0.740000,0.046000,3.038000,0.977000,27.35
0.494860,0.675000,-0.088000,-0.725000,1.466000,3.359000,2.611000,27.35
0.503869,0.671000,-0.098000,-0.722000,3.008000,2.962000,4.107000,27.31
0.515072,0.662000,-0.119000,-0.725000,3.802000,2.580000,5.206000,27.40
0.526819,0.658000,-0.122000,-0.732000,3.557000,3.756000,5.313000,27.35
0.534882,0.662000,-0.149000,-0.736000,3.053000,4.473000,5.374000,27.35
0.546465,0.656000,-0.138000,-0.733000,2.595000,5.374000,5.695000,27.40
0.556587,0.646000,-0.122000,-0.725000,2.595000,6.641000,6.015000,27.45
0.566105,0.647000,-0.136000,-0.727000,3.084000,7.969000,6.443000,27.35
0.573941,0.645000,-0.118000,-0.730000,3.389000,9.267000,6.504000,27.31
0.585513,0.649000,-0.122000,-0.711000,3.649000,10.168000,6.840000,27.40
0.594014,0.656000,-0.105000,-0.724000,4.580000,11.008000,7.374000,27.45
0.604886,0.656000,-0.119000,-0.744000,4.382000,14.015000,7.176000,27.31
0.612303,0.634000,-0.082000,-0.744000,4.534000,18.153000,8.061000,27.40
0.625608,0.645000,-0.120000,-0.716000,4.855000,23.084000,8.504000,27.35
0.631842,0.633000,-0.167000,-0.756000,4.626000,29.832000,7.176000,27.35
0.644021,0.618000,-0.135000,-0.814000,8.504000,39.344000,5.847000,27.40
0.656408,0.605000,-0.120000,-0.828000,4.168000,57.008000,6.183000,27.35
0.663535,0.593000,-0.104000,-0.849000,0.244000,71.649000,5.069000,27.35
0.675906,0.557000,-0.019000,-0.877000,5.405000,82.641000,5.863000,27.31
0.683010,0.587000,-0.147000,-0.866000,-1.038000,93.511000,10.779000,27.31
0.695291,0.759000,0.132000,-1.062000,13.038000,112.901000,25.618000,27.35
0.702408,0.736000,0.085000,-0.844000,6.672000,113.985000,34.183000,27.35
0.714530,0.869000,0.070000,-0.995000,2.275000,121.084000,45.908000,27.49
0.726692,0.787000,0.109000,-1.003000,11.618000,125.588000,57.115000,27.45
0.733888,0.661000,0.262000,-1.101000,19.786000,113.985000,49.069000,27.35
0.746151,0.507000,0.461000,-1.218000,27.328000,102.901000,28.122000,27.31
0.753146,0.468000,0.633000,-1.263000,39.832000,88.443000,2.870000,27.40
0.765231,0.436000,0.743000,-1.276000,53.588000,67.313000,-30.397000,27.26
0.772460,0.432000,0.810000,-1.211000,68.137000,50.183000,-65.725000,27.40
0.784243,0.617000,0.545000,-1.194000,63.053000,31.618000,-100.656000,27.40
0.804390,0.611000,0.428000,-1.173000,63.023000,7.313000,-108.992000,27.35
0.805570,0.459000,0.333000,-1.029000,66.885000,-8.061000,-103.695000,27.35
0.815498,0.349000,0.192000,-0.937000,67.924000,-15.160000,-93.817000,27.40
0.822653,0.307000,0.067000,-0.898000,59.130000,-16.962000,-88.473000,27.45
0.834491,0.339000,0.069000,-0.911000,49.084000,-18.779000,-82.092000,27.35
0.846723,0.367000,0.116000,-0.933000,47.969000,-24.916000,-75.832000,27.40
0.853840,0.383000,0.104000,-0.934000,48.840000,-32.733000,-71.588000,27.31
0.865813,0.414000,0.098000,-0.944000,46.336000,-37.573000,-69.649000,27.35
0.873297,0.474000,0.136000,-0.941000,43.267000,-42.214000,-68.443000,27.40
0.884828,0.551000,0.126000,-0.953000,40.092000,-48.885000,-68.275000,27.35
0.890501,0.622000,0.126000,-0.977000,33.603000,-55.725000,-69.130000,27.35
0.904061,0.677000,0.123000,-0.977000,26.458000,-65.939000,-69.206000,27.35
0.918171,0.671000,0.117000,-0.941000,19.511000,-74.443000,-68.153000,27.40
0.923360,0.662000,0.104000,-0.907000,12.153000,-78.870000,-66.580000,27.35
0.935123,0.656000,0.084000,-0.877000,4.763000,-79.252000,-64.366000,27.35
0.942265,0.686000,0.045000,-0.862000,-0.290000,-79.237000,-62.687000,27.31
0.954462,0.732000,0.022000,-0.860000,-1.939000,-80.916000,-59.496000,27.40
0.966127,0.773000,-0.019000,-0.864000,-3.038000,-83.420000,-55.603000,27.35
0.977294,0.798000,-0.058000,-0.855000,-5.847000,-86.427000,-51.496000,27.40
0.985091,0.789000,-0.091000,-0.833000,-10.870000,-86.794000,-47.435000,27.31
0.997007,0.790000,-0.120000,-0.795000,-15.679000,-84.901000,-41.786000,27.45
1.004386,0.776000,-0.135000,-0.769000,-19.282000,-82.382000,-34.733000,27.35
1.015632,0.777000,-0.163000,-0.778000,-24.580000,-79.008000,-28.473000,27.31
1.022426,0.857000,-0.230000,-0.796000,-36.931000,-76.382000,-25.313000,27.35
1.034517,0.916000,-0.249000,-0.768000,-49.420000,-80.168000,-22.870000,27.35
1.046392,0.888000,-0.209000,-0.718000,-56.916000,-84.305000,-18.733000,27.40
1.052868,0.856000,-0.201000,-0.672000,-59.298000,-84.198000,-14.855000,27.35
1.064647,0.858000,-0.217000,-0.587000,-59.038000,-85.359000,-13.542000,27.35
1.076738,0.878000,-0.198000,-0.509000,-58.305000,-84.626000,-15.618000,27.49
1.083612,0.861000,-0.172000,-0.370000,-51.756000,-84.855000,-20.733000,27.40
1.095391,0.816000,-0.182000,-0.260000,-41.298000,-81.450000,-29.176000,27.35
1.102181,0.861000,-0.204000,-0.190000,-29.237000,-76.534000,-40.901000,27.35
1.114115,0.944000,-0.204000,-0.107000,-15.405000,-73.466000,-53.344000,27.40
1.126208,0.955000,-0.162000,0.308000,26.855000,-58.443000,-49.115000,27.35
1.133750,1.117000,-0.508000,0.584000,56.000000,-33.496000,-50.153000,27.45
1.145322,1.336000,-0.737000,0.957000,65.924000,-15.954000,-48.473000,27.40
1.152249,1.467000,-0.860000,1.445000,58.489000,46.962000,-40.565000,27.40
1.169746,1.733000,-1.063000,1.993000,53.130000,105.908000,-11.099000,27.35
1.176747,1.050000,-0.707000,1.370000,60.336000,176.763000,42.947000,27.40
1.183386,2.307000,0.067000,-2.071000,21.740000,152.214000,64.351000,27.40
1.195609,1.866000,0.476000,-1.557000,48.916000,-16.870000,76.656000,27.35
1.202625,0.167000,0.243000,-0.121000,88.046000,73.573000,56.382000,27.45
1.214840,1.441000,0.453000,-1.127000,71.802000,124.901000,38.550000,27.31
1.221990,1.824000,-0.359000,-0.809000,62.672000,43.832000,49.267000,27.45
1.234347,0.709000,-0.606000,-0.784000,67.145000,42.443000,55.130000,27.35
1.246521,0.964000,-0.147000,-0.992000,64.733000,27.466000,45.237000,27.49
1.253614,0.977000,-0.326000,-0.725000,50.794000,24.275000,38.550000,27.40
1.265776,0.993000,-0.493000,-0.843000,37.374000,9.405000,24.137000,27.35
1.273237,0.817000,-0.366000,-0.780000,22.382000,-0.748000,13.756000,27.49
1.285023,0.752000,-0.241000,-0.779000,8.595000,-0.916000,4.122000,27.35
1.292494,0.731000,-0.140000,-0.748000,1.863000,3.313000,-0.198000,27.35
1.304679,0.708000,-0.079000,-0.745000,1.176000,3.893000,-0.885000,27.26
1.311927,0.689000,-0.068000,-0.749000,1.557000,5.008000,-0.168000,27.40
1.324453,0.674000,-0.055000,-0.731000,2.443000,7.130000,0.947000,27.45
1.337079,0.673000,-0.042000,-0.704000,3.466000,8.137000,2.947000,27.35
1.343934,0.617000,-0.021000,-0.724000,6.885000,10.061000,5.649000,27.31
1.356645,0.667000,-0.114000,-0.718000,8.550000,11.023000,7.603000,27.31
1.363464,0.713000,-0.197000,-0.691000,4.702000,9.420000,5.176000,27.35
1.376068,0.667000,-0.146000,-0.721000,2.626000,10.824000,3.176000,27.31
1.382900,0.674000,-0.165000,-0.721000,2.137000,10.275000,2.305000,27.31
1.395392,0.674000,-0.170000,-0.710000,0.916000,8.992000,0.565000,27.45
1.402664,0.670000,-0.154000,-0.707000,-0.412000,9.313000,-0.595000,27.40
1.415085,0.684000,-0.140000,-0.693000,-0.870000,8.397000,-0.977000,27.31
1.422088,0.689000,-0.117000,-0.682000,-0.321000,6.840000,-0.641000,27.35
1.434458,0.688000,-0.112000,-0.677000,0.351000,5.038000,0.000000,27.45
1.446888,0.655000,-0.074000,-0.669000,1.389000,3.389000,0.870000,27.31
1.453937,0.649000,-0.088000,-0.693000,5.145000,1.237000,1.466000,27.35
1.466324,0.667000,-0.123000,-0.698000,4.076000,1.969000,1.344000,27.45
1.473699,0.637000,-0.120000,-0.707000,3.511000,3.237000,1.496000,27.40
1.486346,0.679000,-0.146000,-0.712000,4.290000,1.298000,1.160000,27.31
1.493484,0.660000,-0.137000,-0.714000,2.427000,4.015000,0.794000,27.35
1.506040,0.690000,-0.105000,-0.709000,0.977000,4.916000,1.252000,27.31
1.513031,0.704000,-0.114000,-0.705000,2.916000,7.344000,2.290000,27.35
1.525421,0.689000,-0.117000,-0.708000,3.802000,8.107000,3.618000,27.35
1.532668,0.684000,-0.126000,-0.723000,3.725000,11.420000,4.351000,27.40
1.545135,0.630000,-0.093000,-0.752000,2.931000,16.702000,4.992000,27.40
1.552468,0.636000,-0.126000,-0.773000,2.580000,23.282000,6.107000,27.35
1.564500,0.646000,-0.105000,-0.780000,1.786000,30.519000,6.947000,27.45
1.576849,0.625000,-0.115000,-0.791000,0.550000,40.107000,8.031000,27.40
1.584238,0.630000,-0.167000,-0.796000,-1.206000,50.641000,7.420000,27.26
1.596249,0.645000,-0.154000,-0.844000,-5.802000,63.176000,4.580000,27.45
1.603477,0.643000,-0.033000,-0.906000,-1.817000,86.382000,5.985000,27.40
1.615435,0.616000,-0.130000,-0.918000,-9.313000,107.649000,11.405000,27.31
1.622677,0.539000,0.064000,-0.993000,26.885000,143.420000,21.740000,27.45
1.634596,0.704000,-0.005000,-0.882000,24.672000,164.489000,33.710000,27.40
1.647051,0.849000,-0.011000,-0.967000,26.580000,192.092000,40.076000,27.31
1.653994,0.764000,0.042000,-1.022000,30.855000,206.214000,52.382000,27.45
1.665719,0.922000,-0.206000,-0.999000,30.565000,223.679000,62.244000,27.35
1.673082,0.964000,0.085000,-1.002000,30.931000,233.023000,65.908000,27.40
1.685239,1.023000,0.275000,-1.101000,40.412000,239.954000,74.382000,27.35
1.692073,1.031000,0.227000,-1.061000,52.779000,235.023000,87.328000,27.45
1.704875,1.104000,0.014000,-1.400000,45.359000,208.168000,80.351000,27.40
1.716275,0.570000,0.624000,-1.727000,44.855000,157.511000,40.947000,27.35
1.723282,0.150000,0.927000,-1.863000,56.366000,110.565000,-8.229000,27.35
1.735583,-0.028000,1.041000,-1.832000,70.901000,62.198000,-57.710000,27.31
1.742321,-0.158000,0.889000,-1.782000,79.115000,22.672000,-91.023000,27.35
1.754258,-0.100000,0.531000,-1.787000,65.496000,-14.824000,-106.794000,27.35
1.766035,-0.321000,0.372000,-1.697000,53.649000,-49.221000,-104.183000,27.31
1.773536,-0.386000,0.216000,-1.624000,40.305000,-68.336000,-93.237000,27.31
1.785357,-0.304000,0.114000,-1.548000,21.969000,-82.534000,-78.656000,27.45
1.792085,-0.197000,0.071000,-1.528000,1.298000,-91.893000,-68.183000,27.35
1.804046,0.781000,-0.298000,-1.538000,-27.817000,-120.870000,-57.328000,27.40
1.815558,0.909000,-0.069000,-1.362000,-35.221000,-182.412000,-32.702000,27.35
1.822666,0.515000,0.032000,-1.060000,-16.122000,-183.237000,-13.542000,27.35
1.834582,0.687000,-0.164000,-0.912000,-20.565000,-176.962000,-10.382000,27.31
1.846254,0.836000,-0.130000,-0.900000,-44.214000,-169.725000,-12.412000,27.31
1.853260,0.865000,0.044000,-0.872000,-54.427000,-161.405000,-14.702000,27.35
1.865065,1.062000,0.120000,-0.875000,-56.443000,-154.855000,-24.794000,27.40
1.877069,0.907000,0.231000,-0.756000,-48.397000,-152.702000,-31.542000,27.49
1.883742,0.905000,0.151000,-0.801000,-45.969000,-140.702000,-43.221000,27.35
1.895723,1.012000,0.106000,-0.833000,-41.115000,-134.168000,-55.542000,27.35
1.902339,1.633000,-0.005000,-0.784000,-34.305000,-139.130000,-43.313000,27.31
1.914545,1.246000,-0.125000,-0.835000,-42.031000,-136.626000,-58.779000,27.35
1.925941,1.173000,0.012000,-0.916000,-46.672000,-146.458000,-65.191000,27.35
1.932827,1.334000,-0.162000,-0.120000,8.000000,-133.863000,-20.595000,27.40
1.944694,1.365000,-0.558000,-0.043000,24.931000,-109.221000,-14.015000,27.40
1.956666,1.115000,-0.744000,-0.167000,-1.176000,-98.443000,-29.618000,27.45
1.963461,1.381000,-0.686000,-0.171000,-42.427000,-63.542000,-38.794000,27.40
1.975805,1.579000,-0.617000,-0.197000,-61.008000,-62.840000,-32.779000,27.35
1.981854,1.485000,-0.557000,-0.181000,-61.725000,-77.679000,-20.580000,27.35
1.994280,1.275000,-0.495000,-0.089000,-61.191000,-83.252000,-7.038000,27.35
2.006161,1.073000,-0.481000,-0.058000,-78.748000,-64.611000,3.450000,27.40
2.013566,1.000000,-0.473000,0.013000,-69.359000,-53.435000,9.588000,27.35
2.025418,1.051000,-0.459000,0.027000,-71.710000,-52.473000,11.435000,27.35
2.032328,1.093000,-0.464000,0.074000,-79.282000,-29.145000,10.122000,27.40
2.044483,1.165000,-0.479000,0.114000,-68.809000,-20.916000,10.229000,27.31
2.056326,1.167000,-0.454000,0.279000,-42.870000,-23.618000,14.137000,27.45
2.063646,1.165000,-0.525000,0.406000,-23.282000,-10.382000,14.565000,27.40
2.075637,1.302000,-0.657000,0.627000,-6.443000,2.885000,12.443000,27.40
2.082879,1.486000,-0.759000,1.131000,18.916000,16.473000,19.496000,27.26
2.095260,1.656000,-0.961000,1.931000,47.420000,68.046000,42.183000,27.45
2.101950,1.430000,-1.737000,2.522000,79.573000,147.084000,88.244000,27.40
2.114154,2.458000,-0.375000,-1.596000,12.076000,165.328000,36.779000,27.35
2.126419,2.381000,0.950000,-1.522000,47.237000,24.916000,49.267000,27.45
2.133565,0.978000,0.203000,-0.405000,92.229000,38.595000,60.153000,27.40
2.146900,1.124000,-0.648000,-1.233000,93.115000,35.878000,43.985000,27.35
2.152814,0.816000,-1.158000,-0.968000,51.450000,22.076000,44.962000,27.35
2.164883,0.980000,-0.152000,-0.854000,30.916000,23.695000,25.221000,27.40
2.172032,0.972000,-0.223000,-0.784000,30.290000,9.817000,15.191000,27.31
2.184172,0.885000,-0.333000,-0.785000,20.336000,-1.695000,9.618000,27.26
2.196735,0.784000,-0.054000,-0.727000,11.450000,0.687000,3.725000,27.35
2.204239,0.695000,-0.104000,-0.783000,4.321000,7.817000,1.313000,27.31
2.216482,0.719000,-0.060000,-0.710000,4.061000,6.305000,1.237000,27.35
2.223619,0.689000,-0.076000,-0.742000,4.382000,7.069000,1.405000,27.35
2.236057,0.704000,-0.069000,-0.738000,5.618000,10.641000,2.702000,27.40
2.243142,0.704000,-0.106000,-0.715000,5.649000,11.221000,3.740000,27.31
2.255523,0.707000,-0.150000,-0.715000,5.221000,10.137000,3.160000,27.26
2.262783,0.703000,-0.120000,-0.710000,4.229000,11.328000,2.870000,27.40
2.275235,0.705000,-0.137000,-0.701000,3.771000,11.221000,3.038000,27.31
2.282404,0.696000,-0.160000,-0.706000,3.282000,9.496000,2.336000,27.35
2.294872,0.691000,-0.150000,-0.701000,2.122000,8.931000,1.939000,27.35
2.301971,0.672000,-0.130000,-0.709000,1.496000,9.618000,1.466000,27.40
2.314410,0.661000,-0.091000,-0.702000,2.198000,9.786000,1.802000,27.35
2.326778,0.659000,-0.089000,-0.706000,3.069000,9.863000,2.641000,27.26
2.334062,0.687000,-0.106000,-0.680000,3.664000,8.534000,3.435000,27.31
2.346432,0.678000,-0.103000,-0.675000,4.290000,7.069000,4.015000,27.35
2.354554,0.665000,-0.100000,-0.687000,4.840000,7.542000,4.977000,27.35
2.366391,0.676000,-0.131000,-0.691000,7.191000,6.107000,5.099000,27.31
2.376337,0.678000,-0.120000,-0.721000,6.992000,9.557000,4.779000,27.45
2.386197,0.681000,-0.125000,-0.719000,4.855000,11.847000,5.328000,27.35
2.392889,0.665000,-0.095000,-0.726000,5.557000,17.420000,6.305000,27.35
2.405524,0.646000,-0.071000,-0.737000,7.023000,23.618000,7.191000,27.40
2.413036,0.641000,-0.079000,-0.741000,7.863000,28.748000,10.061000,27.35
2.425399,0.642000,-0.136000,-0.745000,7.481000,36.260000,11.389000,27.26
2.432395,0.624000,-0.198000,-0.760000,5.405000,44.305000,9.893000,27.31
2.444132,0.649000,-0.106000,-0.810000,4.015000,60.076000,8.229000,27.31
2.458903,0.656000,-0.151000,-0.795000,6.305000,65.634000,7.221000,27.35
2.468498,0.635000,-0.211000,-0.850000,7.511000,79.496000,7.328000,27.31
2.476503,0.686000,-0.159000,-0.898000,1.176000,103.496000,6.137000,27.31
2.484799,0.560000,0.034000,-1.122000,34.626000,139.435000,7.679000,27.35
2.495241,0.597000,-0.023000,-1.102000,28.489000,175.908000,15.771000,27.40
2.504540,0.916000,-0.098000,-1.113000,47.374000,215.130000,21.924000,27.40
2.515434,0.826000,-0.078000,-1.060000,51.756000,233.344000,30.046000,27.45
2.526905,0.841000,-0.082000,-0.986000,62.046000,242.443000,36.366000,27.35
2.532881,0.990000,-0.223000,-1.007000,59.450000,255.145000,40.473000,27.40
2.545478,1.029000,-0.112000,-0.913000,66.031000,260.733000,38.947000,27.35
2.551936,1.154000,-0.131000,-1.302000,55.069000,260.641000,42.229000,27.45
2.564134,1.303000,-0.076000,-1.242000,35.695000,243.435000,45.649000,27.31
2.576340,0.876000,0.433000,-1.426000,45.191000,216.626000,47.908000,27.40
2.583446,0.806000,0.635000,-2.083000,46.397000,143.466000,31.466000,27.45
2.596391,-0.181000,0.856000,-2.063000,48.000000,89.084000,10.366000,27.35
2.602547,-0.174000,0.699000,-2.019000,21.511000,41.053000,-8.962000,27.40
2.614724,-0.738000,0.693000,-1.770000,4.015000,-1.863000,-21.496000,27.35
2.626597,-0.731000,0.538000,-1.714000,-10.351000,-32.779000,-27.450000,27.45
2.633526,-0.567000,0.362000,-1.641000,-27.313000,-63.405000,-28.061000,27.31
2.645571,-0.455000,0.227000,-1.531000,-44.733000,-89.115000,-27.313000,27.40
2.652009,-0.265000,0.167000,-1.397000,-55.954000,-105.069000,-27.420000,27.45
2.664035,0.026000,0.097000,-1.289000,-62.687000,-115.878000,-31.099000,27.40
2.675907,1.569000,-1.133000,-0.584000,-104.153000,-100.397000,-46.321000,27.40
2.682601,2.128000,-0.385000,-1.315000,-97.786000,-181.740000,-49.527000,27.26
2.694731,1.456000,-0.087000,-0.893000,-79.344000,-230.366000,-25.359000,27.26
2.706294,0.844000,-0.011000,-0.602000,-40.122000,-221.679000,-15.863000,27.40
2.713101,0.861000,-0.146000,-0.653000,-41.832000,-206.366000,-25.053000,27.35
2.724755,0.982000,-0.052000,-0.757000,-69.344000,-192.901000,-44.382000,27.35
2.736844,0.991000,0.233000,-0.801000,-76.168000,-181.405000,-62.168000,27.31
2.743976,1.230000,0.243000,-0.865000,-58.000000,-186.229000,-73.786000,27.40
2.756171,1.370000,0.225000,-0.851000,-40.351000,-196.336000,-86.107000,27.45
2.764102,1.342000,0.159000,-0.809000,-30.519000,-195.771000,-98.183000,27.35
2.775117,1.274000,0.084000,-0.738000,-22.382000,-193.237000,-109.267000,27.40
2.786646,1.149000,0.031000,-0.689000,-11.603000,-177.191000,-114.000000,27.35
2.792925,0.980000,-0.335000,0.363000,66.443000,-153.435000,-58.656000,27.35
2.805018,1.352000,-1.072000,0.530000,77.511000,-80.901000,-37.115000,27.40
2.811717,1.396000,-1.101000,0.226000,34.702000,-63.939000,-33.450000,27.40
2.823658,1.458000,-0.795000,-0.042000,-20.412000,-12.641000,-35.374000,27.45
2.835778,1.566000,-0.615000,-0.384000,-54.672000,-6.916000,-34.183000,27.40
2.842431,1.600000,-0.541000,-0.531000,-70.214000,-40.916000,-23.771000,27.40
2.854436,1.380000,-0.463000,-0.538000,-77.908000,-69.969000,-6.260000,27.35
2.866615,1.039000,-0.493000,-0.406000,-82.687000,-81.450000,13.221000,27.35
2.873670,0.784000,-0.531000,-0.300000,-86.534000,-76.275000,27.053000,27.40
2.885419,0.711000,-0.503000,-0.215000,-87.405000,-62.992000,36.305000,27.45
2.892184,0.835000,-0.414000,-0.153000,-86.641000,-48.733000,41.115000,27.35
2.904172,0.989000,-0.319000,-0.115000,-79.832000,-39.695000,42.931000,27.40
2.916402,1.127000,-0.317000,0.038000,-66.565000,-39.634000,40.305000,27.31
2.923291,1.027000,-0.333000,0.323000,-44.824000,-33.160000,35.710000,27.26
2.935499,0.998000,-0.408000,0.626000,-17.038000,-12.000000,29.374000,27.40
2.942492,1.115000,-0.487000,0.951000,7.939000,20.031000,21.710000,27.40
2.955180,1.382000,-0.660000,1.489000,31.786000,58.901000,22.855000,27.45
2.962050,1.795000,-0.969000,2.210000,46.977000,117.298000,43.603000,27.35
2.976249,0.954000,-1.137000,0.311000,-2.687000,224.962000,56.794000,27.40
2.988924,2.907000,0.230000,-1.513000,16.718000,58.000000,40.000000,27.40
2.993761,2.014000,1.138000,-0.826000,85.878000,17.069000,73.191000,27.45
3.005734,0.875000,-0.289000,-0.646000,114.901000,40.443000,64.748000,27.31
3.012907,0.947000,-1.204000,-1.275000,91.481000,6.992000,52.366000,27.40
3.025048,0.757000,-0.664000,-0.954000,52.672000,27.847000,46.626000,27.35
3.037015,1.067000,-0.055000,-0.928000,34.824000,27.191000,22.489000,27.35
3.044186,1.062000,-0.892000,-0.847000,17.420000,10.092000,9.939000,27.40
3.056461,0.725000,-0.131000,-0.708000,8.382000,6.672000,-3.908000,27.45
3.065297,0.712000,-0.064000,-0.756000,-0.718000,14.794000,-5.084000,27.35
3.076038,0.745000,-0.058000,-0.734000,2.153000,12.244000,-1.969000,27.40
3.083454,0.756000,-0.096000,-0.677000,4.626000,7.115000,0.366000,27.40
3.095807,0.715000,-0.101000,-0.723000,2.947000,8.198000,2.458000,27.35
3.102676,0.694000,-0.098000,-0.720000,1.939000,10.947000,3.771000,27.31
3.115586,0.701000,-0.135000,-0.714000,3.206000,8.214000,3.099000,27.35
3.122241,0.678000,-0.178000,-0.720000,1.191000,11.771000,0.779000,27.35
3.134151,0.689000,-0.156000,-0.725000,-1.359000,14.366000,-0.916000,27.35
3.146627,0.691000,-0.131000,-0.705000,-1.603000,14.870000,-0.901000,27.31
3.153644,0.700000,-0.105000,-0.688000,-1.038000,13.542000,-0.366000,27.45
3.165654,0.706000,-0.091000,-0.677000,-0.489000,12.382000,0.443000,27.35
3.173104,0.703000,-0.096000,-0.670000,0.321000,10.763000,1.344000,27.31
3.185370,0.704000,-0.111000,-0.674000,0.931000,8.076000,2.092000,27.31
3.192367,0.703000,-0.096000,-0.661000,1.725000,6.595000,2.489000,27.45
3.204910,0.691000,-0.103000,-0.680000,2.229000,5.420000,2.687000,27.35
3.212233,0.687000,-0.102000,-0.685000,3.221000,4.656000,3.038000,27.31
3.224680,0.691000,-0.114000,-0.675000,7.176000,0.580000,3.527000,27.35
3.231894,0.666000,-0.083000,-0.688000,4.672000,5.359000,3.252000,27.35
3.244571,0.682000,-0.072000,-0.701000,6.183000,5.527000,3.985000,27.40
3.250241,0.671000,-0.144000,-0.728000,6.366000,8.672000,4.153000,27.40
3.264103,0.672000,-0.117000,-0.715000,5.817000,11.267000,3.740000,27.45
3.276441,0.695000,-0.128000,-0.705000,5.145000,13.603000,3.527000,27.31
3.283529,0.688000,-0.071000,-0.737000,5.099000,17.573000,5.176000,27.45
3.296147,0.660000,-0.088000,-0.760000,5.298000,27.450000,7.344000,27.35
3.303128,0.669000,-0.159000,-0.760000,6.015000,36.015000,7.115000,27.35
3.315601,0.630000,-0.083000,-0.788000,2.885000,46.931000,6.534000,27.40
3.322696,0.605000,-0.066000,-0.820000,1.878000,61.847000,6.565000,27.35
3.335242,0.603000,-0.149000,-0.832000,1.863000,79.832000,5.038000,27.35
3.342349,0.666000,-0.248000,-0.761000,6.305000,90.290000,6.901000,27.40
3.354468,0.630000,-0.036000,-0.949000,1.664000,107.802000,4.550000,27.35
3.366860,0.653000,-0.189000,-1.144000,19.725000,135.405000,6.321000,27.45
3.373706,0.684000,0.022000,-1.089000,17.008000,165.542000,12.076000,27.40
3.385853,0.867000,-0.088000,-1.079000,14.885000,186.962000,21.435000,27.31
3.392884,0.739000,-0.101000,-1.008000,10.046000,202.351000,24.580000,27.35
3.404745,0.873000,-0.116000,-1.060000,7.695000,210.260000,29.191000,27.45
3.411856,0.781000,-0.029000,-1.158000,0.427000,216.351000,33.664000,27.31
3.424033,0.559000,0.526000,-1.842000,0.489000,207.817000,30.076000,27.45
3.436217,0.001000,0.736000,-2.695000,9.924000,131.847000,16.489000,27.35
3.443247,-0.829000,0.923000,-2.717000,17.359000,65.924000,-0.504000,27.31
3.455510,-1.148000,0.887000,-2.820000,7.695000,8.137000,-16.656000,27.45
3.462693,-1.117000,0.710000,-2.850000,-8.137000,-51.786000,-21.359000,27.35
3.474251,-0.861000,0.565000,-2.687000,-21.802000,-105.252000,-15.527000,27.31
3.486354,-0.431000,0.488000,-2.461000,-32.137000,-146.824000,-6.382000,27.40
3.493241,-0.056000,0.501000,-2.091000,-33.008000,-172.275000,-0.931000,27.35
3.505274,0.661000,0.384000,-1.771000,-40.015000,-188.427000,-16.626000,27.31
3.511028,0.757000,0.518000,-1.328000,-30.229000,-188.351000,-28.611000,27.26
3.524134,0.819000,0.420000,-1.115000,-15.847000,-187.099000,-31.145000,27.26
3.535610,0.872000,0.283000,-1.083000,-11.420000,-179.756000,-35.450000,27.35
3.542789,0.791000,0.227000,-0.995000,-9.542000,-161.939000,-34.290000,27.31
3.554517,1.122000,-0.058000,-0.860000,-23.176000,-149.527000,-35.145000,27.26
3.566383,1.557000,-0.132000,-0.113000,5.786000,-108.168000,-36.183000,27.35
3.573635,1.631000,-0.414000,0.904000,26.962000,-46.809000,-43.313000,27.40
3.585458,1.821000,-0.760000,0.395000,19.466000,-15.496000,-57.771000,27.26
3.592489,1.621000,-0.698000,-0.420000,-1.954000,-10.672000,-71.511000,27.45
3.604641,1.427000,-0.470000,-0.801000,-39.191000,-49.466000,-66.779000,27.40
3.620825,1.191000,-0.352000,-0.982000,-49.023000,-83.084000,-56.947000,27.40
3.622976,0.837000,-0.166000,-0.729000,-33.038000,-121.450000,-39.374000,27.26
3.634485,0.655000,-0.313000,-0.391000,-19.573000,-115.206000,-21.160000,27.40
3.646646,0.641000,-0.511000,-0.083000,-17.252000,-99.969000,-6.595000,27.31
3.653523,0.946000,-0.563000,0.096000,-29.389000,-79.282000,4.534000,27.35
3.666149,1.313000,-0.609000,0.269000,-36.916000,-64.611000,17.099000,27.35
3.672691,1.660000,-0.662000,0.646000,-30.107000,-62.687000,28.519000,27.31
3.684857,1.741000,-0.499000,1.299000,-16.183000,-43.618000,26.000000,27.35
3.697238,2.186000,-0.555000,2.213000,7.313000,14.947000,2.244000,27.35
3.704410,3.050000,-0.731000,3.201000,49.481000,84.000000,-29.313000,27.40
3.716700,4.000000,-1.342000,4.000000,86.611000,168.901000,-53.985000,27.26
3.723741,3.048000,-1.267000,-0.762000,16.336000,219.130000,-23.267000,27.45
3.735395,2.074000,-0.857000,-2.219000,29.450000,-82.702000,38.550000,27.31
3.742714,-0.779000,0.214000,-0.220000,58.733000,5.725000,45.634000,27.45
3.754649,0.991000,0.281000,-1.258000,66.198000,37.313000,20.641000,27.35
3.761014,1.108000,-1.143000,-0.685000,34.718000,1.237000,22.443000,27.35
3.774361,0.942000,-0.020000,-0.892000,25.542000,1.634000,19.008000,27.31
3.786465,0.661000,-0.019000,-0.679000,25.359000,-9.450000,9.420000,27.35
3.793602,0.851000,-0.473000,-0.880000,16.748000,-5.267000,4.458000,27.45
3.806123,0.742000,-0.241000,-0.741000,6.794000,-5.832000,-1.847000,27.40
3.814761,0.672000,-0.218000,-0.767000,-2.733000,-1.511000,-5.145000,27.31
3.825002,0.707000,-0.091000,-0.745000,-3.939000,2.931000,-5.649000,27.26
3.835375,0.710000,-0.099000,-0.734000,-2.977000,3.405000,-4.275000,27.31
3.844616,0.710000,-0.065000,-0.711000,-2.275000,5.450000,-2.198000,27.40
3.856655,0.685000,-0.042000,-0.719000,-0.427000,8.229000,0.458000,27.45
3.864264,0.682000,-0.071000,-0.704000,1.924000,6.031000,2.763000,27.31
3.876464,0.644000,-0.093000,-0.699000,2.198000,3.130000,4.916000,27.40
3.883750,0.635000,-0.131000,-0.719000,5.145000,9.191000,3.924000,27.35
3.906090,0.674000,-0.180000,-0.719000,0.748000,7.191000,3.038000,27.35
3.907297,0.649000,-0.113000,-0.705000,1.634000,10.397000,2.427000,27.40
3.915315,0.668000,-0.105000,-0.704000,2.305000,10.275000,3.099000,27.26
3.922317,0.662000,-0.099000,-0.711000,2.336000,11.740000,3.450000,27.45
3.934849,0.683000,-0.090000,-0.702000,3.695000,11.740000,4.763000,27.49
3.941922,0.671000,-0.103000,-0.711000,3.679000,15.405000,5.573000,27.31
3.954677,0.675000,-0.100000,-0.756000,3.435000,23.053000,6.336000,27.35
3.967318,0.641000,-0.061000,-0.821000,3.664000,34.351000,6.504000,27.31
3.975485,0.640000,0.007000,-0.854000,2.748000,58.046000,7.038000,27.35
3.988189,0.532000,-0.086000,-0.859000,5.298000,78.656000,10.214000,27.35
3.993412,0.575000,-0.185000,-0.846000,5.634000,86.748000,10.305000,27.40
4.005597,0.679000,-0.309000,-0.799000,-1.817000,107.420000,0.580000,27.40
4.013282,0.491000,0.052000,-1.068000,5.176000,124.626000,4.748000,27.35
4.025185,0.453000,0.015000,-1.279000,11.023000,157.985000,14.840000,27.26
4.032208,0.717000,-0.079000,-1.195000,9.053000,198.519000,17.420000,27.40
4.044585,0.681000,0.177000,-1.330000,8.061000,221.573000,29.466000,27.35
4.056465,0.885000,0.091000,-1.345000,10.061000,233.160000,39.817000,27.35
4.063230,0.508000,0.256000,-1.489000,-1.374000,229.237000,44.107000,27.40
4.075736,0.155000,0.974000,-2.601000,11.817000,173.542000,23.573000,27.31
4.082737,-0.444000,1.021000,-2.935000,16.305000,102.656000,-2.916000,27.35
4.094565,-1.032000,1.155000,-2.944000,15.771000,32.611000,-31.160000,27.31
4.106624,-1.198000,0.936000,-2.929000,4.061000,-21.725000,-47.664000,27.40
4.113825,-1.106000,0.576000,-2.857000,-20.550000,-77.985000,-42.855000,27.35
4.125305,-0.856000,0.326000,-2.727000,-51.053000,-125.145000,-26.290000,27.35
4.132113,-0.603000,0.191000,-2.526000,-74.107000,-163.908000,-7.664000,27.31
4.144051,-0.330000,0.113000,-2.272000,-90.214000,-191.176000,6.214000,27.35
4.156093,0.298000,-0.010000,-1.918000,-102.351000,-222.015000,15.282000,27.26
4.162760,0.384000,-0.014000,-1.656000,-100.595000,-217.282000,22.840000,27.31
4.174691,0.770000,-0.133000,-1.350000,-84.458000,-217.298000,47.985000,27.40
4.186642,1.424000,-0.322000,-1.027000,-75.389000,-183.069000,58.626000,27.35
4.193802,1.541000,-0.545000,1.971000,-9.084000,-97.008000,60.580000,27.40
4.205977,2.612000,-1.033000,1.692000,12.656000,43.679000,31.313000,27.45
4.212935,2.873000,-1.302000,-0.123000,-52.153000,34.519000,-20.397000,27.35
4.224781,1.909000,-0.734000,-0.900000,-114.992000,-33.160000,-59.435000,27.35
4.236681,1.478000,0.159000,-1.125000,-104.153000,-118.214000,-61.099000,27.40
4.243485,0.928000,0.174000,-0.904000,-50.443000,-164.321000,-63.160000,27.35
4.255302,0.545000,-0.048000,-0.317000,19.679000,-175.664000,-60.000000,27.35
4.262157,0.423000,-0.729000,0.377000,49.359000,-158.137000,-63.893000,27.31
4.274276,0.874000,-0.914000,0.923000,37.084000,-108.534000,-67.527000,27.31
4.286295,1.497000,-0.994000,1.621000,24.733000,-58.321000,-59.710000,27.35
4.293273,2.414000,-1.112000,2.531000,24.550000,12.427000,-48.397000,27.31
4.305466,3.464000,-1.515000,3.950000,35.756000,90.779000,-33.924000,27.31
4.312393,4.000000,-1.674000,4.000000,39.878000,193.878000,-23.725000,27.35
4.324485,4.000000,0.074000,-2.417000,18.321000,179.740000,65.893000,27.26
4.336622,1.156000,0.210000,-1.365000,32.534000,-189.496000,55.893000,27.21
4.343588,-1.759000,0.042000,-0.620000,110.351000,11.466000,52.519000,27.31
4.355620,1.098000,-0.574000,-1.546000,89.115000,22.046000,23.008000,27.35
4.363052,1.107000,-1.307000,-0.637000,13.145000,33.298000,23.817000,27.40
4.375483,0.941000,0.532000,-0.905000,12.076000,6.580000,9.679000,27.45
4.382280,0.684000,-0.228000,-0.765000,34.947000,10.931000,17.573000,27.35
4.394532,0.795000,-0.530000,-0.767000,20.000000,-1.084000,9.679000,27.31
4.406495,0.843000,-0.261000,-0.742000,-1.038000,9.649000,-1.802000,27.40
4.413749,0.608000,-0.129000,-0.784000,-4.061000,12.000000,-2.290000,27.35
4.426131,0.659000,-0.198000,-0.748000,-2.275000,9.160000,-2.931000,27.35
4.433345,0.690000,-0.089000,-0.729000,-4.336000,11.908000,-2.183000,27.40
4.445534,0.678000,-0.002000,-0.707000,-2.534000,13.206000,1.496000,27.31
4.452643,0.685000,-0.046000,-0.700000,2.702000,11.206000,4.031000,27.45
4.464965,0.693000,-0.045000,-0.705000,4.565000,11.069000,3.771000,27.40
4.472131,0.637000,-0.011000,-0.717000,5.863000,13.374000,4.076000,27.31
4.484344,0.656000,-0.134000,-0.729000,8.015000,13.359000,3.481000,27.35
4.496604,0.672000,-0.197000,-0.702000,6.702000,9.786000,3.344000,27.35
4.504082,0.664000,-0.162000,-0.705000,3.374000,11.847000,2.137000,27.40
4.515989,0.694000,-0.140000,-0.696000,2.733000,11.099000,1.817000,27.45
4.523656,0.672000,-0.123000,-0.699000,2.580000,9.710000,2.214000,27.26
4.535919,0.681000,-0.080000,-0.725000,2.076000,10.992000,4.198000,27.40
4.543185,0.684000,-0.068000,-0.737000,3.237000,15.542000,5.802000,27.35
4.555601,0.660000,-0.112000,-0.777000,4.748000,25.130000,7.084000,27.45
4.562638,0.629000,-0.073000,-0.787000,5.420000,36.977000,8.595000,27.31
4.575016,0.642000,-0.021000,-0.769000,6.992000,48.137000,8.244000,27.31
4.582134,0.659000,0.023000,-0.739000,9.725000,63.481000,11.160000,27.45
4.594309,0.618000,-0.256000,-0.796000,14.244000,71.969000,12.687000,27.35
4.606279,0.577000,-0.298000,-0.850000,10.794000,79.008000,7.237000,27.40
4.613601,0.568000,-0.116000,-1.041000,9.298000,108.809000,0.504000,27.35
4.625750,0.430000,0.152000,-1.281000,17.069000,146.443000,14.122000,27.45
4.632757,0.571000,0.232000,-1.427000,10.412000,190.947000,35.939000,27.40
4.645108,0.876000,0.259000,-1.460000,13.389000,221.084000,46.809000,27.31
4.652297,0.933000,0.201000,-1.377000,30.504000,229.786000,57.252000,27.35
4.664323,0.329000,0.791000,-2.114000,35.053000,214.244000,47.099000,27.31
4.676232,-0.335000,1.296000,-2.680000,50.168000,158.611000,12.336000,27.31
4.683352,-0.704000,1.466000,-2.973000,53.038000,92.275000,-35.267000,27.26
4.695233,-0.899000,1.412000,-3.034000,51.435000,20.458000,-77.191000,27.35
4.702090,-1.095000,1.138000,-2.877000,41.664000,-43.053000,-100.214000,27.40
4.713795,-1.077000,0.780000,-2.704000,17.542000,-93.847000,-101.603000,27.26
4.726060,-0.702000,0.410000,-2.574000,-16.183000,-138.168000,-86.687000,27.35
4.732212,-0.413000,0.293000,-2.423000,-41.206000,-183.908000,-64.565000,27.40
4.744435,-0.070000,0.203000,-2.196000,-61.206000,-215.786000,-47.557000,27.40
4.756165,0.256000,0.167000,-1.975000,-76.748000,-236.046000,-38.718000,27.35
4.762985,0.561000,0.158000,-1.773000,-87.802000,-239.344000,-35.664000,27.31
4.774880,1.437000,-0.007000,-1.503000,-71.267000,-244.046000,12.076000,27.35
4.782006,1.726000,-0.747000,2.771000,20.504000,-160.626000,38.351000,27.35
4.794038,2.210000,-1.072000,2.947000,50.275000,49.374000,29.221000,27.35
4.806170,2.889000,-1.154000,0.602000,10.397000,95.359000,11.145000,27.40
4.813524,2.223000,-0.995000,-0.813000,-70.107000,26.321000,-24.092000,27.35
4.825176,1.376000,-0.252000,-1.115000,-130.992000,-29.603000,-52.534000,27.35
4.833669,1.140000,0.234000,-0.988000,-119.374000,-91.298000,-53.786000,27.40
4.844026,0.942000,0.266000,-0.752000,-75.466000,-131.710000,-50.489000,27.40
4.855514,0.535000,-0.042000,-0.301000,-14.947000,-143.237000,-42.611000,27.35
4.869132,0.418000,-0.513000,0.118000,25.298000,-124.153000,-43.237000,27.40
4.874695,0.729000,-0.887000,0.237000,27.389000,-89.099000,-53.908000,27.40
4.886871,1.258000,-0.880000,0.396000,15.359000,-64.733000,-51.740000,27.26
4.894184,1.513000,-0.875000,0.708000,23.893000,-56.656000,-27.252000,27.35
4.909633,1.749000,-0.992000,1.114000,32.427000,-43.863000,1.099000,27.31
4.917669,1.907000,-1.099000,1.935000,25.664000,-5.038000,15.115000,27.26
4.927583,2.729000,-1.030000,3.109000,29.908000,83.130000,13.221000,27.26
4.932297,3.704000,-1.538000,3.794000,51.664000,174.321000,12.321000,27.40
4.944946,3.869000,-0.995000,-2.029000,-2.580000,86.885000,1.802000,27.35
4.956797,0.788000,0.224000,-1.398000,23.863000,-84.931000,55.527000,27.35
4.970988,-0.630000,0.298000,-0.531000,44.947000,42.458000,30.473000,27.40
4.976107,1.177000,-0.042000,-1.117000,31.908000,55.695000,3.130000,27.40
4.983022,1.085000,-0.836000,-0.649000,19.969000,27.588000,19.679000,27.26
4.995409,0.748000,0.138000,-0.785000,21.069000,17.695000,18.992000,27.26
5.002662,0.738000,0.193000,-0.751000,32.916000,20.443000,15.725000,27.40
5.014824,0.869000,-0.500000,-0.811000,33.969000,7.908000,16.092000,27.26
5.020483,0.885000,-0.366000,-0.782000,16.702000,1.847000,9.863000,27.35
5.034286,0.755000,-0.146000,-0.753000,4.397000,4.718000,3.023000,27.31
5.046410,0.635000,-0.190000,-0.772000,3.679000,4.580000,1.527000,27.31
5.054663,0.625000,-0.121000,-0.744000,2.916000,4.656000,1.053000,27.45
5.066496,0.543000,0.010000,-0.743000,4.595000,10.748000,3.191000,27.40
5.073654,0.629000,-0.014000,-0.718000,9.145000,15.710000,5.588000,27.40
5.085974,0.765000,-0.171000,-0.701000,2.931000,18.641000,4.458000,27.45
5.093186,0.688000,-0.059000,-0.720000,10.641000,12.366000,5.985000,27.45
5.105532,0.697000,-0.114000,-0.686000,10.931000,7.679000,6.809000,27.31
5.114798,0.660000,-0.118000,-0.684000,10.534000,10.305000,5.771000,27.35
5.124697,0.655000,-0.140000,-0.752000,10.382000,8.626000,2.870000,27.35
5.132210,0.643000,-0.171000,-0.715000,5.252000,9.313000,0.519000,27.31
5.144438,0.658000,-0.135000,-0.713000,1.939000,12.244000,-0.046000,27.40
5.156917,0.686000,-0.126000,-0.719000,4.290000,8.641000,-0.107000,27.35
5.163814,0.664000,-0.160000,-0.770000,2.504000,10.580000,0.885000,27.40
5.176285,0.673000,-0.063000,-0.808000,-0.092000,22.244000,2.244000,27.26
5.183386,0.660000,-0.024000,-0.861000,-0.153000,42.550000,2.901000,27.35
5.195551,0.534000,-0.008000,-0.868000,3.908000,68.260000,0.794000,27.35
5.202840,0.476000,-0.057000,-0.897000,2.198000,92.672000,3.069000,27.31
5.215102,0.456000,-0.104000,-0.942000,3.038000,107.496000,5.527000,27.45
5.222297,0.611000,-0.124000,-0.927000,7.695000,123.130000,4.565000,27.35
5.234413,0.491000,-0.072000,-1.174000,13.878000,141.740000,4.962000,27.40
5.246380,0.598000,-0.209000,-1.133000,19.603000,175.695000,3.664000,27.40
5.253743,0.839000,-0.262000,-1.278000,19.374000,216.885000,6.229000,27.35
5.265494,0.797000,-0.087000,-1.256000,21.710000,239.389000,12.473000,27.40
5.272948,0.901000,-0.081000,-1.200000,17.389000,242.809000,18.901000,27.31
5.284980,0.465000,0.283000,-1.552000,7.267000,235.878000,20.794000,27.45
5.297033,-0.198000,0.681000,-2.696000,19.740000,163.847000,14.412000,27.35
5.306733,-0.762000,0.849000,-2.794000,23.954000,79.191000,7.176000,27.40
5.316139,-0.981000,0.899000,-2.823000,25.206000,14.595000,-7.252000,27.35
5.323365,-0.939000,0.861000,-2.722000,16.260000,-44.229000,-18.840000,27.26
5.335079,-0.801000,0.797000,-2.541000,8.840000,-98.153000,-25.786000,27.40
5.346724,-0.588000,0.646000,-2.344000,-0.580000,-142.595000,-29.435000,27.35
5.357730,-0.293000,0.508000,-2.085000,-14.198000,-174.214000,-30.870000,27.45
5.365609,0.218000,0.122000,-1.891000,-36.412000,-190.687000,-36.107000,27.40
5.381438,0.609000,0.305000,-1.487000,-37.649000,-217.893000,-31.573000,27.31
5.384095,0.740000,0.132000,-1.225000,-32.107000,-214.580000,-19.481000,27.35
5.397202,1.175000,-0.102000,-1.076000,-29.466000,-201.573000,3.160000,27.45
5.404722,1.372000,-0.374000,-0.829000,-50.687000,-168.443000,19.328000,27.31
5.414909,2.284000,-0.148000,0.333000,-17.466000,-111.344000,29.969000,27.35
5.421637,2.033000,-0.711000,1.296000,-21.450000,-11.939000,15.115000,27.35
5.433961,2.379000,-0.904000,0.412000,-57.328000,-2.275000,-15.420000,27.40
5.446000,1.915000,-0.487000,-0.397000,-92.718000,-22.443000,-42.321000,27.21
5.452363,1.360000,-0.104000,-0.842000,-92.718000,-60.076000,-43.252000,27.35
5.464396,1.129000,-0.034000,-0.797000,-73.084000,-120.412000,-32.626000,27.40
5.476342,0.766000,-0.165000,-0.409000,-47.130000,-130.702000,-17.038000,27.31
5.482914,0.635000,-0.582000,-0.003000,-29.740000,-120.656000,-1.710000,27.26
5.495247,0.950000,-0.833000,0.311000,-37.420000,-95.924000,6.107000,27.40
5.502299,1.363000,-0.847000,0.560000,-41.359000,-74.214000,20.595000,27.31
5.514394,1.728000,-0.774000,0.843000,-31.389000,-57.099000,37.985000,27.35
5.526422,1.963000,-0.742000,1.288000,-19.664000,-34.244000,39.298000,27.35
5.533550,2.263000,-0.613000,1.845000,1.130000,-0.855000,25.725000,27.31
5.546209,2.750000,-0.639000,2.703000,40.015000,47.084000,5.481000,27.35
5.552927,2.543000,-1.103000,2.812000,80.931000,111.221000,-18.183000,27.35
5.564967,2.831000,-1.158000,-1.729000,25.817000,73.115000,-0.779000,27.40
5.572211,0.881000,-0.546000,-1.600000,21.832000,-65.176000,53.038000,27.35
5.584202,-0.822000,0.069000,-0.354000,35.802000,20.855000,29.939000,27.35
5.596379,0.151000,0.020000,-1.115000,16.763000,92.992000,-21.954000,27.31
5.603580,1.487000,-0.567000,-0.934000,7.053000,90.366000,11.679000,27.31
5.615654,1.805000,-0.338000,-0.731000,9.069000,24.122000,20.550000,27.35
5.623058,0.926000,0.144000,-0.690000,20.244000,3.817000,8.290000,27.31
5.635172,0.534000,-0.230000,-0.860000,22.214000,9.832000,9.160000,27.26
5.642348,0.874000,-0.282000,-0.805000,12.947000,6.611000,11.328000,27.45
5.654689,0.841000,-0.082000,-0.741000,7.679000,0.733000,2.794000,27.35
5.662199,0.642000,-0.150000,-0.759000,6.198000,2.244000,2.718000,27.40
5.674654,0.713000,-0.090000,-0.757000,5.985000,2.351000,3.282000,27.45
5.681958,0.701000,-0.035000,-0.753000,5.588000,5.771000,2.885000,27.35
5.694457,0.673000,-0.070000,-0.754000,6.443000,7.649000,4.061000,27.31
5.706640,0.708000,-0.057000,-0.706000,9.985000,6.885000,6.550000,27.31
5.713949,0.689000,-0.071000,-0.722000,9.542000,7.282000,7.237000,27.35
5.726344,0.703000,-0.160000,-0.723000,8.824000,8.061000,6.611000,27.31
5.733819,0.647000,-0.142000,-0.724000,8.779000,7.756000,6.550000,27.40
5.746165,0.641000,-0.136000,-0.712000,7.924000,9.527000,7.374000,27.35
5.753289,0.662000,-0.074000,-0.705000,9.008000,10.489000,8.718000,27.35
5.765654,0.665000,-0.052000,-0.690000,12.916000,9.496000,11.344000,27.40
5.772943,0.664000,-0.120000,-0.669000,14.351000,7.008000,12.947000,27.35
5.784923,0.666000,-0.213000,-0.729000,13.634000,9.542000,11.863000,27.45
5.792236,0.707000,-0.190000,-0.766000,8.565000,14.840000,9.435000,27.40
5.804510,0.593000,-0.059000,-0.792000,7.389000,27.450000,9.435000,27.26
5.816592,0.552000,-0.046000,-0.793000,11.160000,41.527000,10.580000,27.26
5.823706,0.573000,-0.130000,-0.813000,9.573000,53.023000,7.053000,27.31
5.836326,0.553000,0.001000,-0.877000,6.076000,76.489000,1.969000,27.31
5.843664,0.610000,0.078000,-0.917000,5.740000,100.626000,7.069000,27.35
5.855438,0.402000,-0.060000,-1.124000,11.603000,107.267000,11.313000,27.35
5.862344,0.512000,-0.222000,-1.108000,-10.076000,140.947000,21.924000,27.31
5.874424,0.745000,-0.040000,-1.144000,-26.550000,166.489000,45.053000,27.35
5.886428,0.677000,0.578000,-1.400000,-18.229000,188.015000,66.473000,27.26
5.893556,0.459000,0.493000,-1.833000,-9.405000,181.008000,70.718000,27.40
5.905656,-0.095000,0.953000,-2.261000,-4.137000,144.229000,54.458000,27.31
5.912706,-0.431000,1.183000,-2.493000,-5.115000,96.947000,19.878000,27.35
5.924908,-0.602000,1.360000,-2.636000,-9.252000,47.008000,-17.405000,27.40
5.936611,-0.730000,1.239000,-2.551000,-13.985000,-6.489000,-51.481000,27.40
5.943609,-0.711000,0.969000,-2.419000,-22.916000,-50.595000,-72.870000,27.35
5.955465,-0.580000,0.657000,-2.295000,-38.916000,-87.725000,-78.214000,27.35
5.962439,-0.287000,0.327000,-2.162000,-53.649000,-120.290000,-66.122000,27.40
5.974053,-0.121000,0.067000,-2.022000,-66.733000,-142.565000,-50.611000,27.45
5.985938,0.158000,-0.079000,-1.848000,-76.382000,-162.794000,-37.008000,27.26
5.992657,0.484000,-0.282000,-1.653000,-74.443000,-184.962000,-9.481000,27.31
6.004372,1.250000,-0.349000,-1.082000,-68.748000,-172.321000,15.008000,27.31
6.017026,1.179000,-0.841000,1.353000,5.985000,-93.496000,39.695000,27.26
6.023985,1.881000,-1.149000,1.122000,0.824000,-18.855000,13.008000,27.40
6.036064,1.788000,-0.585000,-0.140000,-16.702000,7.908000,-22.321000,27.35
6.043028,1.180000,-0.203000,-0.895000,-34.992000,-24.061000,-40.397000,27.35
6.055204,0.837000,-0.086000,-0.974000,-22.290000,-56.534000,-56.214000,27.35
6.066749,0.627000,0.007000,-0.786000,-14.015000,-72.061000,-62.626000,27.31
6.076802,0.649000,-0.120000,-0.672000,4.702000,-73.435000,-60.076000,27.45
6.085390,0.624000,-0.348000,-0.565000,18.992000,-73.313000,-56.550000,27.35
6.092825,0.660000,-0.448000,-0.558000,22.672000,-68.153000,-56.076000,27.31
6.104254,0.725000,-0.478000,-0.537000,17.237000,-62.366000,-54.885000,27.40
6.117605,0.809000,-0.430000,-0.535000,15.832000,-62.214000,-48.687000,27.35
6.125218,1.102000,-0.609000,-0.648000,-1.359000,-58.504000,-44.855000,27.31
6.135453,1.282000,-0.652000,-0.492000,-13.832000,-90.977000,-32.397000,27.40
6.141777,1.033000,-0.538000,-0.166000,-10.885000,-102.534000,-9.573000,27.35
6.153894,0.947000,-0.647000,0.266000,-12.885000,-88.412000,8.626000,27.35
6.170826,1.067000,-0.705000,0.677000,-23.374000,-59.511000,24.382000,27.31
6.172914,1.460000,-0.736000,1.005000,-34.595000,-19.115000,36.321000,27.26
6.185414,1.951000,-0.857000,1.603000,-28.305000,8.916000,46.824000,27.26
6.192210,2.478000,-0.989000,2.438000,-11.328000,66.550000,58.855000,27.40
6.204611,3.478000,-1.217000,3.820000,14.000000,153.466000,64.611000,27.35
6.216709,3.338000,0.059000,-1.637000,-41.069000,175.221000,-5.985000,27.35
6.223663,1.775000,1.195000,-1.700000,21.985000,-30.763000,23.573000,27.31
6.236002,-0.432000,0.017000,-0.338000,71.435000,53.084000,15.511000,27.31
6.242650,0.512000,-0.228000,-1.182000,53.206000,102.122000,-1.695000,27.35
6.255002,1.591000,-0.324000,-0.736000,26.229000,56.794000,25.802000,27.40
6.262263,1.044000,-0.191000,-0.671000,31.267000,43.023000,27.664000,27.26
6.274100,0.787000,-0.170000,-0.912000,45.618000,18.031000,24.748000,27.35
6.286507,0.799000,-0.456000,-0.825000,37.588000,18.351000,24.198000,27.35
6.294397,0.962000,-0.317000,-0.803000,19.679000,15.985000,13.466000,27.31
6.310161,0.807000,-0.260000,-0.772000,11.282000,8.580000,7.206000,27.35
6.313478,0.735000,-0.169000,-0.759000,7.496000,6.382000,3.008000,27.35
6.325632,0.738000,-0.097000,-0.740000,4.382000,6.443000,0.977000,27.40
6.335610,0.700000,-0.074000,-0.727000,2.244000,8.183000,1.053000,27.40
6.347358,0.660000,-0.043000,-0.719000,4.290000,9.282000,2.840000,27.45
6.352592,0.663000,-0.085000,-0.716000,6.061000,9.435000,4.244000,27.40
6.367216,0.681000,-0.121000,-0.698000,6.076000,10.412000,5.206000,27.31
6.372845,0.677000,-0.108000,-0.691000,6.565000,9.695000,6.443000,27.35
6.384398,0.655000,-0.102000,-0.695000,8.031000,8.153000,7.511000,27.35
6.396741,0.647000,-0.118000,-0.711000,9.405000,8.947000,8.595000,27.40
6.410578,0.654000,-0.124000,-0.703000,9.847000,8.809000,9.145000,27.26
6.416666,0.673000,-0.117000,-0.694000,10.198000,8.275000,9.511000,27.35
6.423799,0.675000,-0.097000,-0.666000,10.947000,6.809000,9.130000,27.21
6.436384,0.674000,-0.096000,-0.682000,11.679000,6.855000,8.076000,27.35
6.443266,0.683000,-0.125000,-0.702000,11.176000,5.221000,7.176000,27.35
6.455988,0.733000,-0.175000,-0.712000,9.374000,3.786000,5.664000,27.31
6.463256,0.692000,-0.161000,-0.728000,6.107000,3.985000,3.786000,27.40
6.475748,0.674000,-0.115000,-0.743000,6.519000,6.794000,4.504000,27.45
6.483023,0.679000,-0.145000,-0.747000,6.031000,12.092000,6.046000,27.35
6.499122,0.654000,-0.090000,-0.762000,5.756000,18.229000,7.420000,27.31
6.502256,0.657000,-0.055000,-0.770000,5.908000,29.328000,8.473000,27.35
6.514494,0.623000,-0.067000,-0.802000,7.191000,42.092000,10.366000,27.26
6.526576,0.607000,-0.121000,-0.799000,7.389000,54.565000,12.626000,27.31
6.533852,0.594000,-0.149000,-0.865000,3.115000,69.344000,10.519000,27.40
6.549922,0.542000,-0.124000,-0.900000,1.069000,97.527000,8.656000,27.26
6.556643,0.605000,-0.099000,-0.963000,2.718000,111.771000,12.824000,27.31
6.565178,0.466000,-0.136000,-1.183000,-14.000000,166.763000,9.969000,27.31
6.572331,0.601000,-0.119000,-1.147000,-21.359000,178.336000,30.870000,27.35
6.585222,0.670000,0.377000,-1.182000,-20.824000,205.710000,53.466000,27.31
6.596236,0.833000,0.278000,-1.352000,-33.725000,208.122000,70.275000,27.31
6.603096,0.412000,0.786000,-1.956000,-37.191000,194.519000,71.176000,27.35
6.615180,-0.547000,1.600000,-2.751000,-20.351000,123.008000,35.924000,27.35
6.626859,-0.987000,1.793000,-3.053000,-13.069000,61.450000,-16.168000,27.49
6.633989,-1.213000,1.701000,-3.053000,-8.214000,-10.504000,-59.511000,27.35
6.646045,-1.196000,1.206000,-2.937000,-16.061000,-66.824000,-76.656000,27.35
6.652763,-0.950000,0.669000,-2.769000,-39.282000,-110.183000,-68.931000,27.40
6.664618,-0.444000,0.311000,-2.497000,-52.977000,-155.099000,-36.947000,27.45
6.676431,-0.121000,0.028000,-2.167000,-68.595000,-177.344000,-5.267000,27.35
6.683477,0.490000,-0.138000,-1.783000,-77.863000,-190.702000,29.527000,27.31
6.695282,0.924000,-0.400000,-1.393000,-93.542000,-170.397000,52.183000,27.31
6.702553,1.830000,-0.005000,0.064000,-25.420000,-117.481000,58.733000,27.26
6.714212,2.564000,-1.026000,1.097000,-9.008000,-11.344000,15.557000,27.35
6.726208,2.202000,-0.414000,-0.333000,-23.130000,-15.206000,-53.496000,27.31
6.733082,1.088000,0.149000,-1.572000,-45.603000,-73.908000,-76.046000,27.35
6.745142,0.166000,0.226000,-1.526000,-54.260000,-121.954000,-76.809000,27.35
6.756703,-0.106000,-0.053000,-1.141000,-44.656000,-115.832000,-70.550000,27.31
6.763356,0.400000,-0.490000,-0.962000,-39.053000,-112.366000,-57.786000,27.31
6.775133,0.711000,-0.829000,-0.741000,-32.595000,-109.725000,-39.679000,27.26
6.781124,0.971000,-0.897000,-0.745000,-39.817000,-112.473000,-25.252000,27.40
6.793752,0.946000,-0.721000,-0.729000,-49.740000,-113.496000,-12.580000,27.40
6.805622,0.837000,-0.535000,-0.746000,-54.947000,-115.893000,-3.985000,27.35
6.813055,0.688000,-0.413000,-0.739000,-59.985000,-119.053000,0.168000,27.35
6.824560,0.605000,-0.298000,-0.690000,-63.344000,-117.893000,1.328000,27.40
6.836765,0.644000,-0.211000,-0.607000,-61.527000,-118.489000,0.733000,27.35
6.843123,0.729000,-0.209000,-0.434000,-54.641000,-117.344000,-4.748000,27.35
6.855435,0.904000,-0.169000,-0.215000,-39.252000,-110.031000,-13.985000,27.31
6.861920,1.334000,-0.222000,0.011000,-15.985000,-103.603000,-25.282000,27.31
6.876489,1.734000,-0.338000,0.302000,5.527000,-98.198000,-41.557000,27.26
6.886507,1.910000,-0.439000,0.703000,22.198000,-85.649000,-59.618000,27.31
6.893398,2.252000,-0.572000,1.194000,18.656000,-79.099000,-70.290000,27.35
6.905232,2.370000,-0.783000,1.261000,56.153000,-29.695000,-74.916000,27.35
6.912565,2.492000,-0.819000,1.764000,69.481000,-20.931000,-57.985000,27.35
6.924514,2.635000,-0.913000,2.187000,60.046000,78.489000,-42.962000,27.40
6.936484,1.693000,-0.511000,1.343000,75.481000,127.328000,-23.450000,27.35
6.943524,1.931000,-0.512000,-2.120000,54.122000,60.015000,9.481000,27.26
6.955791,-0.282000,0.139000,-1.273000,74.076000,-12.031000,54.947000,27.40
6.965155,-0.091000,-0.302000,-0.675000,74.397000,105.466000,44.153000,27.31
6.974790,1.781000,-0.424000,-1.456000,38.443000,103.145000,-1.023000,27.35
6.986756,1.749000,-0.630000,-0.920000,23.756000,62.641000,3.450000,27.31
6.994047,1.000000,-0.642000,-1.045000,18.656000,43.878000,10.611000,27.31
7.008130,0.469000,-0.368000,-0.949000,2.824000,49.450000,5.710000,27.45
7.013484,0.360000,-0.201000,-0.778000,-7.588000,65.954000,-5.252000,27.35
7.025438,0.475000,-0.202000,-0.726000,-10.000000,68.260000,-5.374000,27.31
7.032546,0.570000,-0.125000,-0.725000,-10.076000,71.099000,3.817000,27.35
7.044828,0.720000,0.139000,-0.790000,-10.244000,73.924000,7.237000,27.35
7.056645,0.894000,0.293000,-0.798000,-0.992000,67.878000,1.664000,27.31
7.064297,0.929000,0.178000,-0.789000,13.924000,53.847000,0.473000,27.35
7.076429,0.721000,0.036000,-0.760000,22.901000,47.466000,4.855000,27.26
7.084051,0.459000,0.029000,-0.717000,24.947000,55.313000,7.756000,27.31
7.095953,0.375000,0.084000,-0.684000,28.092000,69.939000,10.061000,27.31
7.103386,0.617000,0.174000,-0.670000,42.458000,69.542000,23.908000,27.35
7.115209,0.575000,-0.018000,-0.647000,52.947000,72.611000,30.519000,27.26
7.122588,0.761000,-0.285000,-0.781000,53.817000,68.672000,33.191000,27.40
7.134766,0.935000,-0.295000,-0.838000,47.450000,52.687000,30.580000,27.21
7.146546,0.976000,-0.319000,-0.825000,39.252000,35.145000,23.176000,27.26
7.153836,0.915000,-0.197000,-0.789000,31.527000,18.061000,19.313000,27.40
7.165706,0.792000,-0.167000,-0.724000,25.924000,12.611000,14.015000,27.40
7.172902,0.807000,-0.304000,-0.748000,15.084000,7.664000,10.168000,27.35
7.185287,0.725000,-0.154000,-0.690000,11.328000,5.221000,8.015000,27.35
7.192764,0.696000,-0.163000,-0.690000,8.748000,2.534000,6.290000,27.40
7.205060,0.609000,-0.135000,-0.726000,5.481000,2.092000,3.466000,27.35
7.212312,0.682000,-0.149000,-0.719000,4.351000,4.519000,2.718000,27.35
7.224659,0.698000,-0.172000,-0.721000,4.198000,3.542000,2.305000,27.31
7.236899,0.669000,-0.128000,-0.733000,4.427000,6.031000,2.427000,27.45
7.244385,0.678000,-0.100000,-0.727000,5.634000,10.901000,3.435000,27.35
7.256310,0.671000,-0.126000,-0.733000,7.450000,16.153000,4.855000,27.40
7.263927,0.633000,-0.119000,-0.738000,8.595000,19.374000,5.221000,27.31
7.275788,0.642000,-0.115000,-0.736000,7.496000,25.069000,5.847000,27.26
7.283375,0.632000,-0.148000,-0.733000,6.947000,29.634000,5.649000,27.35
7.295566,0.670000,-0.225000,-0.742000,6.260000,33.802000,3.969000,27.40
7.303081,0.664000,-0.163000,-0.824000,1.130000,45.145000,3.344000,27.35
7.315131,0.604000,-0.120000,-0.856000,-2.504000,57.588000,2.305000,27.26
7.322660,0.659000,-0.085000,-0.841000,-1.573000,68.260000,3.863000,27.31
7.335138,0.694000,-0.102000,-0.812000,-3.664000,76.458000,7.786000,27.31
7.346096,0.667000,-0.141000,-0.828000,-12.473000,95.115000,12.092000,27.26
7.355350,0.820000,0.050000,-0.773000,36.885000,118.504000,14.885000,27.31
7.365356,0.521000,-0.347000,-0.844000,18.824000,111.389000,23.221000,27.31
7.372641,0.851000,0.049000,-0.926000,15.908000,142.107000,27.466000,27.35
7.384663,0.737000,-0.167000,-0.843000,24.748000,145.634000,33.511000,27.26
7.396525,0.859000,-0.159000,-0.858000,29.664000,144.718000,36.870000,27.31
7.404009,0.871000,-0.062000,-0.812000,27.664000,152.473000,40.336000,27.45
7.415727,0.862000,-0.154000,-0.824000,19.206000,157.511000,39.405000,27.35
7.431583,0.881000,0.012000,-0.806000,19.069000,152.901000,44.733000,27.40
7.435044,0.743000,0.153000,-0.960000,26.061000,153.618000,45.206000,27.31
7.442390,0.666000,0.255000,-1.513000,22.962000,118.504000,32.443000,27.35
7.454618,0.124000,0.508000,-1.581000,19.252000,86.977000,14.672000,27.31
7.468611,-0.047000,0.553000,-1.679000,9.847000,58.443000,-5.847000,27.35
7.473830,-0.182000,0.587000,-1.757000,-4.427000,25.847000,-23.176000,27.35
7.485408,-0.319000,0.588000,-1.825000,-14.840000,-7.573000,-35.130000,27.35
7.492412,-0.344000,0.444000,-1.808000,-26.687000,-42.031000,-43.985000,27.40
7.504599,-0.240000,0.309000,-1.747000,-40.916000,-71.634000,-47.420000,27.35
7.519569,-0.081000,0.184000,-1.645000,-53.618000,-94.855000,-45.618000,27.35
7.522886,0.150000,0.081000,-1.501000,-59.023000,-113.542000,-42.244000,27.31
7.539355,0.417000,0.033000,-1.368000,-57.481000,-128.718000,-37.282000,27.35
7.546577,0.594000,0.008000,-1.288000,-46.748000,-142.626000,-23.542000,27.26
7.553132,0.942000,-0.089000,-1.252000,-49.603000,-149.542000,-23.221000,27.31
7.565134,0.826000,0.123000,-1.078000,-45.206000,-157.450000,-18.244000,27.21
7.571862,0.936000,-0.015000,-1.013000,-55.282000,-155.985000,-18.641000,27.35
7.584367,0.921000,-0.007000,-0.907000,-66.794000,-151.954000,-17.313000,27.21
7.603894,0.908000,-0.002000,-0.833000,-73.420000,-140.840000,-17.924000,27.40
7.605310,0.896000,-0.042000,-0.745000,-69.420000,-129.756000,-20.290000,27.35
7.614256,0.909000,-0.140000,-0.719000,-62.489000,-118.519000,-25.588000,27.35
7.626099,1.623000,-0.199000,-0.442000,-32.947000,-91.053000,-27.954000,27.31
7.635563,0.990000,-0.401000,0.249000,15.634000,-57.557000,-12.366000,27.35
7.653671,1.505000,-0.965000,-0.153000,-2.397000,-47.527000,-20.809000,27.35
7.655222,1.451000,-0.601000,-0.637000,-40.336000,-46.153000,-23.527000,27.31
7.663839,1.052000,-0.356000,-0.873000,-54.626000,-64.244000,-8.931000,27.31
7.676031,0.549000,-0.153000,-0.772000,-52.870000,-70.366000,0.244000,27.35
7.683173,0.369000,-0.120000,-0.783000,-50.962000,-59.115000,0.626000,27.31
7.695030,0.483000,-0.132000,-0.831000,-48.443000,-52.290000,-5.038000,27.35
7.709157,0.675000,-0.208000,-0.986000,-46.870000,-61.878000,-9.878000,27.45
7.713703,0.778000,-0.239000,-1.000000,-49.557000,-80.351000,-10.931000,27.26
7.726016,0.770000,-0.250000,-0.902000,-54.015000,-94.092000,-7.496000,27.40
7.734592,0.719000,-0.266000,-0.756000,-56.733000,-97.237000,-4.504000,27.35
7.745032,0.735000,-0.256000,-0.633000,-58.534000,-92.153000,-3.527000,27.26
7.761871,0.810000,-0.232000,-0.562000,-56.885000,-85.267000,-3.786000,27.31
7.763402,0.886000,-0.222000,-0.511000,-51.023000,-79.893000,-5.359000,27.40
7.775744,0.920000,-0.231000,-0.481000,-45.145000,-73.267000,-7.573000,27.26
7.785171,0.938000,-0.260000,-0.412000,-40.855000,-64.382000,-9.740000,27.31
7.794451,0.957000,-0.284000,-0.360000,-36.809000,-56.015000,-10.473000,27.31
7.806937,0.981000,-0.278000,-0.313000,-32.321000,-47.710000,-9.893000,27.35
7.813575,1.025000,-0.283000,-0.257000,-27.405000,-39.511000,-10.412000,27.31
7.825241,1.012000,-0.259000,-0.208000,-21.878000,-31.450000,-12.916000,27.31
7.831515,0.998000,-0.265000,-0.152000,-14.824000,-21.832000,-16.351000,27.35
7.844064,1.004000,-0.278000,-0.124000,-5.450000,-12.443000,-19.573000,27.35
7.856781,0.978000,-0.271000,-0.096000,5.740000,-3.832000,-22.672000,27.40
7.863104,0.927000,-0.281000,-0.074000,15.756000,6.076000,-26.000000,27.35
7.875227,0.875000,-0.294000,-0.045000,23.221000,15.573000,-29.588000,27.35
7.884888,0.829000,-0.301000,-0.084000,27.008000,25.298000,-33.359000,27.31
7.894325,0.857000,-0.298000,-0.186000,27.359000,31.099000,-36.473000,27.31
7.906659,0.783000,-0.292000,-0.281000,27.176000,31.359000,-37.664000,27.35
7.913621,0.665000,-0.320000,-0.328000,26.748000,26.015000,-37.740000,27.31
7.927206,0.533000,-0.325000,-0.316000,26.427000,19.481000,-36.366000,27.26
7.934738,0.070000,-0.254000,0.634000,41.237000,54.840000,6.473000,27.26
7.952393,0.480000,-0.499000,1.039000,23.115000,144.015000,51.374000,27.35
7.956854,1.419000,0.222000,-0.962000,11.237000,179.771000,71.557000,27.31
7.966619,1.551000,0.343000,-1.250000,6.916000,78.153000,53.847000,27.26
7.976412,0.817000,0.565000,-0.668000,66.672000,87.771000,38.794000,27.35
7.983698,1.212000,0.354000,-0.698000,78.626000,123.588000,8.931000,27.31
7.995933,1.822000,-0.697000,-1.109000,62.626000,123.740000,7.924000,27.35
8.002571,1.191000,-1.124000,-0.874000,43.359000,86.702000,18.183000,27.35
8.014927,1.504000,-0.165000,-0.959000,26.321000,75.466000,31.817000,27.31
8.020749,0.964000,0.059000,-0.682000,30.351000,55.756000,15.954000,27.31
8.034124,0.573000,-0.390000,-0.823000,39.847000,44.260000,21.557000,27.35
8.045950,0.937000,-0.246000,-0.747000,35.588000,34.779000,27.176000,27.35
8.052923,1.108000,0.022000,-0.661000,31.420000,21.405000,16.824000,27.31
8.065637,0.882000,-0.283000,-0.763000,33.969000,4.977000,18.183000,27.26
8.072332,0.788000,-0.234000,-0.783000,25.359000,-3.573000,11.450000,27.45
8.084925,0.802000,-0.216000,-0.765000,14.260000,-2.656000,3.405000,27.31
8.092219,0.696000,-0.168000,-0.762000,5.695000,0.733000,-1.130000,27.26
8.104583,0.688000,-0.097000,-0.758000,3.618000,1.389000,-2.672000,27.26
8.116683,0.672000,-0.078000,-0.737000,2.840000,4.015000,-3.053000,27.31
8.123960,0.668000,-0.050000,-0.736000,2.916000,6.092000,-2.489000,27.21
8.135962,0.654000,-0.059000,-0.726000,3.282000,9.145000,-1.237000,27.35
8.143185,0.671000,-0.061000,-0.717000,5.160000,8.672000,0.198000,27.31
8.155603,0.675000,-0.071000,-0.716000,6.626000,8.702000,1.603000,27.26
8.163147,0.690000,-0.101000,-0.711000,6.550000,8.840000,2.733000,27.35
8.175408,0.675000,-0.131000,-0.721000,5.588000,8.473000,2.763000,27.26
8.182436,0.673000,-0.130000,-0.708000,4.504000,8.397000,3.069000,27.31
8.196546,0.669000,-0.129000,-0.711000,3.756000,7.908000,3.588000,27.35
8.204794,0.680000,-0.158000,-0.715000,2.687000,7.908000,3.145000,27.35
8.215620,0.685000,-0.124000,-0.703000,2.122000,6.962000,2.489000,27.31
8.222097,0.650000,-0.105000,-0.715000,2.565000,6.015000,2.748000,27.40
8.234332,0.694000,-0.107000,-0.710000,2.351000,6.489000,2.733000,27.35
8.240060,0.693000,-0.100000,-0.692000,2.443000,4.885000,2.672000,27.40
8.254036,0.686000,-0.093000,-0.693000,3.511000,3.542000,3.389000,27.31
8.266384,0.675000,-0.085000,-0.691000,4.198000,3.023000,4.641000,27.35
8.273518,0.694000,-0.115000,-0.680000,5.206000,1.573000,5.328000,27.31
8.286287,0.685000,-0.126000,-0.700000,5.053000,0.977000,5.267000,27.31
8.298768,0.666000,-0.122000,-0.710000,4.366000,1.359000,4.931000,27.35
8.305799,0.671000,-0.127000,-0.688000,4.061000,1.924000,4.519000,27.26
8.312767,0.672000,-0.136000,-0.686000,3.649000,1.206000,2.779000,27.49
8.325337,0.663000,-0.142000,-0.711000,2.275000,1.817000,1.664000,27.35
8.332665,0.667000,-0.158000,-0.718000,1.359000,3.237000,0.809000,27.26
8.345104,0.653000,-0.124000,-0.716000,0.656000,4.153000,0.046000,27.31
8.352275,0.654000,-0.087000,-0.713000,0.641000,6.366000,0.214000,27.31
8.364907,0.674000,-0.110000,-0.722000,1.267000,7.756000,0.977000,27.35
8.371896,0.673000,-0.107000,-0.724000,2.031000,9.634000,1.573000,27.35
8.384415,0.682000,-0.129000,-0.760000,3.573000,14.504000,0.855000,27.40
8.396778,0.668000,-0.094000,-0.767000,5.969000,24.733000,-0.168000,27.26
8.403923,0.637000,-0.129000,-0.806000,8.076000,37.466000,-2.153000,27.35
8.416243,0.643000,-0.100000,-0.767000,7.710000,57.130000,-3.130000,27.40
8.423453,0.600000,-0.097000,-0.744000,8.687000,61.679000,0.702000,27.31
8.435511,0.577000,-0.059000,-0.775000,10.641000,66.855000,4.748000,27.35
8.442810,0.636000,-0.202000,-0.748000,10.672000,71.191000,4.504000,27.35
8.455082,0.615000,-0.176000,-0.853000,7.282000,77.511000,1.435000,27.40
8.462119,0.579000,-0.015000,-0.938000,2.260000,96.702000,2.183000,27.26
8.474380,0.667000,0.065000,-0.971000,-8.107000,119.634000,10.702000,27.35
8.486648,0.686000,-0.104000,-1.064000,22.550000,154.733000,21.099000,27.31
8.493357,0.820000,-0.077000,-0.900000,14.519000,178.000000,32.305000,27.35
8.505877,0.851000,-0.113000,-1.005000,15.328000,200.321000,35.359000,27.26
8.512509,0.946000,-0.080000,-1.094000,15.115000,219.939000,39.557000,27.31
8.524873,0.934000,-0.044000,-1.203000,20.366000,226.748000,43.405000,27.40
8.536956,0.792000,0.062000,-1.159000,29.450000,229.863000,45.481000,27.26
8.544049,1.022000,0.356000,-1.843000,27.832000,212.153000,41.191000,27.35
8.556177,0.391000,0.585000,-2.272000,22.611000,134.779000,19.832000,27.31
8.563228,-0.226000,0.685000,-2.215000,28.779000,84.275000,0.061000,27.26
8.575204,-0.205000,0.300000,-2.095000,-0.626000,41.191000,-15.130000,27.26
8.582574,-0.226000,0.250000,-2.027000,-27.237000,-10.290000,-6.153000,27.31
8.594204,-0.436000,0.052000,-1.688000,-42.672000,-30.901000,9.664000,27.31
8.606052,-0.273000,-0.106000,-1.531000,-62.534000,-52.702000,25.023000,27.35
8.613054,0.010000,-0.107000,-1.438000,-80.366000,-72.321000,40.137000,27.31
8.625077,0.159000,-0.096000,-1.310000,-86.595000,-93.985000,50.137000,27.31
8.636870,0.261000,-0.067000,-1.169000,-89.511000,-108.870000,52.107000,27.26
8.643648,0.384000,-0.003000,-1.050000,-91.038000,-114.443000,47.908000,27.35
8.655706,0.557000,0.031000,-0.974000,-87.878000,-119.023000,37.847000,27.31
8.662652,0.708000,0.067000,-0.922000,-81.557000,-122.824000,22.885000,27.35
8.674722,0.878000,0.082000,-0.878000,-72.962000,-125.740000,3.496000,27.26
8.686617,1.024000,0.060000,-0.833000,-61.374000,-131.847000,-18.870000,27.40
8.693540,1.035000,0.025000,-0.761000,-46.000000,-136.336000,-41.069000,27.31
8.705201,0.981000,-0.057000,-0.671000,-29.267000,-134.260000,-59.710000,27.35
8.712178,0.963000,-0.170000,-0.638000,-15.008000,-127.176000,-72.840000,27.31
8.723950,0.990000,-0.250000,-0.655000,-3.542000,-121.771000,-78.458000,27.21
8.736001,1.022000,-0.282000,-0.665000,6.000000,-119.802000,-76.641000,27.35
8.743655,1.078000,-0.341000,-0.680000,9.695000,-117.771000,-72.107000,27.35
8.755111,1.095000,-0.297000,-0.640000,8.947000,-118.641000,-62.824000,27.31
8.766979,1.046000,-0.289000,-0.577000,6.275000,-115.679000,-52.275000,27.40
8.773605,0.992000,-0.269000,-0.522000,-0.198000,-107.038000,-44.412000,27.26
8.785821,0.984000,-0.223000,-0.481000,-5.420000,-97.313000,-37.328000,27.31
8.792471,0.966000,-0.202000,-0.468000,-10.061000,-87.924000,-32.000000,27.31
8.805467,0.925000,-0.213000,-0.440000,-13.466000,-79.603000,-28.015000,27.26
8.816070,0.868000,-0.220000,-0.420000,-16.366000,-71.221000,-24.015000,27.31
8.823101,0.813000,-0.223000,-0.413000,-18.656000,-60.672000,-20.168000,27.31
8.835327,0.758000,-0.243000,-0.407000,-20.656000,-49.756000,-17.069000,27.35
8.846747,0.779000,-0.257000,-0.472000,-24.397000,-37.771000,-17.466000,27.26
8.853924,0.942000,-0.315000,-0.558000,-33.893000,-37.084000,-19.344000,27.31
8.865732,1.015000,-0.312000,-0.580000,-39.405000,-51.450000,-21.130000,27.31
8.872403,0.938000,-0.210000,-0.553000,-35.496000,-65.176000,-20.015000,27.35
8.884272,0.809000,-0.167000,-0.484000,-24.870000,-71.084000,-18.458000,27.31
8.896067,0.771000,-0.140000,-0.388000,-12.107000,-72.962000,-19.786000,27.35
8.903228,0.809000,-0.092000,-0.385000,-3.359000,-70.718000,-27.435000,27.35
8.915193,0.859000,-0.028000,-0.384000,6.565000,-68.779000,-38.840000,27.31
8.922007,0.888000,0.005000,-0.342000,20.275000,-70.153000,-51.099000,27.21
8.934249,0.865000,-0.008000,-0.274000,33.954000,-69.588000,-62.885000,27.26
8.946995,0.829000,-0.034000,-0.237000,45.802000,-64.244000,-72.779000,27.26
8.953228,0.813000,-0.060000,-0.196000,51.618000,-53.466000,-81.252000,27.40
8.965039,0.817000,-0.121000,-0.256000,52.076000,-39.832000,-87.649000,27.26
8.971143,1.103000,-0.302000,-0.358000,39.832000,-34.046000,-91.557000,27.26
8.984012,0.581000,-0.419000,-0.935000,33.435000,-49.282000,-98.366000,27.40
8.996034,0.853000,-0.034000,0.490000,27.603000,-31.160000,-74.076000,27.40
9.003314,1.288000,-0.419000,0.996000,5.664000,65.618000,-50.031000,27.26
9.015523,1.634000,-0.497000,1.304000,4.015000,121.496000,-24.473000,27.31
9.022516,1.878000,-0.536000,1.567000,11.985000,170.305000,6.733000,27.40
9.034465,1.665000,-0.047000,-0.969000,-7.695000,206.855000,2.290000,27.26
9.046713,1.775000,0.033000,-1.857000,9.008000,78.275000,29.740000,27.26
9.054248,0.924000,0.206000,-0.803000,49.924000,75.466000,46.809000,27.40
9.067873,0.933000,0.046000,-0.608000,53.756000,121.496000,19.374000,27.35
9.073353,1.425000,-0.204000,-0.954000,42.595000,114.672000,6.565000,27.35
9.085636,0.820000,-0.428000,-0.745000,32.748000,108.321000,9.679000,27.31
9.092606,1.479000,0.056000,-0.823000,38.947000,89.389000,39.649000,27.31
9.104836,1.181000,-0.091000,-0.619000,47.023000,56.137000,34.076000,27.35
9.116962,0.939000,-0.261000,-0.844000,54.947000,30.198000,36.885000,27.35
9.123882,0.907000,-0.409000,-0.840000,44.519000,17.466000,27.344000,27.21
9.136005,0.948000,-0.289000,-0.807000,31.649000,11.298000,20.458000,27.26
9.143102,0.865000,-0.308000,-0.779000,23.847000,1.130000,12.763000,27.26
9.155522,0.763000,-0.226000,-0.797000,14.672000,-5.267000,5.649000,27.40
9.162690,0.708000,-0.157000,-0.762000,8.718000,-2.427000,2.015000,27.31
9.175103,0.724000,-0.177000,-0.770000,3.603000,1.069000,0.321000,27.35
9.182318,0.689000,-0.111000,-0.755000,0.672000,1.679000,-1.435000,27.31
9.194674,0.675000,-0.090000,-0.737000,0.397000,4.382000,-1.069000,27.31
9.208951,0.687000,-0.102000,-0.725000,0.397000,5.634000,-0.489000,27.26
9.217082,0.680000,-0.095000,-0.725000,0.504000,5.649000,0.382000,27.35
9.226345,0.683000,-0.107000,-0.720000,0.366000,6.748000,0.672000,27.31
9.233837,0.671000,-0.121000,-0.726000,1.023000,6.580000,1.435000,27.35
9.246139,0.669000,-0.138000,-0.727000,0.458000,6.733000,1.023000,27.35
9.253282,0.657000,-0.143000,-0.724000,-0.122000,7.374000,0.550000,27.31
9.265804,0.665000,-0.138000,-0.717000,-0.534000,7.740000,0.718000,27.31
9.272843,0.681000,-0.129000,-0.700000,-0.489000,6.489000,0.473000,27.26
9.285350,0.673000,-0.098000,-0.696000,0.076000,5.130000,1.145000,27.31
9.292665,0.674000,-0.104000,-0.705000,1.130000,3.786000,1.802000,27.35
9.309552,0.656000,-0.113000,-0.710000,1.878000,3.328000,2.580000,27.26
9.312493,0.681000,-0.114000,-0.686000,2.885000,2.168000,3.176000,27.35
9.324626,0.667000,-0.103000,-0.697000,4.061000,-0.321000,3.847000,27.40
9.344957,0.670000,-0.103000,-0.694000,5.939000,-2.336000,5.115000,27.26
9.346402,0.658000,-0.108000,-0.706000,6.977000,-3.893000,5.481000,27.26
9.356347,0.671000,-0.115000,-0.702000,7.634000,-3.496000,5.893000,27.31
9.363647,0.659000,-0.081000,-0.725000,7.527000,-1.008000,6.611000,27.21
9.375978,0.657000,-0.091000,-0.756000,8.794000,1.954000,7.695000,27.35
9.383373,0.650000,-0.090000,-0.756000,9.527000,6.885000,9.282000,27.31
9.395505,0.627000,-0.106000,-0.778000,9.664000,15.710000,10.489000,27.31
9.402530,0.618000,-0.101000,-0.817000,10.183000,26.550000,11.405000,27.35
9.417477,0.557000,-0.094000,-0.821000,8.153000,45.542000,12.000000,27.26
9.420475,0.521000,-0.091000,-0.862000,8.183000,62.076000,11.588000,27.21
9.434089,0.482000,-0.070000,-0.859000,6.824000,75.450000,10.840000,27.26
9.446242,0.473000,-0.009000,-0.901000,3.221000,90.947000,13.160000,27.35
9.453557,0.464000,0.024000,-0.973000,5.802000,100.992000,18.397000,27.40
9.465360,0.525000,-0.041000,-0.971000,-12.626000,115.267000,19.206000,27.35
9.482458,0.446000,-0.045000,-1.097000,-15.221000,134.947000,33.145000,27.35
9.484554,0.628000,0.205000,-1.140000,-68.779000,149.328000,55.634000,27.31
9.496593,0.631000,0.775000,-1.316000,-59.038000,157.878000,80.565000,27.31
9.503462,0.229000,0.468000,-1.750000,-36.397000,139.053000,81.221000,27.35
9.515289,-0.168000,0.651000,-2.081000,-30.595000,110.702000,65.099000,27.35
9.522993,-0.437000,0.926000,-2.285000,-27.802000,76.962000,38.046000,27.21
9.535017,-0.566000,0.938000,-2.342000,-23.893000,35.023000,6.229000,27.26
9.549138,-0.543000,0.794000,-2.331000,-22.458000,-6.580000,-19.969000,27.35
9.553785,-0.393000,0.594000,-2.206000,-27.756000,-45.985000,-36.458000,27.31
9.568897,-0.276000,0.337000,-2.031000,-33.924000,-74.504000,-42.733000,27.31
9.572250,-0.113000,0.174000,-1.868000,-40.107000,-97.344000,-40.855000,27.26
9.584013,0.063000,0.064000,-1.722000,-44.260000,-117.282000,-33.267000,27.31
9.599996,0.234000,-0.040000,-1.569000,-43.191000,-124.382000,-25.695000,27.40
9.602645,0.707000,-0.265000,-1.340000,-45.481000,-120.641000,-21.924000,27.26
9.614695,1.000000,-0.254000,-0.886000,-36.092000,-118.687000,-17.023000,27.35
9.626694,1.324000,-0.243000,0.320000,15.588000,-80.122000,-23.725000,27.31
9.633742,1.556000,-0.559000,0.687000,39.908000,-18.504000,-38.382000,27.35
9.645723,1.519000,-0.615000,-0.125000,33.450000,4.458000,-54.550000,27.26
9.652770,1.230000,-0.435000,-0.790000,-0.366000,-8.000000,-61.573000,27.31
9.664616,0.834000,-0.239000,-1.059000,-14.122000,-47.252000,-54.504000,27.26
9.678671,0.665000,-0.243000,-1.057000,-22.885000,-68.366000,-38.901000,27.26
9.683375,0.490000,-0.215000,-0.862000,-24.153000,-78.260000,-23.863000,27.31
9.695347,0.521000,-0.327000,-0.806000,-29.542000,-75.603000,-12.519000,27.35
9.702108,0.784000,-0.393000,-0.793000,-42.107000,-77.191000,-3.802000,27.26
9.715075,0.832000,-0.314000,-0.690000,-40.595000,-80.931000,12.260000,27.40
9.726305,0.811000,-0.355000,-0.519000,-41.573000,-76.473000,28.382000,27.21
9.733314,0.947000,-0.410000,-0.435000,-52.809000,-73.817000,32.977000,27.35
9.745013,1.001000,-0.289000,-0.310000,-63.344000,-69.863000,34.336000,27.35
9.756792,1.101000,-0.257000,-0.222000,-67.847000,-68.137000,32.947000,27.31
9.763789,1.255000,-0.260000,-0.011000,-66.275000,-69.328000,29.679000,27.35
9.776027,1.314000,-0.294000,0.240000,-58.931000,-67.023000,22.794000,27.35
9.782894,1.356000,-0.354000,0.540000,-42.031000,-55.115000,13.328000,27.31
9.801091,1.395000,-0.417000,0.783000,-17.985000,-32.260000,1.634000,27.31
9.802793,1.618000,-0.468000,1.066000,5.725000,-0.336000,-15.450000,27.35
9.815195,1.886000,-0.577000,1.450000,38.870000,26.122000,-29.176000,27.31
9.826418,2.292000,-0.813000,1.882000,66.046000,74.916000,-38.382000,27.31
9.833834,1.516000,-1.092000,0.986000,65.130000,126.046000,-41.206000,27.35
9.847862,2.684000,-1.424000,-1.862000,27.710000,43.725000,13.939000,27.31
9.852667,0.587000,-0.408000,-1.298000,21.878000,-55.374000,65.420000,27.40
9.865087,-0.455000,0.358000,-0.541000,18.473000,48.977000,33.481000,27.26
9.877156,0.715000,0.318000,-1.030000,19.939000,76.718000,-17.740000,27.35
9.883845,0.806000,-0.436000,-0.668000,24.870000,61.832000,-12.076000,27.31
9.898238,0.795000,-0.630000,-0.791000,12.458000,56.824000,8.473000,27.35
9.903203,0.922000,-0.148000,-0.820000,-2.840000,53.756000,14.000000,27.35
9.915247,1.406000,0.311000,-0.767000,10.061000,17.985000,7.588000,27.31
9.922359,0.773000,-0.281000,-0.742000,21.527000,3.817000,3.802000,27.26
9.935198,0.599000,-0.423000,-0.838000,8.702000,4.931000,9.145000,27.35
9.943669,0.705000,-0.078000,-0.734000,-3.374000,15.618000,4.626000,27.31
9.954420,0.768000,-0.061000,-0.780000,-3.267000,12.260000,-0.733000,27.31
9.970868,0.687000,-0.163000,-0.747000,-0.840000,5.450000,1.344000,27.26
9.973551,0.679000,-0.068000,-0.746000,-1.511000,6.641000,0.672000,27.35
9.985914,0.698000,-0.032000,-0.760000,-4.000000,10.412000,-0.519000,27.31
9.993023,0.709000,-0.048000,-0.752000,-1.817000,8.809000,0.061000,27.26
10.005871,0.676000,-0.018000,-0.730000,1.069000,7.176000,1.298000,27.35
