# Gait Analysis Data - MPU6050 IMU
# Duration: 10 seconds
# Format: timestamp(s),ax(g),ay(g),az(g),gx(deg/s),gy(deg/s),gz(deg/s),temp(C)
# Note: Document sensor placement (ankle/wrist) separately
timestamp,ax,ay,az,gx,gy,gz,temp
0.001357,2.459000,-0.729000,-1.009000,36.977000,171.466000,37.374000,30.22
0.003232,1.582000,-0.066000,-0.849000,21.420000,169.160000,31.344000,30.18
0.003956,1.278000,0.225000,-0.979000,7.405000,197.710000,-1.115000,30.18
0.004480,1.946000,0.546000,-0.740000,41.328000,129.573000,5.634000,30.08
0.004956,1.251000,-0.296000,-0.884000,66.321000,95.878000,25.389000,30.13
0.005418,0.900000,-0.338000,-0.748000,62.015000,74.702000,34.015000,30.22
0.005883,1.009000,-0.001000,-0.758000,65.328000,40.198000,41.130000,30.18
0.006360,1.036000,-0.074000,-0.768000,60.840000,46.260000,42.260000,30.18
0.006833,1.001000,-0.446000,-0.891000,59.496000,7.466000,40.977000,30.22
0.007304,0.734000,-0.376000,-0.866000,45.374000,6.000000,28.473000,30.13
0.007772,0.835000,-0.304000,-0.835000,29.282000,5.450000,16.580000,30.13
0.008231,0.715000,-0.207000,-0.816000,17.176000,7.832000,10.092000,30.08
0.008706,0.707000,-0.170000,-0.789000,8.779000,10.992000,5.832000,30.27
0.009163,0.728000,-0.174000,-0.756000,6.565000,6.473000,3.496000,30.13
0.009620,0.670000,-0.155000,-0.762000,3.557000,8.794000,1.359000,30.18
0.010078,0.672000,-0.112000,-0.751000,1.130000,8.489000,-0.092000,30.18
0.010549,0.682000,-0.120000,-0.744000,-0.550000,10.382000,-0.565000,30.08
0.011022,0.672000,-0.121000,-0.746000,-1.893000,10.672000,-1.313000,30.18
0.011491,0.664000,-0.093000,-0.737000,-1.893000,10.473000,-1.527000,30.22
0.011954,0.662000,-0.073000,-0.722000,-1.511000,10.992000,-0.977000,30.18
0.012422,0.695000,-0.082000,-0.723000,-1.008000,10.901000,0.565000,30.18
0.012884,0.692000,-0.104000,-0.721000,-1.023000,9.420000,1.313000,30.18
0.013337,0.678000,-0.106000,-0.726000,-1.344000,8.443000,1.328000,30.18
0.013782,0.678000,-0.109000,-0.724000,-1.573000,7.649000,1.496000,30.13
0.014229,0.672000,-0.109000,-0.717000,-2.000000,7.084000,1.573000,30.18
0.014682,0.663000,-0.116000,-0.734000,-2.366000,6.473000,0.916000,30.08
0.015119,0.666000,-0.116000,-0.736000,-2.840000,6.748000,0.397000,30.18
0.015542,0.668000,-0.115000,-0.725000,-2.977000,6.718000,0.107000,30.13
0.015972,0.687000,-0.088000,-0.713000,-2.290000,5.908000,0.229000,30.13
0.016407,0.688000,-0.080000,-0.710000,-0.947000,4.840000,1.542000,30.18
0.016835,0.679000,-0.082000,-0.715000,0.122000,3.237000,2.748000,30.08
0.017296,0.676000,-0.104000,-0.704000,0.519000,2.244000,3.267000,30.18
0.017747,0.659000,-0.084000,-0.726000,0.641000,3.557000,3.725000,30.13
0.018693,0.650000,-0.081000,-0.731000,1.130000,3.145000,4.382000,30.22
0.019939,0.655000,-0.157000,-0.718000,2.687000,3.206000,4.153000,30.08
0.020513,0.665000,-0.099000,-0.748000,0.611000,5.405000,4.855000,30.08
0.021040,0.678000,-0.104000,-0.712000,2.244000,4.137000,4.916000,30.18
0.021734,0.656000,-0.091000,-0.738000,3.389000,5.099000,5.435000,30.13
0.022177,0.671000,-0.104000,-0.732000,3.649000,4.214000,5.053000,30.04
0.022814,0.657000,-0.109000,-0.745000,2.198000,7.771000,5.191000,30.18
0.023367,0.687000,-0.107000,-0.743000,3.679000,10.443000,5.359000,30.08
0.023856,0.630000,-0.060000,-0.742000,3.130000,10.718000,6.824000,30.18
0.024364,0.593000,-0.069000,-0.813000,4.046000,16.748000,7.924000,30.22
0.025078,0.654000,-0.070000,-0.771000,4.794000,19.511000,8.931000,30.22
0.025732,0.731000,-0.113000,-0.715000,5.420000,27.084000,8.504000,30.08
0.026270,0.668000,-0.133000,-0.752000,7.817000,29.542000,7.115000,30.08
0.026889,0.668000,-0.136000,-0.753000,9.053000,36.458000,6.473000,30.18
0.027431,0.707000,-0.131000,-0.745000,8.031000,39.832000,5.985000,30.22
0.028001,0.721000,-0.226000,-0.744000,10.092000,44.870000,5.817000,30.13
0.028764,0.669000,-0.148000,-0.730000,9.420000,49.069000,4.733000,30.08
0.029361,0.675000,-0.165000,-0.740000,9.267000,53.496000,4.153000,30.08
0.029961,0.749000,-0.192000,-0.707000,6.534000,58.366000,3.435000,30.08
0.030690,0.705000,-0.109000,-0.734000,7.237000,60.290000,4.015000,30.22
0.031403,0.586000,-0.083000,-0.906000,15.588000,73.710000,6.794000,30.22
0.031906,0.683000,-0.168000,-0.815000,15.099000,78.122000,8.015000,30.08
0.032381,0.693000,-0.162000,-0.835000,21.313000,97.649000,8.351000,30.08
0.032896,0.707000,-0.172000,-0.817000,24.061000,116.885000,6.397000,30.13
0.033442,0.695000,-0.158000,-0.886000,31.282000,134.183000,4.076000,30.22
0.033945,0.779000,-0.176000,-1.062000,35.985000,163.603000,3.221000,30.13
0.034432,0.737000,-0.229000,-0.880000,42.183000,191.664000,-2.321000,30.18
0.034904,0.699000,-0.132000,-0.922000,50.962000,224.519000,-6.733000,30.18
0.035482,0.875000,-0.121000,-0.980000,57.359000,252.153000,-9.282000,30.13
0.035956,0.926000,-0.127000,-0.946000,70.107000,265.573000,-5.893000,30.13
0.036418,0.987000,-0.135000,-0.860000,86.885000,285.359000,1.099000,30.13
0.036885,1.364000,-0.294000,-1.088000,91.832000,299.466000,6.916000,30.18
0.037626,1.019000,-0.286000,-0.769000,74.336000,270.031000,10.580000,30.08
0.038475,1.250000,-0.073000,-0.868000,73.282000,279.527000,14.824000,30.13
0.038954,1.365000,-0.002000,-0.854000,79.252000,258.076000,29.710000,30.13
0.039425,1.069000,0.242000,-0.477000,106.550000,237.740000,45.542000,30.13
0.039871,1.352000,0.036000,-0.675000,132.214000,206.427000,61.298000,30.18
0.040335,1.169000,0.086000,-0.439000,150.519000,171.908000,75.939000,30.18
0.040798,0.848000,0.124000,-0.613000,153.389000,150.718000,70.885000,30.13
0.041304,0.614000,0.094000,-1.357000,105.740000,103.985000,52.885000,30.04
0.041932,1.108000,-0.178000,-1.352000,38.183000,66.305000,20.733000,30.08
0.042469,0.351000,0.293000,-1.189000,6.534000,33.359000,17.618000,30.08
0.043050,0.505000,0.316000,-1.171000,-5.664000,23.252000,24.107000,30.18
0.043616,0.569000,0.254000,-1.145000,-14.489000,-17.389000,29.939000,30.13
0.048716,0.407000,0.218000,-1.046000,-25.771000,-49.786000,31.817000,30.13
0.050485,0.304000,0.206000,-0.932000,-40.397000,-64.321000,31.145000,30.08
0.051386,0.258000,0.155000,-0.840000,-57.359000,-69.847000,27.954000,30.08
0.052033,0.285000,0.125000,-0.784000,-72.000000,-70.992000,24.137000,30.18
0.052619,0.347000,0.103000,-0.771000,-82.733000,-75.817000,20.611000,30.13
0.053239,0.421000,0.091000,-0.777000,-90.000000,-82.534000,17.634000,30.22
0.054343,0.498000,0.057000,-0.786000,-95.542000,-92.656000,13.863000,30.18
0.055340,0.552000,0.013000,-0.792000,-101.053000,-104.565000,8.916000,30.18
0.055939,0.582000,-0.039000,-0.806000,-105.588000,-117.710000,3.588000,30.18
0.056475,0.606000,-0.104000,-0.821000,-110.382000,-129.954000,-2.107000,30.13
0.057035,0.655000,-0.161000,-0.803000,-115.405000,-140.824000,-7.863000,30.13
0.057615,0.704000,-0.200000,-0.817000,-119.588000,-151.771000,-12.885000,30.08
0.058504,0.772000,-0.229000,-0.834000,-122.611000,-161.863000,-17.374000,30.08
0.059110,0.843000,-0.294000,-0.856000,-124.763000,-172.824000,-21.160000,30.13
0.060024,0.904000,-0.340000,-0.875000,-127.038000,-183.527000,-25.145000,30.13
0.060589,0.936000,-0.384000,-0.887000,-128.580000,-192.641000,-29.069000,30.13
0.061165,0.944000,-0.407000,-0.874000,-127.450000,-198.550000,-32.305000,30.08
0.061731,0.963000,-0.421000,-0.883000,-123.313000,-200.916000,-35.206000,30.18
0.062234,1.011000,-0.432000,-0.898000,-116.977000,-201.130000,-37.985000,30.13
0.062721,1.055000,-0.450000,-0.905000,-110.168000,-202.809000,-40.275000,30.04
0.063209,1.114000,-0.445000,-0.897000,-104.824000,-203.038000,-42.595000,30.22
0.063807,1.178000,-0.436000,-0.875000,-99.802000,-201.679000,-45.344000,30.08
0.064307,1.232000,-0.391000,-0.869000,-94.183000,-199.435000,-48.672000,30.08
0.065032,1.308000,-0.330000,-0.875000,-86.931000,-197.924000,-53.893000,30.13
0.065817,1.370000,-0.283000,-0.863000,-78.153000,-198.733000,-63.053000,30.04
0.066471,1.412000,-0.221000,-0.858000,-67.099000,-201.786000,-75.389000,30.18
0.067280,1.415000,-0.167000,-0.817000,-52.183000,-205.679000,-90.916000,30.08
0.067920,1.398000,-0.115000,-0.767000,-33.206000,-206.794000,-104.427000,30.18
0.068469,1.372000,-0.094000,-0.720000,-11.725000,-206.046000,-118.580000,30.13
0.069025,1.405000,-0.111000,-0.675000,8.763000,-205.145000,-130.382000,30.13
0.069807,1.423000,-0.139000,-0.605000,26.092000,-204.763000,-137.725000,30.18
0.070395,1.381000,-0.197000,-0.520000,39.511000,-203.344000,-141.573000,30.08
0.070900,1.290000,-0.263000,-0.406000,48.595000,-195.969000,-141.328000,30.13
0.071378,1.201000,-0.331000,-0.269000,53.603000,-180.855000,-136.565000,30.13
0.071854,1.130000,-0.405000,-0.143000,52.656000,-159.344000,-127.206000,30.13
0.072327,1.121000,-0.484000,-0.042000,46.992000,-136.244000,-114.580000,30.18
0.072782,1.128000,-0.588000,0.060000,35.176000,-112.412000,-100.809000,30.08
0.073237,1.219000,-0.667000,0.157000,20.183000,-93.725000,-83.679000,30.04
0.073739,1.253000,-0.689000,0.313000,6.748000,-80.122000,-59.542000,30.13
0.074268,1.142000,-0.669000,0.483000,0.611000,-58.336000,-31.786000,30.08
0.074782,1.056000,-0.641000,0.593000,-3.511000,-28.977000,-8.366000,30.18
0.075249,1.040000,-0.565000,0.567000,-7.969000,5.924000,7.878000,30.18
0.075706,1.045000,-0.432000,0.463000,-11.191000,34.000000,18.458000,30.13
0.076167,1.076000,-0.302000,0.279000,-11.038000,53.573000,23.985000,30.18
0.076709,1.108000,-0.191000,0.082000,-7.985000,61.435000,24.947000,30.18
0.077325,1.422000,-0.538000,0.787000,-2.092000,102.718000,24.718000,29.99
0.077820,-0.028000,0.164000,0.108000,21.542000,149.328000,11.618000,30.18
0.078300,0.926000,0.184000,-1.742000,-15.969000,177.771000,-8.137000,30.13
0.078728,0.588000,0.373000,-1.270000,2.397000,111.328000,4.153000,29.99
0.079157,0.298000,0.317000,-0.570000,24.840000,168.275000,11.191000,30.08
0.079639,0.729000,-0.126000,-0.758000,49.038000,203.740000,6.168000,30.08
0.080240,1.566000,-0.370000,-1.228000,48.366000,182.763000,0.779000,30.13
0.080764,1.840000,-0.333000,-1.029000,36.840000,136.137000,16.382000,30.13
0.081229,1.448000,-0.142000,-0.945000,26.229000,129.130000,16.473000,30.08
0.081667,1.073000,-0.181000,-0.965000,21.496000,130.550000,4.046000,30.08
0.082185,0.779000,-0.388000,-0.821000,16.336000,122.962000,-5.924000,30.18
0.082648,1.229000,0.307000,-1.083000,7.756000,124.855000,-4.779000,30.13
0.083088,1.704000,0.333000,-0.486000,7.328000,67.679000,-4.122000,30.22
0.083529,0.978000,-0.044000,-0.686000,25.313000,51.817000,1.710000,30.08
0.083969,0.783000,-0.116000,-0.792000,32.809000,37.496000,14.046000,29.99
0.084511,0.970000,0.002000,-0.744000,38.458000,21.908000,18.397000,30.18
0.085148,0.893000,-0.206000,-0.801000,33.160000,13.679000,16.901000,30.04
0.085619,0.773000,-0.288000,-0.839000,24.489000,5.099000,17.252000,30.13
0.086061,0.766000,-0.204000,-0.848000,16.794000,8.687000,11.481000,30.08
0.086482,0.760000,-0.209000,-0.819000,11.450000,4.672000,8.076000,30.08
0.086899,0.711000,-0.172000,-0.815000,6.290000,5.267000,6.076000,30.18
0.087329,0.668000,-0.132000,-0.772000,1.817000,8.198000,3.069000,30.13
0.087746,0.699000,-0.130000,-0.778000,-1.099000,8.290000,0.260000,30.13
0.088164,0.699000,-0.107000,-0.746000,-3.527000,7.786000,-0.565000,30.18
0.088584,0.693000,-0.036000,-0.726000,-2.275000,5.908000,-0.153000,30.08
0.089014,0.692000,-0.056000,-0.739000,-1.939000,6.458000,0.779000,30.08
0.089436,0.683000,-0.091000,-0.747000,-2.427000,4.733000,1.176000,30.13
0.089858,0.676000,-0.088000,-0.739000,-2.840000,5.115000,1.328000,30.22
0.090276,0.686000,-0.090000,-0.749000,-3.130000,4.214000,1.527000,30.08
0.090854,0.674000,-0.106000,-0.744000,-3.679000,3.695000,1.649000,30.18
0.091384,0.656000,-0.082000,-0.741000,-3.847000,3.420000,2.061000,30.08
0.091838,0.640000,-0.056000,-0.736000,-2.595000,3.420000,2.840000,30.04
0.092280,0.640000,-0.045000,-0.722000,-1.771000,5.725000,3.450000,30.13
0.092712,0.643000,-0.056000,-0.729000,0.290000,3.527000,2.855000,30.18
0.093143,0.635000,-0.095000,-0.734000,0.840000,4.611000,2.550000,30.08
0.093565,0.648000,-0.030000,-0.720000,1.802000,5.160000,3.084000,30.13
0.093995,0.653000,-0.081000,-0.716000,4.046000,3.435000,3.740000,30.13
0.094485,0.622000,-0.078000,-0.723000,5.298000,5.344000,4.534000,30.13
0.095061,0.614000,-0.044000,-0.723000,8.840000,3.221000,6.534000,30.08
0.095540,0.652000,-0.045000,-0.712000,12.351000,3.282000,8.168000,30.18
0.096019,0.642000,-0.067000,-0.718000,15.145000,4.214000,10.000000,30.13
0.096479,0.652000,-0.074000,-0.728000,16.977000,2.519000,11.374000,30.13
0.097186,0.615000,-0.033000,-0.740000,17.542000,3.756000,12.061000,30.08
0.097687,0.601000,-0.010000,-0.737000,21.420000,7.496000,12.931000,30.08
0.098149,0.644000,-0.059000,-0.771000,21.588000,6.656000,12.656000,30.18
0.098598,0.713000,-0.169000,-0.765000,18.458000,13.695000,8.641000,30.13
0.099046,0.679000,-0.147000,-0.785000,12.244000,7.344000,6.702000,30.04
0.099554,0.704000,-0.209000,-0.812000,6.244000,14.137000,3.481000,30.08
0.100056,0.690000,-0.173000,-0.744000,-0.611000,9.481000,3.847000,30.08
0.100529,0.631000,-0.119000,-0.782000,4.153000,11.863000,2.779000,30.13
0.101065,0.661000,-0.101000,-0.753000,4.565000,15.908000,4.947000,30.13
0.101637,0.625000,-0.087000,-0.774000,4.351000,20.351000,5.985000,30.04
0.102104,0.621000,-0.105000,-0.796000,6.244000,26.672000,8.305000,29.99
0.102554,0.639000,-0.130000,-0.775000,8.763000,32.351000,9.191000,30.08
0.103011,0.680000,-0.170000,-0.822000,2.748000,42.962000,9.557000,30.13
0.103456,0.719000,-0.199000,-0.749000,12.489000,42.198000,6.748000,30.13
0.103904,0.671000,-0.155000,-0.790000,13.466000,58.214000,4.458000,30.18
0.104597,0.684000,-0.152000,-0.706000,-1.878000,0.656000,-0.718000,29.66
0.105052,0.688000,-0.141000,-0.696000,-1.817000,-1.038000,-0.580000,29.57
0.105508,0.688000,-0.129000,-0.705000,-2.565000,-1.908000,-0.137000,29.57
0.105952,0.699000,-0.123000,-0.691000,-2.947000,-3.786000,0.687000,29.61
0.106393,0.700000,-0.121000,-0.689000,-2.122000,-5.191000,1.618000,29.61
0.106866,0.670000,-0.116000,-0.711000,-1.359000,-4.916000,1.969000,29.57
0.107339,0.659000,-0.136000,-0.717000,-0.992000,-3.634000,2.168000,29.52
0.116207,0.612000,-0.104000,-0.714000,-0.901000,-0.840000,1.389000,29.61
0.123481,0.588000,-0.125000,-0.797000,-0.748000,3.618000,0.916000,29.52
0.136057,0.670000,-0.155000,-0.755000,-0.840000,7.237000,0.504000,29.61
0.142998,0.696000,-0.193000,-0.729000,-1.771000,8.870000,-1.420000,29.57
0.155414,0.680000,-0.140000,-0.720000,-1.664000,9.557000,-1.328000,29.61
0.162466,0.696000,-0.136000,-0.678000,-0.870000,7.771000,-0.718000,29.52
0.175117,0.695000,-0.134000,-0.700000,-1.817000,5.786000,-0.198000,29.52
0.182250,0.694000,-0.137000,-0.697000,-1.878000,4.092000,0.809000,29.57
0.194693,0.680000,-0.137000,-0.707000,-1.359000,3.099000,1.664000,29.57
0.200354,0.690000,-0.149000,-0.709000,-1.725000,3.267000,1.939000,29.52
0.214226,0.683000,-0.161000,-0.708000,-2.382000,2.901000,1.878000,29.71
0.226729,0.690000,-0.146000,-0.701000,-2.229000,2.000000,2.427000,29.52
0.234010,0.678000,-0.138000,-0.697000,-1.786000,0.947000,2.687000,29.57
0.246407,0.688000,-0.131000,-0.681000,-0.321000,-0.870000,3.389000,29.57
0.253504,0.693000,-0.133000,-0.693000,1.740000,-1.863000,3.389000,29.61
0.265958,0.716000,-0.161000,-0.698000,2.580000,-2.443000,2.885000,29.61
0.273345,0.685000,-0.138000,-0.713000,3.405000,-3.679000,2.275000,29.66
0.286485,0.667000,-0.152000,-0.734000,3.786000,-3.817000,2.214000,29.57
0.293111,0.673000,-0.170000,-0.741000,3.542000,-3.924000,2.580000,29.57
0.305597,0.665000,-0.157000,-0.733000,3.389000,-3.588000,2.641000,29.61
0.312695,0.659000,-0.129000,-0.741000,3.511000,-1.344000,2.855000,29.61
0.325405,0.647000,-0.139000,-0.740000,3.252000,1.237000,3.267000,29.57
0.332720,0.655000,-0.144000,-0.749000,2.718000,2.916000,2.992000,29.66
0.345286,0.644000,-0.144000,-0.736000,2.031000,4.931000,2.809000,29.52
0.352729,0.649000,-0.163000,-0.735000,1.344000,8.412000,1.985000,29.61
0.365018,0.660000,-0.182000,-0.774000,-0.305000,11.634000,0.794000,29.57
0.377434,0.644000,-0.164000,-0.780000,-1.924000,17.435000,-0.672000,29.57
0.384194,0.656000,-0.146000,-0.787000,-3.756000,23.282000,-1.573000,29.61
0.396203,0.671000,-0.130000,-0.760000,-3.649000,28.870000,-2.779000,29.61
0.403332,0.645000,-0.069000,-0.772000,-3.557000,33.221000,-1.069000,29.61
0.415627,0.588000,-0.104000,-0.798000,-2.656000,39.038000,0.611000,29.57
0.422715,0.516000,-0.147000,-0.836000,-2.718000,46.870000,1.191000,29.66
0.435366,0.557000,-0.119000,-0.833000,-7.237000,56.840000,4.031000,29.61
0.442569,0.648000,-0.132000,-0.805000,-7.298000,63.374000,4.885000,29.61
0.454501,0.693000,-0.255000,-0.758000,-11.756000,66.031000,13.527000,29.57
0.466766,0.665000,-0.107000,-0.927000,-31.328000,69.924000,26.779000,29.66
0.473804,0.538000,0.104000,-0.980000,-41.420000,68.290000,30.962000,29.57
0.486294,0.491000,0.147000,-1.076000,-32.779000,58.885000,31.099000,29.52
0.493550,0.362000,0.118000,-1.091000,-19.481000,44.641000,29.008000,29.52
0.505522,0.221000,0.119000,-1.125000,-15.038000,34.061000,27.160000,29.47
0.512794,0.182000,0.134000,-1.187000,-20.015000,26.733000,25.786000,29.57
0.524722,0.177000,0.151000,-1.244000,-28.427000,15.573000,25.115000,29.61
0.532334,0.218000,0.169000,-1.215000,-34.504000,4.611000,25.252000,29.61
0.545179,0.274000,0.173000,-1.138000,-37.649000,-5.206000,24.534000,29.71
0.556469,0.380000,0.164000,-1.034000,-37.817000,-10.611000,20.183000,29.57
0.563520,0.524000,0.188000,-0.926000,-32.550000,-15.160000,13.450000,29.61
0.575802,0.643000,0.185000,-0.794000,-21.191000,-18.366000,6.214000,29.61
0.582883,0.746000,0.141000,-0.674000,-7.481000,-19.588000,-0.015000,29.61
0.595400,0.831000,0.051000,-0.586000,4.626000,-20.198000,-3.924000,29.57
0.602252,0.945000,-0.101000,-0.510000,12.336000,-16.733000,-5.695000,29.57
0.614163,0.959000,-0.224000,-0.403000,16.397000,-14.107000,-4.565000,29.52
0.626680,0.986000,-0.379000,-0.382000,12.397000,-7.466000,-3.344000,29.52
0.633892,0.987000,-0.429000,-0.422000,0.015000,-2.595000,-4.031000,29.61
0.646198,0.908000,-0.300000,-0.459000,-8.824000,0.870000,-7.069000,29.57
0.653241,0.868000,-0.148000,-0.535000,-5.130000,5.160000,-12.076000,29.57
0.665401,0.800000,-0.119000,-0.601000,3.237000,11.450000,-16.366000,29.52
0.672919,0.688000,-0.106000,-0.730000,9.496000,17.496000,-21.053000,29.61
0.684742,0.596000,-0.094000,-0.834000,11.756000,21.618000,-24.015000,29.57
0.697189,0.491000,-0.073000,-0.965000,12.351000,24.687000,-23.481000,29.57
0.704240,0.396000,-0.104000,-1.058000,10.183000,25.160000,-21.466000,29.61
0.716404,0.284000,-0.102000,-1.159000,4.977000,20.809000,-19.924000,29.52
0.725445,0.206000,-0.108000,-1.301000,-3.023000,15.191000,-20.275000,29.61
0.735867,0.268000,-0.074000,-1.395000,-17.145000,3.176000,-24.427000,29.57
0.743719,0.208000,0.030000,-1.401000,-26.305000,-14.351000,-31.206000,29.66
0.754817,0.309000,0.049000,-1.402000,-34.656000,-28.763000,-41.099000,29.61
0.768426,0.557000,0.078000,-1.359000,-44.458000,-48.290000,-49.099000,29.61
0.773710,0.822000,0.101000,-1.231000,-39.053000,-77.053000,-42.656000,29.57
0.785687,0.815000,-0.025000,-1.044000,-32.901000,-96.000000,-28.855000,29.57
0.792685,0.726000,-0.220000,-0.832000,-39.145000,-96.962000,-17.099000,29.61
0.804909,0.617000,-0.313000,-0.642000,-56.779000,-83.603000,-7.496000,29.52
0.816954,0.598000,-0.315000,-0.549000,-73.847000,-63.557000,2.214000,29.57
0.823839,0.636000,-0.318000,-0.493000,-86.183000,-45.649000,9.939000,29.66
0.838582,0.649000,-0.294000,-0.479000,-93.863000,-33.160000,17.069000,29.57
0.843014,0.910000,-0.282000,-0.400000,-88.870000,-28.641000,26.656000,29.61
0.861963,0.964000,-0.439000,-0.296000,-87.084000,-22.107000,37.557000,29.52
0.867593,1.233000,-0.620000,-0.222000,-93.481000,-28.489000,42.244000,29.57
0.873751,1.283000,-0.566000,0.022000,-89.588000,-41.756000,50.351000,29.61
0.885974,1.175000,-0.541000,0.376000,-66.779000,-36.458000,61.985000,29.71
0.893172,1.087000,-0.591000,0.627000,-41.893000,-12.061000,66.092000,29.52
0.905204,1.092000,-0.589000,0.840000,-15.344000,21.206000,60.489000,29.66
0.912520,1.230000,-0.621000,1.039000,12.840000,55.985000,53.924000,29.57
0.927781,1.262000,-0.712000,1.123000,34.565000,107.588000,56.763000,29.61
0.936868,1.710000,0.150000,-0.845000,33.588000,112.565000,40.580000,29.61
0.944495,1.664000,0.530000,-1.229000,42.000000,0.305000,18.626000,29.52
0.960919,0.656000,0.574000,-0.457000,60.229000,11.542000,28.412000,29.57
0.963785,1.296000,-0.124000,-0.799000,78.702000,40.489000,48.504000,29.66
0.976123,1.156000,-0.550000,-0.835000,69.557000,-23.420000,44.916000,29.61
0.983049,0.588000,-0.484000,-0.826000,59.435000,0.076000,40.015000,29.61
0.995502,0.754000,-0.257000,-0.892000,45.405000,-1.359000,30.290000,29.47
1.002233,0.927000,-0.510000,-0.852000,31.924000,-6.870000,17.603000,29.57
1.014654,0.634000,-0.491000,-0.683000,14.015000,-17.115000,5.740000,29.66
1.026885,0.595000,-0.207000,-0.909000,3.221000,-7.725000,-4.794000,29.61
1.034234,0.679000,-0.235000,-0.791000,-4.183000,3.160000,-9.069000,29.61
1.046547,0.704000,-0.130000,-0.758000,-6.794000,6.687000,-11.145000,29.57
1.053439,0.716000,-0.109000,-0.737000,-4.427000,5.954000,-9.328000,29.66
1.066313,0.727000,-0.071000,-0.724000,-2.107000,4.244000,-5.878000,29.61
1.073060,0.728000,-0.055000,-0.724000,-1.069000,5.115000,-1.771000,29.52
1.085466,0.708000,-0.123000,-0.727000,-0.824000,5.802000,0.824000,29.57
1.092812,0.679000,-0.150000,-0.726000,-1.053000,6.290000,0.947000,29.66
1.105232,0.664000,-0.154000,-0.729000,-0.931000,7.802000,0.198000,29.66
1.112221,0.655000,-0.158000,-0.729000,-1.710000,8.718000,-0.321000,29.61
1.124693,0.667000,-0.153000,-0.731000,-2.656000,9.649000,-1.053000,29.61
1.136987,0.661000,-0.127000,-0.703000,-3.099000,10.504000,-1.206000,29.57
1.144016,0.686000,-0.124000,-0.701000,-1.985000,10.672000,-2.092000,29.57
1.156414,0.722000,-0.087000,-0.699000,2.947000,-1.878000,-0.519000,29.61
1.163509,0.682000,-0.113000,-0.695000,-3.053000,16.702000,-0.015000,29.61
1.175957,0.686000,-0.132000,-0.705000,-2.214000,-0.336000,0.427000,29.61
1.182934,0.685000,-0.111000,-0.707000,-1.405000,13.221000,0.641000,29.66
1.195420,0.683000,-0.106000,-0.686000,-1.756000,2.580000,1.863000,29.57
1.202625,0.684000,-0.133000,-0.705000,0.641000,6.718000,1.985000,29.52
1.215267,0.683000,-0.148000,-0.711000,1.466000,3.237000,1.603000,29.52
1.222462,0.656000,-0.120000,-0.736000,0.840000,3.954000,1.450000,29.66
1.235346,0.702000,-0.138000,-0.715000,0.916000,6.794000,1.740000,29.57
1.242610,0.699000,-0.144000,-0.706000,1.298000,7.115000,1.557000,29.61
1.254901,0.690000,-0.109000,-0.719000,2.489000,5.878000,2.351000,29.61
1.262245,0.661000,-0.131000,-0.753000,3.328000,7.847000,2.046000,29.61
1.274756,0.670000,-0.132000,-0.739000,2.779000,11.939000,2.214000,29.57
1.282273,0.695000,-0.144000,-0.728000,2.580000,14.427000,2.397000,29.61
1.294553,0.673000,-0.125000,-0.762000,1.573000,16.382000,3.481000,29.52
1.307108,0.654000,-0.125000,-0.743000,0.840000,20.901000,4.901000,29.61
1.314164,0.656000,-0.126000,-0.740000,1.725000,23.206000,6.534000,29.66
1.326773,0.645000,-0.126000,-0.787000,1.908000,28.519000,9.237000,29.57
1.333904,0.633000,-0.171000,-0.768000,2.824000,38.092000,12.260000,29.61
1.346031,0.618000,-0.187000,-0.826000,10.046000,44.733000,13.878000,29.71
1.353293,0.579000,-0.133000,-0.846000,11.115000,55.924000,11.924000,29.61
1.365596,0.631000,-0.035000,-0.909000,10.534000,67.908000,12.412000,29.66
1.373190,0.658000,0.073000,-0.866000,7.847000,82.977000,16.779000,29.66
1.384989,0.520000,-0.066000,-0.984000,10.672000,96.107000,24.595000,29.61
1.391129,0.771000,-0.268000,-0.760000,8.122000,109.160000,24.534000,29.61
1.404341,0.799000,-0.191000,-0.714000,-5.649000,117.756000,23.023000,29.61
1.416375,0.774000,-0.198000,-0.803000,-8.198000,126.733000,23.176000,29.57
1.425976,0.812000,-0.114000,-0.816000,-11.191000,129.985000,20.901000,29.57
1.436652,0.788000,0.032000,-0.958000,-8.809000,125.344000,26.595000,29.71
1.442943,0.584000,0.189000,-0.965000,-12.305000,122.992000,34.565000,29.71
1.457233,0.293000,0.649000,-1.594000,-7.802000,99.298000,33.466000,29.57
1.460508,-0.121000,0.857000,-2.068000,-2.260000,55.573000,20.366000,29.66
1.474261,-0.341000,1.032000,-2.133000,-5.420000,12.702000,-1.267000,29.57
1.486248,-0.458000,1.063000,-2.064000,-6.473000,-18.595000,-21.115000,29.61
1.493195,-0.362000,0.888000,-1.944000,-12.351000,-45.038000,-33.313000,29.61
1.505362,-0.239000,0.615000,-1.754000,-19.420000,-67.420000,-33.679000,29.57
1.512058,0.179000,0.173000,-1.540000,-30.916000,-81.832000,-22.595000,29.57
1.524483,0.341000,-0.111000,-1.188000,-43.634000,-93.282000,-6.000000,29.52
1.536332,0.590000,-0.378000,-0.864000,-54.168000,-85.893000,10.229000,29.61
1.543533,0.803000,-0.546000,-0.575000,-59.313000,-81.634000,24.336000,29.57
1.555244,1.031000,-0.670000,-0.371000,-55.160000,-69.908000,38.351000,29.57
1.562525,1.132000,-0.764000,-0.174000,-46.763000,-56.015000,45.084000,29.57
1.574333,1.215000,-0.796000,-0.124000,-40.412000,-43.527000,40.595000,29.61
1.586531,1.198000,-0.702000,-0.114000,-29.450000,-31.328000,28.397000,29.61
1.593427,1.179000,-0.646000,-0.088000,-11.191000,-21.389000,13.893000,29.66
1.605796,1.197000,-0.625000,-0.067000,6.901000,-16.504000,-0.031000,29.57
1.612786,1.125000,-0.559000,-0.138000,21.450000,-11.374000,-14.061000,29.52
1.625056,1.110000,-0.566000,-0.224000,27.038000,-7.298000,-25.878000,29.52
1.637128,0.965000,-0.459000,-0.357000,29.389000,-6.427000,-34.107000,29.66
1.644412,0.876000,-0.370000,-0.435000,32.702000,-3.695000,-38.794000,29.66
1.656385,0.767000,-0.318000,-0.563000,33.817000,-2.519000,-39.679000,29.52
1.663350,0.723000,-0.314000,-0.651000,31.389000,-1.038000,-36.626000,29.61
1.675678,0.654000,-0.299000,-0.737000,24.962000,1.145000,-31.252000,29.61
1.683226,0.604000,-0.250000,-0.824000,15.435000,2.107000,-24.351000,29.66
1.694903,0.551000,-0.154000,-0.897000,5.802000,5.710000,-17.588000,29.61
1.703220,0.543000,-0.041000,-0.961000,-0.351000,7.237000,-12.687000,29.52
1.714688,0.473000,0.052000,-1.035000,-3.450000,7.344000,-11.115000,29.61
1.727026,0.398000,0.115000,-1.103000,-5.939000,6.336000,-11.588000,29.57
1.738034,0.365000,0.137000,-1.158000,-8.153000,6.809000,-12.580000,29.47
1.746198,0.333000,0.135000,-1.178000,-12.611000,4.336000,-12.641000,29.61
1.753222,0.276000,0.113000,-1.203000,-19.924000,0.275000,-12.336000,29.52
1.765234,0.232000,0.083000,-1.203000,-26.366000,-2.885000,-11.557000,29.61
1.772468,0.238000,0.019000,-1.212000,-31.710000,-6.885000,-7.420000,29.57
1.784561,0.280000,-0.025000,-1.170000,-32.779000,-15.237000,-1.008000,29.57
1.796693,0.422000,0.008000,-1.346000,-40.412000,-5.405000,-0.916000,29.52
1.803976,1.106000,-0.042000,-1.366000,-54.534000,-30.092000,-4.458000,29.61
1.816163,1.241000,0.204000,-1.308000,-49.954000,-78.122000,-2.916000,29.66
1.823063,0.971000,0.311000,-1.110000,-30.580000,-112.412000,0.122000,29.57
1.835244,0.616000,0.236000,-0.856000,-21.038000,-111.221000,-5.786000,29.61
1.840835,0.472000,0.148000,-0.708000,-27.832000,-92.733000,-18.931000,29.61
1.855631,0.572000,0.145000,-0.699000,-38.992000,-73.191000,-31.389000,29.66
1.871335,0.755000,0.096000,-0.771000,-41.695000,-68.809000,-39.191000,29.57
1.875120,0.842000,0.009000,-0.740000,-37.847000,-73.878000,-43.374000,29.66
1.886711,0.843000,-0.074000,-0.653000,-26.824000,-82.031000,-40.641000,29.61
1.892286,0.795000,-0.205000,-0.529000,-17.115000,-82.931000,-34.824000,29.61
1.905374,0.784000,-0.290000,-0.371000,-14.214000,-74.229000,-27.221000,29.57
1.916162,0.782000,-0.332000,-0.220000,-15.740000,-60.046000,-18.351000,29.57
1.922751,0.750000,-0.360000,-0.047000,-19.282000,-41.191000,-9.053000,29.61
1.934959,0.810000,-0.432000,0.163000,-26.489000,-19.237000,-1.130000,29.52
1.942155,0.992000,-0.514000,0.286000,-36.397000,13.542000,6.595000,29.66
1.954492,1.367000,-0.682000,0.130000,-64.809000,35.023000,4.580000,29.57
1.966911,1.827000,-0.733000,0.255000,-93.206000,11.771000,5.985000,29.57
1.973915,1.703000,-0.447000,0.275000,-87.221000,-16.748000,17.450000,29.52
1.986138,1.469000,-0.394000,0.354000,-59.374000,-34.992000,23.878000,29.61
1.993023,1.194000,-0.364000,0.455000,-26.885000,-37.298000,18.061000,29.57
2.005496,0.768000,-0.191000,1.315000,59.053000,-22.702000,33.160000,29.61
2.012438,1.072000,-0.905000,1.821000,59.435000,87.435000,16.916000,29.52
2.024909,0.502000,0.076000,0.232000,60.733000,180.702000,-0.855000,29.61
2.032206,1.210000,0.520000,-2.270000,42.504000,131.053000,2.641000,29.57
2.044224,1.307000,-0.386000,-1.046000,68.565000,16.931000,23.405000,29.47
2.056779,1.640000,-0.596000,-0.742000,78.992000,94.534000,66.260000,29.61
2.063697,2.485000,-0.535000,-1.012000,55.405000,-7.756000,43.023000,29.61
2.075952,0.383000,-0.270000,-0.734000,48.153000,-8.855000,33.298000,29.52
2.082968,0.689000,-0.280000,-1.081000,28.947000,46.443000,25.069000,29.57
2.095497,0.922000,-0.497000,-0.691000,19.145000,5.328000,20.260000,29.47
2.102557,0.817000,-0.234000,-0.754000,14.244000,8.748000,9.252000,29.52
2.114929,0.717000,-0.162000,-0.739000,14.168000,4.702000,7.603000,29.52
2.122272,0.827000,-0.142000,-0.750000,7.969000,3.771000,5.328000,29.57
2.134941,0.791000,-0.175000,-0.750000,1.969000,0.840000,1.756000,29.57
2.142036,0.726000,-0.169000,-0.760000,-0.779000,-0.962000,0.214000,29.57
2.154332,0.717000,-0.142000,-0.771000,-2.565000,-0.672000,-0.916000,29.61
2.166636,0.695000,-0.107000,-0.734000,-4.046000,-1.038000,-1.557000,29.61
2.173772,0.609000,-0.019000,-0.755000,-2.427000,2.168000,0.122000,29.57
2.186169,0.695000,-0.082000,-0.723000,-1.160000,5.298000,1.802000,29.57
2.193581,0.687000,-0.112000,-0.731000,0.000000,4.076000,1.359000,29.61
2.206136,0.704000,-0.140000,-0.739000,-2.260000,4.534000,-0.504000,29.61
2.213227,0.675000,-0.125000,-0.735000,-3.802000,3.802000,-2.351000,29.57
2.225553,0.670000,-0.135000,-0.728000,-4.779000,5.038000,-3.023000,29.66
2.232926,0.662000,-0.119000,-0.722000,-4.870000,4.550000,-3.420000,29.57
2.245208,0.633000,-0.108000,-0.721000,-3.527000,5.176000,-2.214000,29.52
2.252495,0.637000,-0.084000,-0.688000,-1.237000,4.855000,0.046000,29.61
2.265151,0.652000,-0.077000,-0.695000,2.458000,4.107000,3.832000,29.57
2.272317,0.664000,-0.144000,-0.721000,3.985000,3.527000,5.649000,29.66
2.284682,0.679000,-0.166000,-0.721000,2.580000,2.153000,4.931000,29.52
2.290791,0.669000,-0.123000,-0.724000,1.191000,2.641000,4.183000,29.52
2.305037,0.658000,-0.096000,-0.722000,1.618000,3.924000,4.366000,29.57
2.316976,0.654000,-0.081000,-0.726000,2.901000,4.153000,4.733000,29.47
2.324724,0.685000,-0.111000,-0.719000,4.092000,4.000000,5.176000,29.52
2.336816,0.690000,-0.128000,-0.726000,3.313000,2.244000,4.489000,29.52
2.344350,0.632000,-0.074000,-0.713000,3.603000,2.748000,5.130000,29.52
2.357222,0.587000,-0.035000,-0.724000,6.779000,5.511000,7.481000,29.66
2.364636,0.692000,-0.130000,-0.710000,7.603000,6.092000,7.847000,29.61
2.376692,0.688000,-0.113000,-0.706000,7.099000,3.847000,7.206000,29.52
2.384498,0.653000,-0.069000,-0.719000,9.038000,5.420000,8.427000,29.42
2.396605,0.691000,-0.141000,-0.725000,7.649000,5.924000,8.412000,29.57
2.403896,0.662000,-0.139000,-0.697000,6.458000,5.939000,7.176000,29.66
2.416836,0.677000,-0.116000,-0.716000,7.618000,6.855000,7.695000,29.52
2.424047,0.659000,-0.131000,-0.731000,8.107000,9.420000,8.824000,29.52
2.436343,0.589000,-0.132000,-0.772000,8.840000,13.740000,8.779000,29.52
2.443664,0.589000,-0.144000,-0.799000,7.817000,18.458000,8.702000,29.57
2.455877,0.654000,-0.149000,-0.762000,5.252000,23.374000,9.008000,29.57
2.466988,0.669000,-0.135000,-0.738000,5.679000,25.023000,8.580000,29.61
2.475333,0.643000,-0.087000,-0.751000,7.405000,25.771000,10.565000,29.52
2.482695,0.681000,-0.148000,-0.737000,8.901000,28.824000,12.916000,29.57
2.495881,0.653000,-0.125000,-0.744000,12.015000,30.672000,14.382000,29.57
2.507498,0.687000,-0.132000,-0.767000,11.496000,35.832000,16.183000,29.52
2.514327,0.704000,-0.143000,-0.738000,10.931000,43.450000,17.145000,29.61
2.526459,0.683000,-0.139000,-0.750000,13.557000,47.374000,18.122000,29.61
2.533901,0.665000,-0.043000,-0.792000,13.847000,54.092000,21.588000,29.57
2.545686,0.622000,-0.130000,-0.860000,14.229000,65.832000,26.397000,29.57
2.553306,0.699000,-0.222000,-0.758000,5.237000,72.947000,28.305000,29.52
2.565612,0.751000,-0.294000,-0.740000,17.267000,78.351000,24.687000,29.61
2.572672,0.719000,-0.160000,-0.786000,19.374000,86.870000,23.527000,29.57
2.584854,0.778000,-0.180000,-0.779000,20.397000,99.802000,19.313000,29.57
2.597387,0.819000,0.060000,-0.826000,26.458000,109.206000,18.153000,29.52
2.603808,0.824000,-0.023000,-0.876000,29.740000,119.053000,23.588000,29.61
2.616144,0.910000,-0.098000,-0.773000,34.641000,118.626000,25.374000,29.57
2.623548,0.922000,-0.079000,-0.757000,36.397000,122.580000,28.412000,29.57
2.647399,0.944000,-0.017000,-0.808000,42.427000,124.336000,35.206000,29.52
2.648368,0.705000,0.219000,-1.027000,46.183000,123.252000,31.298000,29.61
2.654673,0.508000,0.877000,-1.590000,56.290000,97.344000,16.366000,29.57
2.667051,0.075000,1.311000,-1.823000,73.115000,58.840000,-23.786000,29.57
2.673897,-0.024000,1.195000,-1.938000,71.756000,30.809000,-68.931000,29.52
2.686274,-0.104000,0.905000,-1.784000,69.374000,3.832000,-93.221000,29.61
2.695041,-0.017000,0.494000,-1.688000,60.443000,-14.855000,-95.786000,29.52
2.705132,0.024000,0.117000,-1.564000,44.947000,-36.214000,-80.855000,29.66
2.716246,0.134000,-0.111000,-1.381000,29.160000,-53.069000,-60.336000,29.66
2.724368,0.262000,-0.144000,-1.246000,13.832000,-66.840000,-43.634000,29.61
2.739813,0.318000,-0.078000,-1.145000,4.672000,-80.366000,-34.458000,29.61
2.747880,0.416000,-0.064000,-1.009000,-0.519000,-89.053000,-27.282000,29.57
2.755420,0.755000,-0.146000,-0.973000,-13.527000,-97.115000,-29.099000,29.57
2.762830,0.748000,-0.026000,-0.797000,-17.802000,-102.198000,-32.397000,29.71
2.774608,0.820000,-0.034000,-0.687000,-17.557000,-93.954000,-36.092000,29.42
2.786681,0.862000,-0.072000,-0.623000,-17.679000,-86.061000,-39.008000,29.61
2.793409,0.881000,-0.090000,-0.609000,-16.824000,-76.672000,-40.626000,29.57
2.805440,0.922000,-0.212000,-0.572000,-15.618000,-70.824000,-37.435000,29.57
2.817240,0.815000,-0.267000,-0.594000,-16.183000,-64.366000,-33.420000,29.61
2.824528,0.807000,-0.312000,-0.647000,-14.534000,-57.344000,-25.145000,29.52
2.836239,0.752000,-0.313000,-0.626000,-11.084000,-52.473000,-14.305000,29.47
2.843076,0.695000,-0.285000,-0.646000,-9.191000,-43.282000,-5.740000,29.57
2.855313,0.701000,-0.209000,-0.635000,-5.435000,-36.427000,-0.229000,29.52
2.862176,0.754000,-0.156000,-0.648000,1.786000,-25.115000,4.031000,29.61
2.875050,0.819000,-0.152000,-0.625000,5.542000,-15.481000,4.260000,29.57
2.886622,0.948000,-0.150000,-0.800000,-2.092000,-5.130000,-6.794000,29.66
2.893939,0.874000,0.026000,-0.867000,-15.771000,-11.115000,-27.359000,29.57
2.905845,0.718000,0.303000,-0.964000,-15.618000,-20.366000,-53.160000,29.61
2.912999,0.613000,0.334000,-0.956000,-7.252000,-27.603000,-75.817000,29.52
2.925084,0.645000,0.213000,-1.016000,1.542000,-39.282000,-91.893000,29.57
2.932425,0.594000,0.076000,-1.033000,8.046000,-49.679000,-97.710000,29.61
2.944918,0.467000,0.009000,-1.024000,9.221000,-55.893000,-99.282000,29.52
2.956735,0.605000,-0.029000,-0.918000,14.901000,-56.412000,-89.389000,29.61
2.964251,0.593000,-0.150000,-0.695000,28.214000,-48.641000,-65.847000,29.57
2.981795,0.566000,-0.391000,-0.612000,25.252000,-45.969000,-45.282000,29.57
2.983239,0.421000,-0.295000,-0.507000,19.252000,-30.076000,-27.328000,29.61
2.997615,0.383000,-0.206000,-0.445000,16.977000,-6.550000,-13.313000,29.52
3.007319,0.452000,-0.191000,-0.466000,13.328000,22.000000,-7.008000,29.57
3.019082,0.758000,-0.239000,-0.774000,-5.893000,43.344000,-14.779000,29.57
3.026188,1.468000,-0.458000,-0.843000,-37.786000,22.061000,-28.885000,29.52
3.036811,1.797000,-0.367000,-0.749000,-48.321000,-43.191000,-23.634000,29.42
3.045179,1.411000,-0.240000,-0.492000,-33.527000,-90.962000,-3.237000,29.66
3.050799,0.938000,-0.330000,-0.207000,-17.557000,-91.359000,11.924000,29.57
3.064287,0.757000,-0.352000,0.024000,-10.855000,-72.198000,15.374000,29.52
3.076474,0.666000,-0.378000,0.144000,-15.313000,-35.649000,10.870000,29.61
3.083620,0.972000,-0.406000,0.018000,-27.130000,-7.221000,-2.260000,29.61
3.101254,1.329000,-0.462000,0.112000,-31.481000,-14.748000,-8.366000,29.66
3.102367,1.223000,-0.464000,0.662000,-11.038000,-24.137000,5.099000,29.57
3.115167,0.870000,-0.686000,1.270000,23.481000,13.206000,29.389000,29.52
3.122042,1.550000,-1.433000,2.154000,39.267000,102.947000,41.878000,29.52
3.137367,4.000000,-0.826000,3.556000,48.168000,197.771000,57.878000,29.57
3.146925,4.000000,-0.291000,0.104000,71.084000,62.275000,51.008000,29.61
3.153721,-2.077000,-0.093000,-0.616000,106.840000,-210.824000,53.160000,29.52
3.165776,1.092000,-0.665000,-2.711000,42.504000,62.901000,52.198000,29.52
3.173013,0.786000,-0.848000,-0.070000,35.099000,-9.817000,27.740000,29.57
3.186557,0.295000,-0.440000,-0.947000,8.260000,-43.252000,0.137000,29.57
3.192565,0.864000,0.029000,-0.661000,-7.344000,28.977000,-5.405000,29.61
3.204830,0.651000,-0.213000,-0.809000,-4.580000,-15.527000,0.870000,29.61
3.217513,0.906000,-0.119000,-0.604000,-1.389000,15.924000,0.962000,29.52
3.224439,0.584000,-0.396000,-0.812000,0.260000,-7.435000,-3.374000,29.57
3.236393,0.722000,-0.229000,-0.783000,-7.313000,10.901000,-11.115000,29.57
3.243693,0.682000,-0.034000,-0.809000,-10.550000,14.718000,-7.847000,29.52
3.255965,0.726000,-0.108000,-0.700000,-8.504000,21.038000,-3.618000,29.52
3.262848,0.709000,-0.112000,-0.709000,-5.695000,15.359000,-2.702000,29.57
3.275375,0.711000,-0.108000,-0.729000,-5.069000,16.794000,-1.145000,29.57
3.282451,0.696000,-0.102000,-0.726000,-5.771000,19.496000,0.000000,29.52
3.294760,0.689000,-0.099000,-0.708000,-6.412000,21.863000,0.794000,29.52
3.306994,0.698000,-0.103000,-0.686000,-4.458000,20.489000,1.969000,29.61
3.314343,0.689000,-0.154000,-0.702000,-2.473000,18.183000,1.893000,29.57
3.326577,0.695000,-0.163000,-0.667000,-2.992000,15.466000,1.038000,29.57
3.333566,0.679000,-0.143000,-0.674000,-2.672000,13.435000,-0.275000,29.61
3.352255,0.685000,-0.123000,-0.692000,-2.443000,12.763000,-0.641000,29.52
3.353060,0.782000,-0.101000,-0.662000,3.542000,7.191000,-1.344000,29.57
3.365177,0.698000,-0.065000,-0.691000,5.328000,2.504000,-0.672000,29.57
3.372423,0.704000,-0.090000,-0.667000,-1.023000,15.191000,1.908000,29.52
3.384888,0.714000,-0.116000,-0.652000,1.771000,-0.046000,3.176000,29.52
3.392294,0.691000,-0.144000,-0.700000,3.130000,4.107000,3.496000,29.61
3.406351,0.683000,-0.129000,-0.710000,2.763000,2.092000,4.519000,29.57
3.414886,0.683000,-0.139000,-0.694000,2.229000,4.458000,4.733000,29.47
3.424749,0.687000,-0.132000,-0.708000,3.908000,6.718000,5.130000,29.52
3.430680,0.685000,-0.136000,-0.689000,5.252000,5.756000,5.389000,29.61
3.445576,0.675000,-0.146000,-0.698000,6.519000,4.550000,4.992000,29.57
3.457176,0.665000,-0.132000,-0.725000,5.496000,7.939000,4.443000,29.47
3.464454,0.701000,-0.159000,-0.695000,5.496000,9.557000,3.863000,29.61
3.476877,0.670000,-0.144000,-0.734000,5.878000,10.931000,3.695000,29.52
3.484341,0.669000,-0.142000,-0.758000,5.603000,12.092000,3.603000,29.52
3.496629,0.677000,-0.152000,-0.741000,4.443000,17.802000,4.183000,29.66
3.503753,0.656000,-0.132000,-0.740000,7.389000,19.145000,4.427000,29.61
3.516132,0.614000,-0.096000,-0.783000,9.099000,25.206000,5.649000,29.52
3.523631,0.681000,-0.128000,-0.719000,7.817000,31.313000,8.092000,29.61
3.536341,0.750000,-0.142000,-0.712000,9.450000,29.603000,10.183000,29.57
3.543201,0.734000,-0.152000,-0.698000,7.832000,38.611000,13.466000,29.57
3.555224,0.719000,-0.139000,-0.709000,8.534000,46.504000,15.450000,29.61
3.562505,0.654000,-0.099000,-0.803000,9.053000,56.214000,17.939000,29.42
3.574568,0.655000,-0.132000,-0.845000,13.618000,71.847000,25.008000,29.52
3.591155,0.736000,-0.201000,-0.736000,17.679000,80.580000,25.939000,29.57
3.594073,0.715000,-0.200000,-0.741000,22.687000,87.450000,20.366000,29.57
3.606163,0.725000,-0.176000,-0.773000,25.496000,101.832000,16.763000,29.61
3.612963,0.744000,-0.109000,-0.872000,33.466000,113.023000,17.496000,29.61
3.625292,0.798000,-0.019000,-0.987000,32.534000,135.221000,22.870000,29.57
3.632761,0.847000,0.088000,-0.901000,30.840000,149.893000,29.802000,29.66
3.644917,0.945000,0.083000,-0.840000,23.130000,157.679000,36.427000,29.52
3.657084,1.082000,0.021000,-0.862000,27.191000,161.588000,40.702000,29.52
3.664089,0.984000,0.065000,-0.884000,31.725000,162.947000,46.687000,29.52
3.676723,1.073000,0.187000,-0.970000,29.313000,156.855000,57.924000,29.57
3.683536,0.922000,0.354000,-1.405000,27.176000,130.885000,56.626000,29.57
3.695714,0.250000,1.219000,-1.942000,40.870000,67.847000,20.397000,29.61
3.702895,-0.241000,1.564000,-2.064000,51.191000,16.672000,-47.725000,29.61
3.714909,-0.452000,1.497000,-2.025000,52.031000,-20.931000,-110.473000,29.66
3.726924,-0.397000,0.885000,-1.922000,41.221000,-48.076000,-137.939000,29.66
3.733961,-0.212000,0.150000,-1.774000,17.557000,-69.023000,-119.588000,29.61
3.746032,0.030000,-0.377000,-1.595000,-11.969000,-82.901000,-68.092000,29.61
3.753177,0.370000,-0.528000,-1.269000,-36.275000,-92.107000,-13.130000,29.57
3.764860,0.535000,-0.435000,-1.037000,-61.145000,-92.305000,28.840000,29.57
3.778034,0.628000,-0.250000,-0.871000,-78.550000,-87.740000,48.565000,29.52
3.784017,0.745000,-0.186000,-0.814000,-90.687000,-83.328000,53.847000,29.52
3.796199,0.689000,-0.115000,-0.785000,-94.412000,-82.916000,49.023000,29.52
3.803248,0.846000,-0.208000,-0.815000,-94.656000,-80.626000,40.046000,29.57
3.815117,0.757000,-0.287000,-0.706000,-89.267000,-87.725000,30.824000,29.61
3.827861,0.726000,-0.282000,-0.679000,-78.275000,-79.954000,19.053000,29.52
3.837062,0.773000,-0.283000,-0.680000,-64.779000,-80.931000,11.313000,29.52
3.846637,0.772000,-0.343000,-0.658000,-56.305000,-78.305000,2.550000,29.57
3.855426,0.892000,-0.299000,-0.651000,-45.069000,-80.275000,2.504000,29.66
3.867124,0.764000,-0.393000,-0.605000,-37.313000,-79.695000,5.725000,29.61
3.872749,0.778000,-0.450000,-0.593000,-35.511000,-67.145000,9.588000,29.52
3.884221,0.850000,-0.516000,-0.542000,-34.702000,-55.695000,16.458000,29.52
3.896446,0.875000,-0.590000,-0.375000,-32.489000,-42.260000,24.763000,29.57
3.903259,1.070000,-0.619000,-0.398000,-37.298000,-28.046000,26.656000,29.47
3.915570,1.097000,-0.387000,-0.423000,-39.450000,-21.664000,19.252000,29.52
3.922689,1.032000,0.041000,-0.464000,-26.168000,-12.901000,0.473000,29.61
3.934727,1.056000,0.159000,-0.583000,-12.595000,-7.802000,-25.756000,29.57
3.946931,0.868000,0.308000,-0.768000,-3.786000,-12.992000,-57.069000,29.57
3.953921,0.773000,0.416000,-0.919000,3.802000,-17.588000,-83.954000,29.61
3.966163,0.701000,0.404000,-0.916000,14.595000,-18.916000,-103.420000,29.52
3.981588,0.700000,0.205000,-0.939000,26.962000,-23.053000,-108.962000,29.57
3.984927,0.650000,-0.005000,-0.943000,32.534000,-29.435000,-103.893000,29.57
3.990912,0.662000,-0.181000,-0.987000,27.084000,-34.046000,-93.282000,29.57
4.016990,0.679000,-0.189000,-0.978000,16.672000,-38.947000,-74.229000,29.52
4.017801,0.674000,-0.233000,-0.935000,7.099000,-48.015000,-54.000000,29.61
4.023148,0.650000,-0.222000,-0.893000,-5.817000,-50.763000,-37.328000,29.47
4.035458,0.699000,-0.199000,-0.859000,-21.069000,-55.130000,-25.603000,29.57
4.045406,0.750000,-0.113000,-0.821000,-31.756000,-59.328000,-16.992000,29.61
4.055265,0.773000,-0.042000,-0.754000,-36.656000,-63.267000,-10.611000,29.61
4.066300,0.777000,-0.002000,-0.701000,-39.115000,-64.031000,-9.115000,29.57
4.074152,0.792000,0.045000,-0.635000,-40.901000,-62.870000,-12.214000,29.57
4.089724,0.805000,0.074000,-0.594000,-40.779000,-60.443000,-18.885000,29.52
4.092055,0.789000,0.064000,-0.533000,-37.878000,-55.893000,-29.053000,29.52
4.105654,0.771000,0.022000,-0.469000,-29.649000,-53.802000,-38.229000,29.61
4.116324,0.704000,-0.029000,-0.407000,-17.893000,-48.779000,-45.603000,29.57
4.123048,0.755000,-0.122000,-0.444000,-11.542000,-36.580000,-53.191000,29.52
4.135069,0.938000,-0.307000,-0.469000,-15.847000,-34.382000,-61.069000,29.52
4.142763,1.078000,-0.342000,-0.462000,-21.176000,-44.427000,-62.275000,29.52
4.154033,1.072000,-0.341000,-0.426000,-19.573000,-58.504000,-56.931000,29.47
4.166058,0.933000,-0.361000,-0.334000,-14.153000,-67.420000,-48.779000,29.57
4.173185,0.792000,-0.449000,-0.271000,-12.977000,-66.779000,-45.023000,29.42
4.184950,0.762000,-0.494000,-0.195000,-17.176000,-60.092000,-45.115000,29.61
4.196962,0.665000,-0.490000,-0.111000,-21.695000,-50.397000,-50.473000,29.52
4.205706,0.361000,-0.312000,0.319000,14.183000,-25.420000,-39.786000,29.57
4.216230,0.738000,-0.807000,0.831000,26.122000,20.885000,-38.031000,29.57
4.223249,1.261000,-0.997000,1.191000,45.206000,50.824000,-31.618000,29.52
4.235570,2.344000,-1.271000,1.871000,41.893000,104.580000,-12.718000,29.61
4.242610,2.031000,-0.730000,1.917000,55.038000,156.336000,32.382000,29.61
4.254940,3.301000,0.614000,-1.489000,65.389000,100.534000,70.977000,29.57
4.281973,1.772000,1.224000,-1.646000,87.130000,-58.504000,62.718000,29.57
4.283002,-0.438000,0.074000,-0.656000,104.656000,113.618000,18.137000,29.42
4.286227,2.471000,-1.478000,-1.223000,115.588000,81.481000,54.824000,29.61
4.293203,0.610000,-0.954000,-0.603000,65.237000,15.786000,55.756000,29.57
4.305447,0.585000,-0.015000,-0.884000,41.679000,108.534000,19.847000,29.47
4.312473,1.085000,-0.537000,-0.758000,31.527000,65.908000,27.008000,29.47
4.324851,0.972000,-0.277000,-0.708000,25.649000,54.321000,20.504000,29.61
4.336909,1.054000,-0.173000,-0.822000,25.053000,48.824000,15.145000,29.61
4.344743,0.936000,-0.217000,-0.857000,23.725000,21.939000,15.863000,29.57
4.356363,0.819000,-0.152000,-0.732000,16.244000,14.122000,12.702000,29.57
4.363760,0.792000,-0.181000,-0.774000,12.763000,8.733000,9.191000,29.52
4.376575,0.744000,-0.183000,-0.758000,8.214000,6.885000,4.519000,29.52
4.386118,0.721000,-0.222000,-0.781000,3.145000,6.947000,0.275000,29.57
4.395776,0.685000,-0.157000,-0.782000,-1.267000,8.626000,-3.527000,29.47
4.405067,0.714000,-0.106000,-0.731000,-3.221000,8.656000,-3.527000,29.66
4.415419,0.750000,-0.113000,-0.695000,-4.275000,6.229000,-2.397000,29.52
4.424416,0.729000,-0.085000,-0.691000,-2.718000,1.466000,-0.702000,29.42
4.440191,0.696000,-0.083000,-0.697000,-1.053000,-0.626000,0.977000,29.57
4.442106,0.669000,-0.093000,-0.699000,-0.153000,-2.687000,2.031000,29.57
4.456186,0.629000,-0.054000,-0.706000,1.466000,-2.870000,3.389000,29.42
4.467182,0.599000,-0.032000,-0.729000,4.443000,0.015000,5.603000,29.61
4.474277,0.677000,-0.111000,-0.698000,6.137000,1.374000,6.397000,29.57
4.486704,0.666000,-0.105000,-0.700000,6.870000,-2.061000,6.458000,29.57
4.495513,0.677000,-0.091000,-0.693000,8.076000,-1.511000,7.634000,29.47
4.506415,0.685000,-0.112000,-0.685000,8.947000,-4.382000,8.305000,29.61
4.513799,0.642000,-0.082000,-0.720000,10.794000,-3.710000,8.794000,29.52
4.527075,0.665000,-0.097000,-0.716000,11.985000,-2.168000,9.573000,29.57
4.536930,0.699000,-0.145000,-0.737000,11.176000,-1.145000,8.641000,29.52
4.545573,0.675000,-0.135000,-0.755000,9.802000,-0.489000,8.000000,29.61
4.554957,0.689000,-0.154000,-0.722000,9.313000,0.260000,7.359000,29.52
4.565193,0.695000,-0.140000,-0.722000,8.427000,-0.122000,7.237000,29.52
4.572433,0.670000,-0.144000,-0.727000,7.710000,0.870000,6.687000,29.57
4.584936,0.656000,-0.146000,-0.740000,6.809000,1.115000,6.550000,29.61
4.594411,0.636000,-0.095000,-0.749000,6.427000,3.282000,6.718000,29.52
4.604965,0.650000,-0.132000,-0.735000,6.702000,3.603000,6.992000,29.52
4.613861,0.621000,-0.129000,-0.736000,6.412000,5.954000,6.519000,29.47
4.624747,0.677000,-0.156000,-0.725000,6.015000,8.244000,6.626000,29.57
4.632194,0.669000,-0.132000,-0.739000,5.359000,9.282000,6.748000,29.61
4.644402,0.669000,-0.124000,-0.742000,5.710000,10.779000,7.328000,29.52
4.657181,0.661000,-0.139000,-0.749000,5.466000,14.702000,8.366000,29.42
4.664265,0.633000,-0.173000,-0.747000,4.870000,17.206000,9.832000,29.57
4.676679,0.660000,-0.189000,-0.706000,5.450000,17.344000,8.962000,29.57
4.686557,0.710000,-0.148000,-0.660000,6.000000,14.336000,9.359000,29.61
4.703563,0.656000,-0.156000,-0.706000,7.985000,16.290000,9.817000,29.61
4.704954,0.634000,-0.172000,-0.744000,8.794000,19.832000,8.198000,29.66
4.716309,0.677000,-0.127000,-0.882000,8.458000,30.916000,7.527000,29.57
4.725340,0.518000,-0.029000,-0.992000,11.802000,52.473000,10.305000,29.61
4.737860,0.552000,0.005000,-0.919000,9.038000,72.641000,13.435000,29.61
4.744421,0.564000,-0.076000,-0.912000,9.160000,80.626000,13.344000,29.61
4.754878,0.616000,-0.045000,-0.833000,0.641000,83.679000,17.313000,29.57
4.761898,0.607000,-0.065000,-0.905000,-2.473000,93.924000,23.557000,29.57
4.774233,0.481000,-0.131000,-1.091000,-38.489000,101.160000,34.901000,29.61
4.786368,0.290000,0.360000,-1.313000,-43.817000,101.023000,46.244000,29.52
4.793465,0.143000,0.427000,-1.680000,-42.565000,83.450000,43.084000,29.57
4.805766,-0.216000,0.566000,-1.843000,-36.031000,55.695000,34.916000,29.47
4.812658,-0.284000,0.633000,-1.936000,-34.794000,32.443000,28.198000,29.61
4.824784,-0.372000,0.591000,-1.915000,-44.855000,11.099000,27.466000,29.42
4.836967,-0.327000,0.524000,-1.852000,-60.092000,-3.771000,31.481000,29.47
4.844000,-0.229000,0.461000,-1.737000,-69.481000,-20.992000,33.328000,29.47
4.856141,-0.094000,0.334000,-1.612000,-73.664000,-35.191000,31.542000,29.57
4.862962,0.076000,0.232000,-1.433000,-74.260000,-49.664000,27.160000,29.52
4.875207,0.403000,0.070000,-1.241000,-69.237000,-55.267000,23.359000,29.52
4.882209,0.486000,-0.095000,-0.950000,-58.809000,-57.695000,21.725000,29.57
4.894262,0.901000,-0.275000,-0.523000,-40.305000,-41.786000,19.298000,29.52
4.906555,1.285000,-0.537000,-0.021000,-13.985000,-11.939000,17.298000,29.52
4.913486,1.345000,-0.844000,-0.073000,-12.504000,4.565000,10.763000,29.61
4.925663,1.030000,-0.529000,-0.450000,-20.031000,11.557000,0.275000,29.47
4.932385,0.738000,-0.214000,-0.828000,-22.580000,11.038000,-14.046000,29.57
4.944648,0.588000,-0.002000,-1.002000,-16.840000,-1.710000,-30.046000,29.61
4.957090,0.482000,0.119000,-1.020000,-2.794000,-17.160000,-44.626000,29.52
4.964062,0.493000,0.049000,-1.005000,10.702000,-26.351000,-56.733000,29.61
4.975911,0.572000,-0.061000,-0.929000,18.321000,-33.374000,-59.817000,29.47
4.983091,0.591000,-0.134000,-0.943000,20.183000,-35.893000,-54.290000,29.57
4.995042,0.578000,-0.133000,-0.916000,19.573000,-38.275000,-44.672000,29.52
5.002116,0.556000,-0.097000,-0.894000,17.481000,-37.573000,-35.053000,29.52
5.014185,0.572000,-0.063000,-0.888000,13.298000,-34.840000,-28.855000,29.52
5.026250,0.734000,-0.099000,-0.905000,1.924000,-38.122000,-27.511000,29.57
5.033279,0.821000,-0.014000,-0.862000,-5.878000,-39.328000,-24.092000,29.47
5.045537,0.774000,0.018000,-0.841000,-7.435000,-48.779000,-19.802000,29.52
5.052242,0.705000,0.042000,-0.844000,-13.023000,-48.412000,-19.221000,29.52
5.064804,0.643000,0.035000,-0.761000,-17.023000,-49.725000,-16.550000,29.47
5.076614,0.592000,-0.023000,-0.652000,-19.756000,-45.282000,-12.244000,29.57
5.083966,0.577000,-0.082000,-0.572000,-25.252000,-34.336000,-7.359000,29.52
5.095517,0.572000,-0.054000,-0.455000,-24.458000,-21.496000,1.573000,29.52
5.105660,0.640000,-0.107000,-0.363000,-26.107000,-1.695000,8.580000,29.47
5.115004,0.555000,-0.100000,-0.316000,-30.275000,12.458000,12.977000,29.47
5.126970,0.574000,-0.101000,-0.358000,-36.046000,37.863000,13.664000,29.57
5.134344,1.157000,-0.377000,-0.531000,-63.405000,50.122000,4.824000,29.52
5.146326,1.607000,-0.451000,-0.348000,-71.557000,17.160000,12.916000,29.61
5.153561,1.671000,-0.445000,0.001000,-51.695000,-23.573000,34.977000,29.47
5.165873,1.354000,-0.497000,0.419000,-25.008000,-36.198000,54.656000,29.57
5.173167,1.006000,-0.695000,0.795000,-2.473000,-10.107000,58.855000,29.52
5.185283,1.528000,-0.969000,1.305000,13.053000,47.832000,37.954000,29.52
5.198919,2.125000,-1.023000,2.228000,63.298000,81.069000,12.305000,29.47
5.204634,3.127000,-0.979000,2.865000,126.733000,138.809000,27.786000,29.52
5.217010,4.000000,-2.396000,-1.940000,51.252000,-5.985000,45.023000,29.42
5.224360,-1.868000,0.677000,-0.220000,54.809000,-150.351000,48.076000,29.52
5.235626,2.122000,-0.386000,-2.744000,-22.244000,46.122000,-20.061000,29.57
5.242661,0.954000,-0.812000,-0.728000,-6.595000,-35.786000,-3.740000,29.47
5.254969,0.675000,0.197000,-0.787000,-7.008000,2.061000,-14.641000,29.52
5.262088,0.838000,0.005000,-0.657000,-2.458000,6.168000,-2.626000,29.52
5.274410,0.777000,-0.263000,-0.694000,-1.359000,-6.550000,-2.565000,29.52
5.286646,0.683000,-0.074000,-0.773000,-1.374000,1.802000,-3.099000,29.57
5.294067,0.675000,-0.246000,-0.767000,-2.000000,0.916000,-3.389000,29.57
5.306179,0.688000,-0.147000,-0.758000,-3.176000,5.496000,-4.489000,29.52
5.313698,0.688000,-0.120000,-0.746000,-3.084000,7.557000,-2.809000,29.61
5.325842,0.692000,-0.119000,-0.730000,-2.947000,8.992000,-2.122000,29.57
5.335944,0.697000,-0.102000,-0.703000,-2.290000,8.305000,-1.786000,29.57
5.345420,0.699000,-0.085000,-0.716000,-0.122000,7.817000,-0.305000,29.52
5.352882,0.706000,-0.069000,-0.697000,0.870000,6.611000,2.550000,29.52
5.369300,0.698000,-0.099000,-0.692000,2.580000,4.076000,5.115000,29.57
5.372649,0.679000,-0.113000,-0.698000,5.099000,-0.580000,6.794000,29.38
5.384863,0.647000,-0.134000,-0.681000,-24.641000,3.695000,9.924000,29.52
5.393801,0.638000,-0.104000,-0.744000,19.008000,-6.595000,8.840000,29.52
5.407492,0.664000,-0.181000,-0.730000,9.252000,17.832000,6.595000,29.52
5.417976,0.645000,-0.164000,-0.778000,-1.191000,-21.176000,9.954000,29.47
5.424067,0.636000,-0.096000,-0.810000,7.511000,13.115000,7.252000,29.57
5.436674,0.660000,-0.088000,-0.726000,7.206000,-12.015000,11.435000,29.52
5.443540,0.647000,-0.084000,-0.729000,6.214000,6.290000,12.076000,29.52
5.455766,0.680000,-0.135000,-0.738000,7.847000,3.252000,12.580000,29.47
5.463548,0.656000,-0.109000,-0.728000,7.237000,7.542000,13.023000,29.52
5.481575,0.648000,-0.138000,-0.737000,8.687000,6.656000,14.275000,29.52
5.485740,0.626000,-0.157000,-0.761000,9.954000,8.290000,14.351000,29.42
5.495168,0.591000,-0.178000,-0.844000,8.855000,18.031000,14.397000,29.57
5.502620,0.565000,-0.247000,-0.869000,4.519000,30.534000,12.275000,29.47
5.514891,0.495000,-0.226000,-0.891000,1.389000,42.290000,9.557000,29.61
5.526958,0.543000,-0.176000,-0.881000,-2.336000,54.824000,6.992000,29.61
5.534783,0.528000,-0.159000,-0.943000,-1.634000,66.947000,2.412000,29.52
5.547017,0.522000,0.001000,-0.968000,-0.198000,80.061000,2.260000,29.47
5.554340,0.646000,0.021000,-0.907000,0.809000,91.710000,4.870000,29.57
5.570377,0.337000,0.233000,-1.392000,-31.710000,89.405000,16.534000,29.52
5.573431,0.018000,1.059000,-1.742000,-12.855000,73.405000,16.168000,29.52
5.587277,-0.014000,0.865000,-1.883000,0.366000,59.435000,-4.931000,29.57
5.593163,-0.337000,0.956000,-1.936000,6.122000,28.840000,-28.122000,29.57
5.605480,-0.431000,0.802000,-1.977000,3.878000,12.626000,-42.794000,29.52
5.612718,-0.438000,0.582000,-2.010000,-9.618000,-7.023000,-38.641000,29.52
5.624623,-0.378000,0.338000,-1.944000,-31.649000,-23.374000,-22.962000,29.52
5.643997,-0.200000,0.156000,-1.823000,-56.504000,-37.435000,-3.771000,29.57
5.645026,-0.075000,0.101000,-1.665000,-75.298000,-50.519000,11.588000,29.47
5.655113,0.226000,0.090000,-1.461000,-77.863000,-59.786000,25.832000,29.52
5.662039,0.507000,-0.062000,-1.148000,-71.206000,-61.679000,33.603000,29.42
5.674143,0.519000,0.072000,-0.146000,-27.435000,-38.748000,34.947000,29.47
5.686739,0.975000,-0.309000,0.206000,7.344000,20.275000,24.489000,29.47
5.693832,1.295000,-0.427000,-0.158000,16.779000,44.321000,12.244000,29.52
5.706298,1.391000,-0.503000,-0.643000,-9.786000,37.695000,-5.450000,29.52
5.713226,1.092000,-0.291000,-0.886000,-29.725000,31.145000,-31.878000,29.52
5.725303,0.776000,0.148000,-0.895000,-47.298000,-4.885000,-49.893000,29.47
5.732538,0.680000,0.165000,-0.785000,-33.420000,-7.710000,-69.924000,29.47
5.744193,0.668000,0.090000,-0.658000,-19.847000,-18.611000,-87.710000,29.52
5.756419,0.650000,-0.002000,-0.610000,4.122000,-23.756000,-91.695000,29.52
5.763582,0.570000,-0.167000,-0.516000,22.244000,-20.763000,-89.634000,29.57
5.775796,0.620000,-0.403000,-0.376000,34.458000,-5.420000,-79.511000,29.52
5.782697,0.619000,-0.394000,-0.239000,48.519000,-1.511000,-57.084000,29.52
5.794774,0.689000,-0.459000,-0.072000,58.733000,11.313000,-21.695000,29.52
5.800744,0.893000,-0.558000,-0.141000,59.176000,21.496000,12.244000,29.57
5.814289,1.911000,-1.119000,-0.007000,23.466000,20.916000,18.885000,29.47
5.826555,2.323000,-1.359000,0.637000,-13.954000,-29.176000,25.954000,29.61
5.833631,2.221000,-0.902000,2.021000,-5.511000,-30.794000,40.672000,29.52
5.845870,3.108000,-1.119000,3.347000,27.511000,16.763000,64.321000,29.57
5.853252,3.888000,-0.229000,1.129000,62.809000,33.252000,56.748000,29.47
5.865222,0.629000,-0.693000,-1.336000,42.427000,-145.863000,-6.473000,29.52
5.872554,-1.076000,-0.399000,-1.468000,40.427000,-62.198000,30.275000,29.61
5.884576,0.394000,-0.411000,-0.946000,8.916000,56.168000,26.076000,29.61
5.896783,1.535000,-0.447000,-0.549000,5.435000,-63.206000,4.519000,29.57
5.903944,0.676000,-0.335000,-0.939000,0.107000,-13.649000,1.481000,29.57
5.916598,0.662000,0.067000,-0.709000,5.374000,-12.947000,3.099000,29.42
5.923828,0.762000,-0.165000,-0.689000,4.809000,-7.221000,3.130000,29.61
5.936058,0.731000,-0.278000,-0.715000,6.397000,-13.420000,-0.443000,29.57
5.943416,0.637000,-0.249000,-0.786000,1.420000,-11.481000,-3.389000,29.57
5.955777,0.604000,-0.212000,-0.842000,-4.275000,-4.229000,-5.405000,29.52
5.962625,0.662000,-0.132000,-0.782000,-7.893000,1.069000,-6.290000,29.61
5.975106,0.697000,-0.099000,-0.725000,-7.099000,2.076000,-4.550000,29.57
5.987027,0.678000,-0.067000,-0.733000,-4.565000,1.618000,-2.198000,29.57
5.999994,0.649000,-0.051000,-0.727000,-1.145000,2.595000,0.305000,29.52
6.006877,0.666000,-0.046000,-0.715000,1.725000,3.359000,2.794000,29.52
6.014013,0.661000,-0.087000,-0.718000,4.244000,3.435000,4.565000,29.52
6.026654,0.637000,-0.115000,-0.727000,5.466000,3.313000,5.771000,29.47
6.033964,0.645000,-0.130000,-0.734000,6.382000,2.718000,7.206000,29.52
6.046269,0.634000,-0.145000,-0.756000,-10.244000,0.977000,8.214000,29.42
6.053233,0.677000,-0.131000,-0.744000,14.321000,-18.489000,8.336000,29.52
6.069378,0.648000,-0.157000,-0.795000,0.840000,27.252000,5.710000,29.47
6.072807,0.660000,-0.134000,-0.745000,4.992000,9.817000,5.053000,29.57
6.085418,0.683000,-0.149000,-0.751000,-2.718000,11.695000,5.618000,29.42
6.092381,0.679000,-0.128000,-0.761000,-0.656000,17.206000,5.450000,29.52
6.104835,0.669000,-0.081000,-0.744000,2.947000,12.153000,7.557000,29.47
6.112085,0.669000,-0.105000,-0.717000,2.733000,16.748000,9.542000,29.47
6.124718,0.654000,-0.135000,-0.738000,2.122000,20.519000,10.809000,29.52
6.136884,0.641000,-0.182000,-0.743000,4.458000,23.435000,10.305000,29.42
6.144131,0.560000,-0.291000,-0.784000,3.466000,26.809000,7.664000,29.47
6.156682,0.541000,-0.202000,-0.811000,0.214000,36.947000,5.221000,29.47
6.163608,0.500000,-0.158000,-0.851000,-5.695000,50.321000,5.557000,29.42
6.176114,0.480000,-0.114000,-0.929000,-10.076000,66.916000,7.496000,29.52
6.183255,0.465000,-0.057000,-1.062000,-4.641000,82.977000,6.412000,29.42
6.195742,0.522000,0.050000,-1.043000,0.015000,95.221000,7.069000,29.47
6.202858,0.288000,0.148000,-1.384000,10.046000,93.176000,9.160000,29.57
6.216582,-0.067000,0.646000,-1.935000,2.534000,73.389000,4.809000,29.61
6.222496,-0.165000,0.663000,-1.839000,9.588000,56.794000,-4.672000,29.52
6.234916,-0.241000,0.687000,-1.848000,12.153000,29.069000,-18.076000,29.57
6.246889,-0.221000,0.612000,-1.775000,12.214000,10.489000,-32.687000,29.42
6.253958,-0.157000,0.423000,-1.703000,5.740000,-8.595000,-39.725000,29.52
6.266230,-0.109000,0.287000,-1.633000,-5.237000,-22.427000,-36.061000,29.42
6.272970,-0.035000,0.146000,-1.475000,-18.580000,-35.237000,-20.763000,29.47
6.285178,0.096000,-0.048000,-1.342000,-35.466000,-38.977000,-0.718000,29.47
6.292076,0.329000,-0.160000,-1.180000,-50.534000,-40.076000,22.473000,29.52
6.304298,0.475000,-0.217000,-0.924000,-62.137000,-36.366000,41.893000,29.52
6.316296,0.737000,-0.159000,-0.537000,-58.656000,-14.412000,48.962000,29.42
6.323318,0.943000,-0.107000,-0.255000,-41.221000,9.221000,51.466000,29.57
6.335465,1.103000,-0.320000,-0.183000,-31.038000,20.351000,52.244000,29.47
6.342685,1.164000,-0.404000,-0.356000,-35.817000,17.130000,44.824000,29.42
6.354922,0.934000,-0.321000,-0.466000,-44.321000,13.053000,39.298000,29.52
6.367067,0.856000,-0.274000,-0.579000,-54.840000,16.382000,33.847000,29.47
6.374257,0.874000,-0.320000,-0.754000,-72.748000,17.863000,23.237000,29.47
6.386351,0.799000,-0.276000,-0.793000,-86.076000,5.817000,6.916000,29.52
6.393299,0.803000,-0.162000,-0.807000,-89.496000,-14.076000,-11.115000,29.52
6.405860,0.766000,-0.015000,-0.637000,-70.061000,-29.145000,-22.672000,29.42
6.412451,0.724000,-0.089000,-0.443000,-38.366000,-32.733000,-28.412000,29.47
6.424400,0.613000,-0.225000,-0.171000,-0.046000,-30.366000,-26.015000,29.47
6.436323,0.945000,-0.519000,0.021000,25.817000,-24.031000,-17.832000,29.52
6.443514,1.505000,-0.965000,0.453000,27.466000,-21.954000,-13.099000,29.42
6.456082,1.992000,-1.198000,1.416000,29.969000,-13.084000,4.595000,29.47
6.463038,2.730000,-1.622000,2.491000,33.221000,20.244000,26.473000,29.47
6.475426,3.143000,-1.548000,2.378000,43.985000,32.046000,56.870000,29.52
6.482039,2.318000,-0.276000,-1.088000,10.641000,-99.450000,-22.305000,29.52
6.494407,-0.721000,0.288000,-1.065000,33.771000,-107.634000,23.084000,29.42
6.506683,0.068000,0.001000,-1.296000,13.298000,29.649000,24.229000,29.47
6.514098,0.862000,-0.459000,-0.702000,30.427000,-34.260000,14.443000,29.47
6.525971,0.901000,-0.666000,-0.854000,7.069000,-12.855000,-1.084000,29.52
6.533083,0.610000,-0.014000,-0.790000,-0.504000,-18.656000,-1.511000,29.61
6.545423,0.652000,-0.040000,-0.776000,-0.366000,1.328000,-0.473000,29.57
6.552624,0.707000,-0.265000,-0.762000,1.023000,-4.031000,-0.260000,29.52
6.565144,0.745000,-0.225000,-0.734000,0.137000,-2.870000,-4.351000,29.52
6.577113,0.618000,-0.219000,-0.771000,-3.450000,-2.763000,-6.687000,29.52
6.584644,0.618000,-0.125000,-0.763000,-7.069000,4.107000,-7.130000,29.38
6.596723,0.670000,-0.069000,-0.746000,-6.290000,7.160000,-5.115000,29.38
6.603846,0.682000,-0.082000,-0.727000,-2.244000,7.038000,-1.847000,29.52
6.616247,0.713000,-0.092000,-0.737000,0.794000,5.176000,0.580000,29.52
6.625061,0.695000,-0.083000,-0.714000,0.489000,4.000000,1.664000,29.52
6.636756,0.663000,-0.095000,-0.715000,1.511000,3.771000,3.023000,29.57
6.647374,0.648000,-0.136000,-0.727000,1.664000,4.275000,3.466000,29.57
6.661399,0.653000,-0.139000,-0.728000,1.985000,4.443000,3.252000,29.61
6.662973,0.659000,-0.132000,-0.766000,2.870000,6.412000,3.954000,29.52
6.675559,0.656000,-0.127000,-0.784000,0.992000,12.947000,3.618000,29.57
6.682794,0.654000,-0.153000,-0.726000,-0.290000,14.977000,3.267000,29.38
6.695226,0.633000,-0.158000,-0.725000,-0.962000,13.344000,3.466000,29.42
6.702621,0.680000,-0.094000,-0.723000,-0.702000,15.359000,4.718000,29.52
6.715146,0.676000,-0.088000,-0.745000,-0.412000,15.725000,6.809000,29.47
6.727133,0.682000,-0.063000,-0.730000,1.649000,17.038000,9.939000,29.47
6.734416,0.652000,-0.045000,-0.729000,4.275000,18.427000,13.084000,29.47
6.746765,0.697000,-0.046000,-0.734000,7.298000,19.267000,15.405000,29.52
6.759457,0.612000,-0.189000,-0.713000,9.237000,22.611000,15.206000,29.42
6.765987,0.572000,-0.308000,-0.755000,9.069000,29.069000,11.908000,29.47
6.773343,0.579000,-0.231000,-0.760000,4.870000,37.618000,9.496000,29.47
6.785858,0.585000,-0.170000,-0.828000,2.260000,49.939000,7.466000,29.52
6.793332,0.561000,-0.020000,-0.949000,1.954000,65.573000,3.145000,29.52
6.805816,0.477000,0.080000,-1.004000,8.626000,79.969000,1.924000,29.57
6.812962,0.463000,0.101000,-1.223000,35.374000,90.687000,-0.382000,29.47
6.825446,0.293000,0.186000,-1.671000,47.893000,88.000000,-8.824000,29.42
6.832661,0.013000,0.591000,-1.701000,41.939000,75.420000,-36.916000,29.52
6.844969,0.038000,0.715000,-1.763000,47.160000,65.496000,-49.573000,29.42
6.856741,-0.107000,0.643000,-1.747000,49.573000,46.244000,-59.954000,29.38
6.863827,-0.181000,0.490000,-1.712000,44.504000,33.313000,-64.229000,29.52
6.876083,-0.138000,0.354000,-1.680000,33.511000,15.573000,-58.351000,29.42
6.887542,-0.105000,0.254000,-1.658000,19.374000,1.435000,-47.084000,29.52
6.895132,-0.065000,0.220000,-1.556000,5.191000,-13.206000,-33.786000,29.57
6.900678,-0.023000,0.235000,-1.427000,-3.725000,-24.489000,-21.405000,29.47
6.914056,0.123000,0.151000,-1.345000,-15.008000,-30.611000,-12.473000,29.52
6.926429,0.278000,0.101000,-1.239000,-28.718000,-37.664000,-8.473000,29.42
6.933804,0.394000,0.160000,-1.125000,-37.817000,-41.130000,-6.580000,29.47
6.945825,0.479000,0.173000,-0.990000,-40.290000,-39.511000,-7.725000,29.47
6.958613,0.578000,0.192000,-0.959000,-42.519000,-36.992000,-14.534000,29.52
6.964690,0.885000,0.091000,-1.061000,-43.725000,-43.725000,-21.008000,29.52
6.976703,1.219000,0.011000,-0.958000,-54.244000,-63.908000,-33.237000,29.52
6.984147,1.145000,0.088000,-0.902000,-61.786000,-89.847000,-47.298000,29.47
6.995714,1.046000,0.075000,-0.492000,-26.580000,-101.084000,-33.969000,29.47
7.002617,0.925000,-0.388000,-0.247000,-17.008000,-82.855000,-25.099000,29.42
7.014777,0.728000,-0.618000,0.009000,-18.748000,-67.069000,-24.366000,29.52
7.026941,0.984000,-0.761000,0.103000,-26.885000,-36.931000,-27.221000,29.38
7.033972,1.382000,-0.885000,0.314000,-28.351000,-31.130000,-23.527000,29.57
7.046071,1.545000,-0.824000,0.655000,-8.763000,-34.336000,-7.786000,29.52
7.053447,1.611000,-0.925000,1.189000,28.870000,-24.885000,12.519000,29.61
7.065521,1.842000,-1.257000,2.381000,51.924000,19.252000,11.802000,29.57
7.072671,2.351000,-1.272000,4.000000,78.275000,137.542000,-10.748000,29.52
7.084935,4.000000,-0.257000,-0.882000,115.618000,160.916000,100.366000,29.52
7.096770,1.319000,-0.775000,-1.656000,9.359000,-190.061000,8.412000,29.52
7.103975,-0.914000,0.361000,-1.031000,56.519000,-31.664000,45.466000,29.47
7.121738,1.238000,-0.495000,-1.473000,34.092000,38.656000,17.008000,29.47
7.123585,0.696000,-1.024000,-0.549000,15.267000,-66.366000,4.870000,29.42
7.135683,0.464000,0.036000,-0.888000,-2.931000,1.527000,-8.748000,29.52
7.143702,0.692000,-0.162000,-0.793000,-6.122000,-11.145000,-3.725000,29.52
7.154496,0.726000,-0.151000,-0.758000,-8.061000,3.115000,-4.962000,29.47
7.167034,0.689000,-0.182000,-0.740000,-4.168000,-2.351000,-4.870000,29.57
7.174378,0.701000,-0.066000,-0.742000,-2.763000,0.580000,-3.298000,29.42
7.186696,0.674000,-0.161000,-0.770000,-5.115000,4.748000,-2.962000,29.52
7.193956,0.691000,-0.148000,-0.783000,-9.038000,6.931000,-3.603000,29.47
7.205927,0.717000,-0.165000,-0.741000,-12.443000,7.359000,-5.282000,29.47
7.213274,0.679000,-0.146000,-0.726000,-11.435000,3.954000,-5.084000,29.42
7.225644,0.649000,-0.101000,-0.689000,-9.481000,2.427000,-4.061000,29.52
7.233295,0.664000,-0.103000,-0.718000,-7.099000,3.618000,-2.290000,29.47
7.245298,0.648000,-0.082000,-0.757000,-6.260000,5.802000,-1.420000,29.57
7.257396,0.601000,-0.100000,-0.709000,-20.489000,-6.305000,-0.351000,29.52
7.264359,0.591000,-0.052000,-0.685000,-3.969000,22.550000,1.542000,29.52
7.277008,0.608000,-0.145000,-0.697000,9.893000,1.725000,3.344000,29.38
7.284704,0.649000,-0.165000,-0.749000,2.153000,6.458000,3.374000,29.47
7.296573,0.652000,-0.135000,-0.718000,-0.992000,5.985000,2.626000,29.47
7.303903,0.645000,-0.140000,-0.724000,2.427000,-0.977000,4.702000,29.52
7.316507,0.667000,-0.142000,-0.713000,4.366000,8.626000,5.298000,29.52
7.324053,0.706000,-0.131000,-0.743000,4.107000,2.809000,6.122000,29.57
7.336215,0.699000,-0.111000,-0.755000,2.702000,7.267000,6.214000,29.42
7.343817,0.727000,-0.076000,-0.761000,1.130000,6.290000,5.832000,29.52
7.356132,0.708000,-0.061000,-0.753000,1.634000,10.580000,6.626000,29.52
7.365125,0.628000,-0.052000,-0.703000,7.069000,12.489000,9.084000,29.38
7.378602,0.557000,-0.109000,-0.721000,13.115000,18.092000,11.573000,29.47
7.383141,0.574000,-0.221000,-0.772000,14.244000,24.076000,10.962000,29.42
7.396516,0.509000,-0.284000,-0.815000,9.954000,37.206000,8.870000,29.42
7.406718,0.441000,-0.134000,-0.912000,5.496000,58.382000,7.740000,29.52
7.414594,0.452000,-0.006000,-1.083000,-0.885000,86.977000,4.305000,29.47
7.427037,0.325000,0.035000,-1.297000,11.084000,119.924000,0.565000,29.47
7.434249,0.233000,0.126000,-1.419000,12.565000,142.916000,3.893000,29.42
7.446534,0.585000,0.308000,-1.889000,29.252000,173.863000,8.366000,29.42
7.453892,0.103000,0.709000,-2.138000,29.221000,151.084000,-5.817000,29.57
7.466080,-0.277000,0.777000,-2.090000,40.122000,120.824000,-26.397000,29.47
7.480932,-0.344000,0.667000,-2.114000,36.550000,89.649000,-48.656000,29.52
7.485036,-0.389000,0.468000,-2.151000,23.069000,54.336000,-58.458000,29.52
7.496837,-0.378000,0.234000,-2.058000,-1.847000,17.496000,-58.992000,29.52
7.503599,-0.233000,0.156000,-1.865000,-25.145000,-19.420000,-47.099000,29.47
7.515940,0.039000,-0.007000,-1.835000,-46.107000,-55.985000,-20.336000,29.38
7.522450,0.102000,-0.117000,-1.630000,-64.824000,-90.168000,9.603000,29.52
7.534771,0.174000,-0.167000,-1.400000,-86.168000,-102.656000,34.840000,29.42
7.546606,0.344000,-0.129000,-1.157000,-106.382000,-105.267000,50.885000,29.47
7.553104,0.541000,-0.056000,-0.956000,-120.366000,-101.023000,57.771000,29.47
7.565438,0.690000,0.025000,-0.735000,-119.908000,-94.092000,54.885000,29.42
7.576762,0.768000,0.060000,-0.512000,-109.771000,-80.580000,44.947000,29.42
7.584459,0.763000,-0.004000,-0.328000,-95.863000,-60.656000,28.809000,29.52
7.596664,0.882000,-0.071000,-0.319000,-87.695000,-30.870000,5.725000,29.47
7.603552,1.235000,-0.237000,-0.381000,-85.634000,-17.252000,-22.824000,29.47
7.615397,1.582000,-0.304000,-0.406000,-82.931000,-27.634000,-47.603000,29.42
7.622334,1.653000,-0.252000,-0.327000,-61.038000,-58.519000,-60.763000,29.52
7.634548,1.496000,-0.223000,-0.183000,-24.336000,-77.420000,-58.901000,29.47
7.646710,1.265000,-0.310000,-0.017000,11.191000,-78.336000,-51.954000,29.42
7.653593,1.009000,-0.575000,0.106000,18.733000,-65.847000,-51.008000,29.42
7.666016,0.927000,-0.632000,0.149000,12.794000,-45.710000,-50.656000,29.42
7.672846,0.920000,-0.586000,0.122000,8.519000,-32.107000,-46.427000,29.47
7.685288,0.962000,-0.567000,0.070000,6.015000,-26.473000,-39.985000,29.47
7.692194,1.029000,-0.516000,-0.006000,4.809000,-29.924000,-32.595000,29.42
7.704493,1.157000,-0.511000,0.481000,38.351000,-28.260000,-4.382000,29.52
7.716943,0.967000,-0.788000,0.999000,49.878000,6.397000,21.008000,29.52
7.724207,1.298000,-0.928000,1.352000,39.267000,75.267000,46.031000,29.47
7.736472,1.972000,-1.148000,1.992000,41.511000,134.916000,82.809000,29.47
7.743504,2.588000,-0.249000,-0.269000,5.069000,186.031000,59.389000,29.52
7.755902,3.588000,0.639000,-1.586000,62.000000,8.748000,59.298000,29.52
7.763039,0.813000,0.405000,-0.663000,77.511000,-47.053000,46.275000,29.47
7.775352,0.477000,-1.024000,-1.230000,96.809000,17.160000,50.779000,29.47
7.782293,0.812000,-1.213000,-1.118000,52.534000,-17.695000,32.809000,29.52
7.799602,0.841000,-0.306000,-0.789000,25.771000,-7.725000,15.450000,29.52
7.806898,0.729000,-0.158000,-0.792000,9.420000,9.069000,4.290000,29.47
7.813929,0.698000,-0.154000,-0.696000,8.931000,11.023000,7.389000,29.57
7.826505,0.728000,-0.204000,-0.737000,14.031000,-3.221000,3.008000,29.47
7.833630,0.849000,-0.347000,-0.749000,7.420000,-4.137000,-2.244000,29.42
7.846167,0.702000,-0.142000,-0.749000,0.366000,-4.656000,-4.931000,29.52
7.853390,0.656000,-0.125000,-0.770000,-4.290000,4.656000,-4.305000,29.47
7.865552,0.702000,-0.084000,-0.734000,-3.450000,6.885000,-2.641000,29.47
7.872701,0.670000,-0.078000,-0.720000,0.626000,6.122000,-1.115000,29.42
7.885140,0.638000,-0.088000,-0.774000,2.947000,8.718000,0.504000,29.42
7.892483,0.675000,-0.112000,-0.742000,2.519000,12.733000,0.901000,29.38
7.904863,0.673000,-0.166000,-0.727000,0.733000,15.725000,-0.305000,29.38
7.910756,0.660000,-0.180000,-0.741000,-1.634000,15.908000,-2.092000,29.42
7.924284,0.679000,-0.117000,-0.747000,-0.977000,15.511000,-0.748000,29.42
7.936922,0.691000,-0.160000,-0.728000,-1.252000,14.870000,0.489000,29.52
7.943708,0.693000,-0.133000,-0.703000,-1.588000,13.176000,1.115000,29.47
7.956041,0.677000,-0.118000,-0.701000,-1.023000,11.893000,2.519000,29.52
7.963484,0.677000,-0.104000,-0.705000,-0.046000,10.565000,4.275000,29.42
7.975523,0.670000,-0.154000,-0.686000,-17.160000,5.603000,6.229000,29.42
7.982826,0.678000,-0.063000,-0.693000,7.863000,8.153000,6.305000,29.47
7.995538,0.702000,-0.135000,-0.683000,6.229000,9.893000,6.977000,29.47
8.002855,0.697000,-0.165000,-0.718000,1.924000,6.244000,6.870000,29.52
8.015568,0.693000,-0.167000,-0.707000,4.198000,3.435000,6.305000,29.52
8.022693,0.696000,-0.171000,-0.697000,3.969000,1.985000,6.748000,29.38
8.035260,0.708000,-0.185000,-0.679000,2.916000,0.534000,6.519000,29.38
8.042536,0.672000,-0.122000,-0.700000,2.763000,2.168000,5.802000,29.47
8.055252,0.644000,-0.136000,-0.727000,3.588000,1.206000,5.664000,29.52
8.062744,0.700000,-0.105000,-0.696000,3.954000,2.000000,5.893000,29.42
8.074924,0.686000,-0.185000,-0.732000,4.321000,3.099000,5.710000,29.57
8.082248,0.665000,-0.172000,-0.734000,3.466000,5.084000,4.885000,29.38
8.094904,0.694000,-0.173000,-0.697000,2.351000,6.229000,3.985000,29.42
8.100688,0.690000,-0.154000,-0.713000,1.771000,5.847000,3.573000,29.61
8.114728,0.659000,-0.141000,-0.760000,0.840000,9.786000,4.321000,29.38
8.127107,0.667000,-0.125000,-0.750000,0.702000,15.832000,6.473000,29.38
8.134380,0.644000,-0.130000,-0.736000,1.969000,16.947000,8.382000,29.52
8.146662,0.662000,-0.172000,-0.740000,2.260000,21.374000,10.397000,29.42
8.155896,0.650000,-0.193000,-0.752000,1.817000,25.389000,11.038000,29.52
8.166020,0.685000,-0.180000,-0.723000,1.206000,28.290000,10.794000,29.47
8.173145,0.685000,-0.201000,-0.730000,1.649000,33.221000,10.275000,29.57
8.185696,0.625000,-0.243000,-0.783000,6.183000,38.427000,9.893000,29.42
8.192941,0.606000,-0.256000,-0.845000,7.328000,49.282000,7.542000,29.52
8.205956,0.519000,-0.153000,-0.983000,4.382000,63.527000,4.550000,29.47
8.212615,0.639000,-0.008000,-0.971000,1.588000,81.832000,6.687000,29.52
8.224886,0.688000,0.354000,-1.081000,12.290000,104.489000,13.603000,29.52
8.236963,0.735000,-0.087000,-1.017000,20.687000,122.153000,16.733000,29.52
8.244071,0.856000,-0.029000,-0.905000,14.061000,136.824000,20.489000,29.57
8.256192,0.910000,-0.016000,-0.905000,12.962000,149.832000,22.794000,29.47
8.262939,0.945000,-0.062000,-0.962000,16.229000,150.137000,26.977000,29.42
8.275388,0.714000,0.226000,-1.281000,20.748000,141.359000,26.824000,29.52
8.283859,0.354000,0.468000,-1.741000,31.863000,111.267000,11.557000,29.42
8.295024,0.101000,0.545000,-1.925000,28.718000,82.412000,-12.992000,29.47
8.306995,-0.225000,0.689000,-1.924000,29.206000,52.977000,-37.954000,29.47
8.314522,-0.372000,0.522000,-2.012000,28.855000,27.008000,-50.702000,29.52
8.326703,-0.274000,0.125000,-1.985000,9.924000,-3.664000,-50.168000,29.42
8.332968,-0.207000,-0.041000,-1.947000,-8.748000,-41.939000,-28.519000,29.47
8.345372,-0.279000,-0.143000,-1.698000,-25.023000,-64.168000,-4.565000,29.38
8.352172,-0.169000,-0.177000,-1.474000,-44.153000,-71.130000,12.855000,29.33
8.364262,0.032000,-0.055000,-1.328000,-56.672000,-77.664000,25.557000,29.52
8.376166,0.240000,0.085000,-1.172000,-62.260000,-80.641000,29.420000,29.38
8.385615,0.376000,0.186000,-1.073000,-64.382000,-80.947000,25.069000,29.47
8.401576,0.451000,0.266000,-0.956000,-62.397000,-78.443000,15.084000,29.47
8.402321,0.453000,0.297000,-0.852000,-57.878000,-70.672000,1.344000,29.42
8.414469,0.435000,0.229000,-0.786000,-53.450000,-59.649000,-14.382000,29.42
8.426567,0.367000,0.154000,-0.711000,-48.076000,-47.817000,-28.305000,29.47
8.433511,0.523000,-0.002000,-0.937000,-49.069000,-28.733000,-43.298000,29.47
8.445607,0.963000,-0.267000,-1.046000,-65.695000,-37.527000,-56.855000,29.52
8.452359,1.201000,-0.148000,-1.022000,-66.229000,-69.939000,-53.771000,29.42
8.465060,1.114000,-0.074000,-0.937000,-43.023000,-93.954000,-35.618000,29.47
8.476597,0.895000,-0.275000,-0.784000,-24.336000,-106.962000,-20.779000,29.47
8.490413,0.789000,-0.300000,-0.697000,-29.191000,-100.626000,-15.634000,29.42
8.496171,1.151000,-0.170000,-0.656000,-26.565000,-79.710000,-4.382000,29.42
8.502323,0.928000,-0.329000,-0.196000,-5.160000,-65.359000,18.061000,29.47
8.514358,1.387000,-0.704000,-0.277000,-21.710000,-46.504000,18.672000,29.47
8.526452,1.302000,-0.450000,-0.323000,-38.107000,-41.313000,10.611000,29.52
8.533752,1.085000,-0.183000,-0.449000,-41.924000,-32.748000,3.710000,29.42
8.548829,0.889000,-0.031000,-0.579000,-35.939000,-29.405000,-4.733000,29.52
8.552752,0.758000,0.010000,-0.651000,-25.786000,-26.763000,-13.282000,29.38
8.565591,0.662000,-0.008000,-0.624000,-11.649000,-25.099000,-18.351000,29.47
8.576929,0.607000,-0.099000,-0.575000,-3.588000,-16.947000,-23.313000,29.42
8.590216,0.640000,-0.121000,-0.604000,-0.565000,-13.237000,-28.504000,29.33
8.596929,0.687000,-0.135000,-0.575000,0.183000,-9.481000,-34.305000,29.47
8.603303,0.663000,-0.157000,-0.559000,0.977000,-8.153000,-39.542000,29.47
8.615430,0.784000,-0.244000,-0.577000,-6.031000,-10.962000,-46.962000,29.42
8.627004,1.064000,-0.379000,-0.553000,-18.641000,-23.008000,-52.061000,29.42
8.634319,1.206000,-0.399000,-0.475000,-29.115000,-47.924000,-49.450000,29.38
8.647697,1.161000,-0.425000,-0.362000,-35.344000,-68.672000,-41.389000,29.47
8.653211,0.847000,-0.323000,0.175000,-6.519000,-65.221000,-14.611000,29.52
8.673285,1.103000,-0.736000,0.491000,3.450000,-25.511000,-0.153000,29.42
8.674911,1.179000,-0.819000,0.688000,2.947000,-4.153000,11.496000,29.57
8.685390,1.333000,-0.755000,0.859000,-1.863000,38.504000,20.763000,29.38
8.701142,1.525000,-0.773000,1.018000,1.664000,77.496000,33.756000,29.52
8.704230,1.859000,-0.943000,1.387000,18.763000,106.656000,62.504000,29.52
8.716370,2.029000,-1.231000,1.616000,29.069000,147.237000,101.618000,29.47
8.723401,2.386000,-0.375000,-0.288000,2.275000,156.702000,65.237000,29.38
8.736455,3.381000,1.724000,-1.245000,67.481000,-31.664000,32.519000,29.52
8.742729,-0.339000,0.154000,-0.279000,85.328000,-48.473000,57.725000,29.42
8.762332,0.450000,-0.655000,-1.481000,97.069000,59.359000,55.252000,29.42
8.764211,1.133000,-0.893000,-0.782000,77.481000,-34.595000,52.672000,29.38
8.777876,1.015000,-0.311000,-0.860000,47.939000,-8.702000,23.634000,29.47
8.786698,0.693000,-0.511000,-0.994000,13.374000,-9.450000,10.687000,29.52
8.795651,0.811000,-0.264000,-0.750000,5.710000,-4.473000,2.748000,29.42
8.806222,0.690000,-0.305000,-0.747000,3.695000,-5.328000,-1.221000,29.38
8.813755,0.667000,-0.212000,-0.793000,0.626000,-3.878000,-3.603000,29.47
8.825864,0.714000,-0.194000,-0.745000,-3.115000,1.664000,-5.145000,29.42
8.840583,0.675000,-0.105000,-0.759000,-5.374000,6.489000,-5.252000,29.42
8.845488,0.690000,-0.122000,-0.741000,-3.832000,9.145000,-3.756000,29.57
8.852871,0.694000,-0.136000,-0.739000,-2.000000,8.870000,-3.313000,29.38
8.865007,0.687000,-0.089000,-0.743000,-0.702000,11.954000,-1.176000,29.38
8.871428,0.707000,-0.138000,-0.724000,-1.542000,15.038000,0.122000,29.52
8.885824,0.721000,-0.144000,-0.717000,-1.954000,16.718000,0.290000,29.42
8.897532,0.698000,-0.141000,-0.712000,-2.153000,18.519000,0.840000,29.47
8.904171,0.699000,-0.132000,-0.706000,-1.481000,18.427000,1.924000,29.38
8.916327,0.686000,-0.131000,-0.709000,-0.840000,18.229000,2.916000,29.42
8.923656,0.674000,-0.162000,-0.707000,-0.580000,18.718000,2.779000,29.42
8.936647,0.689000,-0.177000,-0.703000,-0.336000,16.992000,2.137000,29.47
8.943241,0.673000,-0.175000,-0.700000,-1.069000,16.000000,1.405000,29.47
8.957147,0.679000,-0.155000,-0.696000,-2.137000,15.908000,0.885000,29.52
8.962397,0.698000,-0.136000,-0.667000,-1.588000,14.443000,1.832000,29.42
8.974874,0.698000,-0.123000,-0.656000,0.076000,11.511000,3.160000,29.52
8.982191,0.713000,-0.138000,-0.652000,1.130000,8.595000,4.901000,29.38
8.998035,0.692000,-0.121000,-0.656000,3.191000,6.061000,6.580000,29.42
9.000980,0.680000,-0.133000,-0.683000,4.015000,5.939000,7.756000,29.42
9.014781,0.684000,-0.155000,-0.693000,4.809000,6.321000,7.939000,29.42
9.027110,0.668000,-0.147000,-0.703000,5.359000,7.115000,7.420000,29.38
9.034613,0.671000,-0.163000,-0.728000,5.252000,9.435000,7.084000,29.47
9.046959,0.687000,-0.169000,-0.730000,4.534000,12.748000,6.947000,29.52
9.054288,0.692000,-0.187000,-0.706000,3.634000,15.481000,6.443000,29.52
9.066954,0.673000,-0.144000,-0.759000,2.626000,18.397000,6.733000,29.47
9.073678,0.658000,-0.126000,-0.755000,0.015000,27.191000,8.046000,29.47
9.086197,0.669000,-0.162000,-0.729000,1.176000,29.298000,10.718000,29.47
9.093183,0.632000,-0.094000,-0.762000,3.985000,31.466000,11.603000,29.42
9.105895,0.670000,-0.205000,-0.728000,6.626000,42.718000,14.229000,29.33
9.112872,0.642000,-0.235000,-0.729000,7.802000,45.008000,14.550000,29.38
9.125471,0.660000,-0.214000,-0.750000,7.115000,49.206000,12.061000,29.47
9.133138,0.633000,-0.201000,-0.770000,7.954000,56.336000,9.511000,29.52
9.144930,0.694000,-0.126000,-0.809000,14.198000,61.053000,7.588000,29.52
9.157365,0.683000,-0.342000,-0.821000,17.588000,68.977000,4.641000,29.47
9.164167,0.714000,-0.235000,-0.882000,16.000000,78.000000,1.038000,29.38
9.177870,0.739000,-0.185000,-0.973000,16.687000,98.305000,-2.534000,29.47
9.183672,0.810000,0.042000,-1.005000,21.023000,125.160000,-1.573000,29.42
9.195762,0.672000,-0.063000,-0.969000,18.198000,142.672000,0.885000,29.52
9.202709,0.884000,-0.059000,-0.835000,18.794000,148.061000,0.962000,29.47
9.215168,1.078000,-0.188000,-0.782000,27.725000,145.649000,1.069000,29.38
9.222104,1.046000,-0.220000,-0.825000,36.015000,138.565000,-1.023000,29.42
9.239765,1.285000,-0.295000,-1.019000,33.573000,128.382000,2.366000,29.52
9.246637,0.723000,0.304000,-1.145000,41.176000,105.160000,4.794000,29.47
9.253594,0.382000,0.897000,-1.739000,56.321000,75.985000,-25.450000,29.42
9.268718,-0.263000,1.412000,-1.902000,77.542000,26.840000,-74.702000,29.42
9.272665,-0.095000,0.741000,-1.946000,72.122000,-6.840000,-101.160000,29.42
9.285617,-0.333000,0.222000,-1.806000,57.008000,-57.313000,-77.664000,29.38
9.296820,-0.468000,-0.123000,-1.474000,28.779000,-59.725000,-38.305000,29.47
9.304737,-0.185000,-0.183000,-1.323000,-6.107000,-57.573000,-0.565000,29.42
9.318610,0.151000,-0.055000,-1.195000,-34.992000,-63.450000,26.275000,29.52
9.323029,0.342000,0.100000,-1.070000,-57.542000,-67.481000,37.206000,29.42
9.336485,0.469000,0.263000,-0.934000,-69.145000,-69.481000,34.947000,29.47
9.342724,0.533000,0.287000,-0.846000,-69.618000,-68.473000,22.931000,29.47
9.355358,0.470000,0.304000,-0.826000,-62.076000,-64.779000,4.336000,29.52
9.366828,0.534000,0.187000,-0.793000,-53.542000,-61.359000,-17.252000,29.52
9.376933,0.606000,0.101000,-0.812000,-44.183000,-61.679000,-37.008000,29.47
9.386132,0.644000,0.053000,-0.766000,-30.916000,-66.962000,-52.260000,29.47
9.393042,0.691000,0.052000,-0.753000,-16.519000,-66.519000,-63.053000,29.42
9.409408,0.802000,-0.030000,-0.771000,-9.023000,-68.885000,-73.573000,29.42
9.416948,1.154000,-0.452000,-1.021000,5.221000,-94.595000,-43.282000,29.42
9.424062,0.778000,-0.371000,-0.470000,-3.664000,-103.542000,-34.809000,29.47
9.436180,1.138000,-0.480000,-0.364000,-1.038000,-82.733000,-10.305000,29.38
9.443163,1.104000,-0.618000,-0.314000,-4.779000,-85.099000,10.748000,29.33
9.455837,1.157000,-0.687000,-0.380000,-25.664000,-70.595000,11.878000,29.52
9.469214,1.111000,-0.419000,-0.283000,-30.885000,-63.832000,16.305000,29.47
9.474554,1.103000,-0.335000,-0.240000,-25.954000,-45.969000,21.237000,29.38
9.486282,1.099000,-0.284000,-0.309000,-22.275000,-39.588000,17.634000,29.42
9.493556,1.087000,-0.135000,-0.208000,-1.542000,-26.229000,16.137000,29.42
9.505888,1.140000,-0.278000,-0.191000,7.954000,-6.260000,6.412000,29.47
9.513051,1.185000,-0.198000,-0.347000,6.427000,-0.473000,-9.115000,29.42
9.525389,0.961000,-0.060000,-0.630000,8.183000,-0.443000,-25.115000,29.52
9.532922,0.770000,0.043000,-0.850000,10.092000,-8.046000,-41.679000,29.42
9.544746,0.695000,0.035000,-0.912000,11.557000,-13.817000,-56.351000,29.38
9.556395,0.700000,0.005000,-0.867000,12.595000,-24.824000,-64.229000,29.47
9.563346,0.823000,-0.086000,-0.807000,14.153000,-30.550000,-63.969000,29.42
9.575566,0.816000,-0.213000,-0.747000,13.634000,-38.885000,-55.649000,29.42
9.582684,0.736000,-0.266000,-0.690000,6.519000,-37.878000,-44.748000,29.38
9.595400,0.713000,-0.225000,-0.669000,-0.779000,-39.435000,-34.550000,29.38
9.606935,0.732000,-0.129000,-0.658000,-7.252000,-32.947000,-26.198000,29.38
9.613953,0.797000,-0.048000,-0.648000,-10.214000,-29.420000,-19.267000,29.42
9.625824,0.798000,-0.069000,-0.591000,-11.420000,-26.534000,-14.000000,29.42
9.633135,0.828000,-0.090000,-0.564000,-17.405000,-24.534000,-13.160000,29.38
9.645075,0.789000,-0.063000,-0.537000,-21.466000,-22.137000,-12.260000,29.38
9.656658,0.779000,-0.057000,-0.529000,-22.901000,-17.374000,-11.664000,29.52
9.663765,0.793000,-0.038000,-0.513000,-22.595000,-14.168000,-12.107000,29.42
9.675578,0.809000,-0.006000,-0.526000,-20.840000,-10.809000,-14.015000,29.38
9.683155,0.786000,0.005000,-0.532000,-18.336000,-7.099000,-16.046000,29.47
9.694636,0.699000,-0.021000,-0.553000,-17.435000,-4.885000,-17.099000,29.42
9.706643,0.629000,-0.089000,-0.588000,-21.313000,-4.397000,-18.382000,29.42
9.713580,0.597000,-0.135000,-0.662000,-27.252000,-6.397000,-21.069000,29.38
9.725770,0.653000,-0.181000,-0.698000,-36.427000,-6.565000,-22.519000,29.47
9.733024,0.682000,-0.263000,-0.732000,-43.573000,-20.534000,-21.328000,29.47
9.744568,0.597000,-0.276000,-0.439000,-21.405000,-24.305000,-2.321000,29.52
9.756654,0.738000,-0.615000,-0.248000,-10.443000,-20.107000,14.962000,29.42
9.763717,0.754000,-0.695000,-0.025000,-14.000000,-13.618000,29.466000,29.47
9.776244,0.903000,-0.723000,0.282000,-7.527000,3.771000,44.397000,29.33
9.783305,1.185000,-0.891000,0.779000,3.160000,39.878000,69.832000,29.52
9.795604,1.732000,-1.251000,1.307000,7.328000,78.412000,96.595000,29.42
9.803045,2.437000,-1.393000,1.896000,-7.420000,125.145000,97.740000,29.38
9.818597,4.000000,0.740000,-0.952000,33.542000,79.359000,49.802000,29.47
9.820991,1.851000,0.922000,-0.654000,38.092000,-125.176000,-10.244000,29.42
9.834364,-0.784000,-0.502000,-0.884000,62.565000,-25.664000,43.817000,29.42
9.857290,0.461000,-0.534000,-1.270000,53.847000,30.092000,40.901000,29.47
9.858316,1.022000,-0.244000,-0.623000,44.718000,-11.710000,27.481000,29.38
9.865606,1.087000,-0.436000,-0.902000,22.855000,-0.061000,7.832000,29.42
9.872620,0.547000,-0.328000,-0.811000,13.328000,-5.313000,11.695000,29.33
9.885066,0.748000,0.009000,-0.770000,15.344000,3.053000,6.977000,29.47
9.893935,0.735000,-0.360000,-0.774000,16.809000,-4.351000,4.122000,29.38
9.904938,0.723000,-0.304000,-0.750000,6.397000,-3.939000,0.168000,29.47
9.914174,0.678000,-0.081000,-0.736000,0.046000,-1.344000,-3.221000,29.42
9.924303,0.642000,-0.114000,-0.743000,-1.038000,3.176000,-2.687000,29.52
9.936957,0.653000,-0.098000,-0.739000,1.069000,1.145000,-2.565000,29.38
9.944408,0.622000,-0.079000,-0.760000,4.687000,1.328000,-1.466000,29.47
9.956623,0.664000,-0.111000,-0.750000,5.282000,4.260000,-0.153000,29.42
9.972648,0.725000,-0.125000,-0.726000,3.542000,4.809000,0.153000,29.33
9.976026,0.700000,-0.129000,-0.748000,2.534000,5.695000,0.992000,29.38
9.983397,0.674000,-0.124000,-0.740000,3.328000,5.985000,1.664000,29.42
9.996072,0.705000,-0.182000,-0.760000,0.885000,4.901000,0.855000,29.42
10.003152,0.681000,-0.186000,-0.753000,-2.916000,5.206000,-0.947000,29.42
