# Gait Analysis Data - MPU6050 IMU
# Duration: 10 seconds
# Format: timestamp(s),ax(g),ay(g),az(g),gx(deg/s),gy(deg/s),gz(deg/s),temp(C)
# Note: Document sensor placement (ankle/wrist) separately
timestamp,ax,ay,az,gx,gy,gz,temp
0.000668,0.220000,-0.068000,-1.212000,-89.924000,-75.817000,6.809000,29.19
0.001395,0.287000,-0.092000,-1.183000,-86.672000,-79.481000,7.221000,29.09
0.002307,0.288000,-0.103000,-1.090000,-83.038000,-76.397000,8.061000,29.19
0.003194,0.269000,-0.077000,-0.947000,-77.481000,-74.992000,7.618000,29.14
0.004077,0.265000,-0.037000,-0.838000,-69.069000,-64.748000,6.061000,29.14
0.004943,0.285000,-0.034000,-0.812000,-61.985000,-52.244000,0.885000,29.19
0.005958,0.403000,-0.059000,-0.825000,-61.176000,-37.282000,-7.511000,29.09
0.006994,0.521000,-0.015000,-0.872000,-61.542000,-36.824000,-18.794000,29.19
0.007765,0.629000,-0.016000,-0.896000,-62.519000,-33.618000,-32.031000,29.14
0.008521,0.764000,0.003000,-0.967000,-60.382000,-36.763000,-44.443000,29.24
0.009345,0.974000,-0.053000,-1.033000,-59.038000,-52.901000,-55.863000,29.19
0.010352,0.924000,-0.051000,-0.934000,-50.351000,-75.389000,-64.076000,29.19
0.011236,0.701000,-0.062000,-0.661000,-40.580000,-71.939000,-68.519000,29.24
0.012125,0.605000,-0.116000,-0.574000,-31.710000,-69.176000,-70.107000,29.14
0.013006,0.636000,-0.146000,-0.530000,-30.504000,-50.351000,-68.168000,29.19
0.013896,0.696000,-0.141000,-0.601000,-23.252000,-35.985000,-64.565000,29.19
0.014766,0.653000,-0.150000,-0.568000,-20.809000,-24.107000,-60.015000,29.09
0.015529,0.609000,-0.155000,-0.636000,-18.473000,-11.985000,-54.977000,29.14
0.016290,0.586000,-0.179000,-0.668000,-17.008000,-13.282000,-49.985000,29.14
0.017069,0.600000,-0.201000,-0.713000,-21.374000,2.870000,-43.695000,29.19
0.017906,0.600000,-0.175000,-0.811000,-27.710000,11.542000,-37.450000,29.09
0.018753,0.620000,-0.151000,-0.915000,-27.802000,10.397000,-32.931000,29.14
0.019538,0.554000,-0.095000,-0.940000,-28.092000,0.947000,-30.534000,29.24
0.020381,0.430000,-0.072000,-0.906000,-24.748000,-4.794000,-30.198000,29.09
0.021257,0.341000,-0.074000,-0.884000,-17.527000,-12.305000,-32.626000,29.09
0.021946,0.326000,-0.048000,-0.910000,-13.725000,-5.664000,-35.160000,29.14
0.022623,0.316000,-0.041000,-0.965000,-10.580000,-18.779000,-38.397000,29.24
0.023297,0.253000,-0.057000,-0.961000,-9.420000,-8.611000,-40.718000,29.19
0.023967,0.211000,-0.087000,-0.964000,-6.504000,-20.824000,-42.611000,29.19
0.024644,0.178000,-0.096000,-0.985000,-3.023000,-25.450000,-43.542000,29.09
0.025304,0.145000,-0.176000,-0.976000,0.336000,-13.634000,-44.229000,29.05
0.025964,0.157000,-0.261000,-0.929000,2.015000,-15.115000,-43.252000,29.09
0.026613,0.176000,-0.325000,-0.953000,3.786000,5.221000,-39.252000,29.09
0.027273,0.360000,-0.483000,-1.071000,0.519000,-1.023000,-33.695000,29.19
0.027938,0.527000,-0.552000,-1.051000,-7.802000,-11.878000,-25.786000,29.14
0.028612,0.543000,-0.523000,-1.010000,-11.863000,-29.420000,-16.137000,29.14
0.029208,0.509000,-0.464000,-0.840000,-13.191000,-29.649000,-7.527000,29.09
0.029805,0.476000,-0.393000,-0.707000,-13.206000,-32.351000,-2.321000,29.09
0.030436,0.546000,-0.316000,-0.657000,-13.344000,-25.603000,-1.328000,29.09
0.031036,0.673000,-0.215000,-0.606000,-9.664000,-21.282000,-4.198000,29.14
0.031706,0.754000,-0.089000,-0.539000,-0.214000,-22.015000,-11.176000,29.14
0.032365,0.813000,0.001000,-0.464000,12.733000,-18.489000,-21.679000,29.09
0.032983,0.800000,0.061000,-0.318000,23.496000,-8.748000,-33.832000,29.19
0.033591,0.963000,0.081000,-0.397000,41.649000,2.565000,-42.504000,29.14
0.034191,0.710000,0.029000,0.208000,37.115000,37.893000,-36.931000,29.05
0.034786,1.195000,-0.375000,0.248000,40.840000,91.725000,-30.916000,29.14
0.035390,1.519000,-0.311000,0.673000,28.244000,133.969000,-28.473000,29.19
0.035997,1.945000,-0.695000,1.538000,15.328000,256.290000,-9.099000,29.09
0.036599,0.882000,-0.243000,0.659000,45.863000,211.344000,12.321000,29.14
0.037197,1.201000,-0.129000,-1.922000,119.282000,231.374000,25.450000,29.14
0.037847,0.779000,-0.457000,-1.634000,127.145000,73.969000,29.511000,29.09
0.038495,0.598000,-0.556000,-0.552000,112.427000,76.519000,51.557000,29.19
0.039099,1.357000,-0.788000,-1.233000,65.908000,156.336000,24.656000,29.14
0.039634,1.370000,0.251000,-1.124000,17.008000,128.550000,30.870000,29.05
0.040316,1.952000,0.502000,-1.750000,37.481000,-40.275000,46.779000,29.14
0.041057,1.163000,-0.010000,-0.805000,62.153000,6.580000,48.122000,29.09
0.041647,0.788000,-0.433000,-1.005000,40.183000,-27.359000,45.496000,29.09
0.042228,0.841000,-0.188000,-0.903000,23.038000,-40.595000,35.282000,29.14
0.042783,0.839000,-0.172000,-0.909000,29.588000,-31.008000,22.290000,29.14
0.043357,0.714000,-0.216000,-0.905000,20.458000,-6.916000,13.450000,29.09
0.043919,0.666000,-0.188000,-0.908000,14.000000,-19.130000,8.641000,29.19
0.044460,0.604000,-0.116000,-0.878000,16.809000,-10.137000,5.328000,29.14
0.044985,0.569000,-0.110000,-0.851000,8.336000,2.580000,3.969000,29.05
0.045511,0.518000,-0.042000,-0.838000,4.260000,8.626000,4.122000,29.09
0.046043,0.551000,-0.078000,-0.838000,3.221000,11.145000,4.748000,29.09
0.046581,0.587000,-0.127000,-0.816000,1.649000,15.969000,3.466000,29.09
0.047104,0.585000,-0.140000,-0.819000,1.511000,11.832000,0.992000,29.14
0.047632,0.596000,-0.106000,-0.779000,1.802000,9.695000,0.366000,29.09
0.048158,0.599000,-0.092000,-0.812000,2.092000,6.885000,0.229000,29.19
0.048651,0.566000,-0.083000,-0.832000,0.977000,5.328000,0.855000,29.09
0.049128,0.567000,-0.081000,-0.834000,3.893000,8.794000,1.771000,29.05
0.049608,0.575000,-0.095000,-0.821000,4.000000,2.427000,2.321000,28.95
0.050211,0.572000,-0.097000,-0.806000,5.053000,1.176000,2.504000,29.09
0.050915,0.588000,-0.102000,-0.794000,3.939000,2.061000,2.992000,29.09
0.051429,0.585000,-0.114000,-0.792000,4.962000,-0.504000,2.763000,29.09
0.051923,0.564000,-0.126000,-0.790000,4.290000,-1.298000,2.534000,29.14
0.052426,0.569000,-0.125000,-0.796000,3.893000,-1.542000,2.305000,29.05
0.052946,0.545000,-0.111000,-0.812000,3.344000,-2.336000,2.092000,29.09
0.053426,0.560000,-0.107000,-0.819000,2.870000,-2.260000,2.229000,29.19
0.053910,0.519000,-0.064000,-0.822000,3.023000,-1.282000,3.084000,29.14
0.054394,0.509000,-0.046000,-0.856000,4.962000,0.931000,4.962000,29.14
0.054874,0.539000,-0.073000,-0.873000,7.298000,5.817000,6.824000,29.14
0.055352,0.523000,-0.067000,-0.889000,6.626000,14.229000,7.695000,29.09
0.055836,0.548000,-0.108000,-0.905000,6.366000,22.870000,9.374000,29.19
0.056328,0.446000,-0.023000,-0.977000,5.542000,35.115000,13.023000,29.24
0.056816,0.456000,-0.085000,-1.020000,3.405000,53.237000,16.321000,29.05
0.057300,0.265000,-0.022000,-1.131000,9.237000,63.191000,18.855000,29.19
0.057796,0.471000,-0.062000,-0.986000,5.115000,81.145000,22.321000,29.00
0.058284,0.562000,0.225000,-0.964000,16.489000,104.244000,32.137000,29.05
0.058743,0.537000,-0.072000,-1.042000,38.260000,126.137000,41.817000,29.14
0.059197,0.699000,-0.025000,-1.024000,37.420000,141.985000,51.069000,29.09
0.059659,0.704000,0.002000,-0.988000,32.733000,163.206000,58.336000,29.09
0.060219,0.723000,-0.084000,-0.980000,20.840000,165.160000,68.397000,29.09
0.060851,0.747000,0.037000,-0.963000,12.718000,170.244000,75.435000,29.14
0.061320,0.738000,0.076000,-0.852000,3.634000,160.947000,83.939000,29.14
0.061779,0.658000,0.396000,-1.411000,-0.214000,145.145000,84.046000,29.00
0.062240,0.243000,0.794000,-1.609000,13.695000,70.641000,71.573000,29.19
0.062699,-0.007000,1.052000,-1.645000,19.710000,22.397000,41.237000,29.14
0.063147,0.262000,0.711000,-1.656000,-7.664000,-25.328000,2.702000,29.09
0.063616,-0.068000,0.838000,-1.264000,-21.771000,-57.695000,-20.885000,29.09
0.064084,-0.052000,0.609000,-1.166000,-28.336000,-67.771000,-34.168000,29.09
0.064546,0.057000,0.384000,-1.177000,-39.405000,-82.794000,-42.580000,29.05
0.065015,0.151000,0.249000,-1.153000,-51.359000,-83.145000,-47.160000,29.05
0.065474,0.205000,0.140000,-1.060000,-59.847000,-99.832000,-48.550000,29.09
0.065952,0.250000,-0.028000,-1.078000,-70.565000,-99.985000,-49.282000,29.19
0.066426,0.318000,-0.175000,-1.020000,-76.412000,-108.458000,-49.282000,29.14
0.066892,0.408000,-0.269000,-0.990000,-85.588000,-99.008000,-45.099000,29.14
0.067399,0.490000,-0.352000,-0.952000,-83.725000,-111.237000,-40.443000,29.14
0.067872,0.559000,-0.395000,-0.911000,-80.809000,-115.786000,-36.198000,29.09
0.068341,0.671000,-0.420000,-0.872000,-76.198000,-119.084000,-32.519000,29.19
0.068798,0.796000,-0.461000,-0.821000,-73.908000,-114.229000,-28.916000,29.14
0.069255,0.903000,-0.510000,-0.751000,-72.137000,-113.527000,-27.481000,29.14
0.069719,1.000000,-0.506000,-0.642000,-66.840000,-112.947000,-28.107000,29.09
0.070270,1.120000,-0.513000,-0.531000,-59.313000,-105.573000,-29.847000,29.09
0.070861,1.219000,-0.532000,-0.414000,-48.611000,-111.573000,-35.878000,29.14
0.071320,1.271000,-0.554000,-0.276000,-41.771000,-90.046000,-40.901000,29.14
0.071896,1.267000,-0.526000,-0.143000,-25.038000,-94.427000,-45.435000,29.05
0.072350,1.076000,-0.288000,0.417000,22.412000,-39.450000,-38.977000,29.00
0.072787,1.313000,-0.758000,0.890000,52.076000,14.412000,-36.107000,29.09
0.073221,1.601000,-0.837000,0.750000,32.382000,77.328000,-43.115000,29.14
0.073656,1.754000,-0.714000,0.616000,58.351000,112.534000,-51.176000,29.05
0.074087,1.119000,-0.425000,0.135000,84.168000,85.145000,-48.412000,29.19
0.074536,1.353000,-0.460000,-1.382000,103.405000,105.527000,-41.481000,29.09
0.075093,0.849000,-0.507000,-1.637000,51.664000,7.695000,-17.481000,29.14
0.075559,0.102000,-0.605000,-0.931000,35.802000,-55.115000,11.298000,29.05
0.076004,0.029000,-0.611000,-0.749000,34.534000,-22.000000,20.656000,29.05
0.076428,0.520000,-0.434000,-1.049000,16.229000,35.802000,12.183000,29.19
0.076848,0.760000,-0.125000,-0.861000,5.908000,61.588000,3.191000,29.09
0.077273,0.788000,0.050000,-0.746000,8.809000,57.237000,3.130000,29.14
0.077701,0.886000,0.202000,-0.921000,46.107000,22.992000,-4.000000,29.00
0.078123,0.733000,0.081000,-0.846000,14.885000,13.618000,4.641000,29.09
0.078549,0.610000,0.007000,-0.765000,12.351000,34.702000,4.443000,29.09
0.078975,0.492000,-0.100000,-0.778000,18.748000,26.840000,7.725000,29.05
0.079408,0.431000,-0.150000,-1.209000,1.252000,51.038000,15.282000,29.05
0.079834,0.480000,-0.149000,-0.744000,24.809000,23.649000,12.763000,29.19
0.080261,0.532000,-0.062000,-0.767000,30.595000,32.595000,10.672000,29.09
0.080690,0.610000,-0.066000,-0.771000,27.557000,29.878000,8.321000,29.00
0.081119,1.281000,-0.287000,-1.005000,36.351000,42.901000,27.023000,29.14
0.081532,1.071000,-0.318000,-0.899000,25.527000,-7.588000,8.901000,29.14
0.082034,0.653000,-0.237000,-0.724000,3.756000,7.511000,6.489000,29.09
0.082632,0.514000,-0.173000,-0.847000,4.290000,-6.214000,2.412000,29.19
0.083084,0.505000,-0.166000,-0.812000,2.870000,-1.435000,2.824000,29.14
0.083586,0.615000,-0.118000,-0.798000,-3.252000,2.763000,2.412000,29.14
0.084018,0.662000,-0.122000,-0.800000,-4.901000,3.740000,1.145000,29.09
0.084437,0.672000,-0.129000,-0.778000,-4.015000,7.496000,0.901000,29.09
0.084853,0.638000,-0.118000,-0.803000,1.359000,-3.481000,1.603000,29.05
0.085258,0.613000,-0.136000,-0.802000,0.504000,-2.992000,1.405000,29.05
0.085673,0.625000,-0.165000,-0.804000,-0.458000,-1.756000,0.687000,29.09
0.086089,0.611000,-0.182000,-0.825000,-2.626000,0.183000,-0.885000,29.00
0.086503,0.584000,-0.170000,-0.809000,-5.618000,1.328000,-2.000000,29.05
0.086919,0.576000,-0.137000,-0.802000,-6.382000,2.840000,-2.397000,29.14
0.087327,0.599000,-0.099000,-0.788000,-5.511000,4.397000,-2.198000,29.05
0.087742,0.630000,-0.099000,-0.781000,-5.740000,6.489000,-1.771000,29.09
0.088159,0.598000,-0.102000,-0.780000,-4.229000,4.901000,-1.603000,29.09
0.088589,0.586000,-0.111000,-0.786000,-2.198000,1.389000,-0.947000,29.14
0.089074,0.584000,-0.115000,-0.793000,-1.695000,0.855000,-0.504000,29.09
0.089563,0.595000,-0.126000,-0.792000,-1.893000,2.198000,-0.992000,29.00
0.089992,0.599000,-0.126000,-0.775000,-2.198000,2.763000,-0.840000,29.09
0.090413,0.576000,-0.101000,-0.777000,-1.344000,1.954000,-0.565000,29.05
0.090825,0.577000,-0.108000,-0.781000,0.550000,0.931000,-0.031000,29.14
0.091345,0.589000,-0.146000,-0.791000,0.305000,1.023000,-0.336000,29.09
0.091920,0.574000,-0.158000,-0.810000,-1.847000,2.748000,-1.038000,29.09
0.092393,0.580000,-0.143000,-0.803000,-3.588000,5.542000,-1.649000,29.09
0.092952,0.580000,-0.145000,-0.797000,-4.351000,6.107000,-2.397000,29.14
0.093503,0.556000,-0.123000,-0.784000,-4.611000,5.603000,-2.534000,29.05
0.093969,0.558000,-0.096000,-0.764000,-3.664000,6.107000,-1.557000,29.09
0.094416,0.610000,-0.075000,-0.773000,-0.931000,5.679000,-0.275000,29.19
0.094848,0.651000,-0.104000,-0.793000,0.504000,3.588000,-0.137000,29.05
0.095271,0.621000,-0.135000,-0.804000,-0.336000,1.099000,-0.855000,29.05
0.095718,0.586000,-0.139000,-0.791000,-7.710000,6.305000,-0.290000,29.19
0.096170,0.647000,-0.052000,-0.861000,-18.321000,97.649000,7.878000,29.19
0.096720,0.611000,-0.101000,-0.786000,-19.878000,82.305000,7.069000,29.09
0.097888,0.613000,-0.141000,-0.702000,-13.832000,80.153000,4.748000,29.05
0.098549,0.638000,-0.110000,-0.716000,-7.527000,48.855000,1.924000,29.14
0.099031,0.628000,-0.147000,-0.724000,-10.290000,70.382000,4.931000,29.09
0.099481,0.637000,-0.083000,-0.812000,-9.527000,55.389000,3.908000,29.09
0.099921,0.733000,-0.123000,-0.488000,-21.145000,36.107000,7.084000,29.14
0.100364,0.639000,-0.064000,-0.811000,-39.954000,100.336000,14.107000,29.05
0.101162,0.599000,-0.117000,-0.781000,-1.924000,0.092000,-0.153000,29.00
0.101696,0.591000,-0.129000,-0.798000,-1.893000,-0.412000,-0.321000,29.00
0.102292,0.590000,-0.124000,-0.783000,-1.756000,-1.344000,-0.824000,28.86
0.102757,0.582000,-0.119000,-0.804000,-1.740000,-1.282000,-1.282000,29.05
0.103240,0.583000,-0.122000,-0.803000,-1.695000,-0.977000,-1.618000,29.00
0.103696,0.590000,-0.125000,-0.795000,-2.168000,-1.130000,-2.000000,29.00
0.110768,0.585000,-0.121000,-0.803000,-2.305000,-1.802000,-2.275000,29.05
0.123245,0.582000,-0.117000,-0.796000,-2.137000,-2.229000,-2.198000,28.86
0.130014,0.587000,-0.108000,-0.805000,-1.649000,-3.023000,-2.107000,28.95
0.142204,0.598000,-0.107000,-0.786000,-1.267000,-3.985000,-1.847000,29.00
0.149419,0.594000,-0.110000,-0.802000,-0.855000,-4.763000,-1.710000,29.00
0.161727,0.584000,-0.097000,-0.811000,-0.107000,-4.733000,-1.786000,28.95
0.168778,0.589000,-0.110000,-0.803000,0.183000,-4.076000,-1.374000,28.95
0.181510,0.573000,-0.102000,-0.805000,0.641000,-2.779000,-1.008000,28.91
0.188487,0.577000,-0.102000,-0.807000,0.534000,-1.481000,-1.099000,29.00
0.200828,0.579000,-0.107000,-0.813000,0.595000,0.061000,-0.840000,29.05
0.213232,0.569000,-0.114000,-0.812000,0.351000,1.664000,-0.824000,29.05
0.220244,0.574000,-0.119000,-0.808000,-0.244000,2.656000,-0.901000,29.00
0.232788,0.575000,-0.113000,-0.803000,-0.458000,3.206000,-0.824000,28.91
0.239873,0.568000,-0.104000,-0.810000,-0.611000,3.832000,-0.656000,29.05
0.252250,0.568000,-0.104000,-0.798000,-0.687000,4.702000,-0.458000,28.95
0.259443,0.564000,-0.103000,-0.806000,-0.931000,5.634000,-0.244000,29.00
0.271872,0.542000,-0.069000,-0.828000,-0.947000,7.389000,0.794000,28.91
0.279175,0.547000,-0.084000,-0.808000,-0.397000,9.969000,1.435000,28.95
0.291774,0.565000,-0.118000,-0.820000,-0.580000,11.786000,1.466000,29.05
0.298792,0.556000,-0.093000,-0.836000,-0.641000,15.160000,1.954000,29.00
0.311136,0.553000,-0.087000,-0.856000,-1.313000,20.534000,2.885000,29.00
0.323612,0.579000,-0.058000,-0.858000,-2.244000,28.489000,4.351000,29.00
0.330738,0.536000,0.004000,-0.899000,-1.374000,39.359000,7.969000,28.95
0.343275,0.569000,-0.012000,-0.916000,0.595000,51.038000,10.794000,28.95
0.350365,0.569000,-0.009000,-0.932000,7.573000,60.611000,16.794000,28.91
0.362812,0.574000,0.063000,-0.908000,14.931000,68.565000,23.695000,29.00
0.369848,0.604000,-0.062000,-0.946000,8.305000,74.489000,37.985000,28.95
0.382533,0.638000,0.068000,-0.858000,3.664000,76.916000,49.847000,29.05
0.389376,0.795000,0.054000,-0.936000,-0.641000,83.252000,63.267000,29.00
0.401786,0.748000,0.022000,-0.854000,-4.855000,87.557000,73.725000,29.00
0.409216,0.701000,-0.001000,-0.832000,-5.313000,87.832000,78.855000,29.00
0.421458,0.686000,0.213000,-1.053000,-1.313000,81.740000,78.382000,29.05
0.433828,0.518000,0.622000,-1.161000,10.885000,69.817000,61.679000,28.95
0.440841,0.381000,0.909000,-1.192000,24.351000,57.084000,27.939000,29.00
0.453021,0.538000,0.898000,-1.211000,15.237000,33.695000,-21.206000,29.00
0.460478,0.347000,0.808000,-1.202000,22.809000,10.656000,-49.115000,29.05
0.472154,0.177000,0.611000,-1.141000,26.656000,-0.992000,-68.321000,28.95
0.479405,0.113000,0.438000,-1.141000,26.305000,-10.565000,-79.786000,29.00
0.491659,0.101000,0.296000,-1.183000,20.962000,-13.954000,-84.382000,28.91
0.498594,0.132000,0.185000,-1.220000,14.809000,-19.511000,-85.053000,29.05
0.513523,0.166000,0.095000,-1.227000,11.191000,-28.061000,-83.740000,29.00
0.523030,0.215000,0.024000,-1.229000,11.527000,-39.557000,-80.366000,28.91
0.529733,0.236000,-0.028000,-1.210000,12.244000,-52.962000,-75.893000,28.91
0.542381,0.268000,-0.057000,-1.165000,10.916000,-65.344000,-71.328000,28.95
0.548927,0.306000,-0.056000,-1.100000,7.863000,-72.947000,-65.511000,28.95
0.561052,0.366000,-0.045000,-1.058000,2.473000,-75.527000,-60.198000,29.00
0.573390,0.438000,0.012000,-1.001000,-3.313000,-75.282000,-56.153000,29.00
0.580279,0.489000,0.059000,-0.944000,-7.756000,-74.137000,-54.076000,29.00
0.592701,0.543000,0.102000,-0.881000,-12.336000,-72.550000,-54.076000,29.05
0.599591,0.590000,0.112000,-0.828000,-16.992000,-69.466000,-56.198000,28.95
0.611302,0.678000,0.082000,-0.819000,-23.298000,-66.672000,-58.931000,29.00
0.623201,0.783000,0.033000,-0.791000,-30.519000,-67.573000,-60.519000,28.91
0.635170,0.805000,-0.060000,-0.717000,-36.840000,-69.588000,-61.969000,28.95
0.642225,0.804000,-0.180000,-0.601000,-40.473000,-69.267000,-59.969000,28.95
0.649056,0.812000,-0.312000,-0.479000,-43.313000,-64.092000,-55.160000,29.00
0.660964,0.839000,-0.433000,-0.370000,-45.084000,-54.412000,-48.198000,28.91
0.673088,0.904000,-0.530000,-0.308000,-45.496000,-41.954000,-39.130000,28.95
0.679786,0.937000,-0.624000,-0.254000,-46.214000,-28.977000,-28.779000,28.95
0.692154,1.004000,-0.698000,-0.214000,-47.649000,-18.855000,-18.321000,28.91
0.698840,1.084000,-0.743000,-0.179000,-49.573000,-12.397000,-6.137000,29.00
0.711215,1.102000,-0.752000,-0.130000,-50.855000,-9.649000,5.496000,29.00
0.716914,1.436000,-0.385000,-0.196000,-25.115000,3.817000,17.557000,28.95
0.730611,0.729000,-0.694000,0.616000,33.985000,27.588000,50.565000,29.05
0.745259,1.091000,-1.247000,0.706000,49.985000,72.198000,50.092000,29.00
0.750090,0.993000,-1.018000,0.755000,60.733000,118.931000,53.420000,28.91
0.762438,1.302000,-0.292000,-0.831000,63.359000,142.748000,67.771000,28.86
0.769542,1.810000,0.225000,-1.783000,36.443000,43.038000,28.489000,29.00
0.782126,1.485000,0.263000,-0.854000,59.985000,59.802000,53.771000,29.00
0.788898,1.520000,-0.333000,-1.106000,64.198000,4.916000,45.389000,29.00
0.801462,0.667000,-1.080000,-1.121000,37.802000,-40.397000,24.244000,28.86
0.813488,0.630000,-0.311000,-1.013000,19.145000,-47.679000,13.649000,28.95
0.820878,0.630000,0.062000,-0.811000,12.214000,-25.405000,6.794000,28.91
0.833098,0.696000,-0.184000,-0.901000,15.496000,-23.237000,7.023000,29.00
0.839999,0.701000,-0.100000,-0.756000,9.420000,-11.878000,8.550000,29.05
0.852616,0.707000,-0.209000,-0.820000,5.374000,-17.710000,4.351000,28.95
0.859686,0.616000,-0.108000,-0.840000,5.664000,-14.305000,3.725000,29.00
0.872030,0.594000,-0.140000,-0.841000,5.664000,-8.595000,2.611000,28.91
0.879723,0.592000,-0.148000,-0.835000,2.916000,-4.992000,1.023000,29.05
0.891959,0.583000,-0.082000,-0.819000,0.336000,-3.985000,0.336000,29.05
0.898914,0.614000,-0.087000,-0.814000,0.168000,-4.519000,0.092000,28.95
0.911317,0.580000,-0.096000,-0.820000,1.176000,-3.618000,0.107000,29.09
0.918829,0.571000,-0.085000,-0.830000,2.580000,-1.679000,0.214000,29.00
0.930808,0.577000,-0.110000,-0.820000,2.046000,2.198000,0.198000,28.86
0.936974,0.584000,-0.097000,-0.833000,0.351000,4.305000,0.641000,28.95
0.951117,0.576000,-0.099000,-0.823000,-1.405000,5.771000,0.840000,29.00
0.963265,0.564000,-0.106000,-0.815000,-1.908000,5.985000,0.885000,29.00
0.970660,0.570000,-0.099000,-0.794000,-0.947000,5.115000,0.809000,29.05
0.983141,0.577000,-0.104000,-0.799000,-0.519000,3.466000,0.718000,28.91
0.990253,0.558000,-0.094000,-0.806000,-0.336000,3.023000,0.565000,29.00
1.003063,0.560000,-0.088000,-0.811000,-0.275000,3.542000,0.672000,28.91
1.010308,0.579000,-0.097000,-0.798000,0.046000,3.374000,0.779000,28.95
1.022277,0.572000,-0.095000,-0.812000,0.748000,1.679000,0.885000,29.05
1.029595,0.580000,-0.095000,-0.802000,1.817000,-0.061000,0.977000,29.00
1.042116,0.571000,-0.098000,-0.796000,2.397000,-0.947000,0.427000,28.91
1.049055,0.561000,-0.110000,-0.813000,2.397000,-1.756000,0.122000,29.00
1.061595,0.570000,-0.097000,-0.788000,2.214000,-2.473000,0.092000,28.95
1.068764,0.576000,-0.090000,-0.803000,2.198000,-3.664000,0.046000,28.95
1.081439,0.565000,-0.093000,-0.805000,2.183000,-4.733000,-0.092000,29.00
1.088204,0.581000,-0.113000,-0.802000,2.321000,-5.252000,0.046000,28.91
1.100884,0.589000,-0.115000,-0.817000,1.924000,-5.023000,-0.687000,28.95
1.113154,0.566000,-0.108000,-0.846000,2.137000,-2.733000,-1.573000,28.86
1.120201,0.548000,-0.109000,-0.846000,3.710000,0.229000,-0.595000,29.00
1.133011,0.559000,-0.096000,-0.832000,1.679000,8.260000,0.473000,29.00
1.140360,0.553000,-0.091000,-0.846000,2.427000,7.450000,1.573000,28.95
1.152790,0.536000,-0.122000,-0.836000,2.489000,12.489000,2.809000,28.95
1.159813,0.540000,-0.134000,-0.841000,1.374000,15.160000,3.863000,28.91
1.172284,0.528000,-0.073000,-0.854000,1.191000,22.687000,5.084000,28.91
1.179507,0.530000,-0.107000,-0.876000,0.412000,30.153000,6.840000,28.95
1.192140,0.505000,-0.100000,-0.903000,-0.397000,41.267000,7.908000,29.00
1.199136,0.485000,-0.054000,-0.939000,0.718000,54.183000,10.565000,28.91
1.211554,0.475000,0.044000,-0.965000,6.137000,65.359000,16.244000,29.00
1.218607,0.381000,0.005000,-0.974000,11.786000,71.618000,23.389000,28.95
1.231039,0.532000,0.116000,-0.954000,23.008000,91.511000,30.061000,28.95
1.243269,0.470000,0.090000,-1.083000,43.160000,110.977000,39.481000,28.91
1.250547,0.498000,-0.055000,-1.081000,37.756000,129.649000,53.176000,29.00
1.262595,0.696000,0.139000,-1.118000,36.489000,152.992000,63.145000,28.91
1.270009,0.811000,0.211000,-1.105000,46.397000,164.840000,70.031000,28.95
1.282082,0.754000,0.003000,-1.154000,54.244000,165.344000,79.099000,28.95
1.289181,0.604000,0.187000,-1.125000,62.366000,166.855000,80.992000,29.00
1.301566,0.397000,0.615000,-1.696000,74.031000,140.153000,77.511000,29.00
1.308655,-0.177000,0.952000,-2.020000,67.237000,104.366000,60.229000,28.95
1.320662,-0.448000,1.196000,-2.119000,42.962000,59.740000,36.931000,28.95
1.332969,-0.701000,1.307000,-2.144000,28.031000,31.802000,21.069000,28.91
1.340263,-0.621000,1.137000,-2.219000,-0.641000,-3.252000,2.855000,29.00
1.352447,-0.367000,0.964000,-2.069000,-25.542000,-47.649000,-4.611000,28.95
1.359652,-0.252000,0.714000,-1.805000,-46.427000,-76.718000,-2.519000,28.95
1.371624,0.097000,0.491000,-1.637000,-71.282000,-95.618000,2.931000,29.09
1.378722,0.283000,0.425000,-1.351000,-86.092000,-106.275000,8.962000,29.00
1.390702,0.334000,0.376000,-1.039000,-89.328000,-106.870000,12.031000,28.95
1.402839,0.418000,0.305000,-0.827000,-90.595000,-94.977000,11.863000,29.05
1.409943,0.555000,0.279000,-0.748000,-88.397000,-80.351000,8.885000,29.00
1.423232,0.621000,0.267000,-0.696000,-82.824000,-67.481000,2.565000,29.09
1.430219,0.628000,0.236000,-0.642000,-74.229000,-54.763000,-7.527000,29.05
1.445093,0.585000,0.244000,-0.595000,-61.237000,-42.824000,-20.076000,29.05
1.453199,0.473000,0.320000,-0.622000,-43.038000,-29.237000,-35.359000,28.91
1.460170,0.497000,0.308000,-0.797000,-25.099000,-16.076000,-54.977000,28.91
1.472271,0.621000,0.279000,-0.985000,-10.641000,-15.878000,-75.374000,29.00
1.479226,0.705000,0.224000,-1.086000,0.244000,-27.939000,-92.977000,28.95
1.491511,0.710000,0.174000,-1.088000,8.718000,-44.550000,-107.008000,28.95
1.498419,0.687000,0.108000,-1.047000,14.229000,-58.489000,-116.611000,28.91
1.510664,0.679000,0.052000,-0.997000,17.221000,-63.863000,-122.229000,29.00
1.522459,0.702000,0.007000,-0.964000,18.901000,-63.725000,-124.046000,28.95
1.529309,0.746000,-0.054000,-0.962000,18.733000,-61.298000,-122.763000,29.05
1.541489,1.388000,0.059000,-0.980000,43.893000,-47.725000,-110.473000,29.00
1.548230,0.721000,-0.285000,-0.072000,77.847000,-23.282000,-80.992000,28.91
1.560759,1.112000,-0.923000,-0.231000,75.679000,0.031000,-84.229000,28.95
1.573184,1.311000,-0.645000,-0.545000,50.763000,17.832000,-85.771000,29.05
1.580088,1.357000,-0.498000,-1.057000,17.664000,8.244000,-80.519000,29.00
1.591992,1.260000,-0.374000,-1.283000,-22.397000,-33.481000,-81.969000,29.00
1.598732,1.051000,-0.072000,-1.024000,-25.008000,-59.221000,-77.008000,28.95
1.610944,0.685000,-0.110000,-0.671000,-0.947000,-68.611000,-68.962000,29.05
1.623397,0.602000,-0.320000,-0.560000,6.321000,-62.000000,-67.969000,29.00
1.630171,0.686000,-0.324000,-0.593000,1.481000,-53.725000,-64.443000,29.00
1.642341,0.742000,-0.310000,-0.638000,-4.748000,-51.511000,-56.550000,29.05
1.649119,0.716000,-0.267000,-0.635000,-8.916000,-52.748000,-47.160000,28.95
1.661324,0.667000,-0.241000,-0.613000,-13.847000,-53.069000,-39.420000,29.00
1.673319,0.636000,-0.204000,-0.570000,-21.466000,-51.038000,-33.740000,29.00
1.679985,0.648000,-0.203000,-0.552000,-30.519000,-47.786000,-30.107000,29.09
1.692170,0.710000,-0.251000,-0.573000,-41.878000,-46.824000,-27.710000,28.95
1.698801,0.780000,-0.360000,-0.546000,-57.466000,-53.038000,-27.939000,28.95
1.711043,0.816000,-0.417000,-0.459000,-69.344000,-62.702000,-27.573000,29.00
1.723097,1.079000,-0.805000,0.196000,-32.061000,-58.137000,-10.534000,28.91
1.730258,0.939000,-1.000000,0.617000,-4.275000,-28.901000,8.260000,28.95
1.742809,1.249000,-1.493000,0.898000,1.740000,21.679000,22.977000,29.05
1.749832,1.517000,-1.464000,1.404000,15.099000,72.962000,42.916000,29.09
1.761992,2.227000,-1.901000,2.300000,32.015000,130.489000,69.252000,29.00
1.769542,1.634000,-3.325000,2.709000,67.969000,249.588000,118.076000,29.05
1.781374,2.962000,0.013000,-1.728000,34.779000,282.626000,57.435000,28.95
1.788338,4.000000,1.107000,-1.733000,124.260000,-106.824000,54.183000,29.00
1.800302,-0.471000,-1.277000,-0.741000,115.466000,-43.221000,83.267000,29.00
1.812408,1.317000,-1.314000,-2.094000,44.290000,-72.000000,28.336000,28.95
1.819581,0.651000,-0.281000,-0.777000,26.473000,-41.084000,3.939000,28.91
1.831714,0.650000,-0.112000,-0.812000,23.328000,-64.473000,-1.450000,28.91
1.839204,0.665000,-0.046000,-0.826000,6.992000,-7.908000,2.672000,29.00
1.851514,0.645000,-0.219000,-0.803000,1.115000,8.779000,-0.382000,28.86
1.858481,0.647000,-0.037000,-0.818000,-9.725000,15.115000,-0.321000,28.95
1.870963,0.591000,-0.003000,-0.860000,-4.412000,7.282000,1.786000,29.00
1.878506,0.580000,-0.061000,-0.860000,1.725000,1.664000,1.771000,28.91
1.890865,0.563000,-0.066000,-0.854000,5.435000,6.046000,2.763000,28.95
1.903218,0.560000,-0.073000,-0.855000,7.084000,9.450000,4.137000,29.05
1.910529,0.556000,-0.105000,-0.839000,5.389000,12.275000,4.733000,28.95
1.922977,0.565000,-0.160000,-0.821000,2.489000,13.847000,3.847000,29.00
1.930250,0.566000,-0.151000,-0.817000,0.122000,16.840000,2.275000,29.09
1.942551,0.556000,-0.100000,-0.809000,-0.763000,17.893000,1.954000,28.95
1.949683,0.562000,-0.110000,-0.798000,-0.458000,14.824000,2.031000,29.05
1.961921,0.553000,-0.111000,-0.788000,-0.733000,10.519000,1.588000,28.91
1.969274,0.559000,-0.058000,-0.778000,0.443000,6.779000,1.939000,29.00
1.982206,0.579000,-0.055000,-0.771000,1.420000,5.847000,3.802000,28.95
1.989294,0.583000,-0.059000,-0.768000,2.489000,4.290000,5.573000,29.05
2.001750,0.580000,-0.068000,-0.772000,4.305000,1.130000,6.656000,29.00
2.009227,0.573000,-0.114000,-0.783000,6.412000,-2.565000,7.160000,29.00
2.021593,0.516000,-0.075000,-0.813000,6.565000,-4.290000,6.550000,28.95
2.028500,0.545000,-0.139000,-0.824000,4.244000,-1.985000,6.046000,29.00
2.040995,0.489000,-0.080000,-0.810000,2.824000,-0.168000,5.252000,29.09
2.048190,0.479000,-0.100000,-0.874000,1.466000,3.802000,6.351000,29.00
2.060744,0.599000,-0.170000,-0.820000,-0.031000,8.244000,6.901000,28.95
2.073332,0.578000,-0.108000,-0.836000,0.244000,11.985000,7.038000,29.05
2.080753,0.600000,-0.007000,-0.840000,3.466000,14.840000,11.389000,28.91
2.092764,0.564000,-0.020000,-0.859000,7.618000,16.916000,16.290000,28.91
2.099708,0.516000,-0.019000,-0.872000,13.786000,20.015000,22.183000,29.05
2.112223,0.478000,-0.101000,-0.880000,13.023000,26.168000,26.458000,28.95
2.119319,0.610000,-0.229000,-0.844000,10.733000,33.985000,25.542000,29.00
2.131490,0.545000,-0.140000,-0.836000,11.710000,45.847000,23.527000,29.00
2.138461,0.479000,-0.250000,-0.964000,9.603000,64.397000,22.580000,28.91
2.151087,0.410000,0.142000,-1.161000,13.466000,89.221000,26.840000,28.95
2.163183,0.628000,-0.109000,-1.075000,19.832000,121.908000,36.351000,28.95
2.170222,0.452000,0.121000,-1.199000,64.366000,159.557000,46.672000,29.00
2.182598,0.776000,0.205000,-1.082000,72.626000,201.817000,64.336000,29.00
2.190683,0.782000,0.216000,-1.090000,84.702000,227.053000,81.924000,28.95
2.201814,0.878000,0.201000,-1.152000,102.733000,206.031000,96.534000,29.05
2.208747,0.957000,-0.083000,-1.131000,108.550000,213.740000,106.198000,29.00
2.220700,0.957000,-0.010000,-1.060000,120.916000,226.580000,107.344000,29.00
2.241282,1.064000,0.056000,-1.365000,122.794000,231.557000,113.374000,28.95
2.244197,1.113000,0.094000,-1.571000,104.534000,235.328000,111.878000,29.00
2.251771,1.094000,0.185000,-1.423000,104.427000,195.496000,115.389000,29.00
2.258833,0.804000,0.913000,-2.046000,105.634000,145.740000,69.985000,29.00
2.271414,0.206000,1.669000,-2.052000,94.672000,77.634000,-5.099000,28.95
2.278386,0.134000,1.648000,-1.733000,83.679000,62.427000,-79.176000,28.95
2.290249,-0.021000,1.083000,-1.846000,76.580000,23.847000,-103.252000,28.91
2.302537,-0.244000,0.638000,-1.566000,54.748000,18.412000,-103.130000,29.00
2.309287,-0.253000,0.324000,-1.437000,42.198000,-43.252000,-97.710000,29.05
2.321921,-0.204000,0.159000,-1.379000,11.847000,-56.275000,-76.931000,29.05
2.328662,-0.134000,0.070000,-1.279000,-10.076000,-58.794000,-53.756000,29.00
2.340303,-0.068000,0.033000,-1.195000,-26.031000,-67.267000,-33.344000,29.00
2.352513,0.069000,0.014000,-1.135000,-38.076000,-73.893000,-18.733000,28.91
2.361420,0.215000,0.038000,-1.110000,-44.656000,-86.992000,-9.115000,28.95
2.371513,0.315000,0.053000,-1.064000,-48.092000,-102.153000,-4.443000,28.95
2.379261,0.408000,0.069000,-1.024000,-50.611000,-110.626000,-2.595000,28.91
2.390937,0.561000,0.077000,-1.027000,-55.053000,-116.595000,-2.962000,29.00
2.402713,0.674000,0.130000,-1.008000,-58.351000,-123.145000,-5.847000,28.95
2.409612,0.733000,0.179000,-0.946000,-59.420000,-127.053000,-12.962000,28.95
2.421449,0.818000,0.204000,-0.921000,-59.160000,-127.450000,-23.908000,29.00
2.430424,0.930000,0.203000,-0.922000,-59.511000,-129.939000,-39.969000,29.00
2.440541,1.017000,0.228000,-0.915000,-57.450000,-134.031000,-60.076000,28.95
2.452517,1.047000,0.231000,-0.883000,-52.458000,-138.137000,-81.573000,28.95
2.459847,1.058000,0.222000,-0.833000,-45.847000,-139.130000,-101.649000,29.05
2.473810,1.097000,0.213000,-0.815000,-36.962000,-137.191000,-119.435000,29.00
2.483299,1.113000,0.167000,-0.784000,-27.756000,-134.504000,-135.603000,29.00
2.491250,1.121000,0.059000,-0.749000,-19.221000,-130.137000,-149.496000,28.95
2.501777,1.126000,-0.068000,-0.710000,-9.725000,-128.656000,-156.580000,29.00
2.508595,1.143000,-0.193000,-0.682000,-3.985000,-120.550000,-155.115000,29.00
2.520519,1.147000,-0.271000,-0.672000,0.702000,-115.786000,-147.710000,29.00
2.534221,1.131000,-0.327000,-0.639000,2.748000,-107.634000,-135.710000,28.95
2.541896,1.121000,-0.370000,-0.608000,2.534000,-95.328000,-119.542000,28.95
2.551494,1.151000,-0.406000,-0.620000,-1.496000,-87.374000,-100.931000,29.00
2.561240,1.129000,-0.437000,-0.615000,-10.763000,-83.176000,-81.756000,28.91
2.573136,1.062000,-0.446000,-0.601000,-22.061000,-80.977000,-63.679000,28.95
2.582429,1.005000,-0.412000,-0.581000,-32.718000,-75.817000,-46.489000,28.95
2.589381,0.974000,-0.362000,-0.591000,-40.901000,-67.252000,-31.817000,28.91
2.601155,1.027000,-0.308000,-0.599000,-49.160000,-60.000000,-19.679000,29.00
2.606994,1.122000,-0.299000,-0.611000,-58.046000,-56.702000,-12.000000,28.95
2.620229,1.133000,-0.271000,-0.572000,-65.695000,-57.695000,-8.336000,28.95
2.632407,1.115000,-0.272000,-0.499000,-71.802000,-59.405000,-8.107000,29.00
2.640898,1.044000,-0.284000,-0.405000,-75.008000,-57.939000,-11.420000,29.00
2.651349,1.004000,-0.284000,-0.322000,-71.878000,-52.763000,-17.023000,29.05
2.663244,0.997000,-0.295000,-0.289000,-62.992000,-44.885000,-22.687000,28.95
2.670142,1.035000,-0.332000,-0.262000,-52.397000,-35.893000,-28.840000,28.95
2.682274,1.102000,-0.390000,-0.265000,-41.924000,-27.817000,-36.229000,28.91
2.689148,1.183000,-0.433000,-0.235000,-31.466000,-21.298000,-42.580000,29.00
2.701100,1.221000,-0.468000,-0.188000,-20.504000,-14.382000,-47.878000,28.86
2.717614,1.222000,-0.515000,-0.104000,-11.023000,-7.389000,-50.992000,29.00
2.720069,1.184000,-0.578000,-0.019000,-4.550000,-0.076000,-51.878000,29.00
2.732480,1.201000,-0.677000,-0.038000,-5.420000,5.786000,-49.206000,29.00
2.739337,1.185000,-0.723000,-0.046000,-11.756000,9.588000,-43.924000,28.95
2.751534,1.131000,-0.705000,-0.019000,-15.618000,12.901000,-33.740000,28.95
2.758594,1.148000,-0.710000,0.487000,33.710000,33.405000,-9.710000,29.00
2.776311,1.155000,-1.071000,0.652000,62.885000,71.176000,17.267000,28.91
2.783310,1.437000,-1.310000,0.706000,78.366000,115.695000,36.183000,28.95
2.790208,0.787000,-1.146000,0.695000,104.641000,148.809000,49.099000,28.95
2.802507,1.046000,-0.215000,-1.237000,99.618000,159.756000,52.672000,29.00
2.811783,0.932000,0.251000,-1.950000,89.893000,68.504000,50.275000,28.91
2.822238,0.833000,-0.035000,-0.870000,80.321000,73.863000,29.618000,28.95
2.831833,1.111000,-0.319000,-0.828000,82.519000,161.756000,39.313000,28.95
2.841257,1.822000,-0.911000,-1.419000,85.679000,20.168000,50.992000,28.95
2.851426,1.054000,-1.116000,-1.137000,47.389000,-16.977000,41.908000,29.00
2.861409,0.702000,-0.050000,-1.075000,29.893000,-38.412000,19.557000,29.00
2.872623,0.578000,-0.290000,-0.912000,21.557000,-40.748000,14.076000,28.95
2.880139,0.818000,-0.223000,-0.837000,9.191000,-24.366000,7.725000,28.95
2.892853,0.770000,-0.136000,-0.814000,11.267000,-32.870000,0.641000,29.00
2.899408,0.640000,-0.071000,-0.872000,5.771000,-20.779000,0.611000,28.91
2.912108,0.618000,-0.055000,-0.871000,6.031000,-15.099000,1.389000,29.05
2.919300,0.588000,-0.080000,-0.874000,6.458000,-4.992000,2.794000,29.00
2.931594,0.577000,-0.064000,-0.839000,6.092000,-6.183000,3.557000,28.91
2.945591,0.559000,-0.085000,-0.844000,4.489000,5.649000,4.000000,29.00
2.951103,0.551000,-0.079000,-0.838000,6.748000,4.366000,3.847000,29.05
2.958255,0.540000,-0.095000,-0.846000,5.756000,4.290000,3.298000,29.05
2.970722,0.542000,-0.088000,-0.837000,4.901000,8.656000,2.718000,29.00
2.976752,0.562000,-0.080000,-0.816000,5.450000,6.580000,2.672000,29.00
2.991130,0.558000,-0.078000,-0.815000,6.260000,6.519000,3.038000,29.00
3.003315,0.544000,-0.070000,-0.821000,7.771000,4.229000,4.122000,28.95
3.010666,0.550000,-0.066000,-0.799000,8.046000,5.466000,5.664000,28.95
3.023187,0.536000,-0.049000,-0.810000,9.710000,5.191000,7.481000,28.91
3.030364,0.573000,-0.140000,-0.827000,7.298000,5.313000,7.237000,29.00
3.043951,0.528000,-0.038000,-0.790000,7.969000,2.718000,6.733000,28.95
3.050831,0.501000,-0.083000,-0.836000,7.771000,1.603000,7.496000,28.86
3.063198,0.562000,-0.146000,-0.790000,6.046000,5.389000,6.168000,29.00
3.070948,0.563000,-0.134000,-0.799000,4.916000,6.275000,4.931000,28.91
3.082785,0.548000,-0.114000,-0.827000,4.412000,6.412000,4.198000,29.05
3.090282,0.552000,-0.148000,-0.853000,5.481000,3.313000,4.687000,28.95
3.102874,0.528000,-0.115000,-0.827000,3.008000,12.290000,5.008000,29.00
3.110113,0.576000,-0.122000,-0.823000,2.824000,13.557000,5.191000,28.91
3.122327,0.541000,-0.084000,-0.842000,2.901000,10.031000,6.275000,29.05
3.129937,0.547000,-0.077000,-0.857000,4.855000,12.824000,8.550000,28.95
3.142111,0.522000,-0.097000,-0.895000,4.809000,20.290000,10.092000,29.00
3.149467,0.478000,-0.103000,-0.918000,5.557000,28.031000,12.947000,29.00
3.161484,0.486000,-0.138000,-0.878000,4.504000,36.412000,14.779000,29.05
3.169127,0.502000,-0.182000,-0.887000,1.450000,39.237000,15.038000,28.95
3.180828,0.557000,-0.161000,-0.911000,9.298000,41.481000,14.153000,28.91
3.193361,0.584000,-0.193000,-0.856000,6.809000,55.130000,13.466000,29.00
3.200465,0.427000,0.086000,-1.186000,13.237000,76.672000,14.321000,29.00
3.212924,0.318000,0.055000,-1.316000,39.298000,113.573000,18.534000,28.86
3.221606,0.492000,0.153000,-1.161000,55.679000,166.336000,32.824000,28.95
3.232214,0.521000,0.102000,-1.338000,77.878000,210.290000,46.901000,28.91
3.241418,0.770000,0.189000,-1.259000,90.229000,246.473000,58.595000,29.00
3.250926,0.800000,0.156000,-1.426000,113.115000,270.580000,68.550000,28.95
3.263176,0.740000,-0.050000,-1.371000,124.183000,296.031000,78.947000,28.95
3.270168,0.829000,-0.131000,-1.574000,113.420000,326.641000,84.443000,28.91
3.282290,1.238000,-0.333000,-1.805000,64.366000,325.206000,81.450000,29.00
3.289539,1.066000,0.095000,-1.454000,61.542000,316.229000,85.527000,28.95
3.301618,0.839000,0.458000,-1.816000,81.069000,288.656000,66.290000,29.05
3.308834,0.439000,0.895000,-2.494000,85.847000,179.282000,30.931000,29.00
3.320969,-0.375000,1.043000,-2.170000,75.099000,101.496000,-11.084000,29.00
3.333090,-0.713000,0.896000,-2.318000,40.779000,29.542000,-28.244000,28.95
3.340312,-1.259000,0.765000,-1.868000,5.634000,-21.374000,-28.656000,29.00
3.352237,-1.152000,0.442000,-1.919000,-40.870000,-60.565000,-14.275000,28.91
3.359178,-0.916000,0.338000,-1.829000,-79.053000,-96.336000,11.084000,29.00
3.370882,-0.628000,0.293000,-1.673000,-103.344000,-129.145000,32.641000,28.95
3.382923,-0.304000,0.277000,-1.521000,-117.969000,-153.038000,43.191000,28.95
3.389714,0.001000,0.281000,-1.375000,-126.321000,-169.298000,41.298000,28.91
3.402119,0.331000,0.323000,-1.294000,-127.786000,-178.718000,29.099000,28.91
3.409025,0.625000,0.368000,-1.265000,-120.092000,-183.756000,11.298000,28.95
3.421102,0.882000,0.336000,-1.262000,-110.397000,-184.260000,-10.076000,28.95
3.432852,1.125000,0.251000,-1.270000,-107.557000,-185.710000,-30.611000,29.00
3.439452,1.212000,0.195000,-1.157000,-106.046000,-189.725000,-49.481000,28.91
3.451348,1.164000,0.115000,-0.970000,-97.405000,-196.244000,-66.626000,28.95
3.463263,1.079000,0.008000,-0.875000,-91.679000,-169.176000,-79.405000,28.95
3.470119,1.079000,-0.104000,-0.898000,-80.168000,-159.496000,-87.908000,29.05
3.482263,1.064000,-0.189000,-0.930000,-69.725000,-150.061000,-91.756000,28.91
3.488727,1.041000,-0.272000,-0.921000,-61.496000,-140.992000,-91.771000,28.91
3.500750,1.019000,-0.340000,-0.894000,-56.321000,-135.450000,-83.664000,28.95
3.512725,0.937000,-0.384000,-0.845000,-55.878000,-128.229000,-70.031000,29.05
3.519753,0.854000,-0.396000,-0.795000,-58.061000,-117.511000,-54.763000,29.00
3.531463,0.803000,-0.381000,-0.745000,-61.053000,-103.496000,-39.542000,29.00
3.537453,1.022000,0.047000,-0.841000,-26.382000,-71.252000,-28.992000,29.05
3.551023,0.941000,-0.562000,0.058000,1.023000,-32.534000,12.412000,28.91
3.563060,1.055000,-0.981000,-0.385000,-11.481000,15.252000,11.634000,28.91
3.570328,1.306000,-0.598000,-0.715000,-49.115000,27.756000,4.916000,28.91
3.582717,1.316000,-0.419000,-0.897000,-71.130000,7.435000,2.748000,28.95
3.589408,1.114000,-0.287000,-0.902000,-87.786000,-5.237000,-0.626000,28.86
3.601861,1.057000,-0.230000,-0.899000,-90.015000,-26.427000,-4.534000,28.91
3.607601,0.958000,-0.206000,-0.797000,-84.595000,-48.977000,-7.145000,28.91
3.620596,0.842000,-0.240000,-0.695000,-74.260000,-63.511000,-8.153000,28.95
3.632504,0.777000,-0.291000,-0.638000,-71.130000,-69.313000,-10.214000,28.95
3.639495,0.788000,-0.354000,-0.640000,-73.985000,-68.397000,-9.160000,28.91
3.651459,0.853000,-0.383000,-0.621000,-77.908000,-68.244000,-7.771000,28.91
3.658567,0.884000,-0.383000,-0.587000,-77.893000,-66.901000,-3.756000,28.95
3.670538,0.925000,-0.380000,-0.560000,-77.191000,-65.298000,-0.260000,28.95
3.682762,1.042000,-0.421000,-0.546000,-81.969000,-65.817000,0.000000,28.91
3.689789,1.059000,-0.378000,-0.443000,-84.046000,-70.046000,-3.267000,29.00
3.701925,1.062000,-0.293000,-0.312000,-77.359000,-70.198000,-8.305000,28.91
3.708761,1.092000,-0.270000,-0.197000,-62.870000,-62.779000,-15.863000,29.05
3.720774,1.132000,-0.283000,-0.109000,-46.901000,-52.809000,-24.672000,28.95
3.732823,1.191000,-0.340000,0.112000,-14.015000,-31.786000,-26.397000,28.91
3.739887,1.293000,-0.503000,0.137000,8.107000,-7.389000,-30.595000,28.91
3.752379,1.439000,-0.627000,0.133000,16.366000,17.313000,-32.947000,29.05
3.759523,1.522000,-0.690000,0.205000,27.634000,32.565000,-30.198000,29.00
3.771778,1.472000,-0.691000,0.324000,45.786000,51.176000,-23.160000,29.00
3.778793,1.426000,-0.723000,0.304000,70.641000,73.237000,-19.069000,29.00
3.790810,1.463000,-0.865000,0.485000,106.183000,90.656000,-19.725000,28.86
3.802934,1.349000,-1.001000,0.709000,147.588000,114.641000,-30.519000,28.95
3.809903,0.659000,-0.775000,-0.063000,154.534000,151.802000,-37.389000,29.09
3.821796,0.618000,-0.505000,-1.839000,141.191000,114.641000,-27.221000,29.00
3.828546,-0.047000,-0.898000,-1.214000,116.626000,103.496000,26.626000,28.95
3.840918,0.281000,-1.012000,-0.768000,91.008000,152.534000,55.679000,28.95
3.852900,1.048000,-0.474000,-0.839000,79.710000,185.832000,49.252000,29.00
3.860460,3.053000,0.328000,-2.022000,95.023000,58.977000,73.038000,28.91
3.872456,2.006000,-1.253000,-1.042000,42.489000,0.916000,35.328000,28.95
3.879746,0.636000,-0.854000,-1.122000,21.374000,-18.611000,24.031000,28.95
3.891767,0.476000,-0.059000,-0.961000,21.435000,-59.282000,5.908000,28.91
3.898671,0.758000,-0.171000,-0.844000,16.061000,-30.198000,2.824000,29.00
3.911493,0.740000,-0.277000,-0.816000,3.405000,-25.282000,1.328000,29.09
3.923539,0.623000,-0.126000,-0.818000,2.519000,-26.763000,-1.756000,28.95
3.930344,0.631000,-0.043000,-0.816000,-0.656000,-26.794000,-0.092000,28.95
3.942809,0.644000,-0.019000,-0.816000,5.863000,-11.832000,3.725000,29.00
3.949749,0.588000,-0.004000,-0.822000,8.504000,-0.122000,7.466000,29.00
3.962548,0.569000,-0.098000,-0.832000,8.122000,5.328000,7.939000,29.05
3.970112,0.583000,-0.124000,-0.849000,6.763000,2.107000,6.183000,29.00
3.982231,0.550000,-0.124000,-0.849000,5.023000,1.282000,4.550000,28.81
3.989743,0.597000,-0.142000,-0.833000,5.145000,2.534000,3.954000,28.91
4.002154,0.585000,-0.137000,-0.821000,5.573000,-1.679000,2.840000,28.95
4.009427,0.565000,-0.114000,-0.816000,4.473000,0.977000,2.611000,28.95
4.021743,0.583000,-0.108000,-0.816000,3.069000,2.855000,3.298000,28.91
4.029074,0.579000,-0.107000,-0.807000,2.137000,4.840000,3.603000,28.91
4.041757,0.562000,-0.089000,-0.812000,2.489000,6.458000,4.183000,29.05
4.048976,0.568000,-0.100000,-0.805000,3.557000,5.374000,4.656000,29.05
4.061563,0.565000,-0.100000,-0.803000,4.137000,2.702000,4.076000,29.00
4.068787,0.556000,-0.102000,-0.802000,4.580000,-0.046000,3.832000,28.91
4.081413,0.553000,-0.081000,-0.774000,5.115000,-0.641000,3.328000,28.86
4.088433,0.522000,-0.063000,-0.817000,5.389000,0.947000,2.519000,29.05
4.101078,0.533000,-0.110000,-0.828000,4.748000,3.450000,2.809000,29.00
4.108206,0.524000,-0.104000,-0.806000,4.015000,5.832000,3.176000,29.00
4.120714,0.514000,-0.123000,-0.830000,3.282000,7.817000,3.145000,28.95
4.126617,0.534000,-0.134000,-0.838000,1.786000,9.511000,2.809000,28.91
4.141127,0.542000,-0.125000,-0.835000,1.435000,10.656000,2.824000,28.91
4.153064,0.534000,-0.101000,-0.856000,1.771000,11.252000,3.542000,28.91
4.160375,0.515000,-0.068000,-0.886000,1.664000,18.168000,6.412000,28.95
4.172906,0.498000,-0.049000,-0.883000,3.206000,26.031000,10.382000,28.95
4.179741,0.510000,-0.140000,-0.889000,1.847000,32.702000,14.931000,29.00
4.192468,0.512000,-0.146000,-0.907000,1.924000,36.916000,15.969000,29.00
4.199682,0.505000,-0.067000,-0.877000,6.046000,39.924000,20.198000,29.05
4.212156,0.482000,-0.170000,-0.934000,4.626000,47.634000,21.053000,29.05
4.219329,0.586000,-0.146000,-0.905000,1.313000,65.740000,21.328000,29.00
4.231325,0.387000,-0.008000,-1.113000,28.382000,89.481000,19.176000,29.00
4.237361,0.294000,0.192000,-1.266000,50.214000,134.305000,27.481000,28.95
4.250970,0.508000,0.371000,-1.229000,57.038000,200.153000,51.573000,28.95
4.262865,0.550000,0.344000,-1.201000,74.763000,238.214000,79.023000,28.91
4.270413,0.740000,0.416000,-1.258000,83.267000,270.137000,96.992000,29.00
4.283531,0.917000,0.193000,-1.269000,175.099000,262.519000,103.740000,29.00
4.289684,0.945000,-0.010000,-1.217000,143.267000,240.794000,107.053000,28.95
4.301702,1.026000,0.144000,-1.655000,92.809000,306.473000,109.878000,28.95
4.313530,1.232000,-0.145000,-1.947000,61.496000,263.863000,116.214000,28.91
4.320699,0.769000,0.671000,-2.144000,69.771000,260.580000,105.542000,29.00
4.332622,0.203000,1.304000,-2.812000,63.420000,162.916000,43.359000,28.86
4.346513,-0.860000,1.313000,-2.272000,26.061000,111.725000,-14.336000,28.91
4.351518,-0.822000,0.927000,-2.388000,-16.794000,42.046000,-33.954000,28.91
4.360214,-1.153000,0.677000,-1.853000,-40.229000,-20.122000,-27.221000,28.91
4.370348,-0.975000,0.307000,-1.869000,-77.725000,-66.809000,-0.260000,28.86
4.382266,-0.751000,0.174000,-1.748000,-114.672000,-95.282000,32.534000,28.95
4.389024,-0.519000,0.111000,-1.578000,-135.969000,-127.954000,57.664000,28.91
4.401097,-0.269000,0.095000,-1.411000,-150.519000,-141.008000,74.321000,28.91
4.412947,-0.037000,0.098000,-1.297000,-165.145000,-103.237000,79.985000,28.95
4.419790,0.187000,0.111000,-1.233000,-167.389000,-103.023000,74.870000,28.95
4.431773,0.375000,0.124000,-1.198000,-165.878000,-101.481000,65.573000,29.00
4.438669,0.468000,0.095000,-1.150000,-157.328000,-106.565000,48.885000,28.91
4.450994,0.699000,-0.000000,-1.208000,-154.046000,-99.328000,28.916000,28.95
4.462766,0.896000,-0.053000,-1.248000,-149.649000,-116.779000,4.870000,28.86
4.469593,0.918000,-0.027000,-1.176000,-135.695000,-132.198000,-20.092000,29.00
4.481326,0.932000,-0.027000,-1.092000,-114.046000,-138.626000,-45.130000,29.09
4.493402,0.996000,-0.083000,-1.087000,-95.313000,-141.237000,-68.366000,28.95
4.500286,0.982000,-0.124000,-1.069000,-79.695000,-143.511000,-88.809000,28.95
4.512018,0.945000,-0.148000,-1.019000,-64.611000,-143.878000,-105.710000,29.00
4.518864,0.927000,-0.182000,-0.965000,-50.366000,-138.015000,-118.015000,28.91
4.530450,0.868000,-0.217000,-0.915000,-38.382000,-131.939000,-125.435000,29.00
4.542586,0.853000,-0.238000,-0.889000,-26.519000,-121.588000,-127.878000,28.95
4.549119,0.824000,-0.260000,-0.865000,-18.260000,-103.542000,-126.382000,28.91
4.561276,0.779000,-0.245000,-0.837000,-8.809000,-90.015000,-121.573000,28.91
4.573573,0.910000,-0.787000,0.041000,24.183000,-60.550000,-98.168000,28.91
4.580578,1.102000,-0.840000,-0.484000,34.427000,-35.588000,-85.603000,28.86
4.592377,1.211000,-0.791000,-0.846000,3.206000,-21.267000,-77.374000,28.95
4.598983,1.331000,-0.759000,-1.046000,-35.389000,-32.916000,-67.298000,29.00
4.610999,1.355000,-0.591000,-1.059000,-63.740000,-63.130000,-55.573000,29.00
4.623271,1.081000,-0.468000,-0.907000,-68.473000,-99.389000,-44.763000,29.05
4.629687,0.822000,-0.386000,-0.744000,-70.931000,-116.809000,-38.748000,28.95
4.641758,0.706000,-0.333000,-0.630000,-68.840000,-116.733000,-34.901000,29.00
4.648708,0.702000,-0.292000,-0.531000,-61.344000,-108.260000,-30.458000,29.00
4.660665,0.866000,-0.347000,-0.581000,-59.145000,-103.405000,-30.931000,28.95
4.672525,0.976000,-0.341000,-0.584000,-58.901000,-101.527000,-31.908000,28.86
4.679270,0.993000,-0.344000,-0.499000,-54.046000,-95.832000,-33.359000,28.91
4.691255,0.978000,-0.427000,-0.368000,-50.397000,-88.290000,-36.443000,28.91
4.697588,1.032000,-0.509000,-0.309000,-48.916000,-80.519000,-40.489000,28.86
4.710634,1.106000,-0.582000,-0.241000,-43.802000,-74.763000,-43.008000,28.86
4.722346,1.146000,-0.621000,-0.113000,-33.130000,-67.359000,-44.092000,28.91
4.729443,1.150000,-0.644000,0.030000,-16.412000,-54.595000,-43.481000,28.91
4.741537,1.123000,-0.691000,0.091000,-1.847000,-40.214000,-41.893000,28.95
4.749173,0.782000,-0.588000,0.516000,23.282000,3.725000,-39.282000,28.86
4.761263,1.296000,-1.048000,0.735000,28.382000,56.656000,-21.969000,29.00
4.773307,1.506000,-1.052000,0.799000,32.962000,126.031000,-1.878000,28.91
4.780378,1.824000,-1.177000,1.016000,57.420000,184.366000,19.496000,29.05
4.792852,2.094000,-1.106000,1.432000,96.214000,241.695000,39.481000,28.95
4.799664,1.525000,-0.405000,-0.529000,92.611000,268.885000,49.740000,28.95
4.811923,1.838000,-0.019000,-2.286000,103.649000,160.229000,36.626000,28.91
4.819139,0.752000,0.095000,-1.004000,93.634000,104.885000,26.534000,29.00
4.831284,1.164000,-0.236000,-0.778000,105.954000,112.519000,10.198000,28.95
4.843344,1.458000,-0.561000,-1.183000,89.405000,101.725000,10.885000,28.95
4.850454,0.866000,-0.707000,-0.947000,77.588000,66.565000,9.527000,28.91
4.862992,1.554000,0.014000,-1.198000,51.588000,42.473000,80.870000,28.91
4.870104,1.802000,-0.172000,-1.127000,5.725000,112.840000,54.198000,28.95
4.882187,1.092000,-0.333000,-1.066000,38.076000,13.191000,40.412000,28.95
4.889207,0.734000,-0.715000,-1.097000,60.962000,-44.931000,28.672000,28.91
4.901614,0.736000,-0.257000,-0.840000,29.664000,-73.405000,11.511000,28.91
4.913639,0.693000,-0.270000,-0.868000,10.534000,-60.183000,3.420000,28.95
4.920820,0.569000,-0.227000,-0.886000,-5.756000,-19.878000,0.046000,28.91
4.932791,0.585000,-0.198000,-0.898000,-4.992000,-33.389000,-4.504000,29.00
4.939937,0.572000,-0.099000,-0.864000,-6.351000,-12.672000,-3.985000,28.91
4.952148,0.573000,-0.063000,-0.821000,-4.809000,-3.542000,-2.550000,28.86
4.959510,0.565000,-0.059000,-0.814000,-4.321000,-1.817000,-1.313000,28.95
4.971907,0.548000,-0.040000,-0.825000,-4.321000,8.015000,-0.031000,28.91
4.979325,0.520000,-0.029000,-0.848000,0.244000,8.107000,1.176000,29.00
4.991440,0.544000,-0.067000,-0.834000,3.344000,9.695000,2.183000,28.95
4.998598,0.536000,-0.088000,-0.835000,3.344000,9.435000,2.947000,28.95
5.011170,0.543000,-0.126000,-0.837000,2.977000,10.046000,2.885000,29.00
5.023423,0.522000,-0.116000,-0.842000,2.031000,8.977000,2.992000,29.00
5.030972,0.535000,-0.138000,-0.809000,1.908000,6.107000,2.855000,28.95
5.043621,0.551000,-0.134000,-0.812000,0.901000,4.519000,2.427000,28.95
5.051164,0.526000,-0.097000,-0.832000,0.397000,2.015000,2.366000,29.00
5.063239,0.530000,-0.118000,-0.822000,1.573000,-0.565000,2.427000,28.91
5.070712,0.538000,-0.096000,-0.805000,2.122000,-1.252000,1.939000,28.95
5.082804,0.513000,-0.024000,-0.820000,3.511000,-1.878000,2.947000,29.00
5.090125,0.560000,-0.107000,-0.817000,5.359000,-5.588000,3.878000,28.91
5.102508,0.555000,-0.138000,-0.812000,4.198000,-4.443000,3.527000,29.00
5.110264,0.528000,-0.121000,-0.838000,3.969000,-5.221000,3.740000,28.86
5.122206,0.506000,-0.092000,-0.836000,5.023000,-4.809000,4.641000,29.05
5.129459,0.511000,-0.068000,-0.852000,6.504000,-4.107000,6.397000,28.91
5.141511,0.500000,-0.160000,-0.851000,8.351000,-4.321000,7.771000,28.91
5.148812,0.446000,-0.138000,-0.879000,6.382000,1.130000,8.779000,28.95
5.161627,0.487000,-0.213000,-0.916000,4.718000,5.069000,8.336000,28.95
5.168772,0.451000,-0.109000,-0.884000,1.267000,12.718000,8.855000,28.91
5.181251,0.443000,-0.095000,-0.872000,0.779000,16.473000,9.863000,28.91
5.188549,0.405000,-0.163000,-0.939000,0.427000,20.183000,11.496000,28.95
5.200990,0.469000,-0.194000,-0.995000,3.023000,31.664000,9.496000,28.86
5.213251,0.286000,0.126000,-1.148000,6.366000,54.412000,13.405000,29.00
5.220738,0.302000,0.144000,-1.147000,1.481000,89.511000,31.924000,28.91
5.232843,0.450000,0.371000,-1.197000,29.053000,132.656000,48.534000,28.95
5.240196,0.496000,0.034000,-1.129000,49.160000,162.336000,59.740000,29.00
5.252243,0.706000,0.053000,-1.103000,40.763000,208.122000,79.160000,29.00
5.259512,0.774000,-0.073000,-1.211000,42.656000,205.664000,88.656000,29.00
5.271831,0.660000,-0.065000,-1.209000,33.023000,221.511000,96.458000,28.86
5.278824,0.414000,0.431000,-1.391000,40.427000,231.756000,90.809000,28.95
5.290898,-0.061000,0.997000,-2.405000,43.542000,189.282000,71.695000,28.91
5.303102,-0.845000,1.392000,-2.616000,22.000000,101.466000,27.038000,28.91
5.310028,-1.406000,1.729000,-2.320000,12.427000,52.305000,-14.489000,29.05
5.322179,-1.152000,1.135000,-2.531000,-27.130000,-6.779000,-50.351000,28.86
5.328979,-1.078000,0.812000,-2.387000,-44.366000,-77.405000,-50.595000,28.91
5.341049,-0.988000,0.503000,-2.035000,-50.427000,-113.985000,-36.870000,28.91
5.352862,-0.763000,0.197000,-1.881000,-51.328000,-183.191000,-16.504000,28.95
5.359762,-0.475000,0.148000,-1.586000,-86.336000,-107.618000,3.893000,28.95
5.371545,-0.221000,0.115000,-1.372000,-78.947000,-99.435000,19.786000,29.00
5.378729,0.001000,0.119000,-1.192000,-78.992000,-79.313000,33.160000,28.91
5.390867,0.155000,0.138000,-1.045000,-73.282000,-66.092000,41.237000,28.95
5.402962,0.295000,0.129000,-0.996000,-68.595000,-52.763000,43.420000,28.95
5.409899,0.718000,-0.045000,-1.269000,-76.168000,-50.779000,35.191000,28.91
5.422046,1.283000,-0.457000,-1.323000,-89.847000,-104.672000,33.985000,28.91
5.429454,0.621000,0.048000,-0.871000,-94.550000,-97.969000,16.061000,28.95
5.441369,0.798000,0.089000,-0.853000,-79.023000,-84.885000,-5.527000,28.95
5.453490,0.986000,-0.253000,-0.755000,-53.145000,-74.977000,-7.405000,29.00
5.460595,1.153000,-0.470000,-0.104000,-11.603000,-39.344000,-25.908000,28.91
5.472357,1.542000,-0.577000,-0.172000,12.229000,6.885000,-57.053000,29.00
5.479552,1.441000,-0.478000,-0.723000,6.672000,11.649000,-78.275000,28.95
5.491890,0.837000,-0.232000,-1.303000,-9.908000,-22.015000,-83.466000,29.05
5.498833,0.429000,-0.024000,-1.358000,-18.214000,-44.962000,-77.344000,28.91
5.510691,0.117000,-0.030000,-1.004000,-3.649000,-48.122000,-64.137000,29.00
5.522627,0.211000,-0.281000,-1.125000,-2.031000,-46.550000,-54.000000,28.95
5.529558,0.382000,-0.312000,-1.262000,-11.115000,-50.305000,-45.099000,28.95
5.541484,0.553000,-0.328000,-1.340000,-25.008000,-80.977000,-34.595000,28.91
5.553395,0.532000,-0.291000,-1.240000,-35.847000,-109.618000,-21.344000,28.91
5.560452,0.448000,-0.280000,-1.024000,-47.481000,-122.092000,-8.977000,28.95
5.572500,0.438000,-0.238000,-0.901000,-57.420000,-119.527000,1.725000,28.95
5.579278,0.515000,-0.174000,-0.855000,-63.634000,-118.382000,9.053000,28.91
5.591646,0.573000,-0.170000,-0.848000,-69.313000,-119.939000,9.511000,28.91
5.597142,0.588000,-0.170000,-0.766000,-72.290000,-124.458000,7.511000,28.95
5.610558,0.655000,-0.272000,-0.607000,-83.695000,-99.176000,0.366000,28.91
5.622602,0.723000,-0.326000,-0.438000,-86.519000,-63.863000,-6.733000,29.00
5.629791,0.998000,-0.407000,-0.315000,-74.519000,-28.947000,-9.924000,28.91
5.641840,1.204000,-0.520000,-0.288000,-62.840000,-29.802000,-14.794000,28.95
5.648547,1.520000,-0.715000,-0.275000,-61.618000,-34.748000,-18.641000,28.86
5.660794,1.645000,-0.771000,-0.113000,-65.481000,-53.237000,-21.344000,29.00
5.672802,1.579000,-0.716000,0.396000,-45.282000,-44.687000,-17.817000,28.91
5.679603,1.469000,-0.697000,0.645000,-15.008000,-13.832000,-9.130000,28.95
5.692015,1.576000,-0.841000,0.701000,-2.672000,31.389000,-9.084000,28.95
5.698930,1.807000,-0.909000,0.953000,17.053000,77.435000,-13.099000,28.81
5.711416,1.859000,-0.973000,0.758000,61.817000,500.260000,-29.649000,28.91
5.723580,1.826000,-1.041000,2.559000,112.718000,213.954000,-8.214000,28.95
5.730427,-0.154000,-0.325000,1.123000,86.046000,294.931000,3.802000,28.95
5.742700,2.038000,-0.918000,-2.617000,85.435000,227.878000,34.550000,28.91
5.749558,1.387000,-0.997000,-1.653000,101.634000,126.168000,65.756000,28.91
5.761628,0.988000,-0.845000,-0.402000,79.557000,196.183000,87.740000,28.91
5.768689,4.000000,1.032000,-1.705000,115.527000,166.718000,91.878000,28.95
5.780865,0.448000,-1.678000,-1.486000,68.733000,-18.992000,66.824000,28.95
5.793028,0.813000,-0.400000,-1.043000,90.718000,-82.931000,29.710000,28.91
5.799780,0.877000,-0.002000,-0.736000,67.053000,-127.786000,18.443000,28.91
5.811974,0.795000,-0.598000,-0.936000,33.542000,-167.832000,-4.183000,28.95
5.818941,1.172000,0.064000,-0.846000,-54.992000,-286.534000,24.046000,29.00
5.831114,0.658000,-0.125000,-0.799000,-10.198000,-104.153000,2.687000,29.00
5.843277,0.590000,-0.098000,-0.829000,-9.053000,-50.275000,4.046000,29.00
5.850732,0.590000,-0.095000,-0.844000,-0.321000,1.710000,3.221000,28.95
5.862829,0.587000,-0.099000,-0.836000,-1.298000,-18.443000,2.779000,28.86
5.870030,0.566000,-0.129000,-0.825000,-0.550000,-10.641000,3.145000,28.91
5.882472,0.547000,-0.167000,-0.824000,4.092000,15.160000,3.206000,29.00
5.889606,0.297000,-0.153000,-0.807000,-23.725000,158.473000,0.366000,28.95
5.902159,0.418000,-0.167000,-0.858000,-7.252000,76.748000,1.298000,28.95
5.909270,0.643000,0.062000,-0.789000,-8.336000,1.847000,0.183000,28.91
5.922078,0.545000,-0.102000,-0.804000,5.573000,18.947000,1.344000,28.91
5.929047,0.544000,-0.114000,-0.809000,7.725000,-16.931000,1.832000,28.86
5.941398,0.599000,-0.114000,-0.849000,9.573000,22.214000,2.214000,28.95
5.947133,0.599000,-0.117000,-0.735000,7.618000,-13.466000,4.198000,28.91
5.960874,0.557000,-0.117000,-0.798000,4.534000,-21.420000,3.084000,29.00
5.972925,0.570000,-0.133000,-0.801000,10.443000,-34.015000,2.275000,28.95
5.980360,0.572000,-0.084000,-0.810000,9.618000,-33.359000,3.038000,28.95
5.992562,0.583000,-0.070000,-0.834000,12.427000,-37.176000,4.656000,28.95
5.999656,0.546000,-0.070000,-0.832000,13.908000,-44.794000,8.412000,28.91
6.011805,0.529000,-0.079000,-0.842000,21.710000,-31.069000,11.176000,29.00
6.018852,0.498000,-0.110000,-0.872000,23.496000,-17.420000,13.267000,28.95
6.030986,0.507000,-0.095000,-0.879000,25.160000,-9.099000,14.260000,28.91
6.044558,0.485000,-0.119000,-0.846000,22.260000,9.481000,17.237000,28.91
6.052645,0.498000,-0.267000,-0.858000,19.786000,22.153000,14.855000,28.91
6.062451,0.412000,-0.248000,-0.951000,16.183000,23.771000,12.031000,28.86
6.069463,0.435000,-0.124000,-1.073000,11.802000,36.504000,12.672000,28.86
6.082018,0.366000,0.027000,-1.049000,1.847000,64.931000,20.565000,28.91
6.089060,0.338000,0.135000,-1.167000,-0.992000,86.870000,31.191000,29.00
6.101611,0.342000,0.145000,-1.325000,35.389000,108.702000,52.992000,28.95
6.108587,0.496000,0.418000,-1.263000,13.344000,147.130000,78.611000,28.95
6.120728,0.789000,0.461000,-1.210000,11.893000,180.137000,97.740000,28.91
6.132974,0.683000,0.348000,-1.297000,36.840000,176.916000,108.504000,28.91
6.140113,0.003000,0.556000,-1.738000,52.931000,140.015000,101.878000,28.95
6.152378,-0.528000,1.167000,-2.051000,41.435000,105.618000,71.359000,28.95
6.159432,-0.585000,1.357000,-2.161000,20.687000,59.038000,32.275000,29.00
6.171536,-0.739000,1.391000,-2.042000,0.137000,15.160000,-4.931000,28.91
6.178384,-0.702000,1.230000,-1.938000,-25.313000,-18.061000,-39.511000,28.95
6.190663,-0.376000,0.904000,-1.729000,-47.786000,-49.573000,-54.962000,28.91
6.202612,-0.248000,0.657000,-1.526000,-52.733000,-67.969000,-53.924000,29.00
6.209614,-0.101000,0.442000,-1.371000,-59.008000,-66.046000,-47.588000,28.91
6.221690,0.138000,0.305000,-1.256000,-68.382000,-58.046000,-42.122000,28.95
6.228735,0.343000,0.225000,-1.141000,-72.107000,-52.718000,-39.267000,28.86
6.240892,0.454000,0.177000,-1.004000,-72.489000,-44.916000,-39.466000,29.00
6.252702,0.518000,0.098000,-0.858000,-66.534000,-38.809000,-42.168000,28.91
6.259844,0.510000,0.112000,-0.783000,-55.359000,-30.534000,-44.931000,28.95
6.272188,0.523000,0.004000,-0.759000,-45.359000,-21.679000,-49.221000,28.95
6.278919,0.551000,-0.011000,-0.927000,-55.603000,9.618000,-54.748000,28.91
6.291223,0.502000,0.096000,-0.768000,-25.359000,-9.435000,-65.588000,28.91
6.303312,0.981000,0.228000,-0.852000,-16.504000,-28.061000,-67.023000,28.95
6.310182,0.753000,-0.843000,-0.369000,43.115000,-44.198000,-4.580000,28.95
6.322274,1.275000,-1.541000,-0.120000,53.191000,-29.863000,20.382000,28.91
6.329539,1.601000,-1.810000,0.573000,46.565000,22.092000,42.260000,28.91
6.341827,2.015000,-2.350000,0.314000,41.969000,63.084000,34.901000,28.91
6.349414,1.965000,-1.415000,0.229000,5.939000,63.252000,30.580000,28.95
6.361359,1.289000,-0.394000,0.053000,-79.008000,-11.618000,33.511000,28.95
6.373491,0.625000,0.278000,-1.073000,-174.366000,123.573000,43.282000,29.00
6.380746,0.721000,-0.083000,-0.498000,-9.832000,37.191000,-22.962000,29.00
6.392708,0.718000,-0.388000,-0.819000,27.435000,30.427000,-37.573000,28.95
6.399635,0.672000,-0.773000,-0.577000,48.656000,-52.977000,-32.641000,28.91
6.411736,0.557000,-0.862000,-0.727000,36.366000,-60.244000,-17.374000,28.91
6.419314,0.666000,-0.735000,-0.692000,16.992000,3.008000,5.359000,28.91
6.431251,0.631000,-0.342000,-0.850000,5.557000,9.664000,15.878000,28.95
6.438606,0.512000,0.147000,-1.078000,3.359000,6.382000,14.092000,28.86
6.451000,0.325000,0.345000,-1.158000,-10.550000,-8.977000,5.954000,28.81
6.463046,0.114000,0.513000,-1.227000,-25.237000,-6.275000,-7.130000,28.91
6.470384,0.001000,0.443000,-1.310000,-20.992000,-4.137000,-10.931000,28.95
6.482554,0.074000,0.178000,-1.421000,-29.664000,-12.198000,-9.328000,28.95
6.489246,0.206000,0.003000,-1.360000,-41.802000,-20.076000,-1.832000,28.91
6.501643,0.527000,-0.040000,-1.123000,-51.985000,-19.786000,6.672000,28.91
6.508695,0.518000,-0.134000,-0.590000,-38.885000,-16.641000,16.214000,28.95
6.520808,0.859000,-0.242000,-0.585000,-39.481000,7.191000,15.542000,28.95
6.532989,1.126000,-0.163000,-0.770000,-41.954000,12.763000,8.305000,28.91
6.540388,1.042000,-0.128000,-0.824000,-46.000000,2.214000,0.733000,29.00
6.552353,0.812000,-0.015000,-0.884000,-50.748000,-29.771000,-5.649000,28.86
6.559391,0.645000,-0.003000,-0.777000,-45.573000,-51.008000,-6.076000,28.95
6.571489,0.606000,-0.213000,-0.680000,-47.221000,-46.076000,-6.122000,28.81
6.583489,0.694000,-0.365000,-0.595000,-51.664000,-30.305000,-4.595000,28.91
6.590555,0.776000,-0.570000,-0.358000,-41.130000,-29.603000,1.344000,29.00
6.602249,0.888000,-0.743000,-0.083000,-29.420000,-22.595000,10.137000,28.86
6.609689,1.009000,-0.919000,0.254000,-14.626000,0.290000,17.893000,28.91
6.621985,1.402000,-1.181000,0.653000,5.435000,32.275000,18.962000,28.91
6.628912,1.872000,-1.530000,1.651000,28.122000,83.496000,5.435000,29.00
6.641293,2.103000,-1.807000,2.895000,57.389000,156.931000,-13.053000,28.86
6.648387,4.000000,-1.731000,-1.104000,76.168000,116.626000,46.321000,28.86
6.660549,1.056000,-0.628000,-1.139000,24.931000,-55.130000,-2.641000,28.91
6.672730,-0.372000,1.262000,-0.890000,-3.008000,-147.725000,49.618000,28.91
6.679718,0.772000,-0.088000,-1.108000,8.550000,-98.687000,30.626000,28.95
6.692148,0.795000,-1.052000,-0.950000,40.275000,-96.473000,12.244000,28.95
6.698715,0.422000,-0.284000,-0.954000,21.924000,-66.107000,-2.840000,28.81
6.711044,0.560000,-0.021000,-0.937000,24.901000,-57.008000,-2.198000,28.91
6.723186,0.765000,-0.204000,-1.006000,39.954000,-76.702000,-15.053000,28.95
6.730170,0.564000,-0.300000,-0.931000,3.191000,-37.634000,-6.565000,28.95
6.742520,0.546000,-0.124000,-0.840000,-7.527000,-9.756000,-5.863000,28.81
6.749489,0.556000,-0.032000,-0.825000,-8.229000,16.687000,-2.382000,28.91
6.761975,0.514000,-0.006000,-0.851000,-5.084000,9.160000,-0.076000,28.95
6.769418,0.501000,0.021000,-0.847000,-0.901000,11.008000,2.244000,28.95
6.781691,0.520000,-0.217000,-1.031000,-2.977000,44.916000,8.458000,28.91
6.788841,0.600000,-0.041000,-0.760000,0.565000,15.542000,5.267000,28.91
6.801390,0.477000,-0.065000,-0.845000,0.382000,22.580000,8.672000,28.95
6.808612,0.480000,-0.116000,-0.888000,9.374000,26.534000,9.267000,28.95
6.821257,0.549000,-0.200000,-0.827000,14.687000,20.305000,7.908000,28.91
6.833414,0.524000,-0.190000,-0.806000,7.374000,14.260000,5.710000,28.91
6.840710,0.539000,-0.194000,-0.825000,1.084000,2.290000,4.565000,28.86
6.853194,0.462000,-0.052000,-0.763000,4.611000,12.534000,5.191000,28.95
6.860654,0.482000,-0.115000,-0.872000,9.786000,-5.954000,6.092000,28.86
6.873454,0.552000,-0.168000,-0.844000,5.710000,0.305000,5.908000,28.91
6.880470,0.585000,-0.180000,-0.748000,5.481000,-3.542000,6.901000,28.91
6.892963,0.516000,-0.167000,-0.803000,6.031000,5.878000,6.718000,28.86
6.899984,0.470000,-0.132000,-0.873000,7.450000,12.916000,7.450000,28.86
6.912772,0.539000,-0.137000,-0.912000,4.626000,0.702000,10.137000,28.91
6.919673,0.595000,-0.111000,-0.844000,5.878000,12.489000,11.252000,28.91
6.931984,0.578000,-0.058000,-0.872000,14.046000,17.664000,12.916000,28.86
6.939173,0.483000,-0.064000,-0.926000,18.107000,16.321000,19.221000,28.86
6.951489,0.398000,-0.195000,-0.919000,23.924000,28.977000,20.122000,28.91
6.963426,0.402000,-0.074000,-1.058000,36.305000,38.336000,20.916000,28.91
6.970652,0.464000,-0.257000,-0.883000,34.504000,54.168000,26.000000,28.86
6.983616,0.420000,-0.135000,-1.093000,49.786000,74.595000,20.855000,29.00
6.989583,0.478000,-0.171000,-1.102000,42.260000,115.206000,16.214000,28.91
7.002463,0.481000,0.049000,-1.387000,82.183000,96.962000,15.191000,29.00
7.009095,0.548000,-0.013000,-1.480000,79.328000,178.183000,31.756000,28.95
7.021359,0.750000,0.255000,-1.258000,98.641000,210.275000,45.313000,28.95
7.028276,0.838000,0.140000,-1.277000,116.168000,226.718000,58.992000,29.00
7.040309,0.727000,-0.157000,-1.098000,107.725000,353.740000,67.527000,28.91
7.052491,0.819000,-0.037000,-1.024000,118.244000,307.008000,73.863000,28.95
7.059323,0.881000,-0.033000,-1.639000,113.130000,297.206000,76.794000,28.95
7.071428,1.034000,-0.031000,-1.866000,86.916000,259.252000,70.443000,29.00
7.078597,0.599000,0.649000,-1.930000,99.191000,233.267000,56.366000,28.91
7.091134,0.221000,1.355000,-2.768000,81.695000,121.023000,-6.427000,28.95
7.103212,-0.761000,1.906000,-2.264000,65.099000,42.748000,-67.588000,28.86
7.110245,-0.620000,1.325000,-2.135000,38.656000,-16.031000,-114.840000,28.95
7.122224,-0.763000,0.844000,-2.128000,12.748000,-66.336000,-114.351000,28.91
7.128895,-0.749000,0.405000,-1.898000,-11.756000,-97.893000,-91.359000,28.91
7.140941,-0.623000,0.129000,-1.658000,-39.527000,-129.359000,-56.718000,29.05
7.152839,-0.442000,-0.019000,-1.466000,-63.084000,-144.260000,-22.031000,28.95
7.159720,-0.174000,-0.040000,-1.385000,-79.939000,-141.450000,5.160000,28.91
7.171685,0.111000,0.003000,-1.333000,-90.260000,-150.198000,23.069000,28.81
7.178479,0.271000,0.014000,-1.188000,-104.000000,-132.916000,32.656000,28.86
7.190881,0.527000,0.117000,-1.128000,-104.168000,-165.038000,35.420000,29.00
7.202777,0.678000,0.082000,-1.044000,-111.282000,-146.840000,35.588000,28.91
7.209706,0.752000,0.100000,-0.929000,-118.702000,-125.573000,30.641000,28.91
7.221607,0.827000,0.109000,-0.891000,-122.763000,-104.733000,22.229000,29.05
7.228661,0.922000,0.082000,-0.916000,-119.649000,-105.328000,6.733000,28.86
7.240640,0.983000,0.104000,-0.906000,-116.305000,-93.878000,-12.336000,28.91
7.252496,0.973000,0.096000,-0.898000,-95.542000,-110.947000,-39.115000,29.00
7.259695,1.011000,0.032000,-0.923000,-85.328000,-96.260000,-60.260000,28.95
7.271587,1.061000,-0.050000,-0.973000,-64.718000,-113.954000,-80.015000,28.95
7.283504,1.002000,-0.086000,-0.929000,-52.031000,-112.137000,-92.580000,28.91
7.290176,0.950000,-0.149000,-0.903000,-45.023000,-107.557000,-100.794000,28.91
7.302047,0.973000,-0.203000,-0.919000,-37.817000,-104.214000,-105.344000,28.95
7.308562,0.973000,-0.228000,-0.937000,-26.748000,-108.763000,-108.046000,28.95
7.320686,0.963000,-0.301000,-1.138000,-15.496000,-117.985000,-106.672000,29.00
7.332754,0.747000,-0.501000,0.057000,25.511000,-48.412000,-80.229000,28.91
7.339587,1.043000,-1.142000,-0.265000,28.107000,-29.634000,-75.832000,28.95
7.352072,1.066000,-0.779000,-0.459000,1.954000,-10.962000,-77.115000,28.91
7.358973,1.033000,-0.542000,-0.626000,-2.061000,-2.809000,-71.802000,28.91
7.370898,1.030000,-0.603000,-0.881000,-32.519000,-7.160000,-64.626000,28.91
7.383170,1.011000,-0.598000,-1.101000,-18.687000,-15.878000,-58.351000,28.95
7.389802,0.908000,-0.543000,-1.227000,-41.863000,-7.435000,-44.992000,28.95
7.401808,0.892000,-0.455000,-0.490000,-38.382000,-129.908000,-38.015000,28.91
7.408700,0.832000,-0.684000,-0.574000,-53.328000,-83.389000,-30.153000,28.91
7.420555,0.824000,-0.626000,-0.456000,-32.595000,-85.145000,-30.198000,28.81
7.432775,0.812000,-0.508000,-0.343000,-28.122000,-79.313000,-26.504000,28.95
7.439480,0.887000,-0.507000,-0.340000,-20.534000,-73.863000,-26.427000,28.86
7.451623,0.952000,-0.455000,-0.306000,-12.000000,-59.908000,-29.282000,28.91
7.456988,1.018000,-0.449000,-0.307000,-7.817000,-55.008000,-32.702000,28.91
7.470219,1.155000,-0.530000,-0.335000,-13.176000,-52.947000,-36.489000,28.86
7.482261,1.197000,-0.534000,-0.291000,-20.794000,-54.779000,-38.092000,28.86
7.489116,1.127000,-0.431000,-0.173000,-19.679000,-54.672000,-35.145000,28.91
7.501027,1.061000,-0.416000,-0.058000,-13.542000,-48.779000,-30.229000,28.91
7.513186,1.257000,-0.674000,0.273000,10.321000,-12.824000,-30.565000,28.86
7.520248,1.162000,-0.576000,0.588000,-3.557000,27.557000,-12.382000,28.95
7.532712,1.439000,-0.901000,0.705000,-20.534000,83.344000,-7.160000,28.91
7.539548,1.861000,-0.816000,1.024000,-25.099000,123.099000,16.763000,29.00
7.552136,2.085000,-1.024000,1.457000,-5.420000,169.542000,46.550000,28.86
7.559247,1.557000,-0.969000,1.413000,34.351000,210.153000,68.397000,28.91
7.571303,1.682000,-0.158000,-1.757000,14.275000,269.115000,48.229000,28.91
7.578541,1.987000,0.797000,-1.568000,43.496000,184.947000,43.420000,29.00
7.590652,0.834000,0.221000,-0.250000,97.084000,55.282000,55.053000,28.95
7.603073,0.688000,-0.628000,-0.977000,99.435000,91.496000,18.534000,28.86
7.610070,1.685000,-0.640000,-1.270000,102.260000,19.573000,58.153000,28.91
7.622104,0.935000,-0.577000,-0.803000,100.260000,-86.214000,45.221000,28.91
7.629136,0.701000,-0.016000,-1.821000,-29.206000,-80.595000,40.840000,28.86
7.641189,0.518000,-0.399000,-0.877000,37.160000,-44.015000,28.534000,28.77
7.653191,0.844000,-0.259000,-0.897000,30.260000,-45.878000,11.344000,28.86
7.660779,0.678000,-0.235000,-0.870000,9.389000,-79.954000,4.656000,28.91
7.672832,0.614000,-0.115000,-0.859000,-1.802000,-13.313000,3.206000,28.91
7.680285,0.614000,-0.097000,-0.852000,2.321000,-5.145000,1.511000,28.86
7.692488,0.619000,-0.087000,-0.838000,1.328000,-18.198000,1.069000,28.86
7.699910,0.580000,-0.094000,-0.847000,3.603000,-4.504000,1.557000,28.91
7.712378,0.571000,-0.080000,-0.830000,4.885000,3.374000,2.794000,28.91
7.719914,0.548000,-0.115000,-0.833000,4.244000,0.321000,3.023000,28.95
7.732404,0.551000,-0.113000,-0.823000,2.916000,3.588000,2.977000,28.86
7.739679,0.539000,-0.139000,-0.822000,1.786000,6.824000,2.656000,28.81
7.752353,0.560000,-0.173000,-0.802000,-0.718000,4.611000,1.588000,28.91
7.759386,0.531000,-0.155000,-0.801000,-0.092000,6.733000,0.229000,28.86
7.772015,0.549000,-0.147000,-0.813000,-2.870000,5.328000,-0.580000,29.00
7.778639,0.571000,-0.112000,-0.792000,-0.931000,4.748000,-0.046000,28.91
7.791405,0.576000,-0.122000,-0.793000,0.992000,2.611000,0.061000,28.91
7.797008,0.564000,-0.094000,-0.798000,3.145000,-2.458000,0.534000,28.95
7.811130,0.573000,-0.110000,-0.806000,4.550000,-7.405000,1.145000,28.95
7.823165,0.546000,-0.109000,-0.809000,7.008000,-11.344000,1.481000,28.91
7.830663,0.500000,-0.037000,-0.804000,7.908000,-9.405000,3.176000,28.91
7.843216,0.545000,-0.091000,-0.832000,7.191000,-2.840000,4.580000,28.86
7.850223,0.544000,-0.167000,-0.800000,6.611000,-3.267000,3.863000,28.95
7.862627,0.506000,-0.115000,-0.814000,3.969000,-3.252000,4.244000,29.00
7.869850,0.495000,-0.072000,-0.794000,7.908000,-0.809000,4.534000,28.91
7.882455,0.516000,-0.094000,-0.827000,2.168000,7.420000,4.137000,28.95
7.889395,0.497000,-0.098000,-0.867000,7.023000,6.580000,6.550000,28.86
7.901884,0.509000,-0.114000,-0.781000,10.000000,19.924000,7.038000,28.91
7.909054,0.611000,-0.507000,-0.998000,-5.985000,15.802000,6.855000,29.00
7.921575,0.540000,-0.076000,-0.860000,7.802000,3.710000,8.779000,28.91
7.928781,0.522000,-0.091000,-0.875000,11.176000,17.069000,12.580000,28.86
7.940829,0.480000,-0.128000,-0.890000,8.855000,28.565000,16.397000,28.95
7.953257,0.455000,-0.136000,-0.869000,17.786000,33.450000,16.595000,28.91
7.960469,0.466000,-0.167000,-0.861000,14.580000,43.023000,18.183000,28.91
7.972648,0.454000,-0.065000,-0.926000,13.847000,75.588000,20.580000,28.86
7.979640,0.436000,-0.144000,-1.095000,9.786000,84.198000,27.588000,28.91
7.992254,0.335000,0.221000,-1.358000,42.229000,91.496000,33.740000,28.81
7.999214,0.294000,0.299000,-1.069000,68.748000,166.550000,48.809000,28.91
8.011604,0.629000,0.138000,-1.136000,94.214000,170.137000,57.939000,28.86
8.018604,0.591000,0.191000,-1.090000,82.504000,217.252000,73.267000,28.95
8.030721,0.831000,-0.014000,-1.173000,86.275000,236.595000,83.939000,28.91
8.042946,0.800000,-0.375000,-1.098000,76.702000,244.595000,86.962000,28.91
8.049965,0.874000,0.038000,-1.513000,57.176000,260.702000,77.924000,28.95
8.062407,0.933000,-0.215000,-1.466000,58.229000,276.763000,80.992000,28.95
8.069476,1.025000,-0.159000,-1.375000,47.099000,254.321000,89.389000,28.91
8.081471,0.736000,0.738000,-1.640000,68.824000,217.115000,74.260000,28.91
8.088735,0.355000,0.956000,-2.194000,63.725000,106.672000,27.389000,28.86
8.101320,0.061000,0.876000,-1.841000,47.344000,90.779000,-12.885000,28.95
8.113199,-0.009000,0.734000,-1.901000,32.015000,47.786000,-19.817000,28.91
8.120377,-0.291000,0.501000,-1.538000,21.145000,29.237000,-16.137000,28.91
8.132669,-0.256000,0.262000,-1.489000,-2.412000,7.359000,-9.053000,29.05
8.139482,-0.219000,0.208000,-1.440000,-18.748000,-18.962000,2.824000,28.95
8.151516,-0.215000,0.179000,-1.296000,-32.305000,-30.107000,12.748000,28.86
8.158551,-0.155000,0.164000,-1.185000,-40.321000,-46.122000,18.290000,28.91
8.170782,-0.079000,0.157000,-1.115000,-47.832000,-51.511000,19.863000,28.91
8.182867,0.001000,0.138000,-1.078000,-56.336000,-56.672000,18.977000,28.95
8.189906,0.087000,0.095000,-1.023000,-60.824000,-56.534000,16.962000,28.91
8.202386,0.150000,0.098000,-1.064000,-66.611000,-80.840000,13.008000,28.91
8.209450,0.230000,0.096000,-1.051000,-75.191000,-78.321000,10.122000,29.00
8.221327,0.311000,0.039000,-1.077000,-85.603000,-66.641000,7.481000,28.95
8.233455,0.434000,0.018000,-1.120000,-90.229000,-84.748000,0.168000,28.86
8.241083,0.472000,0.027000,-1.057000,-95.542000,-100.031000,-8.885000,29.00
8.252601,0.484000,0.000000,-1.021000,-103.130000,-110.397000,-19.344000,29.00
8.259132,0.540000,0.001000,-1.017000,-99.221000,-126.015000,-32.519000,28.95
8.271146,0.642000,-0.023000,-1.054000,-94.809000,-126.168000,-43.405000,28.86
8.283001,0.703000,-0.019000,-1.087000,-87.847000,-138.290000,-55.557000,28.91
8.289635,0.669000,-0.040000,-1.097000,-80.214000,-148.962000,-65.435000,28.91
8.301616,0.720000,-0.046000,-1.023000,-85.511000,-127.740000,-76.733000,28.95
8.308707,0.794000,0.006000,-1.029000,-70.534000,-147.389000,-86.718000,28.95
8.320450,0.790000,-0.026000,-1.072000,-59.573000,-160.183000,-93.786000,29.00
8.332302,0.842000,-0.081000,-1.087000,-60.305000,-131.588000,-99.710000,29.00
8.339286,0.991000,-0.122000,-1.191000,-55.130000,-156.107000,-105.710000,28.95
8.350946,0.979000,-0.161000,-1.151000,-58.351000,-149.145000,-109.527000,28.91
8.362821,0.933000,-0.155000,-1.159000,-56.183000,-179.649000,-112.076000,28.91
8.369613,0.822000,-0.142000,-0.995000,-57.908000,-147.176000,-110.198000,28.91
8.381699,0.690000,1.215000,-1.858000,1.679000,-99.252000,-112.351000,28.95
8.388951,0.843000,-0.372000,0.054000,47.053000,-99.802000,-73.679000,28.95
8.401163,1.277000,-1.337000,-0.130000,24.382000,-2.733000,-60.427000,28.81
8.413230,1.889000,-0.954000,-0.443000,-4.305000,2.733000,-63.496000,28.91
8.420136,1.745000,-0.730000,-0.861000,-11.985000,-47.710000,-57.939000,28.86
8.432509,1.535000,-0.620000,-0.541000,-44.870000,-41.206000,-58.031000,28.86
8.439377,1.318000,-0.576000,-0.367000,-45.374000,-43.924000,-48.992000,28.91
8.451369,1.328000,-0.839000,-0.269000,-60.962000,-86.031000,-54.870000,28.91
8.462979,1.210000,-0.810000,-0.072000,-67.695000,-22.824000,-45.344000,28.95
8.470425,1.198000,-0.879000,0.327000,-44.794000,-33.527000,-27.115000,28.86
8.481981,1.317000,-1.021000,0.357000,-29.969000,-43.893000,-20.916000,28.91
8.489157,1.541000,-1.116000,0.459000,-31.405000,-6.000000,-9.130000,28.91
8.501687,1.590000,-1.211000,0.811000,-20.412000,1.618000,5.527000,28.95
8.508758,1.643000,-1.108000,1.157000,-13.618000,32.687000,21.221000,28.86
8.521274,1.800000,-1.244000,1.586000,-3.405000,106.916000,45.313000,28.91
8.533352,2.180000,-1.425000,2.053000,5.481000,150.718000,76.015000,28.91
8.540350,1.333000,-0.150000,-0.036000,53.832000,278.611000,84.458000,28.95
8.552606,2.647000,0.438000,-2.097000,46.061000,165.389000,22.336000,28.86
8.560148,1.347000,1.209000,-0.456000,-5.496000,65.618000,31.847000,28.91
8.571824,0.610000,-0.296000,-0.705000,71.069000,99.435000,18.702000,28.91
8.578924,1.931000,-1.075000,-1.630000,120.565000,80.137000,69.786000,28.81
8.591114,1.385000,-1.177000,-1.095000,99.160000,16.443000,56.901000,28.95
8.603176,1.055000,0.219000,-1.147000,86.397000,-73.618000,28.015000,28.86
8.610613,0.527000,-0.454000,-1.029000,74.885000,-59.832000,23.679000,28.91
8.622560,0.748000,-0.285000,-0.938000,58.504000,-37.008000,15.878000,28.91
8.629789,0.894000,-0.440000,-0.613000,-6.977000,-70.275000,23.466000,28.86
8.642281,0.568000,-0.197000,-0.823000,7.267000,22.519000,5.084000,28.86
8.649431,0.654000,-0.134000,-0.841000,-1.603000,-19.771000,5.145000,28.81
8.661481,0.600000,-0.169000,-0.857000,-3.725000,-21.221000,2.489000,28.91
8.668774,0.584000,-0.091000,-0.833000,-3.191000,-4.885000,1.603000,28.86
8.681027,0.585000,-0.112000,-0.829000,-1.771000,3.924000,1.527000,28.95
8.693478,0.573000,-0.099000,-0.817000,0.336000,-5.160000,0.840000,28.91
8.700966,0.568000,-0.094000,-0.824000,2.336000,-2.260000,0.977000,28.91
8.713182,0.557000,-0.107000,-0.807000,1.863000,3.618000,1.710000,28.86
8.720590,0.562000,-0.117000,-0.810000,0.321000,5.115000,1.649000,29.00
8.733094,0.562000,-0.132000,-0.806000,-0.550000,6.855000,1.359000,29.00
8.740462,0.565000,-0.122000,-0.787000,-1.008000,5.908000,0.962000,28.91
8.752967,0.546000,-0.084000,-0.798000,-0.321000,3.176000,1.008000,28.86
8.760466,0.565000,-0.093000,-0.780000,0.809000,2.351000,1.603000,28.86
8.772380,0.562000,-0.110000,-0.793000,1.771000,-0.901000,1.221000,29.00
8.779976,0.561000,-0.104000,-0.810000,2.824000,-4.122000,1.221000,28.91
8.792614,0.550000,-0.095000,-0.805000,4.290000,-6.458000,1.298000,28.86
8.799403,0.553000,-0.128000,-0.821000,5.237000,-8.290000,1.282000,28.95
8.811937,0.533000,-0.105000,-0.792000,-83.802000,62.351000,9.740000,29.00
8.818796,-0.085000,0.057000,2.389000,-173.359000,500.260000,30.336000,28.91
8.831002,0.482000,-0.206000,-0.971000,34.733000,4.198000,3.176000,28.86
8.843341,0.391000,-0.357000,-0.777000,-9.878000,-34.031000,8.840000,28.86
8.850339,0.554000,-0.256000,-0.996000,29.954000,-209.878000,-7.084000,28.91
8.862611,0.517000,-0.080000,-0.806000,16.458000,-18.305000,-1.298000,28.91
8.869676,0.505000,-0.019000,-0.767000,19.649000,-3.969000,2.916000,28.86
8.882031,0.494000,-0.175000,-0.873000,5.695000,1.924000,2.000000,28.81
8.889448,0.537000,-0.115000,-0.856000,1.634000,-0.580000,2.397000,28.91
8.901926,0.531000,-0.127000,-0.860000,0.000000,26.656000,6.168000,28.91
8.909015,0.471000,-0.079000,-0.908000,-0.565000,27.435000,9.008000,28.86
8.922065,0.521000,-0.115000,-0.904000,0.427000,27.420000,10.519000,28.95
8.933580,0.474000,-0.034000,-0.905000,-4.519000,37.573000,11.282000,28.81
8.941029,0.452000,-0.137000,-0.932000,5.649000,30.458000,9.389000,28.81
8.953239,0.639000,-0.134000,-0.880000,9.969000,47.679000,7.069000,28.95
8.960825,0.465000,-0.095000,-1.022000,6.534000,62.565000,8.947000,28.86
8.972765,0.249000,0.015000,-1.228000,52.260000,138.137000,13.466000,28.91
8.980022,0.573000,0.037000,-1.128000,65.359000,133.008000,25.573000,28.91
8.992183,0.506000,-0.015000,-1.280000,75.771000,160.489000,34.168000,29.05
8.999181,0.513000,0.036000,-1.189000,77.084000,222.489000,45.573000,28.86
9.011484,0.706000,0.054000,-1.277000,92.137000,245.298000,52.565000,28.81
9.024082,0.651000,-0.246000,-1.194000,105.038000,252.290000,54.244000,28.91
9.030260,0.778000,-0.243000,-1.076000,107.344000,262.977000,49.084000,28.95
9.042712,0.810000,-0.321000,-1.233000,104.229000,264.885000,41.313000,28.86
9.049883,1.185000,-0.343000,-1.483000,72.321000,249.099000,31.695000,28.91
9.061942,0.700000,0.202000,-1.501000,56.626000,220.748000,29.908000,28.91
9.068741,0.454000,0.470000,-2.357000,65.221000,130.122000,5.634000,28.95
9.081439,-0.344000,0.755000,-2.049000,56.947000,70.092000,-5.557000,28.86
9.086998,-0.313000,0.319000,-1.840000,20.382000,8.305000,0.641000,28.91
9.100847,-0.580000,0.380000,-1.599000,-3.939000,-22.443000,11.099000,29.00
9.112881,-0.477000,0.201000,-1.621000,-26.321000,-33.450000,30.015000,28.86
9.119677,-0.424000,0.165000,-1.440000,-48.137000,-32.687000,49.618000,28.86
9.132000,-0.336000,0.142000,-1.399000,-68.885000,-91.725000,62.580000,28.86
9.138747,-0.252000,0.168000,-1.278000,-84.702000,-88.412000,72.794000,28.91
9.151011,-0.110000,0.138000,-1.207000,-96.122000,-81.313000,75.985000,28.81
9.162967,0.013000,0.162000,-1.102000,-106.000000,-87.573000,72.458000,28.95
9.170024,0.138000,0.148000,-1.063000,-107.008000,-97.069000,64.076000,28.86
9.181833,0.263000,0.143000,-1.036000,-105.817000,-103.985000,53.511000,28.81
9.188888,0.371000,0.124000,-1.019000,-105.405000,-100.290000,42.687000,28.81
9.200954,0.466000,0.106000,-0.994000,-101.130000,-93.420000,30.366000,28.95
9.212831,0.517000,0.060000,-0.991000,-97.344000,-90.092000,16.473000,28.77
9.219761,0.669000,-0.040000,-1.103000,-98.412000,-91.099000,-0.702000,28.81
9.231547,0.825000,-0.056000,-1.183000,-95.573000,-106.397000,-19.206000,28.81
9.238389,0.887000,-0.044000,-1.152000,-85.664000,-126.321000,-36.321000,28.86
9.250253,0.845000,-0.065000,-1.018000,-75.435000,-132.382000,-51.328000,28.91
9.264912,0.830000,-0.080000,-0.920000,-67.496000,-132.031000,-64.977000,28.91
9.268984,0.881000,-0.087000,-0.897000,-59.130000,-126.977000,-76.779000,28.91
9.281058,0.938000,-0.123000,-0.909000,-48.916000,-123.023000,-88.962000,28.86
9.295207,1.013000,-0.107000,-0.835000,-37.450000,-121.176000,-99.878000,28.95
9.300054,0.970000,-0.227000,-0.912000,-26.763000,-143.847000,-107.176000,28.91
9.312149,0.896000,-0.314000,-0.789000,-19.466000,-111.847000,-109.191000,28.91
9.323978,0.854000,-0.412000,-0.747000,-13.008000,-101.145000,-107.924000,28.86
9.334049,0.800000,-0.457000,-0.705000,-3.756000,-92.366000,-101.221000,28.86
9.342345,0.785000,-0.537000,-0.763000,-0.519000,-82.305000,-89.450000,28.91
9.350337,0.840000,-0.564000,-0.766000,-6.427000,-69.588000,-74.916000,28.91
9.361520,0.843000,-0.665000,-0.847000,-8.809000,-71.191000,-59.695000,28.95
9.373337,0.859000,-0.608000,-0.782000,-23.740000,-65.939000,-47.664000,28.95
9.380468,0.880000,-0.598000,-0.775000,-23.359000,-87.069000,-33.511000,28.81
9.392666,0.766000,-0.610000,-0.755000,-41.344000,-65.435000,-21.206000,28.91
9.399210,0.712000,-0.479000,-0.537000,-56.443000,-54.626000,-13.328000,28.86
9.411384,0.827000,-0.487000,-0.634000,-52.977000,-81.542000,-10.534000,28.95
9.423493,1.062000,-0.530000,-0.750000,-54.580000,-63.588000,-2.611000,28.91
9.438682,1.085000,-0.443000,-0.618000,-51.145000,-83.649000,0.733000,28.91
9.442333,1.081000,-0.445000,-0.321000,-48.794000,-81.084000,-0.031000,28.77
9.449297,1.066000,-0.421000,-0.069000,-41.985000,-60.992000,-7.359000,28.95
9.461647,1.106000,-0.454000,0.135000,-33.069000,-42.076000,-11.863000,28.91
9.467107,1.156000,-0.466000,0.340000,-30.046000,-31.603000,-20.733000,28.91
9.481075,1.308000,-0.675000,0.454000,-18.153000,19.969000,-21.573000,28.86
9.493021,1.385000,-0.686000,0.792000,-26.840000,39.893000,-24.366000,28.86
9.501596,1.637000,-0.962000,0.865000,-24.962000,99.985000,-21.008000,28.91
9.512159,2.013000,-1.202000,1.183000,-26.458000,138.962000,4.977000,28.91
9.519449,2.224000,-1.510000,1.919000,-12.046000,175.924000,49.786000,28.86
9.531436,0.873000,-0.349000,0.398000,27.557000,273.786000,74.626000,28.86
9.537358,2.285000,0.189000,-2.351000,13.206000,309.908000,40.458000,28.91
9.551758,1.602000,1.227000,-0.658000,4.947000,144.855000,51.496000,28.81
9.563120,0.807000,0.049000,-0.480000,61.954000,73.511000,33.344000,28.95
9.570135,2.500000,-1.048000,-1.663000,141.374000,92.076000,88.366000,28.86
9.582317,1.315000,-1.327000,-1.168000,131.450000,10.260000,74.321000,28.91
9.589336,0.951000,0.133000,-1.031000,87.359000,-116.504000,37.481000,28.91
9.601681,0.656000,-0.613000,-1.121000,89.466000,-120.702000,15.389000,28.86
9.607209,0.783000,-0.253000,-0.891000,85.496000,-27.893000,-1.679000,28.86
9.620552,0.893000,-0.243000,-0.767000,-12.458000,-135.405000,3.542000,29.00
9.632802,0.676000,-0.143000,-0.828000,-0.718000,-30.626000,-1.863000,29.00
9.639832,0.562000,-0.125000,-0.844000,0.214000,-24.214000,-3.863000,28.86
9.652016,0.571000,-0.031000,-0.832000,-6.473000,-4.794000,-2.473000,28.95
9.659476,0.567000,-0.117000,-0.857000,5.282000,-0.855000,-1.679000,28.81
9.671602,0.533000,-0.098000,-0.848000,6.519000,-8.595000,-1.038000,28.91
9.679000,0.530000,-0.127000,-0.830000,3.069000,5.359000,0.107000,28.86
9.695462,0.547000,-0.127000,-0.834000,0.565000,12.015000,0.687000,28.95
9.708084,0.559000,-0.136000,-0.822000,-0.733000,9.023000,0.672000,28.81
9.711595,0.555000,-0.152000,-0.822000,-1.832000,7.908000,0.458000,28.91
9.724050,0.545000,-0.157000,-0.819000,-1.634000,11.328000,0.000000,28.86
9.730230,0.543000,-0.163000,-0.819000,-1.802000,10.443000,-0.443000,28.86
9.742511,0.527000,-0.134000,-0.807000,-1.160000,6.977000,-0.916000,28.91
9.749719,0.537000,-0.140000,-0.806000,-0.580000,7.221000,-0.672000,28.91
9.762143,0.556000,-0.114000,-0.797000,0.626000,6.366000,0.046000,28.95
9.769472,0.547000,-0.104000,-0.783000,2.397000,5.435000,0.275000,28.86
9.781981,0.551000,-0.126000,-0.763000,3.008000,-0.733000,1.099000,28.91
9.789214,0.540000,-0.107000,-0.778000,4.504000,-3.542000,1.221000,28.91
9.801717,0.519000,-0.076000,-0.845000,6.137000,-4.779000,2.702000,28.86
9.808927,0.539000,-0.163000,-0.825000,7.939000,-2.351000,3.389000,28.86
9.821200,0.508000,-0.148000,-0.791000,6.122000,-1.756000,3.038000,28.95
9.828716,0.517000,-0.044000,-0.878000,5.328000,-11.160000,4.000000,28.91
9.841050,0.547000,-0.101000,-0.891000,7.237000,14.015000,6.641000,28.91
9.848293,0.565000,-0.212000,-0.873000,3.863000,3.511000,6.137000,28.86
9.860823,0.537000,-0.160000,-0.865000,9.618000,6.107000,6.519000,28.95
9.873519,0.507000,-0.134000,-0.885000,8.214000,21.924000,10.046000,28.81
9.880299,0.469000,-0.106000,-0.927000,18.031000,21.115000,10.336000,28.91
9.892758,0.517000,-0.167000,-0.911000,16.336000,29.649000,13.115000,28.86
9.899734,0.477000,-0.184000,-0.859000,15.069000,44.656000,14.168000,28.86
9.911768,0.464000,-0.112000,-0.861000,15.878000,52.214000,16.702000,28.81
9.919034,0.465000,-0.174000,-0.974000,14.962000,67.191000,20.519000,28.81
9.931522,0.323000,0.277000,-1.121000,62.336000,81.893000,19.496000,28.95
9.938540,0.292000,-0.047000,-1.175000,50.061000,134.214000,30.504000,28.81
9.950898,0.594000,0.036000,-1.119000,70.107000,177.252000,40.473000,28.91
9.962926,0.613000,-0.164000,-1.256000,99.542000,204.687000,46.046000,28.91
9.970207,0.789000,0.059000,-1.182000,91.008000,234.595000,56.931000,28.95
9.982445,0.878000,0.009000,-1.170000,126.489000,239.206000,65.344000,28.86
9.989039,0.911000,-0.201000,-1.232000,126.336000,276.412000,69.603000,28.91
10.001514,0.907000,-0.131000,-1.115000,122.550000,282.031000,73.847000,28.91
