# Gait Analysis Data - MPU6050 IMU
# Duration: 10 seconds
# Format: timestamp(s),ax(g),ay(g),az(g),gx(deg/s),gy(deg/s),gz(deg/s),temp(C)
# Note: Document sensor placement (ankle/wrist) separately
timestamp,ax,ay,az,gx,gy,gz,temp
0.000648,0.482000,-0.209000,-0.860000,-4.000000,73.130000,-6.504000,27.64
0.001334,0.490000,-0.106000,-0.913000,6.672000,87.603000,-5.664000,27.59
0.001963,0.517000,0.108000,-1.026000,54.718000,120.122000,-8.015000,27.59
0.002558,0.481000,-0.247000,-1.088000,59.756000,136.870000,-10.641000,27.64
0.003119,0.776000,-0.090000,-1.207000,61.893000,168.748000,-12.519000,27.59
0.003687,0.636000,-0.066000,-1.070000,62.779000,179.878000,-17.664000,27.59
0.004251,0.906000,-0.142000,-1.150000,78.168000,191.786000,-20.336000,27.73
0.004812,0.780000,-0.192000,-1.093000,96.901000,195.481000,-27.664000,27.64
0.005379,0.701000,-0.400000,-1.104000,113.573000,195.511000,-32.366000,27.59
0.005937,0.753000,-0.439000,-1.453000,101.099000,164.076000,-51.924000,27.59
0.006499,0.263000,-0.204000,-1.478000,96.809000,126.748000,-70.397000,27.64
0.007058,0.003000,-0.191000,-1.477000,100.382000,96.702000,-73.786000,27.59
0.007618,-0.077000,-0.358000,-1.475000,91.985000,65.939000,-67.008000,27.64
0.008169,0.101000,-0.425000,-1.455000,78.015000,32.443000,-50.718000,27.64
0.008739,0.163000,-0.427000,-1.466000,66.595000,-11.023000,-30.076000,27.64
0.009435,-0.001000,-0.406000,-1.242000,61.863000,-38.641000,-12.092000,27.59
0.010190,-0.021000,-0.364000,-1.114000,58.382000,-50.473000,-2.733000,27.64
0.010819,0.096000,-0.254000,-1.056000,58.901000,-61.679000,-1.252000,27.64
0.011401,0.222000,-0.128000,-1.007000,67.023000,-76.198000,-5.389000,27.49
0.011980,0.295000,-0.027000,-0.949000,79.969000,-91.344000,-15.573000,27.59
0.012549,0.344000,0.043000,-0.871000,93.649000,-100.260000,-31.069000,27.64
0.013124,0.414000,0.112000,-0.809000,106.168000,-108.382000,-48.427000,27.64
0.013696,0.529000,0.141000,-0.810000,120.931000,-114.885000,-69.634000,27.59
0.014257,0.704000,0.162000,-0.816000,136.779000,-125.099000,-93.374000,27.64
0.014967,0.847000,0.198000,-0.798000,156.305000,-143.511000,-114.153000,27.64
0.015566,0.896000,0.220000,-0.725000,175.863000,-158.092000,-133.878000,27.68
0.016143,0.923000,0.229000,-0.647000,194.504000,-166.565000,-154.733000,27.59
0.016710,0.995000,0.246000,-0.589000,212.580000,-170.107000,-174.489000,27.64
0.017276,1.070000,0.266000,-0.522000,229.115000,-172.473000,-193.252000,27.59
0.017846,1.047000,0.082000,-0.449000,239.191000,-171.420000,-211.710000,27.68
0.018421,1.094000,-0.013000,-0.403000,239.664000,-162.290000,-218.794000,27.64
0.018995,1.143000,-0.060000,-0.379000,239.511000,-150.580000,-211.557000,27.64
0.019650,1.141000,-0.112000,-0.344000,234.489000,-140.626000,-192.962000,27.68
0.020422,1.118000,-0.124000,-0.345000,222.382000,-128.198000,-168.626000,27.68
0.021021,1.072000,-0.085000,-0.350000,204.092000,-115.069000,-141.084000,27.64
0.021594,1.045000,-0.033000,-0.416000,178.290000,-100.427000,-114.901000,27.59
0.022176,1.052000,0.076000,-0.456000,149.435000,-88.916000,-90.641000,27.68
0.022795,1.042000,0.193000,-0.475000,123.527000,-79.557000,-67.939000,27.54
0.023416,1.002000,0.315000,-0.464000,102.122000,-71.145000,-52.427000,27.54
0.024030,1.004000,0.418000,-0.470000,86.382000,-62.519000,-45.679000,27.59
0.024649,1.035000,0.516000,-0.482000,75.435000,-57.527000,-45.221000,27.64
0.025260,1.030000,0.609000,-0.461000,71.176000,-55.160000,-49.939000,27.54
0.025886,0.965000,0.633000,-0.410000,70.061000,-50.565000,-58.824000,27.68
0.026564,0.915000,0.624000,-0.388000,67.771000,-42.855000,-69.374000,27.59
0.027239,0.896000,0.611000,-0.400000,63.099000,-34.947000,-77.634000,27.64
0.027916,1.093000,0.312000,-0.410000,45.954000,-19.740000,-89.053000,27.64
0.028596,0.910000,0.617000,-0.036000,-25.771000,2.198000,-129.008000,27.68
0.029271,1.219000,1.089000,0.120000,-46.122000,57.313000,-161.542000,27.64
0.029942,1.442000,1.134000,0.426000,-37.237000,79.282000,-193.008000,27.64
0.030542,4.000000,-1.187000,-1.101000,33.481000,57.573000,-68.031000,27.68
0.031064,1.200000,0.098000,0.184000,-24.779000,-82.412000,33.298000,27.59
0.031615,0.712000,1.330000,-0.967000,25.206000,-32.565000,8.733000,27.73
0.032104,0.140000,-0.218000,-0.814000,30.672000,-44.977000,7.511000,27.54
0.032578,0.620000,-0.987000,-0.914000,15.588000,-16.046000,28.092000,27.59
0.033044,0.689000,0.022000,-0.691000,9.939000,-28.870000,7.038000,27.64
0.033511,0.644000,-0.281000,-0.776000,0.366000,-8.809000,-0.290000,27.64
0.034019,0.630000,-0.233000,-0.739000,-3.573000,-10.901000,3.008000,27.68
0.034519,0.737000,-0.161000,-0.704000,3.740000,-15.298000,-0.809000,27.54
0.035023,0.656000,-0.378000,-0.716000,0.214000,-20.244000,-4.534000,27.73
0.035532,0.580000,-0.383000,-0.750000,-2.015000,-16.092000,-11.038000,27.68
0.036040,0.643000,-0.310000,-0.744000,-13.924000,-7.893000,-15.786000,27.68
0.036571,0.658000,-0.177000,-0.744000,-14.473000,-10.947000,-17.496000,27.64
0.037192,0.635000,-0.163000,-0.768000,-11.649000,-8.580000,-16.458000,27.54
0.037882,0.627000,-0.157000,-0.771000,-14.275000,-7.405000,-15.573000,27.68
0.038523,0.643000,-0.174000,-0.744000,-14.855000,-4.305000,-14.947000,27.64
0.039158,0.675000,-0.107000,-0.740000,-15.603000,-4.962000,-14.122000,27.64
0.039829,0.671000,-0.050000,-0.750000,-14.870000,-4.061000,-11.985000,27.68
0.040508,0.688000,-0.102000,-0.738000,-11.435000,0.046000,-9.603000,27.59
0.041093,0.649000,-0.120000,-0.734000,-8.290000,0.168000,-8.153000,27.64
0.041648,0.653000,-0.112000,-0.723000,-8.061000,1.115000,-7.511000,27.64
0.042193,0.667000,-0.119000,-0.724000,-7.954000,3.511000,-6.305000,27.59
0.042734,0.645000,-0.144000,-0.751000,-7.893000,4.321000,-5.573000,27.64
0.043283,0.643000,-0.214000,-0.736000,-8.809000,3.740000,-7.130000,27.64
0.043827,0.649000,-0.155000,-0.724000,-10.733000,2.092000,-8.565000,27.59
0.044431,0.646000,-0.110000,-0.729000,-10.336000,3.588000,-8.718000,27.64
0.045004,0.633000,-0.129000,-0.724000,-9.878000,6.504000,-8.321000,27.54
0.045559,0.651000,-0.168000,-0.748000,-9.695000,7.252000,-9.160000,27.59
0.046123,0.653000,-0.161000,-0.734000,-10.443000,5.603000,-9.756000,27.59
0.046670,0.632000,-0.116000,-0.738000,-10.214000,5.481000,-9.359000,27.64
0.047225,0.674000,-0.149000,-0.752000,-12.595000,7.420000,-10.076000,27.64
0.047784,0.681000,-0.156000,-0.717000,-13.863000,4.733000,-11.420000,27.59
0.048346,0.657000,-0.130000,-0.737000,-13.328000,3.359000,-11.924000,27.64
0.048900,0.655000,-0.145000,-0.733000,-14.122000,2.870000,-12.260000,27.54
0.049509,0.638000,-0.121000,-0.726000,-13.496000,2.763000,-11.786000,27.59
0.050132,0.630000,-0.109000,-0.718000,-11.115000,1.847000,-11.053000,27.59
0.050670,0.607000,-0.140000,-0.728000,-10.702000,2.122000,-9.634000,27.64
0.051179,0.642000,-0.150000,-0.729000,-8.962000,4.122000,-10.107000,27.59
0.051780,0.642000,-0.127000,-0.733000,-9.664000,1.649000,-9.176000,27.59
0.052291,0.625000,-0.086000,-0.744000,-9.038000,1.099000,-8.550000,27.64
0.052791,0.630000,-0.106000,-0.729000,-7.634000,3.863000,-7.985000,27.64
0.053290,0.652000,-0.097000,-0.723000,-6.489000,4.275000,-6.748000,27.59
0.053850,0.658000,-0.095000,-0.730000,-4.977000,3.420000,-6.244000,27.54
0.054371,0.641000,-0.106000,-0.734000,-5.160000,3.679000,-5.863000,27.64
0.054878,0.630000,-0.090000,-0.724000,-4.000000,4.305000,-4.687000,27.59
0.055388,0.624000,-0.026000,-0.733000,-1.924000,4.107000,-2.519000,27.54
0.055898,0.646000,-0.101000,-0.729000,0.489000,4.641000,-1.450000,27.54
0.056395,0.656000,-0.160000,-0.730000,0.427000,4.321000,-0.809000,27.68
0.056998,0.672000,-0.134000,-0.740000,-0.321000,4.931000,-0.809000,27.54
0.057559,0.662000,-0.142000,-0.735000,-1.573000,5.679000,-1.359000,27.54
0.058065,0.648000,-0.121000,-0.742000,-2.244000,6.550000,-1.573000,27.59
0.058562,0.648000,-0.104000,-0.733000,-1.466000,7.725000,-1.023000,27.49
0.059061,0.642000,-0.122000,-0.747000,-0.992000,8.947000,-1.008000,27.54
0.059570,0.658000,-0.125000,-0.739000,-0.779000,10.427000,-0.931000,27.54
0.060068,0.685000,-0.139000,-0.754000,-1.893000,11.939000,-1.649000,27.59
0.060571,0.684000,-0.164000,-0.752000,-5.374000,13.542000,-3.695000,27.64
0.061117,0.696000,-0.157000,-0.756000,-8.504000,14.275000,-5.588000,27.54
0.061632,0.653000,-0.045000,-0.727000,-8.824000,14.565000,-8.611000,27.59
0.062198,0.580000,-0.089000,-0.729000,-6.855000,16.183000,-9.221000,27.59
0.062679,0.671000,-0.107000,-0.734000,-7.008000,19.115000,-7.435000,27.73
0.063158,0.739000,-0.044000,-0.730000,-5.389000,18.656000,-9.832000,27.59
0.063645,0.738000,-0.057000,-0.741000,-3.878000,20.565000,-14.122000,27.68
0.064120,0.762000,-0.071000,-0.741000,-3.389000,20.992000,-21.832000,27.64
0.064603,0.810000,-0.009000,-0.715000,-0.611000,18.519000,-33.466000,27.64
0.065084,0.829000,0.025000,-0.674000,5.786000,16.580000,-47.069000,27.59
0.065548,0.828000,0.057000,-0.612000,15.069000,14.412000,-59.679000,27.64
0.066015,0.887000,0.254000,-0.552000,31.832000,13.130000,-78.015000,27.64
0.066487,1.096000,0.365000,-0.603000,51.710000,8.855000,-108.763000,27.59
0.066955,1.211000,0.445000,-0.515000,74.260000,-8.779000,-147.435000,27.59
0.067426,1.185000,0.459000,-0.416000,96.382000,-18.870000,-185.985000,27.64
0.067911,1.175000,0.435000,-0.391000,119.725000,-27.847000,-216.198000,27.68
0.068403,1.120000,0.378000,-0.391000,146.153000,-33.008000,-228.565000,27.64
0.068893,1.026000,0.144000,-0.421000,160.015000,-32.382000,-235.832000,27.64
0.069370,0.939000,0.084000,-0.489000,167.160000,-32.672000,-241.053000,27.64
0.069850,0.899000,0.083000,-0.537000,168.763000,-29.420000,-243.008000,27.68
0.070327,0.820000,0.008000,-0.515000,174.427000,-26.015000,-240.107000,27.64
0.070806,0.759000,-0.080000,-0.538000,177.908000,-21.725000,-236.183000,27.64
0.071265,0.765000,-0.109000,-0.503000,185.221000,-20.458000,-230.031000,27.59
0.071735,0.816000,-0.087000,-0.442000,206.458000,-21.145000,-221.206000,27.68
0.072381,0.874000,-0.231000,-0.455000,261.603000,-28.840000,-207.893000,27.64
0.072909,0.869000,-0.446000,-0.448000,265.847000,-34.122000,-204.779000,27.59
0.073392,0.731000,-0.547000,-0.440000,241.206000,-29.008000,-206.076000,27.59
0.073861,0.666000,-0.510000,-0.467000,210.260000,-16.275000,-203.634000,27.64
0.074325,0.658000,-0.419000,-0.487000,188.244000,-0.809000,-193.908000,27.68
0.074817,0.711000,-0.397000,-0.537000,177.206000,7.328000,-178.595000,27.59
0.075306,0.738000,-0.381000,-0.566000,173.664000,6.031000,-163.695000,27.64
0.075770,0.716000,-0.384000,-0.616000,169.710000,2.992000,-153.160000,27.64
0.076232,0.712000,-0.402000,-0.623000,163.725000,0.061000,-146.458000,27.59
0.076695,0.693000,-0.367000,-0.648000,156.809000,-2.382000,-141.298000,27.73
0.077124,0.672000,-0.325000,-0.620000,152.840000,-3.603000,-134.611000,27.64
0.077566,0.636000,-0.287000,-0.626000,147.710000,-1.954000,-127.710000,27.59
0.077999,0.611000,-0.266000,-0.630000,140.504000,1.466000,-120.611000,27.59
0.078443,0.625000,-0.276000,-0.654000,128.336000,5.466000,-113.756000,27.64
0.078902,0.634000,-0.265000,-0.681000,114.672000,7.573000,-107.954000,27.68
0.079343,0.648000,-0.234000,-0.714000,102.168000,8.901000,-101.725000,27.59
0.079798,0.661000,-0.204000,-0.731000,94.305000,7.573000,-95.634000,27.54
0.080231,0.659000,-0.183000,-0.735000,89.924000,4.824000,-91.466000,27.73
0.080678,0.671000,-0.180000,-0.755000,86.977000,2.489000,-90.305000,27.68
0.081114,0.684000,-0.183000,-0.738000,85.603000,-1.985000,-90.702000,27.64
0.081551,0.660000,-0.153000,-0.741000,87.908000,-6.275000,-95.313000,27.64
0.082077,0.667000,-0.136000,-0.749000,92.489000,-10.198000,-99.069000,27.49
0.082686,0.688000,-0.133000,-0.748000,99.221000,-13.954000,-101.359000,27.68
0.083153,0.706000,-0.134000,-0.752000,104.229000,-18.137000,-104.489000,27.64
0.083630,0.672000,-0.134000,-0.754000,104.305000,-21.038000,-108.672000,27.59
0.084100,0.676000,-0.133000,-0.755000,107.084000,-23.466000,-111.634000,27.59
0.084568,0.671000,-0.163000,-0.759000,107.649000,-25.725000,-111.969000,27.54
0.085035,0.632000,-0.210000,-0.737000,102.947000,-25.924000,-111.145000,27.49
0.085487,0.583000,-0.245000,-0.711000,98.260000,-23.130000,-107.527000,27.59
0.085978,0.539000,-0.272000,-0.694000,97.359000,-18.092000,-101.069000,27.73
0.086462,0.508000,-0.333000,-0.677000,94.443000,-12.901000,-92.550000,27.73
0.086947,0.502000,-0.381000,-0.677000,87.985000,-7.420000,-82.916000,27.59
0.087446,0.514000,-0.388000,-0.699000,78.214000,-2.565000,-73.496000,27.64
0.087885,0.569000,-0.388000,-0.730000,66.947000,-0.916000,-64.275000,27.73
0.088318,0.585000,-0.378000,-0.736000,56.595000,-3.176000,-53.878000,27.59
0.088768,0.588000,-0.371000,-0.734000,45.527000,-4.824000,-42.763000,27.59
0.089190,0.623000,-0.376000,-0.762000,33.145000,-7.084000,-31.924000,27.64
0.089616,0.629000,-0.362000,-0.737000,20.351000,-11.160000,-20.641000,27.59
0.090048,0.604000,-0.346000,-0.695000,9.588000,-14.733000,-9.878000,27.64
0.090469,0.558000,-0.317000,-0.662000,0.550000,-12.947000,-2.290000,27.64
0.090893,0.520000,-0.266000,-0.595000,-4.962000,-9.038000,6.550000,27.54
0.091319,0.539000,-0.258000,-0.613000,-10.809000,-3.053000,12.824000,27.59
0.091741,0.580000,-0.258000,-0.670000,-18.824000,4.305000,18.351000,27.54
0.092253,0.596000,-0.290000,-0.726000,-29.069000,3.954000,26.046000,27.64
0.092781,0.913000,-0.339000,-1.760000,-31.038000,16.382000,40.397000,27.59
0.093240,0.887000,0.203000,-1.149000,-50.489000,-68.901000,44.183000,27.68
0.094124,0.633000,-0.141000,-0.715000,-0.305000,3.740000,0.504000,27.54
0.094577,0.642000,-0.145000,-0.720000,0.977000,3.160000,0.992000,27.64
0.095068,0.636000,-0.152000,-0.719000,1.389000,3.237000,1.359000,27.59
0.095530,0.659000,-0.172000,-0.721000,0.473000,2.947000,0.977000,27.64
0.095962,0.651000,-0.160000,-0.722000,0.336000,2.168000,1.023000,27.64
0.096387,0.651000,-0.166000,-0.721000,0.122000,2.275000,0.947000,27.68
0.103454,0.655000,-0.163000,-0.720000,-0.153000,1.924000,0.580000,27.59
0.115659,0.633000,-0.143000,-0.710000,-0.382000,2.015000,0.458000,27.64
0.122853,0.615000,-0.131000,-0.752000,-0.351000,2.290000,0.809000,27.64
0.135227,0.642000,-0.162000,-0.743000,-0.977000,3.344000,-0.321000,27.59
0.142151,0.658000,-0.189000,-0.726000,-1.282000,4.458000,-1.038000,27.64
0.154448,0.631000,-0.137000,-0.721000,-2.336000,6.183000,-1.542000,27.64
0.161829,0.638000,-0.148000,-0.738000,-2.702000,8.015000,-1.344000,27.59
0.173950,0.659000,-0.172000,-0.744000,-3.634000,7.267000,-1.618000,27.59
0.186137,0.671000,-0.166000,-0.710000,-4.382000,6.260000,-1.237000,27.64
0.193185,0.652000,-0.154000,-0.727000,-4.229000,4.244000,-1.115000,27.59
0.205431,0.675000,-0.157000,-0.709000,-4.595000,2.840000,-1.023000,27.59
0.212584,0.691000,-0.163000,-0.708000,-5.130000,1.298000,-0.153000,27.54
0.225502,0.679000,-0.172000,-0.721000,-4.794000,2.519000,-0.092000,27.54
0.235096,0.660000,-0.193000,-0.714000,-5.237000,2.031000,-1.084000,27.59
0.244748,0.654000,-0.187000,-0.691000,-5.313000,1.374000,-2.351000,27.54
0.256438,0.656000,-0.182000,-0.694000,-5.145000,-0.305000,-3.282000,27.64
0.263419,0.660000,-0.174000,-0.683000,-4.901000,-1.969000,-3.985000,27.49
0.275788,0.656000,-0.141000,-0.699000,-4.458000,-2.641000,-4.458000,27.59
0.282745,0.668000,-0.146000,-0.727000,-4.885000,-3.298000,-4.947000,27.54
0.294749,0.677000,-0.130000,-0.727000,-4.977000,-3.985000,-4.809000,27.59
0.301859,0.662000,-0.116000,-0.704000,-3.847000,-5.130000,-4.427000,27.68
0.313940,0.658000,-0.132000,-0.701000,-2.076000,-7.618000,-3.389000,27.54
0.326344,0.657000,-0.164000,-0.715000,-1.435000,-10.260000,-2.794000,27.64
0.333234,0.654000,-0.205000,-0.744000,-3.053000,-11.420000,-3.832000,27.59
0.345158,0.637000,-0.194000,-0.768000,-5.359000,-10.672000,-5.023000,27.64
0.352175,0.619000,-0.147000,-0.779000,-5.786000,-5.939000,-5.664000,27.54
0.364205,0.643000,-0.158000,-0.761000,-6.901000,-4.489000,-5.511000,27.68
0.376576,0.648000,-0.160000,-0.773000,-8.046000,-2.977000,-5.466000,27.59
0.383768,0.644000,-0.140000,-0.756000,-8.763000,-2.626000,-5.359000,27.64
0.395807,0.639000,-0.124000,-0.744000,-8.947000,-1.298000,-4.901000,27.59
0.402789,0.643000,-0.118000,-0.751000,-9.573000,0.885000,-4.443000,27.59
0.415168,0.637000,-0.124000,-0.748000,-8.260000,1.389000,-3.954000,27.54
0.422257,0.618000,-0.103000,-0.740000,-6.824000,2.336000,-2.550000,27.64
0.434994,0.616000,-0.104000,-0.721000,-3.878000,4.794000,-1.038000,27.59
0.441715,0.606000,-0.092000,-0.719000,-1.420000,1.924000,0.779000,27.64
0.453960,0.602000,-0.082000,-0.723000,1.099000,4.336000,1.939000,27.64
0.466424,0.611000,-0.093000,-0.733000,3.405000,5.740000,3.053000,27.59
0.473803,0.617000,-0.097000,-0.720000,5.847000,5.450000,4.214000,27.64
0.486160,0.623000,-0.083000,-0.707000,7.695000,7.053000,5.420000,27.64
0.493521,0.614000,-0.100000,-0.729000,10.855000,5.282000,6.580000,27.59
0.505633,0.621000,-0.143000,-0.730000,13.389000,6.229000,8.046000,27.59
0.512635,0.638000,-0.149000,-0.736000,12.855000,6.519000,8.748000,27.64
0.525168,0.646000,-0.148000,-0.771000,12.534000,6.687000,8.718000,27.54
0.532235,0.604000,-0.139000,-0.791000,11.695000,12.305000,8.565000,27.68
0.544442,0.657000,-0.174000,-0.764000,10.382000,13.756000,7.985000,27.64
0.554814,0.657000,-0.172000,-0.802000,6.031000,21.466000,6.641000,27.54
0.563857,0.649000,-0.139000,-0.801000,4.382000,23.405000,7.298000,27.59
0.576419,0.646000,-0.135000,-0.767000,6.534000,26.901000,7.893000,27.68
0.583399,0.647000,-0.189000,-0.783000,8.137000,34.427000,7.374000,27.64
0.595645,0.587000,-0.170000,-0.842000,10.183000,40.595000,5.786000,27.59
0.602879,0.578000,-0.174000,-0.846000,6.031000,57.634000,5.359000,27.59
0.615318,0.486000,-0.066000,-0.909000,4.748000,67.267000,5.206000,27.54
0.622185,0.527000,-0.206000,-0.872000,-7.099000,80.794000,7.206000,27.54
0.634701,0.599000,-0.082000,-0.864000,-8.641000,90.092000,9.985000,27.68
0.641467,0.549000,-0.101000,-1.021000,6.504000,104.580000,11.802000,27.64
0.653770,0.641000,0.038000,-1.007000,16.809000,115.328000,17.511000,27.64
0.666075,0.630000,0.036000,-1.045000,22.351000,115.740000,12.427000,27.59
0.673065,0.366000,0.105000,-1.296000,31.832000,100.870000,7.802000,27.59
0.685516,0.164000,0.238000,-1.478000,42.718000,79.710000,-3.405000,27.73
0.692384,-0.048000,0.345000,-1.588000,44.336000,54.931000,-21.435000,27.64
0.704596,-0.050000,0.383000,-1.618000,44.092000,30.122000,-36.595000,27.68
0.710243,-0.020000,0.393000,-1.631000,40.534000,3.695000,-49.313000,27.54
0.723578,0.014000,0.406000,-1.564000,38.137000,-20.122000,-58.183000,27.64
0.735685,0.137000,0.377000,-1.519000,36.061000,-35.573000,-61.924000,27.49
0.742816,0.234000,0.330000,-1.482000,32.397000,-50.779000,-62.046000,27.59
0.754898,0.238000,0.295000,-1.382000,26.061000,-62.779000,-62.198000,27.64
0.761600,0.646000,0.144000,-1.266000,12.870000,-70.809000,-58.733000,27.59
0.774154,0.688000,0.076000,-1.107000,6.672000,-86.489000,-46.290000,27.68
0.786086,0.577000,-0.006000,-0.864000,2.153000,-79.740000,-32.504000,27.64
0.793556,0.556000,-0.069000,-0.723000,-8.427000,-62.595000,-20.534000,27.64
0.804961,0.666000,-0.056000,-0.707000,-16.473000,-45.099000,-10.443000,27.59
0.811759,0.755000,-0.021000,-0.735000,-19.405000,-37.176000,-3.603000,27.54
0.823706,0.775000,-0.041000,-0.715000,-20.076000,-35.252000,-0.901000,27.54
0.835699,0.688000,-0.015000,-0.720000,-17.817000,-28.107000,-1.756000,27.68
0.842721,0.713000,-0.013000,-0.703000,-19.496000,-22.366000,-2.595000,27.68
0.854694,0.722000,-0.011000,-0.709000,-18.168000,-22.870000,-3.481000,27.64
0.866519,0.702000,-0.007000,-0.711000,-15.786000,-19.252000,-4.641000,27.68
0.873561,0.671000,0.011000,-0.722000,-12.550000,-17.527000,-5.908000,27.49
0.885803,0.655000,0.037000,-0.742000,-10.733000,-14.473000,-7.863000,27.64
0.892853,0.621000,0.070000,-0.784000,-8.458000,-17.237000,-10.321000,27.54
0.904707,0.590000,0.086000,-0.810000,-5.191000,-14.260000,-13.939000,27.68
0.910615,0.559000,0.090000,-0.829000,-3.450000,-19.023000,-17.221000,27.64
0.923649,0.532000,0.078000,-0.844000,-2.504000,-22.153000,-22.534000,27.54
0.935739,0.507000,0.071000,-0.856000,-5.069000,-28.305000,-27.969000,27.68
0.943147,0.497000,0.062000,-0.861000,-6.550000,-35.817000,-33.527000,27.59
0.954975,0.509000,0.042000,-0.861000,-8.351000,-43.420000,-38.366000,27.64
0.961839,0.543000,0.015000,-0.851000,-10.916000,-47.786000,-42.916000,27.54
0.973928,0.550000,0.009000,-0.842000,-13.145000,-57.527000,-46.794000,27.59
0.985799,0.539000,0.023000,-0.812000,-13.832000,-62.672000,-50.550000,27.73
0.992720,0.583000,0.017000,-0.797000,-14.168000,-64.702000,-56.092000,27.54
1.004749,0.621000,0.026000,-0.793000,-14.565000,-68.626000,-61.679000,27.68
1.016722,0.693000,0.039000,-0.774000,-12.718000,-72.718000,-65.985000,27.59
1.023697,0.791000,0.034000,-0.716000,-7.481000,-78.061000,-68.733000,27.54
1.035798,0.848000,-0.005000,-0.628000,-2.580000,-83.328000,-72.076000,27.68
1.043160,0.858000,-0.077000,-0.506000,1.557000,-83.481000,-77.511000,27.64
1.054762,0.884000,-0.111000,-0.317000,7.481000,-78.214000,-81.695000,27.64
1.067472,0.944000,-0.142000,-0.174000,13.588000,-64.687000,-84.779000,27.64
1.073553,1.144000,-0.260000,-0.109000,14.183000,-51.298000,-88.046000,27.59
1.086148,1.261000,-0.387000,0.010000,12.412000,-50.962000,-90.779000,27.59
1.092785,1.113000,0.050000,-0.133000,40.351000,-44.000000,-90.031000,27.64
1.104719,1.093000,-0.434000,0.958000,61.496000,-17.969000,-59.618000,27.59
1.110774,1.600000,-1.037000,1.245000,61.191000,65.221000,-43.710000,27.59
1.123618,1.874000,-1.042000,1.517000,61.466000,107.038000,-28.702000,27.64
1.135909,2.228000,-1.170000,1.895000,61.481000,157.847000,0.763000,27.59
1.142944,1.800000,-0.538000,-0.204000,44.489000,218.840000,36.763000,27.59
1.155015,3.022000,-0.366000,-1.999000,37.237000,58.107000,46.244000,27.73
1.161734,0.481000,0.348000,-0.646000,55.832000,-13.557000,46.656000,27.54
1.174028,0.092000,-0.103000,-0.586000,65.603000,138.519000,20.168000,27.59
1.186164,1.937000,-0.475000,-1.314000,84.061000,56.305000,30.916000,27.59
1.193369,1.046000,-1.020000,-0.705000,59.359000,-17.740000,45.298000,27.64
1.205384,0.906000,-0.043000,-0.916000,38.809000,20.962000,24.015000,27.59
1.212574,0.789000,-0.153000,-0.764000,40.870000,-20.137000,23.038000,27.64
1.224652,0.978000,-0.507000,-0.888000,16.748000,-13.282000,9.328000,27.54
1.231649,0.654000,-0.253000,-0.792000,9.466000,-18.275000,0.962000,27.64
1.243726,0.602000,-0.260000,-0.799000,0.412000,-8.992000,-5.298000,27.59
1.256118,0.672000,-0.195000,-0.811000,-5.847000,-2.809000,-8.855000,27.64
1.263214,0.684000,-0.125000,-0.750000,-8.702000,1.527000,-9.008000,27.64
1.275528,0.653000,-0.088000,-0.737000,-7.573000,8.962000,-7.176000,27.59
1.282758,0.585000,-0.093000,-0.781000,-3.374000,3.374000,-5.466000,27.68
1.294897,0.603000,-0.104000,-0.780000,-2.702000,9.053000,-4.931000,27.64
1.301835,0.668000,-0.098000,-0.759000,-2.687000,11.878000,-4.061000,27.59
1.314120,0.656000,-0.146000,-0.750000,-2.779000,13.389000,-3.725000,27.59
1.326161,0.654000,-0.116000,-0.756000,-1.618000,13.985000,-3.130000,27.54
1.333287,0.658000,-0.127000,-0.747000,-0.473000,13.756000,-1.282000,27.54
1.345351,0.652000,-0.113000,-0.741000,-0.168000,14.092000,-0.015000,27.59
1.352608,0.652000,-0.145000,-0.735000,-0.229000,14.473000,0.321000,27.54
1.364752,0.645000,-0.162000,-0.729000,-0.855000,13.634000,-0.214000,27.64
1.372004,0.666000,-0.136000,-0.714000,-1.038000,13.359000,0.260000,27.59
1.384078,0.643000,-0.119000,-0.716000,-1.359000,11.008000,1.038000,27.64
1.396362,0.650000,-0.097000,-0.707000,-0.031000,10.443000,1.939000,27.64
1.403730,0.652000,-0.123000,-0.725000,-1.374000,9.298000,2.702000,27.68
1.416020,0.643000,-0.120000,-0.733000,1.359000,9.237000,3.191000,27.59
1.423505,0.659000,-0.138000,-0.705000,2.809000,7.069000,4.214000,27.54
1.436042,0.663000,-0.137000,-0.701000,-0.046000,7.374000,4.427000,27.64
1.442999,0.649000,-0.129000,-0.703000,3.176000,2.626000,5.664000,27.59
1.455156,0.643000,-0.135000,-0.718000,0.718000,5.573000,6.702000,27.64
1.462818,0.627000,-0.134000,-0.731000,1.038000,4.656000,7.115000,27.64
1.475368,0.633000,-0.137000,-0.731000,4.000000,2.351000,6.718000,27.49
1.482243,0.640000,-0.156000,-0.726000,2.260000,3.893000,7.099000,27.68
1.494488,0.655000,-0.170000,-0.718000,-0.031000,8.901000,6.580000,27.64
1.502209,0.635000,-0.152000,-0.735000,0.534000,7.389000,6.260000,27.68
1.514417,0.638000,-0.123000,-0.765000,3.847000,9.267000,6.992000,27.68
1.526580,0.631000,-0.127000,-0.789000,4.992000,12.473000,8.061000,27.64
1.533849,0.601000,-0.100000,-0.808000,3.481000,21.557000,10.305000,27.64
1.545936,0.563000,-0.088000,-0.837000,4.092000,32.809000,13.267000,27.68
1.553455,0.514000,-0.155000,-0.844000,6.702000,43.221000,15.878000,27.64
1.565236,0.557000,-0.136000,-0.854000,16.046000,55.954000,19.710000,27.64
1.572064,0.602000,-0.228000,-0.821000,13.420000,71.069000,22.214000,27.59
1.584198,0.654000,-0.284000,-0.805000,11.466000,83.527000,17.191000,27.68
1.596170,0.580000,-0.281000,-0.952000,23.313000,96.595000,11.756000,27.64
1.603157,0.566000,-0.158000,-1.102000,16.489000,136.107000,7.985000,27.64
1.615439,0.721000,0.039000,-1.001000,33.710000,150.183000,13.496000,27.59
1.622173,0.728000,-0.156000,-0.923000,33.786000,167.252000,19.298000,27.64
1.634582,0.848000,-0.114000,-0.837000,35.115000,174.931000,18.580000,27.54
1.640010,0.908000,-0.096000,-0.927000,34.107000,182.427000,22.550000,27.59
1.653429,0.804000,-0.028000,-0.938000,37.252000,187.710000,26.550000,27.59
1.665868,0.694000,0.025000,-1.047000,34.580000,200.092000,32.916000,27.64
1.672791,0.763000,0.210000,-1.348000,21.221000,199.679000,36.214000,27.64
1.685075,0.385000,0.621000,-2.162000,15.252000,145.450000,20.870000,27.59
1.691924,-0.455000,0.983000,-2.336000,21.435000,83.023000,-2.779000,27.73
1.704012,-0.727000,0.975000,-2.460000,14.000000,35.634000,-33.893000,27.64
1.716055,-0.745000,0.810000,-2.462000,-2.336000,-20.458000,-52.015000,27.59
1.722773,-0.634000,0.562000,-2.318000,-17.344000,-61.817000,-52.718000,27.54
1.734710,-0.424000,0.257000,-2.079000,-31.130000,-101.695000,-37.939000,27.54
1.746553,-0.179000,0.042000,-1.812000,-45.603000,-125.832000,-17.389000,27.59
1.753426,0.149000,-0.085000,-1.540000,-58.412000,-140.183000,3.603000,27.59
1.765382,0.365000,-0.144000,-1.319000,-67.511000,-146.779000,20.565000,27.54
1.772097,0.836000,-0.266000,-1.066000,-80.626000,-151.985000,23.588000,27.68
1.784141,0.820000,-0.058000,-0.757000,-73.771000,-139.756000,22.702000,27.64
1.796153,1.092000,-0.179000,-0.603000,-60.962000,-125.557000,23.282000,27.64
1.803147,0.957000,-0.227000,-0.599000,-56.473000,-107.863000,22.611000,27.64
1.815024,0.988000,-0.252000,-0.535000,-48.321000,-89.298000,20.931000,27.59
1.821692,0.955000,-0.308000,-0.505000,-38.015000,-97.176000,19.420000,27.64
1.833740,1.005000,-0.320000,-0.555000,-30.366000,-54.031000,12.366000,27.54
1.845837,0.833000,-0.311000,-0.525000,-22.153000,-50.382000,7.374000,27.68
1.852697,0.869000,-0.345000,-0.584000,-16.031000,-32.809000,-0.794000,27.59
1.864599,0.794000,-0.363000,-0.611000,-11.344000,-31.863000,-8.611000,27.64
1.870547,0.855000,-0.328000,-0.697000,-6.427000,-28.550000,-17.206000,27.59
1.883692,0.743000,-0.290000,-0.615000,-1.664000,-21.130000,-27.832000,27.68
1.895578,0.781000,-0.304000,-0.769000,-2.305000,-23.847000,-40.748000,27.54
1.902471,0.653000,-0.162000,-0.895000,-4.885000,-24.458000,-58.809000,27.64
1.914433,0.849000,-0.096000,-0.859000,13.710000,-30.763000,-60.840000,27.59
1.926539,0.857000,-0.355000,-0.942000,7.939000,-49.160000,-56.748000,27.54
1.933343,0.718000,-0.398000,-1.017000,-2.763000,-80.809000,-52.733000,27.64
1.945257,0.656000,-0.400000,-1.017000,-13.206000,-86.519000,-47.374000,27.68
1.952350,0.669000,-0.328000,-0.913000,-17.450000,-90.260000,-36.595000,27.54
1.964208,0.724000,-0.313000,-0.874000,-10.916000,-94.031000,-22.244000,27.54
1.976160,0.787000,-0.470000,-0.754000,-17.405000,-95.725000,-12.473000,27.59
1.983081,0.889000,-0.441000,-0.735000,-28.870000,-96.214000,-6.061000,27.59
1.994844,0.878000,-0.363000,-0.684000,-37.496000,-98.366000,-0.092000,27.64
2.001831,0.829000,-0.327000,-0.631000,-41.847000,-96.305000,2.992000,27.54
2.014461,0.789000,-0.267000,-0.602000,-42.275000,-95.374000,3.313000,27.59
2.025870,0.809000,-0.201000,-0.588000,-40.550000,-94.916000,0.626000,27.64
2.032865,0.840000,-0.144000,-0.582000,-38.641000,-93.420000,-6.015000,27.54
2.044642,0.900000,-0.127000,-0.521000,-36.275000,-95.267000,-16.412000,27.59
2.050395,0.917000,-0.136000,-0.408000,-31.557000,-96.351000,-29.481000,27.68
2.063161,0.890000,-0.151000,-0.240000,-21.985000,-94.153000,-42.000000,27.64
2.075235,0.834000,-0.206000,-0.095000,-13.206000,-77.206000,-54.977000,27.59
2.082396,0.963000,-0.307000,0.000000,-6.656000,-58.855000,-64.443000,27.59
2.094253,1.101000,-0.386000,0.035000,-6.809000,-44.092000,-71.328000,27.54
2.106410,1.268000,-0.528000,0.192000,-9.145000,-36.718000,-73.466000,27.59
2.113287,1.270000,-0.563000,0.477000,-10.305000,-22.992000,-61.496000,27.49
2.125586,1.394000,-0.678000,0.662000,-17.328000,15.679000,-44.641000,27.64
2.132478,1.761000,-0.838000,1.099000,-26.076000,48.702000,-16.076000,27.64
2.144650,2.046000,-0.893000,1.640000,-21.023000,88.794000,30.977000,27.59
2.151753,1.907000,-0.873000,1.995000,1.740000,159.710000,92.534000,27.54
2.163905,1.805000,0.124000,-1.406000,-6.565000,208.092000,77.176000,27.54
2.176094,1.796000,1.210000,-1.795000,22.534000,32.702000,67.710000,27.59
2.183217,0.703000,1.083000,-0.433000,54.550000,122.122000,27.450000,27.54
2.195333,1.394000,-0.129000,-1.164000,87.115000,155.145000,-4.504000,27.54
2.202582,1.033000,-1.018000,-0.870000,87.160000,69.893000,17.084000,27.59
2.214526,0.515000,-0.831000,-0.704000,45.847000,113.786000,33.389000,27.68
2.226491,1.704000,0.221000,-0.822000,37.618000,125.725000,35.618000,27.54
2.233902,1.336000,0.179000,-0.523000,47.557000,58.977000,21.023000,27.54
2.245982,0.912000,-0.732000,-0.902000,57.527000,54.626000,30.229000,27.59
2.253067,1.078000,-0.458000,-0.902000,53.573000,15.527000,32.107000,27.54
2.265252,0.871000,-0.122000,-0.806000,41.618000,-5.466000,15.252000,27.54
2.272418,0.816000,-0.435000,-0.888000,18.534000,4.397000,10.840000,27.59
2.284529,0.784000,-0.267000,-0.821000,4.916000,-2.153000,3.344000,27.59
2.290455,0.680000,-0.232000,-0.797000,3.282000,-1.527000,-1.099000,27.54
2.304134,0.675000,-0.125000,-0.776000,2.137000,-1.634000,-2.000000,27.68
2.316142,0.686000,-0.063000,-0.742000,1.573000,0.626000,-0.214000,27.59
2.323628,0.674000,-0.079000,-0.748000,1.893000,3.985000,2.443000,27.64
2.335980,0.664000,-0.090000,-0.741000,3.573000,3.405000,4.183000,27.64
2.343608,0.651000,-0.124000,-0.742000,4.992000,3.237000,5.237000,27.68
2.355921,0.653000,-0.164000,-0.752000,3.298000,4.885000,4.382000,27.54
2.362947,0.640000,-0.170000,-0.741000,1.725000,5.786000,3.725000,27.54
2.375379,0.637000,-0.184000,-0.741000,0.351000,6.458000,2.931000,27.68
2.383015,0.646000,-0.184000,-0.716000,-0.473000,5.786000,2.229000,27.68
2.394779,0.641000,-0.138000,-0.722000,-0.504000,4.733000,1.786000,27.64
2.402414,0.641000,-0.134000,-0.721000,-0.214000,4.229000,1.786000,27.59
2.414630,0.649000,-0.128000,-0.728000,0.580000,3.847000,2.489000,27.64
2.420193,0.655000,-0.136000,-0.729000,1.053000,2.000000,3.008000,27.54
2.434117,0.643000,-0.136000,-0.718000,2.412000,1.237000,3.588000,27.49
2.446393,0.655000,-0.145000,-0.716000,3.344000,-0.336000,4.687000,27.59
2.453599,0.651000,-0.114000,-0.728000,4.412000,-0.168000,6.336000,27.54
2.465944,0.638000,-0.117000,-0.749000,5.924000,2.076000,8.229000,27.64
2.473361,0.624000,-0.140000,-0.748000,7.038000,5.832000,8.931000,27.59
2.485670,0.636000,-0.130000,-0.763000,7.954000,4.611000,9.710000,27.68
2.492935,0.626000,-0.126000,-0.829000,7.771000,8.351000,11.573000,27.54
2.505168,0.595000,-0.026000,-0.805000,15.191000,27.588000,16.137000,27.59
2.512087,0.611000,-0.032000,-0.756000,18.427000,32.290000,19.695000,27.59
2.524344,0.509000,-0.160000,-0.857000,18.260000,45.786000,20.840000,27.45
2.536278,0.453000,-0.236000,-0.918000,28.473000,67.115000,21.893000,27.54
2.543878,0.365000,-0.125000,-0.980000,20.947000,95.908000,17.878000,27.68
2.555845,0.201000,0.023000,-1.244000,21.908000,120.382000,14.565000,27.54
2.562711,0.198000,0.057000,-1.402000,-11.817000,155.740000,18.046000,27.64
2.574607,0.380000,-0.006000,-1.484000,-16.977000,202.275000,51.603000,27.59
2.587709,0.597000,0.616000,-1.717000,-14.275000,227.817000,63.695000,27.54
2.593955,0.225000,0.736000,-2.133000,25.115000,197.282000,59.573000,27.64
2.605639,-0.481000,0.908000,-2.379000,45.298000,137.771000,27.649000,27.59
2.612923,-0.698000,1.041000,-2.547000,40.214000,97.252000,-9.496000,27.59
2.625063,-0.749000,1.115000,-2.622000,29.786000,40.412000,-35.496000,27.54
2.632057,-0.791000,0.951000,-2.587000,15.053000,-9.985000,-54.519000,27.64
2.648715,-0.789000,0.790000,-2.453000,-1.969000,-60.870000,-62.443000,27.59
2.655775,-0.609000,0.594000,-2.310000,-20.489000,-96.504000,-58.061000,27.64
2.662473,-0.258000,0.421000,-2.193000,-37.969000,-128.763000,-43.359000,27.54
2.674435,-0.177000,0.281000,-2.065000,-54.672000,-152.565000,-26.107000,27.68
2.686180,-0.006000,0.243000,-1.966000,-72.076000,-164.046000,-15.863000,27.59
2.698795,0.361000,0.107000,-1.840000,-94.733000,-173.634000,-16.901000,27.54
2.704648,1.225000,-0.057000,-1.570000,-87.053000,-194.061000,0.504000,27.59
2.711468,1.649000,-0.548000,1.151000,-13.588000,-145.221000,8.992000,27.49
2.723821,2.117000,-1.289000,0.882000,-15.069000,-39.939000,-14.061000,27.54
2.735734,1.923000,-1.073000,-0.675000,-70.611000,-7.893000,-40.000000,27.49
2.742594,1.787000,-0.856000,-1.287000,-136.382000,-125.496000,-38.565000,27.59
2.754182,1.378000,-0.343000,-0.906000,-128.718000,-166.305000,-15.618000,27.64
2.766278,0.809000,-0.730000,-0.228000,-100.855000,-175.099000,4.244000,27.64
2.773383,0.922000,-1.194000,0.228000,-82.855000,-163.832000,0.641000,27.59
2.785390,1.304000,-1.042000,0.868000,-53.435000,-151.313000,-10.534000,27.54
2.791907,1.712000,-0.964000,1.582000,-12.397000,-110.626000,-23.969000,27.54
2.804005,2.223000,-0.957000,2.261000,16.870000,-46.382000,-43.115000,27.59
2.816275,2.807000,-1.110000,2.967000,45.496000,19.939000,-54.641000,27.64
2.823100,4.000000,-1.751000,4.000000,70.595000,102.962000,-51.618000,27.64
2.835150,3.175000,-1.319000,-0.225000,50.137000,198.901000,-46.214000,27.68
2.842200,2.489000,-0.981000,-2.509000,28.244000,-77.145000,73.160000,27.68
2.854230,-1.404000,0.194000,-0.393000,4.214000,-24.901000,76.336000,27.54
2.866294,-0.187000,-0.139000,-1.055000,8.122000,199.496000,-8.733000,27.64
2.873352,1.055000,-0.616000,-0.951000,21.282000,86.427000,-8.962000,27.59
2.885612,2.243000,-0.069000,-0.848000,8.076000,71.542000,24.214000,27.59
2.892920,0.970000,0.265000,-0.734000,24.015000,15.267000,13.359000,27.64
2.905023,0.460000,-0.200000,-0.923000,20.962000,38.107000,12.901000,27.59
2.911919,0.847000,-0.359000,-0.850000,17.374000,42.321000,17.588000,27.68
2.924061,1.018000,-0.050000,-0.825000,18.779000,7.634000,11.969000,27.64
2.936201,0.694000,-0.130000,-0.820000,14.458000,6.229000,8.947000,27.59
2.943456,0.710000,-0.177000,-0.808000,7.084000,15.603000,9.496000,27.59
2.956029,0.727000,-0.060000,-0.781000,7.420000,8.473000,8.992000,27.64
2.963413,0.642000,-0.022000,-0.745000,11.466000,8.550000,10.336000,27.64
2.977542,0.649000,-0.062000,-0.733000,14.718000,8.687000,12.779000,27.49
2.985234,0.668000,-0.104000,-0.757000,14.336000,11.679000,12.931000,27.45
2.998391,0.615000,-0.024000,-0.700000,15.756000,13.038000,13.725000,27.73
3.000391,0.523000,-0.106000,-0.703000,19.817000,20.962000,17.130000,27.59
3.013642,0.498000,-0.106000,-0.774000,21.786000,29.496000,18.458000,27.59
3.032530,0.524000,-0.003000,-0.816000,22.443000,42.947000,16.977000,27.64
3.036762,0.453000,0.063000,-0.799000,24.992000,60.870000,14.244000,27.59
3.045633,0.344000,0.037000,-0.889000,30.183000,76.885000,14.000000,27.68
3.052943,0.256000,-0.039000,-0.923000,32.443000,95.191000,20.519000,27.64
3.064240,0.309000,-0.102000,-1.172000,30.504000,119.466000,25.145000,27.64
3.076486,0.492000,0.063000,-1.338000,12.534000,122.168000,42.824000,27.68
3.083610,0.126000,0.490000,-1.914000,5.115000,127.252000,36.031000,27.59
3.095717,-0.349000,1.191000,-2.094000,19.496000,104.595000,21.603000,27.64
3.102502,-0.356000,1.085000,-2.271000,32.718000,87.298000,-1.756000,27.59
3.114687,-0.442000,1.119000,-2.353000,34.504000,53.206000,-25.359000,27.59
3.121431,-0.482000,1.171000,-2.332000,34.977000,23.802000,-46.580000,27.54
3.133771,-0.490000,1.077000,-2.330000,30.076000,-10.290000,-65.695000,27.64
3.145686,-0.495000,1.036000,-2.298000,17.634000,-43.496000,-80.275000,27.59
3.152693,-0.465000,0.950000,-2.282000,14.519000,-65.405000,-86.931000,27.64
3.164712,-0.372000,0.751000,-2.151000,2.489000,-95.817000,-82.565000,27.54
3.176390,-0.015000,0.229000,-2.076000,-30.107000,-107.191000,-72.031000,27.68
3.183447,0.453000,0.090000,-1.956000,-43.221000,-125.084000,-46.260000,27.54
3.195362,1.095000,-0.237000,-1.312000,-34.824000,-113.649000,-34.519000,27.54
3.202004,1.075000,-0.567000,-0.438000,-31.282000,-91.557000,-13.435000,27.59
3.214051,1.616000,-1.240000,-0.773000,-69.969000,-76.290000,-12.397000,27.64
3.227049,1.436000,-0.864000,-0.900000,-110.443000,-121.481000,-1.969000,27.64
3.232594,1.031000,-0.570000,-0.580000,-124.351000,-140.427000,17.099000,27.59
3.244834,0.966000,-0.605000,-0.317000,-124.168000,-121.740000,22.336000,27.59
3.256451,0.982000,-0.728000,-0.179000,-127.496000,-111.282000,16.672000,27.54
3.262952,0.964000,-0.656000,-0.091000,-119.863000,-109.908000,7.069000,27.64
3.275223,0.968000,-0.549000,0.063000,-96.580000,-98.962000,-3.710000,27.59
3.282010,0.993000,-0.534000,0.230000,-62.443000,-82.046000,-14.931000,27.54
3.293981,1.075000,-0.555000,0.365000,-24.931000,-67.008000,-28.595000,27.64
3.306164,1.200000,-0.571000,0.455000,8.718000,-49.099000,-42.595000,27.59
3.313428,1.395000,-0.611000,0.576000,35.145000,-31.588000,-49.481000,27.68
3.325812,1.446000,-0.615000,0.787000,55.939000,-9.771000,-47.634000,27.64
3.332404,1.481000,-0.737000,0.979000,64.534000,28.015000,-40.611000,27.59
3.344563,1.710000,-0.887000,1.078000,60.809000,73.069000,-32.366000,27.59
3.356608,2.055000,-0.965000,1.318000,64.626000,101.099000,-10.198000,27.54
3.363802,2.275000,-1.097000,1.641000,76.702000,134.290000,25.466000,27.59
3.375668,1.999000,-0.781000,-1.239000,37.328000,172.550000,30.458000,27.59
3.382836,1.799000,-0.117000,-1.568000,55.786000,-16.382000,55.053000,27.64
3.394889,0.203000,0.293000,-0.513000,45.176000,64.351000,43.130000,27.54
3.402490,0.547000,-0.192000,-0.861000,60.550000,129.527000,0.977000,27.59
3.414302,0.732000,-0.611000,-0.927000,59.267000,83.527000,-2.870000,27.54
3.426366,1.663000,-0.538000,-0.784000,51.557000,96.229000,40.092000,27.45
3.433306,1.499000,-0.127000,-0.680000,41.557000,26.183000,29.389000,27.49
3.445497,0.748000,-0.143000,-0.726000,46.824000,11.115000,21.847000,27.54
3.452606,0.786000,-0.577000,-0.849000,39.221000,12.275000,21.832000,27.64
3.464712,0.994000,-0.292000,-0.744000,30.855000,-6.519000,16.382000,27.49
3.471980,0.801000,-0.368000,-0.793000,15.527000,-12.672000,5.893000,27.59
3.484078,0.630000,-0.322000,-0.800000,3.847000,-9.206000,2.458000,27.64
3.496046,0.711000,-0.198000,-0.772000,-3.542000,-3.756000,-3.038000,27.64
3.503281,0.696000,-0.125000,-0.759000,-4.809000,-4.824000,-3.817000,27.59
3.515429,0.657000,-0.030000,-0.744000,-1.466000,-0.519000,-1.939000,27.54
3.522754,0.677000,-0.053000,-0.736000,1.450000,0.611000,0.504000,27.54
3.535066,0.667000,-0.089000,-0.733000,2.687000,3.069000,2.168000,27.59
3.542466,0.647000,-0.091000,-0.737000,4.336000,3.847000,3.145000,27.59
3.554821,0.635000,-0.111000,-0.738000,5.649000,5.267000,4.229000,27.54
3.562076,0.639000,-0.153000,-0.745000,5.740000,5.924000,4.809000,27.59
3.574581,0.656000,-0.166000,-0.733000,5.328000,6.748000,4.565000,27.59
3.581927,0.635000,-0.168000,-0.729000,3.069000,6.183000,3.756000,27.64
3.594346,0.616000,-0.125000,-0.736000,3.282000,7.786000,3.420000,27.45
3.606664,0.640000,-0.187000,-0.720000,2.962000,8.443000,3.282000,27.59
3.613826,0.645000,-0.163000,-0.724000,2.305000,8.275000,3.008000,27.54
3.626156,0.650000,-0.134000,-0.724000,2.855000,8.198000,3.573000,27.64
3.633508,0.644000,-0.159000,-0.698000,4.198000,6.779000,4.870000,27.49
3.645901,0.622000,-0.127000,-0.719000,3.191000,4.977000,6.000000,27.59
3.653295,0.627000,-0.141000,-0.726000,6.565000,9.817000,6.611000,27.64
3.665471,0.684000,-0.187000,-0.714000,12.015000,9.634000,6.244000,27.68
3.675977,0.663000,-0.152000,-0.706000,-2.611000,-0.580000,8.519000,27.54
3.684738,0.654000,-0.132000,-0.743000,7.557000,0.992000,9.252000,27.54
3.692193,0.646000,-0.127000,-0.744000,9.252000,5.878000,10.092000,27.54
3.704353,0.621000,-0.099000,-0.754000,6.962000,16.061000,11.481000,27.59
3.717464,0.592000,-0.105000,-0.823000,10.183000,19.344000,14.718000,27.54
3.723504,0.553000,-0.104000,-0.780000,1.115000,15.176000,17.176000,27.73
3.735795,0.602000,-0.162000,-0.783000,0.305000,47.786000,19.023000,27.59
3.742828,0.564000,-0.225000,-0.797000,4.504000,44.061000,19.267000,27.64
3.754938,0.597000,-0.307000,-0.826000,12.458000,46.046000,15.527000,27.64
3.762944,0.649000,-0.270000,-0.893000,9.710000,67.618000,10.672000,27.59
3.774638,0.641000,-0.096000,-0.986000,0.733000,93.435000,6.855000,27.49
3.781902,0.510000,0.403000,-1.177000,38.901000,131.405000,16.611000,27.64
3.793615,0.485000,-0.215000,-1.210000,42.427000,179.695000,27.511000,27.54
3.805805,0.907000,-0.090000,-1.318000,56.290000,226.366000,34.565000,27.59
3.814671,0.707000,-0.152000,-1.246000,72.305000,250.412000,43.344000,27.64
3.824923,0.970000,-0.093000,-1.318000,92.885000,281.069000,51.084000,27.54
3.832774,0.857000,0.060000,-1.315000,113.435000,299.924000,52.687000,27.68
3.844539,0.977000,-0.004000,-1.483000,116.260000,312.550000,59.573000,27.64
3.855763,1.519000,-0.253000,-1.692000,95.084000,303.878000,52.000000,27.54
3.863045,1.062000,0.323000,-1.740000,91.344000,238.565000,35.359000,27.59
3.879480,0.767000,0.740000,-2.301000,81.908000,167.511000,-22.779000,27.59
3.882143,0.079000,1.051000,-2.037000,89.176000,95.786000,-68.565000,27.54
3.899116,0.385000,0.438000,-1.856000,55.069000,48.962000,-97.282000,27.64
3.906364,-0.029000,0.298000,-1.670000,36.580000,-8.565000,-89.267000,27.59
3.914739,-0.224000,0.007000,-1.354000,19.847000,-15.786000,-68.443000,27.64
3.925334,-0.196000,-0.260000,-1.155000,-7.847000,-22.855000,-41.328000,27.54
3.932182,-0.076000,-0.322000,-1.114000,-41.206000,-31.405000,-11.405000,27.59
3.944113,0.028000,-0.268000,-1.034000,-62.824000,-47.405000,15.115000,27.54
3.956076,0.092000,-0.140000,-0.932000,-75.557000,-61.756000,33.374000,27.64
3.962964,0.122000,-0.062000,-0.838000,-83.313000,-71.557000,38.779000,27.59
3.975083,0.182000,0.004000,-0.763000,-87.664000,-79.908000,35.359000,27.59
3.982139,0.254000,0.073000,-0.726000,-84.748000,-89.344000,28.931000,27.54
3.994296,0.304000,0.103000,-0.721000,-84.962000,-92.397000,19.771000,27.59
4.006235,0.451000,0.098000,-0.754000,-86.595000,-94.718000,8.183000,27.49
4.013360,0.584000,0.097000,-0.754000,-88.580000,-126.534000,-1.771000,27.54
4.025121,0.685000,0.134000,-0.844000,-86.382000,-119.771000,-16.611000,27.64
4.031049,0.832000,0.140000,-0.875000,-90.061000,-130.122000,-33.115000,27.59
4.043591,0.954000,0.192000,-0.923000,-87.145000,-148.656000,-50.504000,27.64
4.056561,1.120000,0.186000,-1.013000,-81.298000,-165.802000,-70.534000,27.54
4.062693,1.244000,0.188000,-0.992000,-69.191000,-192.885000,-87.557000,27.49
4.074395,1.252000,0.219000,-0.973000,-52.580000,-217.069000,-101.985000,27.64
4.085829,1.196000,0.172000,-0.916000,-35.695000,-226.092000,-114.305000,27.54
4.100101,1.178000,0.103000,-0.868000,-20.962000,-226.351000,-124.947000,27.49
4.104426,1.191000,0.045000,-0.848000,-11.679000,-222.137000,-133.099000,27.59
4.116216,1.174000,0.030000,-0.851000,-9.481000,-212.092000,-138.779000,27.54
4.122945,1.302000,-0.033000,-0.922000,-7.023000,-201.252000,-139.237000,27.54
4.135249,1.398000,-0.059000,-0.950000,-7.115000,-198.107000,-134.763000,27.59
4.141676,1.111000,0.125000,-0.057000,44.107000,-157.221000,-88.015000,27.54
4.156289,1.427000,-0.993000,0.311000,54.565000,-93.542000,-70.443000,27.64
4.166231,1.842000,-1.248000,-0.235000,-7.664000,-61.160000,-73.603000,27.59
4.173041,2.254000,-1.059000,-0.120000,-61.511000,-108.107000,-66.107000,27.59
4.184817,1.956000,-0.636000,0.021000,-68.412000,-108.809000,-31.618000,27.54
4.196553,1.407000,-0.748000,0.173000,-60.137000,-100.748000,-5.023000,27.49
4.203656,1.205000,-0.778000,0.223000,-56.931000,-84.351000,5.420000,27.49
4.215846,1.175000,-0.658000,0.274000,-61.053000,-62.351000,12.290000,27.64
4.223231,1.189000,-0.488000,0.302000,-58.763000,-31.527000,17.405000,27.45
4.234932,1.216000,-0.427000,0.354000,-43.389000,-12.534000,18.565000,27.49
4.242079,1.237000,-0.429000,0.509000,-19.298000,5.328000,16.672000,27.54
4.254343,1.220000,-0.440000,0.707000,8.641000,30.840000,13.496000,27.54
4.266546,1.244000,-0.450000,0.943000,38.580000,55.878000,10.565000,27.59
4.273865,1.163000,-0.512000,1.228000,54.611000,103.099000,6.824000,27.59
4.286036,1.435000,-0.733000,1.607000,60.595000,166.733000,4.718000,27.54
4.292896,1.025000,-0.125000,-0.326000,46.672000,219.450000,1.573000,27.49
4.305876,2.560000,-0.514000,-1.934000,33.374000,121.481000,7.466000,27.54
4.316013,0.799000,-0.079000,-0.402000,63.435000,52.733000,46.183000,27.54
4.327778,1.853000,-0.382000,-1.156000,78.641000,143.115000,71.282000,27.45
4.336381,2.169000,-0.182000,-0.896000,90.397000,20.214000,43.786000,27.59
4.349400,0.860000,-0.871000,-0.924000,83.389000,12.931000,56.183000,27.54
4.356579,0.879000,-0.436000,-1.119000,60.901000,31.389000,37.725000,27.64
4.362721,0.967000,-0.464000,-0.855000,45.603000,4.626000,26.656000,27.49
4.375156,0.928000,-0.387000,-0.853000,24.504000,11.802000,9.313000,27.59
4.382202,0.657000,-0.129000,-0.806000,16.275000,-0.550000,4.382000,27.64
4.396065,0.808000,-0.200000,-0.826000,7.191000,13.863000,-0.382000,27.49
4.406597,0.725000,-0.064000,-0.770000,9.206000,1.023000,-0.290000,27.59
4.414175,0.707000,-0.178000,-0.744000,8.260000,5.191000,-0.412000,27.54
4.426007,0.684000,-0.136000,-0.756000,5.450000,6.290000,-0.809000,27.54
4.435323,0.654000,-0.112000,-0.764000,4.351000,9.176000,0.443000,27.59
4.445690,0.660000,-0.160000,-0.751000,3.588000,12.855000,-0.427000,27.64
4.452534,0.653000,-0.191000,-0.746000,1.420000,12.672000,-2.656000,27.54
4.465020,0.641000,-0.167000,-0.764000,-0.305000,15.740000,-4.076000,27.59
4.471583,0.642000,-0.127000,-0.742000,-1.206000,17.206000,-3.450000,27.54
4.490454,0.646000,-0.110000,-0.726000,-0.427000,17.786000,-1.603000,27.54
4.496267,0.641000,-0.112000,-0.729000,0.443000,15.664000,-0.168000,27.59
4.506836,0.650000,-0.149000,-0.714000,-3.435000,10.214000,1.008000,27.59
4.515496,0.663000,-0.133000,-0.704000,0.290000,13.954000,1.466000,27.54
4.524139,0.667000,-0.114000,-0.685000,-0.229000,4.595000,2.733000,27.64
4.535361,0.658000,-0.094000,-0.694000,0.901000,6.870000,4.214000,27.68
4.543801,0.679000,-0.091000,-0.697000,3.008000,0.748000,6.321000,27.64
4.559788,0.623000,-0.100000,-0.747000,5.344000,0.977000,8.183000,27.54
4.562084,0.652000,-0.108000,-0.711000,5.542000,1.954000,9.008000,27.68
4.574518,0.607000,-0.117000,-0.734000,6.153000,1.496000,8.427000,27.59
4.581665,0.604000,-0.121000,-0.739000,6.702000,2.626000,9.603000,27.54
4.595329,0.606000,-0.142000,-0.747000,7.832000,12.519000,8.244000,27.59
4.606365,0.654000,-0.123000,-0.765000,9.557000,9.771000,8.031000,27.59
4.627053,0.641000,-0.093000,-0.804000,8.015000,13.618000,9.847000,27.54
4.630491,0.584000,-0.082000,-0.791000,8.931000,19.954000,12.733000,27.64
4.633009,0.629000,-0.109000,-0.798000,15.115000,28.962000,14.198000,27.59
4.645231,0.577000,-0.173000,-0.814000,10.580000,46.870000,16.595000,27.64
4.652037,0.589000,-0.236000,-0.795000,15.389000,47.924000,16.565000,27.54
4.664314,0.551000,-0.208000,-0.836000,16.977000,55.649000,15.679000,27.49
4.676988,0.601000,-0.255000,-0.784000,16.198000,77.542000,15.298000,27.49
4.683500,0.669000,-0.197000,-0.773000,6.504000,82.809000,11.664000,27.54
4.696184,0.625000,0.041000,-0.919000,24.519000,94.122000,11.588000,27.49
4.702966,0.538000,-0.094000,-1.064000,27.985000,113.328000,13.939000,27.59
4.723997,0.693000,0.007000,-0.979000,28.718000,144.015000,16.763000,27.45
4.727825,0.800000,-0.146000,-0.978000,30.656000,170.550000,21.176000,27.54
4.733991,0.683000,-0.111000,-0.952000,37.374000,185.649000,23.237000,27.49
4.746410,0.752000,-0.098000,-1.000000,41.725000,195.053000,30.855000,27.59
4.753090,0.831000,-0.143000,-0.853000,38.046000,197.466000,33.160000,27.54
4.765603,0.739000,-0.127000,-0.830000,32.397000,194.611000,35.160000,27.59
4.782311,0.712000,0.165000,-1.265000,16.794000,190.626000,27.313000,27.49
4.784658,0.169000,0.729000,-2.298000,7.908000,129.649000,9.053000,27.54
4.790104,-0.561000,0.991000,-2.528000,-1.282000,52.656000,-11.160000,27.54
4.811829,-0.867000,0.956000,-2.619000,-12.534000,-0.885000,-32.015000,27.59
4.816075,-0.845000,0.732000,-2.600000,-35.282000,-56.519000,-35.985000,27.54
4.828048,-0.635000,0.379000,-2.466000,-59.267000,-101.557000,-22.046000,27.64
4.833900,-0.406000,0.101000,-2.141000,-81.450000,-140.519000,2.504000,27.59
4.845912,-0.115000,-0.142000,-1.838000,-104.611000,-155.817000,27.252000,27.59
4.852582,0.563000,-0.314000,-1.335000,-125.389000,-170.397000,44.641000,27.54
4.864521,0.544000,-0.138000,-0.996000,-120.779000,-159.588000,50.718000,27.59
4.876129,0.906000,-0.224000,-0.808000,-112.260000,-147.908000,54.962000,27.64
4.883260,0.931000,-0.389000,-0.787000,-106.840000,-128.366000,60.748000,27.64
4.894883,0.991000,-0.540000,-0.483000,-101.069000,-107.649000,65.679000,27.54
4.901451,1.182000,-0.654000,-0.316000,-90.718000,-76.733000,67.511000,27.59
4.913750,1.213000,-0.609000,-0.215000,-77.908000,-55.191000,64.382000,27.64
4.925925,1.169000,-0.551000,-0.156000,-60.305000,-32.321000,58.779000,27.54
4.932961,1.264000,-0.525000,0.143000,-33.679000,1.634000,41.954000,27.49
4.945088,1.314000,-0.563000,-0.115000,-16.229000,18.458000,20.305000,27.59
4.951986,1.094000,-0.401000,-0.529000,-11.374000,14.702000,4.305000,27.64
4.964183,0.855000,-0.204000,-0.795000,-14.687000,9.603000,-12.519000,27.59
4.976352,0.600000,0.035000,-0.840000,-5.450000,3.649000,-27.954000,27.59
4.983540,0.846000,-0.077000,-0.946000,3.405000,-12.351000,-35.817000,27.54
4.995348,0.805000,-0.168000,-0.931000,11.130000,-29.115000,-38.916000,27.45
5.002303,0.674000,-0.190000,-0.866000,13.466000,-35.053000,-40.275000,27.59
5.014242,0.622000,-0.162000,-0.840000,19.450000,-35.939000,-40.305000,27.64
5.026357,0.653000,-0.158000,-0.858000,15.557000,-28.550000,-37.893000,27.54
5.033545,0.681000,-0.165000,-0.885000,12.443000,-27.374000,-36.076000,27.59
5.045370,0.690000,-0.139000,-0.886000,11.267000,-30.931000,-33.130000,27.64
5.052236,0.669000,-0.135000,-0.863000,5.099000,-36.870000,-29.771000,27.54
5.064494,0.629000,-0.115000,-0.817000,-1.069000,-38.092000,-27.649000,27.59
5.076022,0.607000,-0.098000,-0.806000,-7.557000,-40.290000,-25.908000,27.49
5.083128,0.629000,-0.111000,-0.783000,-14.962000,-44.656000,-25.725000,27.64
5.095240,0.634000,-0.118000,-0.780000,-22.931000,-50.595000,-27.099000,27.59
5.100925,0.669000,-0.126000,-0.778000,-29.679000,-60.748000,-27.985000,27.54
5.113572,0.670000,-0.136000,-0.751000,-34.122000,-74.336000,-28.137000,27.54
5.125475,0.614000,-0.136000,-0.714000,-36.000000,-82.473000,-28.397000,27.64
5.132630,0.575000,-0.144000,-0.650000,-37.084000,-83.802000,-29.756000,27.59
5.144355,0.585000,-0.158000,-0.609000,-37.389000,-86.672000,-31.542000,27.54
5.156093,0.613000,-0.145000,-0.564000,-36.809000,-87.725000,-33.359000,27.64
5.162923,0.641000,-0.144000,-0.534000,-34.168000,-86.244000,-35.878000,27.49
5.174901,0.683000,-0.161000,-0.496000,-32.702000,-85.710000,-38.595000,27.59
5.180725,0.739000,-0.159000,-0.442000,-31.237000,-83.924000,-40.412000,27.64
5.193418,0.739000,-0.175000,-0.355000,-29.359000,-83.008000,-41.725000,27.59
5.205367,0.824000,-0.260000,-0.262000,-32.580000,-75.832000,-45.237000,27.49
5.212333,0.927000,-0.314000,-0.152000,-39.176000,-73.756000,-48.229000,27.64
5.224380,0.982000,-0.346000,0.003000,-42.702000,-71.832000,-50.458000,27.64
5.236299,0.984000,-0.357000,0.121000,-41.939000,-64.733000,-52.275000,27.49
5.243324,1.766000,-0.927000,1.042000,3.420000,-38.672000,-48.260000,27.45
5.255519,1.082000,-0.572000,1.503000,36.351000,11.695000,-26.672000,27.54
5.262513,1.913000,-0.921000,1.849000,43.313000,126.107000,-21.847000,27.49
5.274623,2.735000,-1.025000,2.554000,82.046000,187.649000,-9.802000,27.64
5.286624,1.679000,-0.611000,-0.293000,53.542000,275.847000,-13.481000,27.64
5.293504,3.093000,-0.440000,-2.629000,41.145000,130.214000,28.718000,27.59
5.305803,1.362000,-0.204000,-0.876000,26.061000,15.023000,60.992000,27.59
5.312776,1.318000,-0.132000,-0.950000,57.756000,149.649000,47.893000,27.54
5.324949,1.883000,0.079000,-1.104000,76.962000,16.885000,20.595000,27.64
5.332068,0.568000,-0.798000,-0.814000,60.092000,6.870000,39.344000,27.49
5.344298,0.779000,-0.089000,-1.039000,35.527000,65.405000,31.649000,27.54
5.356438,1.055000,-0.111000,-0.736000,44.305000,8.611000,25.176000,27.64
5.363578,0.818000,-0.413000,-0.835000,39.802000,9.069000,20.137000,27.49
5.375597,0.808000,-0.301000,-0.840000,25.771000,-0.901000,14.656000,27.59
5.382850,0.727000,-0.198000,-0.832000,14.153000,-0.947000,6.076000,27.64
5.395283,0.683000,-0.195000,-0.801000,4.733000,7.420000,1.435000,27.59
5.402687,0.692000,-0.139000,-0.765000,0.656000,5.267000,-1.450000,27.49
5.414914,0.634000,-0.116000,-0.767000,0.412000,5.405000,-1.389000,27.54
5.422208,0.618000,-0.093000,-0.769000,2.748000,9.466000,0.672000,27.54
5.434660,0.654000,-0.135000,-0.753000,3.344000,10.565000,1.481000,27.59
5.446657,0.649000,-0.146000,-0.746000,1.634000,11.603000,1.206000,27.64
5.454015,0.639000,-0.110000,-0.728000,1.878000,12.214000,1.374000,27.54
5.465974,0.655000,-0.119000,-0.723000,3.084000,11.954000,2.504000,27.59
5.473340,0.632000,-0.126000,-0.730000,4.641000,10.565000,3.313000,27.49
5.485523,0.625000,-0.142000,-0.729000,7.725000,10.992000,3.679000,27.64
5.492979,0.624000,-0.109000,-0.719000,5.008000,10.290000,4.427000,27.59
5.505302,0.579000,-0.094000,-0.721000,-3.802000,12.794000,6.275000,27.54
5.512365,0.601000,-0.073000,-0.707000,8.183000,24.626000,6.794000,27.54
5.525064,0.665000,-0.189000,-0.726000,6.412000,6.443000,5.252000,27.59
5.532356,0.628000,-0.149000,-0.741000,5.893000,7.863000,4.153000,27.49
5.544617,0.658000,-0.165000,-0.720000,5.939000,4.290000,4.275000,27.54
5.553939,0.651000,-0.141000,-0.735000,6.412000,2.534000,3.282000,27.45
5.564386,0.636000,-0.118000,-0.778000,3.939000,6.031000,4.733000,27.59
5.577505,0.638000,-0.145000,-0.789000,7.740000,8.641000,7.221000,27.54
5.584143,0.691000,-0.077000,-0.746000,5.649000,17.176000,8.748000,27.54
5.595914,0.653000,-0.023000,-0.806000,13.191000,19.252000,13.191000,27.59
5.603981,0.551000,-0.104000,-0.800000,12.305000,30.641000,20.198000,27.59
5.615211,0.570000,-0.208000,-0.770000,9.389000,38.382000,21.878000,27.54
5.622656,0.567000,-0.307000,-0.857000,13.084000,50.443000,15.374000,27.68
5.634629,0.584000,-0.240000,-0.873000,16.382000,59.756000,8.214000,27.59
5.646618,0.504000,-0.194000,-0.896000,16.840000,74.321000,5.221000,27.64
5.653910,0.522000,-0.270000,-0.958000,7.939000,101.832000,-0.275000,27.54
5.665979,0.419000,0.108000,-1.342000,22.458000,142.198000,1.435000,27.49
5.678956,0.446000,-0.055000,-1.445000,40.122000,192.092000,5.908000,27.54
5.685277,0.776000,0.009000,-1.425000,36.794000,234.702000,15.634000,27.54
5.708970,0.726000,0.099000,-1.276000,37.893000,252.504000,22.870000,27.59
5.710481,0.823000,-0.048000,-1.206000,35.878000,248.031000,28.626000,27.59
5.716442,0.216000,0.708000,-1.999000,44.168000,220.534000,11.527000,27.54
5.723121,-0.439000,0.900000,-2.721000,54.672000,126.947000,-13.328000,27.64
5.735400,-0.793000,1.037000,-2.743000,41.924000,43.679000,-41.771000,27.49
5.742376,-0.976000,1.051000,-2.608000,37.282000,-10.137000,-59.756000,27.54
5.754233,-0.887000,0.817000,-2.463000,24.702000,-58.687000,-59.908000,27.54
5.766321,-0.695000,0.583000,-2.294000,6.977000,-101.282000,-45.573000,27.59
5.773480,-0.434000,0.408000,-2.034000,-12.214000,-131.405000,-26.351000,27.49
5.785175,-0.092000,0.293000,-1.777000,-28.565000,-151.130000,-7.389000,27.45
5.792139,0.699000,0.048000,-1.568000,-53.847000,-160.351000,-0.137000,27.49
5.804034,0.682000,0.203000,-1.109000,-59.160000,-167.435000,2.916000,27.59
5.819167,0.815000,0.040000,-0.975000,-55.664000,-148.718000,10.656000,27.54
5.823411,0.941000,-0.156000,-0.817000,-55.511000,-135.038000,19.145000,27.49
5.834744,0.878000,-0.344000,-0.668000,-57.542000,-109.008000,35.191000,27.59
5.846727,1.041000,-0.578000,-0.567000,-72.718000,-71.374000,42.687000,27.64
5.854405,1.140000,-0.630000,-0.551000,-88.641000,-42.122000,44.198000,27.64
5.865729,1.277000,-0.609000,-0.679000,-104.885000,-40.687000,35.740000,27.59
5.872565,1.040000,-0.313000,-0.573000,-105.802000,-34.153000,18.580000,27.54
5.884367,0.974000,-0.361000,-0.552000,-94.061000,-31.481000,1.405000,27.54
5.896370,1.070000,-0.425000,-0.771000,-93.954000,-61.557000,-8.748000,27.59
5.903128,0.853000,-0.417000,-0.827000,-59.634000,-79.069000,-15.634000,27.54
5.915008,0.508000,-0.480000,-0.539000,-43.634000,-90.534000,-14.534000,27.45
5.922005,0.653000,-0.709000,-0.332000,-32.626000,-83.557000,-16.656000,27.49
5.934034,0.934000,-0.883000,-0.003000,-22.733000,-81.496000,-17.115000,27.49
5.945629,1.700000,-1.226000,0.634000,-15.023000,-83.511000,-18.244000,27.64
5.953090,2.156000,-1.171000,2.104000,3.740000,-67.115000,-25.756000,27.64
5.965032,3.028000,-1.417000,3.623000,34.779000,28.397000,-42.840000,27.59
5.972008,4.000000,-1.948000,4.000000,54.153000,144.626000,-68.779000,27.54
5.984268,4.000000,-1.590000,0.846000,46.687000,289.145000,37.634000,27.54
5.996197,3.679000,-1.027000,-2.147000,-4.687000,-160.794000,-4.611000,27.59
6.003220,-2.540000,0.661000,0.040000,-4.260000,-232.427000,46.626000,27.59
6.015372,1.067000,0.240000,-2.032000,38.489000,186.031000,25.038000,27.54
6.022287,1.277000,-1.343000,-0.628000,32.229000,-77.664000,19.435000,27.59
6.034702,0.526000,-0.056000,-1.113000,6.427000,-36.321000,0.489000,27.59
6.046706,0.457000,0.145000,-0.842000,-1.053000,38.122000,5.649000,27.54
6.053712,0.883000,-0.255000,-0.749000,-0.885000,10.763000,4.519000,27.54
6.066005,0.762000,-0.249000,-0.756000,-3.053000,12.427000,-2.931000,27.49
6.073531,0.588000,0.017000,-0.795000,2.290000,6.046000,-0.992000,27.54
6.086360,0.641000,0.010000,-0.754000,4.702000,16.458000,3.023000,27.54
6.093010,0.641000,-0.076000,-0.730000,2.656000,20.015000,6.015000,27.59
6.105346,0.660000,-0.077000,-0.707000,2.718000,19.053000,7.740000,27.59
6.112577,0.619000,-0.025000,-0.707000,8.901000,16.244000,11.298000,27.54
6.124589,0.584000,-0.057000,-0.722000,15.252000,16.412000,15.405000,27.49
6.136580,0.592000,-0.069000,-0.741000,19.405000,23.298000,16.015000,27.54
6.143750,0.624000,-0.148000,-0.762000,21.435000,25.832000,15.542000,27.54
6.156021,0.614000,-0.071000,-0.796000,20.107000,37.069000,15.298000,27.54
6.163135,0.650000,-0.139000,-0.794000,31.267000,47.542000,13.405000,27.59
6.175089,0.542000,-0.247000,-0.828000,15.176000,41.160000,14.092000,27.54
6.182274,0.572000,-0.230000,-0.795000,22.565000,58.489000,11.344000,27.54
6.196633,0.505000,-0.259000,-0.936000,22.305000,66.702000,7.221000,27.59
6.206699,0.408000,-0.059000,-1.052000,27.023000,67.466000,7.389000,27.59
6.213597,0.495000,-0.152000,-1.115000,27.206000,110.290000,9.053000,27.54
6.225835,0.526000,0.012000,-1.337000,23.710000,159.695000,17.237000,27.59
6.232876,0.731000,0.038000,-1.280000,28.748000,179.634000,14.901000,27.59
6.245072,0.545000,0.193000,-1.402000,47.282000,174.687000,16.794000,27.64
6.252309,0.198000,0.529000,-2.004000,54.595000,142.962000,1.466000,27.64
6.264453,-0.338000,0.748000,-2.260000,52.947000,72.015000,-21.450000,27.59
6.276071,-0.599000,0.977000,-2.356000,45.771000,119.695000,-45.740000,27.54
6.283581,-0.755000,0.850000,-2.516000,42.901000,3.695000,-58.305000,27.64
6.295254,-0.967000,0.631000,-2.456000,29.084000,-18.305000,-65.328000,27.59
6.302228,-0.791000,0.412000,-2.419000,-7.496000,-61.053000,-59.176000,27.54
6.314132,-0.538000,0.160000,-2.357000,-38.855000,-103.145000,-38.794000,27.64
6.325752,-0.408000,0.003000,-2.111000,-59.664000,-137.924000,-15.466000,27.59
6.332834,-0.161000,-0.118000,-1.971000,-80.137000,-158.687000,2.901000,27.59
6.344625,0.186000,-0.185000,-1.867000,-102.626000,-174.427000,14.458000,27.64
6.358198,0.497000,-0.184000,-1.758000,-120.198000,-189.145000,19.084000,27.54
6.362963,0.663000,-0.205000,-1.556000,-130.244000,-200.641000,19.649000,27.49
6.374757,0.776000,-0.227000,-1.333000,-135.618000,-196.855000,18.198000,27.45
6.380688,1.197000,-0.426000,0.611000,-56.336000,-160.092000,63.359000,27.54
6.396422,1.525000,-1.555000,0.679000,-79.817000,-32.351000,45.664000,27.49
6.405749,2.071000,-1.011000,0.009000,-113.740000,-12.809000,24.351000,27.49
6.412646,2.079000,-0.802000,-0.309000,-116.718000,-50.046000,14.382000,27.64
6.428720,1.686000,-0.451000,-0.145000,-104.626000,-93.756000,-0.870000,27.59
6.436454,1.244000,-0.297000,0.114000,-57.634000,-106.260000,-13.695000,27.59
6.443275,1.063000,-0.373000,0.257000,-22.702000,-87.863000,-29.023000,27.54
6.455409,1.097000,-0.416000,0.408000,-0.382000,-80.015000,-47.237000,27.54
6.462107,1.122000,-0.443000,0.591000,15.160000,-50.489000,-58.916000,27.49
6.474439,1.205000,-0.564000,0.851000,26.733000,-21.405000,-61.618000,27.54
6.486508,1.594000,-0.788000,0.986000,27.328000,3.542000,-59.374000,27.54
6.493871,2.043000,-0.927000,1.506000,35.023000,39.939000,-34.153000,27.59
6.505963,2.346000,-1.213000,2.555000,45.573000,88.931000,12.443000,27.59
6.515571,1.158000,-1.187000,1.496000,8.443000,218.366000,32.870000,27.54
6.529964,3.418000,0.053000,-2.023000,-10.824000,102.763000,13.115000,27.54
6.532635,1.242000,1.010000,-1.217000,35.481000,-68.687000,52.305000,27.59
6.547433,0.076000,-0.156000,-0.640000,60.534000,111.160000,12.458000,27.45
6.556580,1.365000,-0.438000,-1.341000,80.504000,64.504000,14.275000,27.54
6.563550,1.038000,-0.634000,-0.710000,46.489000,30.336000,32.962000,27.59
6.575819,0.617000,0.031000,-0.739000,34.748000,56.015000,25.985000,27.49
6.582909,0.735000,-0.159000,-0.820000,43.985000,45.847000,24.168000,27.45
6.594981,0.861000,-0.546000,-0.820000,46.763000,30.168000,22.565000,27.59
6.601746,1.022000,-0.260000,-0.868000,34.779000,2.931000,13.634000,27.49
6.615590,0.669000,-0.190000,-0.836000,23.160000,2.244000,7.069000,27.64
6.626322,0.769000,-0.206000,-0.842000,10.916000,13.618000,4.626000,27.54
6.633726,0.780000,-0.133000,-0.758000,8.580000,4.000000,3.450000,27.49
6.645875,0.724000,-0.116000,-0.753000,10.076000,5.603000,3.985000,27.54
6.653131,0.690000,-0.119000,-0.733000,9.160000,4.595000,4.412000,27.64
6.665631,0.707000,-0.154000,-0.758000,5.084000,5.756000,2.855000,27.59
6.672599,0.668000,-0.158000,-0.739000,0.321000,8.977000,1.405000,27.59
6.685076,0.657000,-0.147000,-0.726000,2.412000,7.008000,0.779000,27.45
6.692159,0.651000,-0.169000,-0.715000,2.031000,11.695000,-0.321000,27.59
6.704686,0.586000,-0.121000,-0.713000,1.466000,8.870000,-0.473000,27.64
6.711675,0.618000,-0.074000,-0.707000,3.267000,12.305000,0.962000,27.54
6.724183,0.611000,-0.106000,-0.714000,4.427000,2.855000,3.328000,27.54
6.731413,0.662000,-0.087000,-0.682000,7.832000,11.664000,5.542000,27.49
6.743643,0.645000,-0.108000,-0.690000,16.015000,-17.221000,7.710000,27.45
6.755919,0.615000,-0.121000,-0.750000,6.794000,10.153000,9.115000,27.54
6.762950,0.670000,-0.097000,-0.687000,11.802000,3.435000,10.214000,27.49
6.775414,0.671000,-0.199000,-0.780000,11.176000,-8.275000,9.954000,27.49
6.785922,0.649000,-0.127000,-0.787000,6.855000,-3.221000,12.931000,27.54
6.794844,0.633000,-0.190000,-0.757000,13.221000,-4.076000,13.160000,27.59
6.801892,0.631000,-0.197000,-0.747000,10.855000,5.939000,12.641000,27.49
6.814120,0.636000,-0.113000,-0.777000,6.748000,12.504000,13.008000,27.54
6.826287,0.634000,-0.097000,-0.774000,7.496000,20.840000,15.038000,27.64
6.833530,0.567000,-0.105000,-0.777000,13.496000,22.916000,18.565000,27.59
6.845531,0.585000,-0.215000,-0.770000,15.450000,27.237000,20.748000,27.49
6.852890,0.615000,-0.226000,-0.767000,14.840000,30.840000,20.733000,27.54
6.864907,0.563000,-0.255000,-0.850000,10.702000,45.435000,18.840000,27.54
6.872021,0.439000,-0.168000,-0.885000,19.191000,72.580000,16.687000,27.59
6.885580,0.387000,-0.029000,-1.002000,14.031000,95.847000,15.878000,27.54
6.896392,0.496000,0.019000,-1.150000,6.458000,113.878000,20.794000,27.54
6.903228,0.676000,0.183000,-1.148000,40.947000,171.084000,35.634000,27.59
6.915427,0.617000,0.059000,-1.314000,46.443000,215.710000,46.718000,27.59
6.922423,0.875000,0.049000,-1.312000,59.939000,248.382000,59.802000,27.54
6.934633,1.042000,-0.175000,-1.366000,77.344000,276.916000,70.580000,27.54
6.940440,0.868000,0.161000,-1.331000,90.015000,271.466000,68.687000,27.59
6.953803,0.799000,0.250000,-1.522000,103.802000,274.061000,67.969000,27.54
6.965987,0.485000,0.695000,-2.432000,95.237000,195.603000,32.305000,27.54
6.972537,-0.237000,1.205000,-2.509000,73.023000,104.641000,-21.115000,27.49
6.984846,-0.811000,1.507000,-2.531000,62.092000,30.824000,-76.366000,27.45
6.990411,-1.045000,1.217000,-2.399000,38.595000,-23.557000,-114.031000,27.54
7.003540,-0.999000,0.830000,-2.348000,6.183000,-70.656000,-124.153000,27.59
7.015153,-0.771000,0.409000,-2.266000,-28.153000,-111.710000,-109.908000,27.59
7.021687,-0.337000,0.010000,-2.077000,-60.458000,-153.481000,-78.061000,27.54
7.033746,0.000000,-0.235000,-1.904000,-82.733000,-188.794000,-33.695000,27.54
7.045631,0.276000,-0.384000,-1.649000,-100.595000,-204.763000,5.924000,27.49
7.052214,0.973000,-0.507000,-1.432000,-123.786000,-207.863000,23.282000,27.54
7.064250,0.884000,-0.116000,-1.038000,-123.252000,-207.115000,31.313000,27.54
7.076185,0.911000,-0.174000,-0.930000,-104.824000,-179.267000,40.000000,27.49
7.082864,1.020000,-0.238000,-0.871000,-94.153000,-161.939000,41.115000,27.59
7.094683,1.366000,-0.426000,-0.721000,-96.809000,-128.412000,40.687000,27.54
7.101547,1.802000,-0.432000,-0.323000,-72.733000,-92.947000,39.832000,27.59
7.113824,1.525000,-0.299000,1.077000,-9.359000,-30.275000,25.985000,27.49
7.126102,2.157000,-1.091000,0.729000,19.786000,41.145000,-11.145000,27.64
7.133021,2.014000,-1.034000,-0.137000,-19.069000,10.183000,-49.557000,27.54
7.144778,1.439000,-0.585000,-0.828000,-57.939000,-18.519000,-77.282000,27.59
7.151789,1.308000,-0.111000,-1.130000,-82.412000,-58.229000,-80.779000,27.54
7.164103,0.960000,-0.084000,-0.993000,-72.489000,-102.641000,-80.275000,27.54
7.175491,0.606000,-0.035000,-0.705000,-36.885000,-122.122000,-70.336000,27.59
7.182449,0.420000,-0.284000,-0.540000,-13.832000,-112.015000,-62.443000,27.49
7.194505,0.532000,-0.442000,-0.540000,-11.740000,-95.832000,-58.214000,27.64
7.206533,0.573000,-0.505000,-0.465000,-11.924000,-74.244000,-42.702000,27.54
7.212883,0.838000,-0.636000,-0.490000,-17.634000,-68.168000,-25.267000,27.59
7.224772,0.949000,-0.570000,-0.601000,-29.893000,-68.321000,-10.580000,27.64
7.231868,0.958000,-0.435000,-0.628000,-42.519000,-74.198000,3.832000,27.54
7.243771,0.850000,-0.339000,-0.590000,-55.237000,-73.282000,14.366000,27.49
7.255764,0.787000,-0.277000,-0.538000,-66.427000,-69.191000,19.435000,27.49
7.262613,0.807000,-0.246000,-0.476000,-75.008000,-65.908000,20.779000,27.54
7.274795,0.812000,-0.181000,-0.368000,-73.695000,-61.176000,22.076000,27.49
7.286444,0.842000,-0.219000,-0.334000,-66.427000,-50.183000,20.733000,27.49
7.293739,0.952000,-0.298000,-0.319000,-63.115000,-43.527000,14.244000,27.54
7.305621,1.071000,-0.296000,-0.246000,-56.168000,-42.702000,8.779000,27.54
7.312554,1.065000,-0.303000,-0.136000,-44.290000,-37.466000,4.824000,27.59
7.324739,1.048000,-0.343000,-0.006000,-30.931000,-27.924000,1.038000,27.54
7.336632,1.089000,-0.368000,0.142000,-17.908000,-11.893000,-2.855000,27.54
7.344042,1.144000,-0.388000,0.212000,-4.046000,8.031000,-6.931000,27.49
7.356169,1.284000,-0.497000,0.316000,9.924000,22.763000,-14.198000,27.59
7.363331,1.420000,-0.499000,0.556000,30.397000,30.382000,-16.641000,27.54
7.375356,1.498000,-0.536000,0.923000,54.519000,63.450000,-15.527000,27.49
7.382299,1.589000,-0.656000,1.330000,80.198000,105.786000,-13.695000,27.54
7.394612,0.915000,-0.461000,0.789000,93.588000,160.992000,-9.618000,27.64
7.406359,1.829000,-0.365000,-1.760000,59.008000,154.000000,-11.145000,27.54
7.413490,1.576000,-0.675000,-1.389000,68.748000,3.191000,34.000000,27.49
7.425847,0.188000,-0.424000,-0.431000,66.718000,74.718000,51.252000,27.59
7.432905,0.750000,-0.286000,-0.872000,53.969000,128.473000,19.282000,27.54
7.447879,0.952000,-0.449000,-0.920000,48.870000,97.832000,-5.176000,27.68
7.451628,1.550000,-0.399000,-0.791000,52.611000,81.679000,32.504000,27.59
7.463886,1.369000,-0.479000,-0.768000,45.023000,13.008000,34.382000,27.54
7.476360,0.692000,-0.151000,-0.825000,46.000000,5.786000,25.740000,27.64
7.483575,0.873000,-0.257000,-0.873000,42.076000,2.168000,21.847000,27.49
7.495594,0.820000,-0.226000,-0.758000,32.168000,-8.168000,15.969000,27.45
7.502545,0.781000,-0.246000,-0.808000,22.870000,-9.969000,9.832000,27.54
7.515067,0.709000,-0.281000,-0.776000,13.863000,-8.107000,5.389000,27.68
7.522158,0.631000,-0.147000,-0.815000,10.076000,-6.580000,0.885000,27.49
7.534447,0.652000,-0.130000,-0.781000,7.695000,2.061000,0.443000,27.64
7.540067,0.786000,-0.160000,-0.751000,3.542000,3.359000,-0.092000,27.59
7.553873,0.687000,-0.151000,-0.725000,2.809000,1.282000,0.534000,27.54
7.566339,0.668000,-0.132000,-0.728000,2.443000,2.901000,1.130000,27.54
7.573680,0.668000,-0.118000,-0.727000,2.290000,3.664000,1.557000,27.45
7.586138,0.652000,-0.129000,-0.737000,2.702000,4.947000,2.351000,27.49
7.593501,0.634000,-0.166000,-0.742000,2.672000,6.611000,2.122000,27.59
7.605920,0.639000,-0.151000,-0.740000,2.336000,6.290000,1.863000,27.54
7.612850,0.645000,-0.165000,-0.727000,1.679000,8.031000,1.420000,27.59
7.625406,0.642000,-0.160000,-0.735000,0.656000,9.115000,0.977000,27.49
7.632771,0.637000,-0.144000,-0.731000,0.641000,9.282000,0.992000,27.54
7.645173,0.644000,-0.141000,-0.713000,0.962000,8.809000,1.099000,27.64
7.652543,0.616000,-0.113000,-0.722000,1.863000,9.145000,1.939000,27.59
7.664990,0.612000,-0.118000,-0.710000,2.794000,8.427000,2.885000,27.45
7.672289,0.639000,-0.104000,-0.715000,4.061000,9.450000,3.954000,27.64
7.685061,0.623000,-0.147000,-0.726000,5.435000,8.244000,4.534000,27.49
7.691980,0.639000,-0.138000,-0.736000,5.069000,10.092000,5.435000,27.49
7.703889,0.664000,-0.189000,-0.717000,4.305000,13.038000,5.618000,27.45
7.716305,0.623000,-0.174000,-0.761000,3.328000,15.740000,5.603000,27.49
7.723330,0.621000,-0.129000,-0.782000,4.214000,19.252000,7.618000,27.45
7.735876,0.640000,-0.137000,-0.768000,5.160000,25.191000,9.084000,27.64
7.743196,0.593000,-0.105000,-0.792000,3.679000,34.672000,11.679000,27.54
7.755200,0.646000,-0.133000,-0.771000,5.511000,44.244000,14.840000,27.59
7.762492,0.610000,-0.133000,-0.823000,9.817000,48.870000,15.374000,27.54
7.774548,0.564000,-0.068000,-0.867000,20.565000,65.450000,19.710000,27.54
7.786506,0.525000,-0.226000,-0.863000,18.626000,78.794000,23.267000,27.59
7.793980,0.621000,-0.104000,-0.842000,17.756000,97.756000,21.344000,27.49
7.806011,0.534000,-0.445000,-1.063000,40.290000,120.061000,14.809000,27.54
7.812911,0.661000,-0.065000,-1.212000,31.908000,165.740000,8.748000,27.59
7.824990,0.760000,0.028000,-1.294000,45.802000,199.954000,13.130000,27.59
7.832264,0.611000,0.005000,-1.225000,44.763000,223.466000,21.847000,27.54
7.844427,0.987000,0.090000,-1.198000,48.641000,241.802000,27.450000,27.45
7.856448,0.914000,-0.067000,-1.186000,49.145000,249.710000,32.840000,27.49
7.863612,0.777000,0.157000,-1.492000,45.603000,251.481000,27.954000,27.64
7.875775,0.408000,0.951000,-2.656000,45.328000,169.038000,2.031000,27.64
7.883027,-0.706000,1.542000,-2.854000,60.458000,88.473000,-47.924000,27.49
7.895803,-1.095000,1.412000,-3.022000,53.313000,28.229000,-87.389000,27.54
7.906709,-1.302000,0.978000,-3.023000,37.344000,-51.542000,-91.786000,27.64
7.913569,-1.182000,0.410000,-2.842000,5.221000,-102.107000,-65.557000,27.49
7.929265,-1.063000,0.176000,-2.584000,-28.046000,-149.313000,-26.183000,27.49
7.932209,-0.667000,0.092000,-2.391000,-56.534000,-175.115000,7.603000,27.54
7.944000,-0.215000,0.169000,-2.188000,-78.977000,-201.435000,29.695000,27.59
7.955901,0.228000,0.209000,-1.964000,-93.939000,-215.939000,41.756000,27.54
7.962665,0.896000,0.279000,-1.644000,-111.237000,-219.588000,34.718000,27.54
7.974731,0.820000,0.350000,-1.295000,-107.374000,-215.176000,34.153000,27.54
7.980326,1.012000,0.106000,-1.033000,-102.427000,-183.130000,29.725000,27.59
7.993189,1.659000,-0.151000,-0.760000,-97.252000,-151.863000,36.992000,27.54
8.005379,2.043000,-0.304000,0.428000,-30.809000,-105.679000,39.344000,27.54
8.013596,2.504000,-1.089000,1.862000,22.458000,-2.656000,17.954000,27.49
8.029964,2.544000,-1.409000,0.648000,18.244000,55.969000,-24.168000,27.49
8.032084,1.559000,-0.626000,-0.472000,-8.565000,11.527000,-41.008000,27.54
8.044880,0.725000,-0.192000,-1.128000,-48.153000,9.313000,-50.916000,27.59
8.056702,0.993000,-0.099000,-1.200000,-50.840000,0.397000,-55.435000,27.49
8.063183,0.767000,0.006000,-0.863000,-42.229000,-42.779000,-46.916000,27.45
8.078738,0.642000,-0.312000,-0.834000,-26.336000,-68.382000,-51.099000,27.54
8.086383,0.496000,-0.291000,-0.734000,-25.893000,-73.740000,-57.359000,27.49
8.093311,0.502000,-0.278000,-0.758000,-28.305000,-74.641000,-58.000000,27.54
8.110354,0.547000,-0.268000,-0.796000,-26.870000,-78.748000,-52.458000,27.54
8.112011,0.583000,-0.276000,-0.833000,-20.794000,-86.809000,-43.618000,27.59
8.124026,0.584000,-0.313000,-0.814000,-17.740000,-95.832000,-35.511000,27.64
8.135862,0.569000,-0.310000,-0.765000,-21.725000,-98.412000,-30.168000,27.54
8.142458,0.580000,-0.288000,-0.747000,-28.702000,-99.679000,-25.069000,27.40
8.154372,0.659000,-0.316000,-0.751000,-38.718000,-101.008000,-20.168000,27.59
8.166482,0.701000,-0.279000,-0.759000,-47.908000,-110.458000,-16.702000,27.54
8.172902,0.692000,-0.245000,-0.732000,-54.443000,-119.282000,-15.405000,27.54
8.184974,1.031000,-0.070000,-0.657000,-37.863000,-116.779000,-11.893000,27.59
8.191646,0.661000,-0.260000,-0.057000,-25.832000,-88.718000,-1.878000,27.54
8.203641,1.248000,-0.709000,-0.050000,-38.977000,-57.023000,-10.870000,27.54
8.215820,1.602000,-0.580000,0.185000,-41.099000,-71.267000,-17.206000,27.59
8.222456,1.771000,-0.692000,0.433000,-36.092000,-68.244000,-20.015000,27.45
8.234408,1.995000,-0.934000,0.895000,-27.053000,-50.565000,-23.053000,27.64
8.241581,2.090000,-1.043000,1.648000,-2.855000,-23.130000,-13.969000,27.68
8.253839,2.205000,-1.252000,2.619000,28.031000,44.031000,1.053000,27.49
8.265960,2.540000,-1.357000,3.699000,67.237000,176.122000,29.160000,27.54
8.272947,2.362000,-0.671000,-1.344000,25.481000,304.031000,-9.649000,27.59
8.285090,2.527000,0.602000,-2.145000,52.153000,20.015000,37.282000,27.49
8.292284,0.224000,0.384000,-0.401000,46.733000,115.481000,30.947000,27.45
8.304256,0.712000,-0.382000,-1.084000,56.427000,236.366000,-10.626000,27.54
8.316739,1.716000,-0.345000,-1.142000,93.802000,113.023000,31.298000,27.49
8.323269,1.591000,-0.368000,-0.701000,52.168000,117.374000,40.046000,27.54
8.335401,1.336000,0.009000,-0.948000,57.267000,71.328000,39.115000,27.54
8.342533,1.129000,-0.469000,-0.914000,61.145000,22.748000,35.847000,27.59
8.354645,1.075000,-0.572000,-0.904000,50.855000,3.802000,27.786000,27.54
8.361843,0.860000,-0.259000,-0.791000,31.542000,-8.565000,13.130000,27.45
8.374021,0.725000,-0.152000,-0.839000,15.924000,-1.145000,4.870000,27.49
8.386371,0.698000,-0.134000,-0.796000,11.573000,3.588000,3.420000,27.59
8.393811,0.664000,-0.160000,-0.792000,9.405000,4.748000,2.137000,27.54
8.406252,0.640000,-0.089000,-0.762000,9.817000,7.695000,3.206000,27.64
8.413590,0.655000,-0.137000,-0.769000,10.168000,9.847000,3.557000,27.59
8.425904,0.623000,-0.197000,-0.768000,4.427000,11.832000,1.435000,27.49
8.432900,0.647000,-0.146000,-0.748000,1.985000,13.542000,0.931000,27.54
8.445459,0.668000,-0.156000,-0.728000,1.481000,15.435000,1.084000,27.59
8.452566,0.672000,-0.162000,-0.719000,0.443000,15.939000,0.870000,27.49
8.464514,0.669000,-0.163000,-0.711000,-0.260000,13.969000,0.305000,27.54
8.471616,0.669000,-0.149000,-0.711000,-0.626000,12.321000,0.153000,27.40
8.484421,0.653000,-0.125000,-0.711000,-0.550000,10.687000,0.290000,27.59
8.496269,0.625000,-0.102000,-0.697000,1.679000,10.809000,0.198000,27.54
8.505909,0.665000,-0.107000,-0.698000,-7.496000,-2.244000,5.160000,27.54
8.516013,0.652000,-0.095000,-0.732000,3.618000,33.527000,3.679000,27.68
8.523060,0.663000,-0.163000,-0.680000,-0.595000,19.145000,3.664000,27.45
8.535518,0.663000,-0.156000,-0.709000,0.412000,-4.733000,3.450000,27.64
8.543079,0.656000,-0.159000,-0.710000,3.756000,7.145000,3.252000,27.49
8.555189,0.655000,-0.161000,-0.701000,4.611000,-6.733000,3.481000,27.49
8.562291,0.662000,-0.145000,-0.699000,3.802000,1.573000,2.595000,27.54
8.575278,0.630000,-0.089000,-0.717000,2.931000,-0.733000,2.992000,27.59
8.581962,0.583000,-0.089000,-0.775000,5.115000,4.244000,4.473000,27.49
8.594547,0.603000,-0.148000,-0.760000,6.702000,7.237000,5.267000,27.54
8.606645,0.662000,-0.176000,-0.732000,4.870000,8.198000,3.771000,27.45
8.613822,0.642000,-0.128000,-0.771000,3.725000,12.702000,3.099000,27.49
8.626154,0.604000,-0.107000,-0.810000,1.954000,21.985000,4.931000,27.49
8.633434,0.632000,-0.137000,-0.808000,2.427000,34.748000,7.573000,27.45
8.645730,0.626000,-0.177000,-0.786000,2.656000,41.328000,7.053000,27.49
8.653466,0.642000,-0.186000,-0.800000,6.840000,49.206000,7.038000,27.49
8.665328,0.580000,-0.191000,-0.831000,11.313000,62.504000,7.237000,27.64
8.672683,0.671000,-0.273000,-0.757000,8.687000,71.939000,2.351000,27.54
8.685939,0.650000,-0.258000,-0.854000,2.794000,83.053000,-2.947000,27.59
8.696520,0.422000,0.006000,-1.156000,34.275000,114.260000,-6.641000,27.54
8.703748,0.592000,-0.002000,-1.060000,30.626000,150.763000,-2.137000,27.64
8.715989,0.672000,0.000000,-1.144000,44.718000,188.840000,4.840000,27.40
8.723062,0.518000,-0.186000,-1.195000,40.366000,222.534000,9.084000,27.59
8.735011,0.780000,-0.066000,-1.121000,45.053000,246.336000,11.985000,27.45
8.742906,0.849000,-0.167000,-1.016000,49.282000,252.366000,13.924000,27.49
8.753903,0.999000,-0.188000,-1.082000,53.008000,261.084000,14.733000,27.54
8.766168,1.346000,-0.360000,-1.241000,35.038000,255.466000,13.435000,27.54
8.773348,0.760000,0.226000,-1.730000,18.840000,220.901000,8.137000,27.64
8.785543,0.099000,0.684000,-2.264000,32.000000,149.618000,-6.137000,27.49
8.794255,-0.452000,0.656000,-2.282000,31.863000,78.855000,-16.275000,27.54
8.810454,-0.532000,0.378000,-2.186000,5.786000,21.023000,-14.046000,27.54
8.816438,-0.511000,0.284000,-2.138000,-19.802000,-36.656000,-0.656000,27.59
8.823179,-0.597000,0.153000,-1.846000,-39.481000,-64.305000,17.603000,27.49
8.835178,-0.431000,0.013000,-1.684000,-61.160000,-89.237000,35.695000,27.54
8.842257,-0.223000,0.003000,-1.585000,-78.977000,-115.389000,50.794000,27.49
8.854239,-0.053000,0.002000,-1.471000,-90.137000,-135.695000,59.359000,27.49
8.866206,0.118000,0.000000,-1.382000,-96.718000,-151.450000,60.977000,27.54
8.873013,0.283000,0.009000,-1.278000,-99.985000,-161.069000,55.924000,27.54
8.884974,0.448000,0.039000,-1.230000,-99.206000,-166.656000,46.824000,27.49
8.892659,0.618000,0.039000,-1.207000,-97.908000,-170.275000,34.473000,27.64
8.904082,0.761000,0.045000,-1.188000,-96.061000,-175.069000,21.023000,27.54
8.915949,0.842000,0.056000,-1.136000,-91.969000,-176.076000,7.298000,27.49
8.922671,0.902000,0.074000,-1.090000,-83.496000,-173.389000,-6.748000,27.54
8.936172,0.967000,0.058000,-1.019000,-73.344000,-170.076000,-20.595000,27.45
8.946506,0.985000,0.049000,-0.985000,-62.427000,-164.550000,-36.519000,27.54
8.953460,1.771000,-0.438000,-0.853000,-42.260000,-128.733000,-62.473000,27.49
8.965303,1.714000,0.239000,1.267000,44.779000,-113.344000,-59.756000,27.54
8.972353,2.226000,-1.019000,1.345000,96.275000,8.702000,-84.763000,27.54
8.984814,2.290000,-1.034000,0.259000,68.733000,61.985000,-124.153000,27.59
8.996631,2.159000,-0.888000,-0.705000,32.473000,-1.878000,-128.229000,27.54
9.003677,1.621000,-0.648000,-1.137000,-8.412000,-90.702000,-114.275000,27.64
9.015570,1.009000,-0.347000,-0.966000,-19.634000,-140.595000,-94.550000,27.49
9.022299,0.427000,-0.254000,-0.553000,8.183000,-140.580000,-70.412000,27.49
9.034557,0.293000,-0.587000,-0.427000,13.573000,-115.725000,-52.626000,27.45
9.046135,0.503000,-0.734000,-0.555000,-6.427000,-102.855000,-41.725000,27.54
9.053862,0.688000,-0.622000,-0.454000,-19.710000,-89.695000,-19.008000,27.49
9.064900,0.912000,-0.753000,-0.416000,-30.763000,-81.908000,4.366000,27.45
9.072208,1.026000,-0.672000,-0.379000,-39.450000,-77.710000,23.863000,27.54
9.088178,1.048000,-0.601000,-0.312000,-47.771000,-76.443000,38.290000,27.49
9.095964,1.066000,-0.543000,-0.219000,-57.176000,-71.023000,44.611000,27.54
9.102342,1.112000,-0.426000,-0.072000,-62.412000,-62.718000,44.840000,27.54
9.114290,1.190000,-0.372000,0.032000,-59.511000,-53.542000,41.160000,27.49
9.121389,1.243000,-0.348000,0.157000,-49.298000,-46.824000,35.496000,27.59
9.133501,1.253000,-0.328000,0.330000,-34.931000,-34.061000,28.504000,27.54
9.145692,1.344000,-0.390000,0.599000,-24.916000,-13.527000,21.695000,27.64
9.152793,1.382000,-0.420000,0.884000,-17.038000,19.695000,18.031000,27.49
9.165041,1.573000,-0.545000,1.167000,-16.901000,61.863000,16.992000,27.45
9.171889,1.798000,-0.630000,1.497000,-23.557000,111.802000,25.237000,27.54
9.184303,1.125000,0.045000,-0.063000,-27.802000,159.573000,34.870000,27.49
9.196166,2.016000,0.520000,-1.615000,-31.740000,82.412000,15.053000,27.59
9.203528,0.688000,1.275000,-0.817000,20.229000,8.107000,9.084000,27.45
9.215621,0.510000,0.457000,-0.645000,57.160000,118.977000,-5.008000,27.49
9.222855,0.803000,-0.554000,-0.986000,75.511000,98.504000,-6.260000,27.59
9.234921,0.448000,-0.756000,-0.688000,55.817000,93.405000,6.672000,27.45
9.243250,1.483000,0.030000,-0.858000,51.802000,104.092000,36.336000,27.64
9.254267,1.318000,-0.031000,-0.728000,57.145000,41.649000,34.885000,27.40
9.266342,0.797000,-0.534000,-0.948000,63.038000,32.779000,34.122000,27.45
9.273461,0.894000,-0.396000,-0.901000,58.733000,-3.481000,30.489000,27.54
9.285602,0.915000,-0.219000,-0.857000,44.076000,-5.740000,15.817000,27.49
9.292910,0.739000,-0.419000,-0.779000,18.046000,-2.214000,9.359000,27.59
9.304896,0.754000,-0.197000,-0.793000,5.573000,-0.977000,1.252000,27.54
9.312282,0.743000,-0.265000,-0.769000,1.435000,-2.977000,-1.130000,27.54
9.324522,0.664000,-0.111000,-0.771000,2.290000,-3.252000,-1.878000,27.59
9.336423,0.680000,-0.117000,-0.758000,2.153000,2.534000,-0.504000,27.54
9.344219,0.648000,-0.139000,-0.744000,0.595000,2.687000,-0.015000,27.54
9.356390,0.658000,-0.141000,-0.747000,0.382000,5.023000,0.031000,27.49
9.363673,0.649000,-0.130000,-0.735000,0.656000,3.420000,0.565000,27.59
9.375923,0.640000,-0.156000,-0.740000,1.466000,7.176000,0.947000,27.54
9.388224,0.618000,-0.178000,-0.752000,0.305000,5.603000,0.687000,27.49
9.395467,0.641000,-0.176000,-0.741000,-1.496000,8.153000,0.000000,27.59
9.402437,0.620000,-0.162000,-0.747000,-2.366000,7.664000,-0.947000,27.54
9.414642,0.612000,-0.162000,-0.745000,-2.641000,8.687000,-0.916000,27.54
9.421747,0.632000,-0.154000,-0.736000,-2.351000,7.237000,-1.069000,27.49
9.434210,0.643000,-0.150000,-0.731000,-2.458000,6.702000,-0.550000,27.45
9.446436,0.633000,-0.139000,-0.712000,-1.924000,5.115000,0.153000,27.45
9.455700,0.633000,-0.144000,-0.729000,-1.466000,3.985000,1.008000,27.59
9.465955,0.643000,-0.138000,-0.719000,-1.069000,3.069000,1.450000,27.49
9.473269,0.625000,-0.105000,-0.715000,-0.962000,3.252000,2.275000,27.54
9.485433,0.594000,-0.111000,-0.727000,1.008000,2.046000,3.420000,27.49
9.497444,0.587000,-0.135000,-0.767000,2.611000,4.443000,3.603000,27.54
9.505184,0.610000,-0.141000,-0.769000,0.504000,5.496000,3.466000,27.54
9.512806,0.646000,-0.160000,-0.742000,1.145000,6.565000,2.916000,27.40
9.525282,0.643000,-0.147000,-0.739000,1.832000,7.435000,3.038000,27.49
9.532374,0.651000,-0.145000,-0.720000,1.221000,7.649000,2.992000,27.54
9.544686,0.653000,-0.141000,-0.729000,1.847000,8.641000,3.435000,27.45
9.553127,0.641000,-0.130000,-0.713000,2.687000,8.550000,4.489000,27.49
9.564237,0.638000,-0.131000,-0.751000,4.061000,10.641000,5.405000,27.45
9.576359,0.621000,-0.149000,-0.760000,3.557000,13.893000,5.588000,27.54
9.584060,0.632000,-0.140000,-0.762000,3.863000,19.756000,5.252000,27.49
9.597352,0.614000,-0.150000,-0.791000,4.153000,22.534000,5.267000,27.59
9.607499,0.594000,-0.134000,-0.793000,3.908000,29.924000,6.015000,27.54
9.615779,0.603000,-0.158000,-0.778000,3.588000,35.573000,5.817000,27.49
9.622954,0.639000,-0.167000,-0.796000,5.695000,44.076000,5.176000,27.49
9.634886,0.565000,-0.161000,-0.858000,11.969000,57.405000,8.733000,27.64
9.642169,0.656000,-0.177000,-0.806000,17.115000,66.702000,9.176000,27.54
9.654483,0.651000,-0.244000,-0.886000,17.573000,82.107000,3.267000,27.59
9.660914,0.573000,0.011000,-1.085000,27.221000,113.023000,1.099000,27.64
9.673608,0.439000,-0.355000,-1.097000,42.550000,150.565000,0.672000,27.54
9.685637,0.741000,-0.069000,-1.015000,52.870000,180.901000,0.595000,27.49
9.693073,0.522000,-0.309000,-1.140000,53.527000,216.458000,0.137000,27.49
9.705180,0.755000,-0.116000,-1.084000,59.893000,240.168000,0.504000,27.45
9.713914,0.865000,-0.229000,-1.175000,67.802000,247.618000,0.046000,27.59
9.724992,0.939000,-0.240000,-1.041000,77.099000,257.527000,0.992000,27.54
9.737847,1.119000,-0.228000,-1.072000,89.802000,264.840000,1.588000,27.45
9.743581,1.237000,-0.274000,-1.052000,77.084000,227.618000,-4.626000,27.54
9.755417,0.927000,-0.113000,-1.073000,88.718000,210.595000,-9.374000,27.49
9.764663,0.876000,-0.015000,-1.344000,105.237000,183.679000,-16.824000,27.64
9.777042,0.592000,0.062000,-1.590000,112.916000,110.214000,-27.771000,27.54
9.786235,0.608000,-0.210000,-1.500000,89.832000,60.275000,-27.252000,27.49
9.793566,0.057000,-0.174000,-1.253000,71.985000,16.336000,-19.634000,27.49
9.805571,-0.053000,-0.237000,-1.108000,57.221000,19.496000,-5.756000,27.45
9.812961,0.006000,-0.346000,-1.053000,34.702000,7.328000,8.718000,27.49
9.825014,0.085000,-0.309000,-1.027000,14.885000,-7.099000,22.855000,27.68
9.832225,0.089000,-0.275000,-0.994000,3.450000,-24.931000,35.084000,27.45
9.847275,0.080000,-0.275000,-0.930000,-4.031000,-36.977000,42.015000,27.54
9.855998,0.094000,-0.257000,-0.902000,-9.191000,-48.092000,43.695000,27.49
9.862889,0.123000,-0.227000,-0.881000,-11.298000,-57.176000,41.802000,27.54
9.875141,0.163000,-0.200000,-0.876000,-12.229000,-64.656000,38.687000,27.54
9.881884,0.203000,-0.214000,-0.913000,-15.405000,-73.298000,34.443000,27.40
9.893830,0.314000,-0.264000,-0.942000,-22.412000,-84.137000,29.832000,27.54
9.905550,0.427000,-0.295000,-0.945000,-31.863000,-101.603000,26.412000,27.45
9.912391,0.524000,-0.277000,-0.982000,-44.397000,-116.977000,24.809000,27.49
9.924116,0.634000,-0.315000,-0.981000,-56.565000,-135.908000,24.229000,27.49
9.936181,0.644000,-0.311000,-0.956000,-67.511000,-156.366000,24.656000,27.54
9.943264,0.628000,-0.292000,-0.911000,-74.244000,-171.053000,25.756000,27.54
9.954899,0.595000,-0.302000,-0.866000,-79.832000,-177.573000,25.130000,27.49
9.961472,0.634000,-0.326000,-0.858000,-84.870000,-179.664000,23.237000,27.45
9.973547,0.667000,-0.353000,-0.868000,-88.168000,-180.366000,19.115000,27.64
9.985588,0.741000,-0.329000,-0.896000,-89.115000,-178.321000,14.733000,27.40
9.992174,0.877000,-0.306000,-0.921000,-88.565000,-175.160000,8.656000,27.40
10.006310,1.054000,-0.281000,-0.922000,-84.824000,-178.916000,5.145000,27.54
