# Gait Analysis Data - MPU6050 IMU
# Duration: 10 seconds
# Format: timestamp(s),ax(g),ay(g),az(g),gx(deg/s),gy(deg/s),gz(deg/s),temp(C)
# Note: Document sensor placement (ankle/wrist) separately
timestamp,ax,ay,az,gx,gy,gz,temp
0.000719,0.619000,-0.126000,-0.741000,0.916000,4.992000,0.351000,28.34
0.001434,0.640000,-0.128000,-0.740000,1.038000,5.756000,0.626000,28.29
0.002060,0.632000,-0.115000,-0.765000,1.206000,9.160000,1.130000,28.39
0.002670,0.634000,-0.104000,-0.750000,1.695000,10.901000,1.802000,28.34
0.003226,0.654000,-0.115000,-0.750000,3.176000,13.496000,2.626000,28.39
0.003774,0.638000,-0.128000,-0.762000,4.534000,14.473000,3.344000,28.39
0.004377,0.656000,-0.136000,-0.743000,3.908000,17.740000,3.237000,28.34
0.005071,0.625000,-0.118000,-0.751000,3.542000,20.305000,3.832000,28.34
0.005867,0.611000,-0.110000,-0.792000,3.893000,26.870000,3.969000,28.39
0.006640,0.627000,-0.149000,-0.782000,4.000000,32.321000,5.038000,28.39
0.007365,0.593000,-0.111000,-0.822000,3.267000,41.053000,5.527000,28.34
0.007949,0.595000,-0.107000,-0.858000,2.947000,51.221000,7.450000,28.34
0.008601,0.574000,-0.120000,-0.864000,4.855000,66.031000,9.832000,28.29
0.009131,0.565000,-0.119000,-0.868000,10.947000,78.855000,12.763000,28.39
0.009736,0.717000,-0.252000,-0.783000,3.191000,94.092000,11.878000,28.25
0.010363,0.526000,0.213000,-0.992000,36.519000,111.817000,14.901000,28.34
0.011162,0.566000,-0.343000,-0.932000,24.046000,141.924000,14.519000,28.29
0.012036,0.713000,-0.072000,-0.982000,38.489000,170.885000,8.962000,28.29
0.012705,0.550000,-0.207000,-1.012000,36.992000,195.893000,8.122000,28.34
0.013393,0.822000,-0.160000,-0.974000,45.466000,216.275000,4.931000,28.39
0.014288,0.816000,-0.179000,-0.955000,57.374000,222.275000,4.366000,28.29
0.015018,0.922000,-0.275000,-0.969000,64.046000,236.885000,1.374000,28.34
0.015829,0.969000,-0.288000,-0.991000,69.206000,240.122000,0.916000,28.44
0.016579,1.242000,-0.485000,-0.974000,38.366000,231.634000,-6.992000,28.29
0.017259,0.930000,-0.289000,-0.809000,25.023000,226.000000,-12.824000,28.29
0.017914,1.040000,-0.124000,-0.778000,25.832000,218.916000,-12.046000,28.34
0.018426,0.979000,0.021000,-0.612000,41.649000,208.092000,-8.122000,28.34
0.018954,1.064000,0.023000,-0.990000,58.992000,173.298000,-5.557000,28.39
0.019469,0.646000,-0.074000,-1.233000,65.878000,115.679000,3.420000,28.29
0.020038,0.699000,-0.316000,-1.054000,42.916000,76.168000,10.794000,28.34
0.021187,0.464000,-0.143000,-1.084000,30.168000,32.519000,16.046000,28.29
0.021821,0.239000,-0.068000,-0.885000,27.786000,10.977000,20.183000,28.29
0.022352,0.194000,-0.137000,-0.797000,25.496000,0.794000,20.779000,28.34
0.022842,0.218000,-0.154000,-0.773000,19.725000,-14.076000,18.718000,28.25
0.023327,0.246000,-0.119000,-0.750000,16.626000,-28.214000,17.084000,28.39
0.023807,0.233000,-0.126000,-0.729000,16.718000,-43.634000,15.282000,28.29
0.024422,0.240000,-0.152000,-0.726000,16.565000,-55.511000,12.992000,28.34
0.025088,0.267000,-0.174000,-0.716000,15.573000,-68.962000,9.740000,28.34
0.025678,0.302000,-0.179000,-0.703000,14.916000,-80.595000,6.580000,28.39
0.026237,0.350000,-0.184000,-0.719000,14.275000,-91.282000,2.855000,28.29
0.026830,0.458000,-0.203000,-0.751000,14.031000,-105.252000,-1.298000,28.34
0.027423,0.546000,-0.199000,-0.777000,16.198000,-123.679000,-5.313000,28.29
0.027995,0.573000,-0.199000,-0.755000,20.290000,-140.672000,-8.611000,28.29
0.028630,0.593000,-0.197000,-0.729000,23.298000,-152.000000,-11.267000,28.34
0.029172,0.622000,-0.224000,-0.709000,21.802000,-158.305000,-13.710000,28.34
0.029684,0.663000,-0.233000,-0.695000,15.985000,-160.840000,-15.542000,28.29
0.030248,0.726000,-0.227000,-0.694000,10.321000,-161.496000,-16.656000,28.29
0.030729,0.793000,-0.215000,-0.730000,6.809000,-162.366000,-16.183000,28.34
0.031201,0.845000,-0.213000,-0.750000,3.817000,-163.557000,-16.321000,28.34
0.031661,0.927000,-0.188000,-0.769000,1.435000,-164.214000,-17.756000,28.39
0.032214,1.025000,-0.131000,-0.773000,3.374000,-167.084000,-21.756000,28.34
0.032966,1.103000,-0.068000,-0.762000,10.763000,-173.023000,-26.962000,28.34
0.033547,1.138000,-0.024000,-0.730000,21.756000,-177.405000,-35.237000,28.39
0.034171,1.170000,0.049000,-0.690000,35.878000,-181.771000,-48.244000,28.39
0.034707,1.197000,0.138000,-0.656000,54.595000,-183.176000,-64.458000,28.25
0.035185,1.258000,0.214000,-0.640000,73.771000,-183.588000,-83.252000,28.34
0.035634,1.307000,0.284000,-0.597000,92.962000,-184.397000,-103.786000,28.39
0.036103,1.319000,0.315000,-0.535000,109.664000,-182.641000,-126.000000,28.29
0.036556,1.335000,0.338000,-0.463000,124.031000,-176.702000,-149.145000,28.34
0.037006,1.295000,0.320000,-0.391000,137.802000,-168.000000,-172.321000,28.34
0.037451,1.227000,0.164000,-0.337000,148.153000,-156.122000,-193.542000,28.48
0.037885,1.206000,0.058000,-0.320000,153.008000,-143.710000,-207.328000,28.29
0.038423,1.215000,-0.004000,-0.297000,159.634000,-130.427000,-210.687000,28.25
0.039133,1.191000,-0.054000,-0.253000,166.305000,-118.366000,-206.168000,28.39
0.039628,1.171000,-0.151000,-0.209000,164.840000,-107.771000,-194.977000,28.29
0.040098,1.121000,-0.208000,-0.179000,151.313000,-91.908000,-180.412000,28.34
0.040560,1.091000,-0.219000,-0.148000,132.015000,-73.282000,-160.901000,28.34
0.041008,1.069000,-0.234000,-0.156000,109.374000,-54.031000,-139.710000,28.29
0.041472,1.094000,-0.237000,-0.174000,86.061000,-38.763000,-118.443000,28.39
0.041939,1.072000,-0.163000,-0.166000,68.031000,-29.511000,-97.878000,28.34
0.042401,1.034000,-0.093000,-0.158000,55.954000,-18.443000,-79.313000,28.25
0.042859,1.012000,-0.031000,-0.155000,44.656000,-8.290000,-66.229000,28.29
0.043294,0.990000,0.102000,-0.152000,36.229000,0.947000,-58.214000,28.29
0.043717,1.014000,0.266000,-0.205000,32.885000,10.244000,-55.328000,28.34
0.044160,1.050000,0.399000,-0.242000,31.252000,15.740000,-58.870000,28.39
0.044608,1.044000,0.494000,-0.277000,28.672000,19.466000,-67.725000,28.39
0.045052,1.141000,-0.029000,-0.328000,6.107000,33.832000,-79.771000,28.34
0.045505,0.731000,1.068000,0.079000,-9.908000,61.756000,-108.046000,28.44
0.045946,1.043000,0.505000,-0.658000,17.603000,88.595000,-125.099000,28.20
0.046388,0.973000,-0.165000,-1.144000,33.985000,45.191000,-135.634000,28.29
0.046825,0.719000,-0.612000,-0.768000,50.305000,19.511000,-134.534000,28.34
0.047284,0.586000,-1.112000,-0.619000,38.992000,43.450000,-126.992000,28.25
0.047922,0.920000,-1.617000,-0.952000,-0.748000,66.412000,-44.626000,28.29
0.048523,2.399000,-1.192000,-1.490000,-65.099000,36.580000,25.084000,28.29
0.048987,1.190000,0.639000,-0.454000,-49.725000,-24.214000,0.733000,28.34
0.049498,0.703000,0.240000,-0.913000,-11.725000,7.985000,-29.832000,28.29
0.050002,0.574000,-0.873000,-0.844000,-17.832000,-7.099000,-19.969000,28.29
0.050465,0.616000,-0.388000,-0.742000,-34.061000,0.580000,-21.939000,28.34
0.050912,0.759000,0.134000,-0.699000,-42.153000,3.725000,-30.366000,28.34
0.051346,0.886000,0.172000,-0.714000,-37.099000,-3.176000,-27.298000,28.20
0.051798,0.702000,-0.001000,-0.671000,-26.137000,-7.115000,-20.885000,28.39
0.052237,0.623000,0.059000,-0.688000,-12.534000,-13.649000,-14.840000,28.44
0.052671,0.665000,0.014000,-0.696000,-7.939000,-10.840000,-12.412000,28.25
0.053102,0.681000,-0.017000,-0.724000,-12.137000,-5.191000,-10.031000,28.29
0.053518,0.643000,0.030000,-0.747000,-11.298000,1.863000,-8.198000,28.34
0.053943,0.635000,0.005000,-0.734000,-5.008000,2.565000,-5.878000,28.44
0.054356,0.630000,-0.043000,-0.713000,0.947000,5.573000,-5.130000,28.29
0.054770,0.658000,-0.094000,-0.726000,1.176000,9.115000,-4.779000,28.39
0.055191,0.682000,-0.213000,-0.759000,-2.962000,9.221000,-6.809000,28.34
0.055614,0.686000,-0.247000,-0.767000,-8.458000,7.282000,-10.412000,28.25
0.056037,0.670000,-0.162000,-0.742000,-11.145000,5.664000,-12.687000,28.29
0.056478,0.675000,-0.114000,-0.744000,-10.550000,5.496000,-12.931000,28.29
0.056936,0.676000,-0.119000,-0.741000,-11.847000,4.794000,-13.588000,28.25
0.057374,0.698000,-0.115000,-0.726000,-12.092000,3.954000,-14.565000,28.34
0.057816,0.670000,-0.075000,-0.712000,-12.061000,2.595000,-13.969000,28.39
0.058277,0.643000,-0.061000,-0.721000,-10.595000,4.153000,-12.336000,28.29
0.058734,0.640000,-0.040000,-0.733000,-9.221000,4.870000,-10.550000,28.25
0.059182,0.653000,-0.036000,-0.724000,-6.504000,6.015000,-9.206000,28.34
0.059607,0.636000,-0.047000,-0.730000,-5.252000,5.389000,-8.061000,28.29
0.060035,0.632000,-0.019000,-0.715000,-3.435000,6.321000,-6.092000,28.39
0.060450,0.671000,-0.027000,-0.713000,-1.344000,7.466000,-4.840000,28.34
0.060876,0.695000,-0.066000,-0.721000,0.305000,7.435000,-4.366000,28.39
0.061432,0.675000,-0.085000,-0.730000,0.427000,5.634000,-5.237000,28.39
0.062026,0.697000,-0.101000,-0.744000,-1.252000,6.336000,-6.977000,28.44
0.062479,0.692000,-0.100000,-0.732000,-3.603000,5.023000,-9.008000,28.34
0.062905,0.660000,-0.109000,-0.739000,-5.176000,3.939000,-9.298000,28.29
0.063335,0.663000,-0.052000,-0.721000,-5.374000,2.763000,-9.038000,28.29
0.063758,0.655000,-0.093000,-0.716000,-4.504000,2.962000,-8.748000,28.34
0.064179,0.656000,-0.108000,-0.733000,-4.748000,3.115000,-8.275000,28.25
0.064609,0.648000,-0.089000,-0.734000,-5.008000,4.031000,-7.710000,28.29
0.065033,0.649000,-0.067000,-0.728000,-4.244000,5.023000,-7.160000,28.29
0.065455,0.652000,-0.046000,-0.740000,-3.618000,6.947000,-6.382000,28.44
0.065895,0.680000,-0.082000,-0.743000,-3.527000,7.069000,-5.939000,28.39
0.066345,0.688000,-0.089000,-0.746000,-3.863000,6.336000,-6.229000,28.29
0.066769,0.680000,-0.103000,-0.743000,-4.977000,6.931000,-6.137000,28.29
0.067191,0.672000,-0.055000,-0.723000,-5.649000,7.481000,-4.412000,28.34
0.067618,0.675000,0.005000,-0.719000,-2.519000,9.573000,-4.260000,28.39
0.068042,0.694000,-0.121000,-0.722000,-1.908000,9.908000,-4.351000,28.29
0.068466,0.668000,-0.111000,-0.725000,-2.473000,8.992000,-4.519000,28.25
0.068892,0.668000,-0.110000,-0.730000,-2.779000,11.405000,-4.214000,28.25
0.069311,0.680000,-0.101000,-0.724000,-2.489000,14.504000,-4.336000,28.29
0.069732,0.676000,-0.075000,-0.734000,-1.420000,17.664000,-5.008000,28.29
0.070155,0.684000,-0.121000,-0.762000,-1.328000,21.313000,-7.389000,28.34
0.070603,0.691000,-0.102000,-0.742000,-1.084000,25.160000,-10.382000,28.29
0.071022,0.715000,-0.063000,-0.754000,0.366000,30.092000,-14.870000,28.39
0.071549,0.738000,-0.050000,-0.777000,-0.061000,31.954000,-21.344000,28.29
0.072099,0.806000,0.094000,-0.708000,3.679000,31.191000,-33.389000,28.34
0.072597,0.917000,0.346000,-0.614000,17.924000,31.267000,-57.817000,28.29
0.073091,1.004000,0.419000,-0.541000,43.573000,30.962000,-91.481000,28.39
0.073560,1.046000,0.473000,-0.488000,77.053000,24.458000,-128.992000,28.34
0.074084,1.125000,0.361000,-0.486000,103.908000,17.496000,-170.153000,28.34
0.074630,1.060000,0.235000,-0.435000,129.221000,15.038000,-200.550000,28.39
0.075217,1.033000,0.097000,-0.498000,149.542000,14.794000,-222.244000,28.39
0.075695,1.023000,0.089000,-0.562000,171.985000,4.611000,-240.504000,28.34
0.076499,0.921000,0.108000,-0.550000,204.351000,-6.641000,-260.382000,28.29
0.077007,0.991000,0.217000,-0.559000,239.481000,-17.756000,-280.198000,28.29
0.077514,1.120000,0.095000,-0.515000,290.611000,-46.000000,-274.779000,28.29
0.077996,1.091000,-0.143000,-0.512000,310.153000,-64.718000,-271.405000,28.25
0.078464,1.080000,-0.289000,-0.466000,308.000000,-80.809000,-271.557000,28.29
0.078939,0.977000,-0.281000,-0.406000,298.214000,-91.817000,-269.618000,28.39
0.079422,0.833000,-0.256000,-0.289000,290.427000,-89.969000,-264.305000,28.34
0.079890,0.722000,-0.223000,-0.248000,285.221000,-74.137000,-256.260000,28.34
0.080421,0.677000,-0.242000,-0.270000,278.809000,-57.786000,-246.702000,28.29
0.080897,0.676000,-0.240000,-0.327000,267.527000,-40.504000,-238.565000,28.20
0.081367,0.719000,-0.240000,-0.399000,253.252000,-27.786000,-229.618000,28.34
0.081851,0.765000,-0.243000,-0.479000,238.626000,-18.977000,-219.649000,28.29
0.082315,0.757000,-0.216000,-0.543000,226.412000,-15.847000,-208.290000,28.20
0.082847,0.776000,-0.144000,-0.558000,220.046000,-13.924000,-195.023000,28.29
0.083466,0.775000,-0.148000,-0.575000,211.634000,-12.779000,-183.969000,28.34
0.083980,0.751000,-0.152000,-0.586000,199.542000,-11.527000,-177.786000,28.29
0.084446,0.701000,-0.105000,-0.600000,186.092000,-9.084000,-176.611000,28.29
0.084905,0.702000,-0.089000,-0.621000,177.267000,-5.557000,-178.626000,28.34
0.085390,0.745000,-0.115000,-0.679000,165.756000,-5.511000,-184.168000,28.25
0.085840,0.745000,-0.134000,-0.666000,159.939000,-9.176000,-187.924000,28.29
0.086302,0.694000,-0.153000,-0.670000,156.290000,-10.626000,-190.183000,28.29
0.086761,0.657000,-0.199000,-0.659000,154.718000,-9.069000,-189.924000,28.25
0.087203,0.631000,-0.237000,-0.679000,153.313000,-6.992000,-187.328000,28.29
0.087652,0.649000,-0.285000,-0.695000,148.870000,-5.023000,-183.237000,28.29
0.088086,0.669000,-0.311000,-0.718000,142.885000,-7.069000,-177.359000,28.29
0.088529,0.673000,-0.327000,-0.711000,135.954000,-9.237000,-171.450000,28.25
0.088987,0.660000,-0.320000,-0.727000,128.351000,-11.328000,-163.771000,28.34
0.089437,0.587000,-0.300000,-0.717000,123.084000,-5.176000,-156.351000,28.29
0.089880,0.545000,-0.276000,-0.726000,121.420000,-0.870000,-148.137000,28.29
0.090302,0.575000,-0.289000,-0.738000,117.634000,0.336000,-140.885000,28.34
0.090723,0.555000,-0.295000,-0.740000,112.321000,0.061000,-134.427000,28.29
0.091404,0.645000,-0.142000,-0.736000,-1.405000,6.809000,0.214000,28.34
0.091883,0.653000,-0.155000,-0.740000,-1.664000,7.008000,-0.611000,28.34
0.092316,0.650000,-0.141000,-0.735000,-2.076000,7.008000,-0.718000,28.29
0.092732,0.658000,-0.133000,-0.731000,-2.046000,7.008000,-0.504000,28.20
0.093145,0.666000,-0.132000,-0.738000,-2.031000,6.763000,-0.534000,28.34
0.093672,0.674000,-0.152000,-0.737000,-2.977000,5.389000,-0.840000,28.25
0.105700,0.647000,-0.131000,-0.726000,-2.565000,4.366000,-0.931000,28.29
0.112786,0.664000,-0.127000,-0.715000,-2.931000,2.947000,-0.031000,28.34
0.125207,0.652000,-0.127000,-0.724000,-2.565000,3.603000,-0.336000,28.25
0.132115,0.654000,-0.142000,-0.718000,-2.107000,3.115000,0.275000,28.29
0.144790,0.664000,-0.146000,-0.723000,-1.771000,2.824000,0.153000,28.20
0.151759,0.654000,-0.144000,-0.724000,-1.466000,2.779000,-0.153000,28.34
0.163925,0.648000,-0.144000,-0.736000,-1.405000,3.191000,-0.153000,28.34
0.176167,0.656000,-0.148000,-0.729000,-1.542000,4.061000,-0.366000,28.39
0.183228,0.679000,-0.146000,-0.749000,-3.176000,4.458000,-1.313000,28.29
0.195767,0.677000,-0.147000,-0.729000,-4.916000,4.565000,-1.771000,28.25
0.202794,0.661000,-0.136000,-0.741000,-5.450000,5.145000,-2.565000,28.25
0.214937,0.662000,-0.138000,-0.742000,-5.618000,6.092000,-2.870000,28.29
0.222072,0.657000,-0.135000,-0.727000,-5.527000,7.695000,-3.237000,28.29
0.234396,0.642000,-0.140000,-0.730000,-5.649000,8.137000,-3.344000,28.34
0.246435,0.620000,-0.117000,-0.736000,-5.313000,10.901000,-2.748000,28.20
0.253629,0.631000,-0.136000,-0.731000,-4.962000,12.153000,-2.641000,28.29
0.265727,0.632000,-0.123000,-0.730000,-4.519000,14.122000,-2.031000,28.25
0.272826,0.643000,-0.118000,-0.724000,-4.137000,14.336000,-1.618000,28.34
0.285049,0.686000,-0.131000,-0.715000,-4.672000,14.214000,-1.527000,28.29
0.291842,0.678000,-0.156000,-0.710000,-5.511000,12.336000,-2.046000,28.39
0.303976,0.665000,-0.137000,-0.697000,-5.481000,10.550000,-2.840000,28.25
0.316552,0.628000,-0.106000,-0.713000,-4.275000,9.756000,-2.794000,28.25
0.323220,0.666000,-0.123000,-0.736000,-4.397000,10.794000,-1.527000,28.29
0.335821,0.737000,-0.165000,-0.702000,-8.260000,6.947000,-2.855000,28.20
0.342840,0.715000,-0.151000,-0.702000,-9.695000,2.519000,-5.542000,28.34
0.355067,0.712000,-0.119000,-0.710000,-11.145000,0.947000,-6.382000,28.25
0.361982,0.702000,-0.131000,-0.724000,-13.206000,0.061000,-7.176000,28.29
0.374037,0.712000,-0.128000,-0.702000,-12.885000,-3.603000,-7.374000,28.25
0.391347,0.682000,-0.081000,-0.694000,-9.588000,-7.542000,-6.611000,28.34
0.393165,0.626000,-0.096000,-0.715000,-7.832000,-6.427000,-5.099000,28.20
0.405460,0.620000,-0.120000,-0.724000,-8.198000,1.023000,-3.481000,28.29
0.412586,0.666000,-0.103000,-0.723000,-6.122000,-6.046000,-2.382000,28.25
0.424690,0.654000,-0.100000,-0.721000,-5.008000,-5.053000,-1.939000,28.34
0.431749,0.657000,-0.114000,-0.684000,-4.229000,-6.992000,-0.702000,28.20
0.443960,0.637000,-0.076000,-0.670000,-1.634000,-5.908000,-0.656000,28.29
0.456261,0.634000,-0.123000,-0.680000,1.542000,-8.443000,-0.565000,28.15
0.463457,0.627000,-0.126000,-0.664000,3.618000,-11.664000,2.092000,28.29
0.475488,0.647000,-0.067000,-0.695000,6.565000,-13.496000,3.344000,28.29
0.482977,0.640000,-0.138000,-0.700000,6.550000,-17.267000,2.947000,28.25
0.495015,0.606000,-0.133000,-0.713000,8.275000,-16.962000,4.336000,28.34
0.501845,0.678000,-0.120000,-0.726000,10.901000,-17.573000,5.405000,28.29
0.514950,0.603000,-0.208000,-0.749000,10.733000,-18.260000,5.374000,28.29
0.526265,0.594000,-0.269000,-0.814000,7.069000,-14.397000,3.817000,28.25
0.533637,0.677000,-0.269000,-0.844000,-2.641000,-10.504000,-1.527000,28.25
0.548427,0.678000,-0.178000,-0.827000,-10.473000,-7.557000,-6.107000,28.29
0.552263,0.655000,-0.090000,-0.804000,-13.282000,-2.763000,-7.344000,28.39
0.567370,0.686000,-0.034000,-0.759000,-12.260000,-0.885000,-5.893000,28.15
0.576563,0.662000,-0.017000,-0.750000,-9.145000,-0.214000,-3.542000,28.29
0.587377,0.657000,-0.019000,-0.747000,-5.359000,1.252000,-0.870000,28.29
0.596003,0.657000,-0.063000,-0.754000,-2.198000,2.305000,0.458000,28.34
0.603382,0.659000,-0.090000,-0.765000,-1.115000,2.962000,1.450000,28.25
0.615448,0.637000,-0.118000,-0.762000,-0.779000,4.046000,0.870000,28.11
0.622524,0.639000,-0.141000,-0.748000,-1.389000,4.718000,-0.061000,28.29
0.634782,0.642000,-0.131000,-0.755000,-2.595000,5.145000,-0.870000,28.25
0.642586,0.634000,-0.119000,-0.742000,-3.573000,4.595000,-1.145000,28.25
0.654460,0.618000,-0.085000,-0.732000,-2.855000,5.496000,-0.443000,28.20
0.659904,0.617000,-0.072000,-0.729000,0.427000,6.000000,0.992000,28.29
0.673751,0.614000,-0.084000,-0.725000,1.893000,4.031000,2.947000,28.25
0.686524,0.607000,-0.095000,-0.711000,5.099000,3.618000,4.672000,28.34
0.693633,0.611000,-0.117000,-0.732000,6.489000,4.336000,5.695000,28.29
0.705917,0.620000,-0.115000,-0.735000,7.725000,4.992000,6.489000,28.29
0.713257,0.625000,-0.114000,-0.747000,8.977000,5.679000,7.405000,28.25
0.725747,0.642000,-0.104000,-0.761000,9.405000,6.458000,7.588000,28.29
0.732772,0.642000,-0.112000,-0.772000,8.351000,8.137000,7.924000,28.29
0.745291,0.619000,-0.104000,-0.761000,8.580000,11.237000,9.298000,28.25
0.752550,0.623000,-0.082000,-0.783000,9.511000,15.695000,10.458000,28.25
0.764626,0.637000,0.021000,-0.761000,13.023000,21.145000,14.137000,28.29
0.771985,0.611000,0.014000,-0.749000,20.015000,26.107000,17.634000,28.29
0.783751,0.538000,-0.154000,-0.799000,24.275000,33.099000,20.473000,28.25
0.796077,0.594000,-0.254000,-0.846000,17.557000,44.794000,19.588000,28.34
0.803281,0.420000,-0.141000,-0.934000,22.794000,63.588000,18.092000,28.29
0.815532,0.452000,-0.163000,-1.014000,8.992000,85.908000,14.626000,28.29
0.822662,0.461000,-0.134000,-1.115000,5.832000,103.115000,12.718000,28.25
0.834930,0.552000,0.110000,-1.215000,23.435000,126.702000,17.817000,28.29
0.841831,0.811000,0.096000,-1.233000,33.191000,139.679000,14.977000,28.29
0.854201,0.601000,0.103000,-1.366000,41.710000,128.046000,8.061000,28.20
0.866350,0.320000,0.460000,-1.472000,56.840000,109.924000,-12.336000,28.34
0.873076,0.178000,0.499000,-1.485000,62.321000,92.183000,-43.954000,28.25
0.885227,0.091000,0.486000,-1.461000,67.328000,69.893000,-67.389000,28.20
0.892326,0.068000,0.356000,-1.454000,65.756000,50.198000,-79.908000,28.34
0.904611,0.062000,0.255000,-1.436000,59.710000,27.802000,-77.878000,28.25
0.916467,0.123000,0.046000,-1.438000,39.145000,8.244000,-65.802000,28.29
0.923489,0.299000,-0.042000,-1.405000,18.992000,-17.267000,-42.687000,28.20
0.935727,0.303000,-0.033000,-1.292000,5.603000,-43.359000,-18.611000,28.34
0.942659,0.332000,-0.019000,-1.142000,-4.916000,-49.802000,-3.359000,28.25
0.954596,0.453000,0.061000,-1.032000,-14.641000,-59.252000,0.183000,28.29
0.961752,0.574000,0.151000,-0.957000,-18.916000,-63.985000,-3.038000,28.29
0.973541,0.652000,0.223000,-0.869000,-18.305000,-71.130000,-10.931000,28.34
0.985486,0.706000,0.288000,-0.781000,-16.550000,-74.229000,-21.603000,28.25
0.992324,0.771000,0.388000,-0.712000,-13.313000,-75.756000,-34.458000,28.29
1.004537,0.869000,0.491000,-0.683000,-9.863000,-75.695000,-52.092000,28.29
1.016380,0.952000,0.561000,-0.654000,-11.328000,-78.427000,-73.298000,28.25
1.023511,0.893000,0.561000,-0.542000,-8.901000,-89.267000,-97.420000,28.25
1.035684,0.621000,0.295000,-0.430000,-7.466000,-90.015000,-125.069000,28.29
1.042196,0.492000,0.142000,-0.372000,-7.298000,-81.328000,-141.328000,28.34
1.054247,0.476000,-0.119000,-0.325000,-16.855000,-67.573000,-155.130000,28.29
1.065903,0.588000,-0.348000,-0.321000,-30.290000,-57.649000,-164.580000,28.29
1.072813,0.875000,-0.370000,-0.354000,-43.206000,-41.756000,-164.504000,28.20
1.084663,2.384000,-0.776000,0.803000,73.756000,-48.015000,-86.763000,28.34
1.091727,1.952000,-1.832000,1.719000,105.954000,-0.015000,12.962000,28.34
1.103985,2.795000,-2.397000,1.891000,67.756000,48.260000,98.153000,28.20
1.116319,3.984000,-2.724000,2.777000,38.000000,48.947000,154.840000,28.25
1.123245,3.747000,0.195000,-0.341000,50.046000,35.557000,65.176000,28.25
1.135399,1.112000,0.674000,-0.952000,35.237000,-155.969000,2.656000,28.29
1.142645,-1.178000,0.164000,-0.958000,55.511000,-76.763000,39.573000,28.29
1.154489,-0.041000,-0.724000,-1.167000,83.954000,60.092000,39.496000,28.25
1.161514,1.241000,-1.082000,-0.957000,48.458000,-20.901000,19.939000,28.29
1.173798,0.891000,-0.473000,-0.934000,13.053000,-19.557000,1.267000,28.29
1.186271,0.532000,0.134000,-0.900000,-4.427000,-0.183000,-0.931000,28.29
1.192939,0.750000,-0.096000,-0.781000,1.389000,32.962000,-1.771000,28.25
1.205228,0.843000,-0.376000,-0.797000,8.122000,-10.763000,-1.206000,28.34
1.212282,0.726000,-0.199000,-0.776000,3.878000,-6.855000,-4.962000,28.20
1.224551,0.574000,0.014000,-0.766000,-0.931000,-1.298000,-2.443000,28.25
1.231472,0.659000,-0.041000,-0.745000,-3.389000,13.176000,1.206000,28.34
1.243964,0.733000,-0.128000,-0.724000,-0.183000,6.794000,3.023000,28.39
1.256457,0.693000,-0.135000,-0.734000,2.763000,2.076000,2.595000,28.29
1.263733,0.670000,-0.107000,-0.734000,3.374000,3.466000,2.718000,28.25
1.276244,0.677000,-0.153000,-0.729000,6.519000,5.557000,2.168000,28.20
1.283404,0.651000,-0.178000,-0.725000,-0.534000,8.504000,0.305000,28.20
1.295756,0.628000,-0.142000,-0.725000,-2.931000,7.756000,-0.061000,28.34
1.302900,0.622000,-0.137000,-0.727000,10.565000,1.832000,2.122000,28.15
1.314983,0.617000,-0.084000,-0.710000,10.290000,11.786000,3.435000,28.29
1.326220,0.592000,-0.082000,-0.753000,3.359000,10.840000,6.901000,28.29
1.334887,0.623000,-0.077000,-0.746000,11.466000,17.084000,9.649000,28.25
1.340214,0.602000,-0.125000,-0.758000,13.588000,13.756000,10.916000,28.25
1.353824,0.654000,-0.186000,-0.757000,12.580000,24.214000,9.511000,28.29
1.365902,0.644000,-0.122000,-0.768000,-2.092000,4.046000,10.809000,28.39
1.373114,0.570000,-0.018000,-0.764000,6.275000,28.672000,12.672000,28.25
1.385246,0.639000,-0.213000,-0.790000,9.588000,33.374000,12.473000,28.20
1.392511,0.585000,-0.253000,-0.774000,13.344000,26.947000,12.763000,28.20
1.404739,0.490000,-0.236000,-0.861000,11.542000,53.069000,9.420000,28.44
1.411760,0.470000,-0.167000,-0.935000,-1.359000,70.412000,4.870000,28.34
1.424167,0.317000,0.071000,-1.222000,-1.588000,96.305000,5.038000,28.29
1.436313,0.351000,-0.078000,-1.240000,-2.641000,123.466000,9.313000,28.29
1.443431,0.656000,0.002000,-1.239000,20.611000,152.275000,22.137000,28.25
1.461397,0.624000,0.200000,-1.393000,30.519000,154.198000,13.405000,28.25
1.462233,-0.026000,0.356000,-1.889000,38.397000,122.290000,0.565000,28.20
1.474515,-0.218000,0.537000,-2.038000,44.000000,95.679000,-9.924000,28.25
1.481489,-0.456000,0.678000,-2.091000,42.641000,58.061000,-28.687000,28.34
1.493560,-0.452000,0.678000,-2.100000,39.618000,22.931000,-42.290000,28.29
1.505870,-0.453000,0.629000,-2.040000,30.687000,-11.969000,-51.252000,28.29
1.512758,-0.394000,0.490000,-1.934000,17.557000,-40.962000,-54.137000,28.25
1.526466,-0.177000,0.306000,-1.796000,3.160000,-63.603000,-48.595000,28.34
1.536788,-0.029000,0.134000,-1.596000,-11.466000,-83.008000,-39.954000,28.20
1.543599,0.293000,-0.007000,-1.417000,-21.466000,-85.985000,-23.664000,28.29
1.555529,0.300000,-0.155000,-1.212000,-27.069000,-92.733000,-2.443000,28.25
1.562712,0.519000,-0.440000,-0.969000,-35.664000,-73.374000,18.153000,28.29
1.574708,0.729000,-0.358000,-0.759000,-50.168000,-53.130000,32.977000,28.29
1.586545,0.843000,-0.313000,-0.631000,-57.084000,-37.435000,39.313000,28.25
1.593564,0.876000,-0.222000,-0.190000,-45.298000,-2.916000,34.092000,28.25
1.605568,1.147000,-0.298000,-0.268000,-38.962000,26.168000,27.298000,28.29
1.612439,1.027000,-0.317000,-0.481000,-34.687000,14.168000,20.229000,28.29
1.624828,0.793000,-0.252000,-0.775000,-55.145000,3.679000,10.702000,28.25
1.637112,0.731000,-0.172000,-0.796000,-75.893000,13.145000,-2.687000,28.34
1.643548,0.740000,-0.121000,-0.795000,-85.267000,4.672000,-11.649000,28.29
1.655260,0.795000,-0.185000,-0.905000,-97.954000,-15.649000,-24.427000,28.25
1.662113,0.958000,-0.117000,-0.815000,-88.824000,-52.397000,-32.305000,28.25
1.674041,1.030000,-0.001000,-0.605000,-53.557000,-82.626000,-27.939000,28.29
1.686155,0.946000,-0.370000,-0.208000,-14.305000,-101.557000,-12.290000,28.29
1.693319,1.070000,-0.739000,0.437000,12.275000,-99.969000,5.130000,28.34
1.705296,1.491000,-1.111000,1.188000,28.870000,-66.809000,19.221000,28.25
1.712525,1.955000,-1.386000,2.475000,29.450000,-4.489000,19.969000,28.20
1.724605,3.177000,-1.503000,3.865000,34.901000,103.328000,0.244000,28.29
1.731985,4.000000,-1.358000,3.470000,80.947000,138.336000,65.603000,28.25
1.743846,3.352000,-0.774000,-1.373000,12.947000,-120.260000,-24.672000,28.20
1.755767,-1.639000,0.483000,-0.612000,56.229000,-171.038000,32.137000,28.20
1.762793,-0.071000,0.252000,-1.663000,25.802000,74.183000,43.847000,28.25
1.774591,0.976000,-0.803000,-0.638000,58.977000,-59.557000,28.519000,28.29
1.781924,0.805000,-1.001000,-0.929000,14.794000,-29.588000,3.969000,28.29
1.793960,0.521000,0.148000,-0.892000,3.099000,-16.122000,0.855000,28.20
1.806108,0.690000,-0.172000,-0.819000,-0.076000,10.550000,0.534000,28.15
1.813198,0.747000,-0.373000,-0.747000,-5.649000,6.000000,-3.542000,28.15
1.825576,0.739000,-0.141000,-0.747000,-5.084000,-1.985000,-6.962000,28.39
1.834670,0.632000,-0.026000,-0.748000,-2.901000,5.237000,-4.397000,28.25
1.845103,0.624000,-0.039000,-0.755000,-1.542000,8.366000,-1.328000,28.25
1.851904,0.637000,-0.015000,-0.749000,1.344000,13.588000,2.046000,28.20
1.865027,0.684000,-0.036000,-0.719000,6.977000,12.397000,5.924000,28.29
1.883530,0.692000,-0.152000,-0.703000,7.878000,10.412000,6.290000,28.25
1.884316,0.659000,-0.116000,-0.723000,6.794000,10.916000,7.527000,28.20
1.896242,0.637000,-0.165000,-0.726000,4.321000,13.511000,7.725000,28.20
1.903305,0.652000,-0.223000,-0.731000,2.901000,10.947000,6.794000,28.29
1.915672,0.624000,-0.227000,-0.740000,2.183000,13.298000,4.809000,28.34
1.923149,0.633000,-0.154000,-0.740000,1.908000,13.145000,4.443000,28.20
1.935538,0.660000,-0.127000,-0.758000,0.443000,18.901000,5.618000,28.20
1.942716,0.659000,-0.106000,-0.765000,0.153000,25.878000,7.588000,28.25
1.954929,0.628000,-0.116000,-0.778000,2.061000,29.328000,11.053000,28.34
1.962350,0.635000,-0.069000,-0.749000,3.221000,36.015000,15.053000,28.29
1.974187,0.594000,-0.037000,-0.780000,5.649000,41.893000,19.863000,28.29
1.986319,0.539000,-0.134000,-0.792000,6.809000,50.122000,23.145000,28.25
1.993512,0.517000,-0.201000,-0.884000,10.000000,59.282000,22.504000,28.39
2.005647,0.527000,-0.294000,-0.956000,13.664000,81.099000,18.763000,28.20
2.017788,0.459000,-0.036000,-1.223000,12.763000,114.916000,17.145000,28.25
2.024554,0.574000,-0.197000,-1.284000,5.893000,158.687000,29.008000,28.25
2.031466,0.657000,0.226000,-1.276000,18.962000,186.672000,37.618000,28.29
2.043594,0.971000,0.393000,-1.112000,45.802000,202.809000,47.374000,28.20
2.055833,0.914000,-0.066000,-1.321000,49.847000,203.603000,54.901000,28.25
2.062866,0.545000,0.699000,-1.980000,51.725000,194.580000,32.534000,28.34
2.075071,0.031000,1.200000,-2.324000,63.603000,142.656000,-7.206000,28.29
2.082206,-0.201000,1.283000,-2.383000,63.511000,91.893000,-60.015000,28.39
2.093988,-0.577000,1.374000,-2.309000,70.275000,35.756000,-104.947000,28.25
2.105979,-0.701000,1.059000,-2.283000,62.947000,-2.962000,-132.473000,28.29
2.113151,-0.737000,0.688000,-2.230000,41.557000,-44.092000,-136.122000,28.29
2.124879,-0.639000,0.299000,-2.154000,15.038000,-78.229000,-115.985000,28.25
2.130677,-0.477000,0.059000,-2.062000,-10.550000,-114.794000,-84.229000,28.34
2.143347,-0.266000,-0.052000,-1.917000,-30.733000,-140.779000,-51.282000,28.20
2.155976,-0.072000,-0.072000,-1.789000,-47.557000,-158.733000,-25.038000,28.20
2.161998,0.100000,0.024000,-1.596000,-58.748000,-162.153000,-10.153000,28.25
2.173919,0.640000,-0.033000,-1.422000,-65.084000,-164.290000,2.305000,28.29
2.185876,1.262000,-0.057000,-1.137000,-55.527000,-176.931000,23.115000,28.29
2.192546,0.764000,-0.314000,-1.067000,-67.527000,-164.794000,35.740000,28.25
2.204740,1.178000,-0.447000,-0.888000,-93.084000,-130.397000,46.336000,28.25
2.216831,1.583000,-0.457000,0.906000,-44.397000,-76.290000,59.160000,28.29
2.223905,2.392000,-0.955000,1.139000,-38.794000,23.496000,37.924000,28.29
2.238020,2.282000,-0.864000,0.294000,-62.565000,40.687000,-2.336000,28.25
2.242540,1.948000,-0.512000,-0.561000,-92.672000,-19.221000,-50.901000,28.25
2.258875,1.607000,-0.054000,-0.554000,-77.588000,-80.061000,-72.718000,28.20
2.266137,1.054000,-0.169000,-0.063000,-21.527000,-118.092000,-71.954000,28.34
2.273344,0.723000,-0.692000,0.461000,22.748000,-99.893000,-67.832000,28.25
2.285306,0.886000,-1.206000,1.143000,48.260000,-67.878000,-52.000000,28.29
2.292584,1.788000,-1.627000,1.931000,47.893000,-4.198000,-24.168000,28.29
2.309599,2.853000,-1.781000,3.131000,48.947000,71.038000,0.000000,28.25
2.314368,4.000000,-1.380000,4.000000,81.924000,172.260000,54.305000,28.15
2.324225,4.000000,-1.243000,0.734000,108.107000,153.328000,97.328000,28.29
2.335740,0.678000,-0.747000,-0.940000,37.542000,-179.985000,-2.015000,28.20
2.343156,-0.877000,0.048000,-1.274000,65.053000,-62.916000,49.069000,28.25
2.359330,0.472000,-0.533000,-1.250000,45.069000,35.420000,21.756000,28.29
2.362140,0.919000,-1.378000,-0.889000,14.275000,-56.870000,7.084000,28.39
2.374520,0.374000,-0.086000,-0.968000,-1.679000,-3.450000,-7.817000,28.25
2.386993,0.683000,-0.025000,-0.794000,-8.198000,-5.695000,-4.840000,28.29
2.396421,0.792000,-0.288000,-0.726000,-12.321000,10.183000,-8.260000,28.20
2.407655,0.698000,-0.203000,-0.741000,-8.275000,3.954000,-9.374000,28.29
2.412534,0.656000,-0.092000,-0.763000,-4.718000,1.435000,-7.023000,28.25
2.425162,0.699000,-0.021000,-0.726000,-3.985000,12.366000,-3.679000,28.25
2.431859,0.688000,-0.044000,-0.735000,-2.061000,8.183000,0.824000,28.20
2.444200,0.716000,-0.110000,-0.723000,0.641000,11.939000,2.443000,28.20
2.450063,0.699000,-0.105000,-0.726000,3.542000,11.053000,3.908000,28.25
2.463861,0.690000,-0.145000,-0.712000,5.038000,10.611000,5.313000,28.20
2.476240,0.670000,-0.186000,-0.713000,3.405000,12.137000,4.031000,28.20
2.483399,0.639000,-0.207000,-0.732000,1.603000,14.076000,2.290000,28.25
2.495795,0.656000,-0.170000,-0.728000,0.656000,12.412000,2.122000,28.20
2.502748,0.665000,-0.136000,-0.703000,1.038000,11.008000,3.542000,28.29
2.515202,0.669000,-0.138000,-0.707000,0.733000,9.466000,4.489000,28.20
2.522752,0.656000,-0.137000,-0.705000,1.099000,5.710000,5.359000,28.34
2.534911,0.665000,-0.147000,-0.702000,1.389000,12.443000,7.115000,28.25
2.542165,0.669000,-0.130000,-0.727000,2.672000,12.244000,8.885000,28.20
2.554453,0.667000,-0.053000,-0.754000,6.336000,20.534000,11.740000,28.29
2.566440,0.613000,-0.094000,-0.763000,9.786000,23.405000,16.092000,28.25
2.573541,0.595000,-0.166000,-0.772000,10.412000,30.687000,17.435000,28.29
2.585672,0.604000,-0.242000,-0.790000,9.130000,40.000000,16.473000,28.29
2.592773,0.552000,-0.227000,-0.906000,10.748000,53.435000,12.107000,28.34
2.605382,0.583000,-0.223000,-1.036000,7.084000,83.725000,3.679000,28.20
2.612523,0.337000,0.159000,-1.459000,20.122000,140.122000,4.824000,28.29
2.624601,0.363000,0.028000,-1.614000,46.275000,202.031000,18.534000,28.11
2.630348,0.780000,0.141000,-1.381000,48.534000,244.290000,36.565000,28.25
2.643594,0.966000,0.172000,-1.215000,72.870000,263.115000,48.519000,28.25
2.655696,0.945000,-0.188000,-1.268000,71.344000,268.519000,55.954000,28.20
2.663253,0.799000,0.434000,-1.747000,73.527000,269.145000,45.618000,28.29
2.675218,0.510000,0.754000,-2.490000,61.771000,209.573000,17.115000,28.25
2.682355,-0.243000,1.219000,-2.470000,59.542000,132.992000,-20.183000,28.15
2.694273,-0.591000,1.344000,-2.585000,58.901000,72.489000,-70.870000,28.20
2.706767,-0.814000,1.194000,-2.581000,45.679000,5.740000,-108.626000,28.25
2.712871,-0.941000,0.854000,-2.470000,19.924000,-46.519000,-126.901000,28.25
2.724747,-0.892000,0.388000,-2.324000,-8.702000,-96.794000,-117.466000,28.29
2.736466,-0.632000,-0.042000,-2.167000,-38.366000,-137.420000,-85.817000,28.29
2.743058,-0.381000,-0.383000,-2.051000,-66.229000,-171.130000,-41.176000,28.25
2.755315,-0.135000,-0.509000,-1.798000,-87.466000,-196.153000,-0.412000,28.15
2.762093,0.124000,-0.591000,-1.658000,-103.817000,-201.878000,28.809000,28.20
2.773647,0.289000,-0.508000,-1.458000,-116.885000,-200.443000,46.336000,28.29
2.785216,0.874000,-0.511000,-1.290000,-125.389000,-190.198000,55.313000,28.15
2.792325,1.441000,-0.349000,-0.931000,-106.183000,-197.130000,73.511000,28.29
2.804503,0.783000,-0.432000,-0.786000,-89.924000,-171.878000,81.985000,28.20
2.816090,1.226000,-0.516000,-0.612000,-86.565000,-104.122000,83.313000,28.34
2.822883,1.389000,-0.745000,1.488000,-38.275000,-31.969000,78.885000,28.34
2.834899,2.649000,-1.197000,0.761000,-34.260000,85.115000,45.053000,28.29
2.844195,2.407000,-1.037000,-0.196000,-91.130000,50.427000,-4.305000,28.20
2.854128,1.779000,-0.380000,-0.766000,-128.931000,-40.046000,-55.206000,28.34
2.865814,1.725000,0.419000,-0.674000,-120.885000,-85.725000,-84.824000,28.25
2.872934,1.148000,0.506000,-0.327000,-38.718000,-128.870000,-94.534000,28.20
2.885468,0.799000,-0.154000,0.182000,48.031000,-146.397000,-96.656000,28.29
2.898380,0.913000,-0.902000,0.771000,78.992000,-130.763000,-98.779000,28.25
2.907700,1.109000,-1.348000,1.485000,69.435000,-85.664000,-81.145000,28.34
2.915953,1.930000,-1.875000,2.232000,45.130000,11.939000,-43.252000,28.29
2.923969,2.877000,-2.044000,3.605000,5.618000,98.031000,-11.313000,28.25
2.935163,4.000000,-1.396000,4.000000,13.740000,227.786000,40.489000,28.29
2.945252,4.000000,0.604000,-0.615000,99.710000,97.710000,76.840000,28.29
2.963528,-0.416000,-0.189000,-0.904000,66.718000,-228.519000,31.053000,28.29
2.966039,-1.331000,-0.478000,-1.576000,92.061000,22.947000,66.168000,28.25
2.973852,1.381000,-1.081000,-1.494000,51.878000,35.893000,34.107000,28.25
2.985411,0.802000,-1.061000,-0.437000,10.275000,-73.710000,4.153000,28.20
2.992417,0.340000,0.124000,-0.915000,-9.573000,6.153000,-9.191000,28.29
3.006677,0.860000,-0.027000,-0.700000,-7.252000,-8.412000,-0.656000,28.25
3.011943,0.742000,-0.313000,-0.730000,-5.969000,2.595000,-3.466000,28.25
3.024827,0.705000,-0.225000,-0.744000,-3.939000,1.481000,-6.840000,28.20
3.036622,0.615000,-0.139000,-0.778000,-2.427000,-1.954000,-6.656000,28.15
3.043427,0.665000,-0.113000,-0.770000,-6.137000,6.595000,-5.481000,28.25
3.055465,0.692000,-0.028000,-0.733000,-6.840000,8.519000,-1.939000,28.29
3.062475,0.683000,-0.100000,-0.711000,-3.130000,10.794000,0.702000,28.20
3.074950,0.676000,-0.163000,-0.722000,0.550000,6.519000,1.374000,28.25
3.082469,0.673000,-0.113000,-0.713000,1.603000,6.061000,1.832000,28.25
3.094421,0.686000,-0.115000,-0.707000,-0.214000,8.840000,1.969000,28.20
3.101626,0.673000,-0.159000,-0.718000,-1.618000,9.344000,1.832000,28.29
3.113945,0.663000,-0.144000,-0.717000,-1.099000,7.130000,1.847000,28.34
3.126329,0.647000,-0.129000,-0.712000,0.443000,4.427000,2.458000,28.25
3.133657,0.653000,-0.102000,-0.716000,1.053000,4.137000,3.420000,28.20
3.146471,0.649000,-0.056000,-0.697000,0.992000,4.336000,5.344000,28.20
3.153410,0.653000,-0.050000,-0.707000,2.260000,3.496000,8.947000,28.25
3.165799,0.657000,-0.132000,-0.737000,5.298000,3.756000,13.420000,28.20
3.173032,0.642000,-0.100000,-0.725000,8.550000,5.496000,16.366000,28.20
3.185336,0.651000,-0.050000,-0.760000,8.947000,14.580000,20.733000,28.25
3.192317,0.589000,-0.053000,-0.802000,14.031000,22.015000,24.382000,28.25
3.204620,0.536000,-0.221000,-0.791000,14.626000,30.794000,23.832000,28.29
3.210126,0.544000,-0.226000,-0.827000,10.076000,40.977000,20.519000,28.20
3.223474,0.609000,-0.226000,-0.816000,10.122000,51.084000,17.695000,28.25
3.235812,0.533000,-0.256000,-0.922000,13.542000,72.840000,12.229000,28.25
3.242771,0.402000,-0.041000,-1.128000,13.649000,96.076000,5.053000,28.20
3.255406,0.379000,0.082000,-1.237000,8.290000,128.550000,9.008000,28.29
3.262370,0.624000,-0.025000,-1.184000,-6.672000,176.779000,38.489000,28.15
3.274431,0.828000,0.435000,-1.253000,12.504000,205.618000,52.962000,28.25
3.286875,0.830000,0.150000,-1.324000,25.053000,218.244000,67.359000,28.29
3.293702,0.621000,0.453000,-1.793000,33.588000,219.557000,69.588000,28.34
3.305940,0.048000,0.970000,-2.282000,46.809000,182.122000,44.427000,28.25
3.313150,-0.271000,1.198000,-2.598000,49.267000,133.069000,6.580000,28.20
3.327529,-0.458000,1.202000,-2.656000,37.649000,74.824000,-38.809000,28.29
3.331794,-0.623000,1.248000,-2.520000,31.649000,16.824000,-71.863000,28.15
3.344033,-0.712000,0.965000,-2.388000,20.260000,-25.740000,-92.473000,28.34
3.356187,-0.619000,0.629000,-2.248000,0.885000,-66.672000,-94.489000,28.20
3.363075,-0.484000,0.286000,-2.112000,-21.405000,-100.122000,-77.053000,28.20
3.374595,-0.243000,-0.078000,-1.940000,-46.626000,-123.008000,-51.130000,28.25
3.386594,-0.064000,-0.270000,-1.788000,-71.786000,-139.466000,-24.550000,28.15
3.392964,0.336000,-0.420000,-1.597000,-92.992000,-145.420000,-6.076000,28.20
3.405200,0.434000,-0.324000,-1.358000,-98.656000,-150.092000,5.405000,28.29
3.411779,0.512000,-0.311000,-1.240000,-92.962000,-144.763000,14.779000,28.25
3.423559,0.659000,-0.285000,-1.075000,-76.382000,-145.710000,34.412000,28.29
3.435684,1.014000,-0.813000,-0.793000,-86.122000,-114.718000,48.382000,28.29
3.442600,1.093000,-0.537000,-0.605000,-88.489000,-92.656000,51.206000,28.34
3.454804,1.035000,-0.658000,0.511000,-54.885000,-40.916000,44.183000,28.25
3.461978,1.872000,-1.015000,0.215000,-59.557000,22.107000,7.481000,28.29
3.473599,1.770000,-0.741000,-0.430000,-65.237000,-9.573000,-37.344000,28.20
3.485791,1.822000,-0.296000,-0.852000,-82.458000,-53.145000,-70.260000,28.34
3.492690,1.203000,-0.202000,-0.539000,-46.901000,-111.160000,-81.160000,28.34
3.504505,0.887000,-0.382000,-0.052000,4.611000,-141.237000,-75.481000,28.29
3.516475,0.868000,-0.893000,0.566000,40.122000,-127.298000,-66.901000,28.25
3.523649,0.990000,-1.172000,1.171000,43.878000,-81.908000,-50.244000,28.15
3.540874,1.624000,-1.565000,2.006000,37.160000,-7.420000,-19.344000,28.29
3.542831,2.694000,-1.790000,3.785000,20.595000,75.649000,-4.534000,28.29
3.554966,4.000000,-1.454000,4.000000,28.351000,248.031000,7.954000,28.15
3.561485,4.000000,-0.143000,0.566000,108.382000,224.672000,97.908000,28.25
3.573735,0.717000,-0.684000,-0.840000,47.847000,-222.855000,-4.412000,28.20
3.586393,-2.000000,0.115000,-1.549000,80.611000,-16.260000,70.962000,28.11
3.593125,1.172000,-0.657000,-1.021000,31.527000,-22.321000,33.771000,28.34
3.605178,0.815000,-1.229000,-0.952000,14.321000,-71.954000,8.611000,28.25
3.612670,0.280000,0.068000,-0.967000,-3.588000,9.450000,-3.374000,28.20
3.628150,0.921000,0.006000,-0.635000,-3.557000,18.229000,-1.710000,28.29
3.636695,0.725000,-0.417000,-0.742000,-5.023000,-0.107000,-5.420000,28.25
3.643910,0.720000,-0.126000,-0.761000,-4.733000,6.565000,-10.595000,28.39
3.655873,0.659000,-0.102000,-0.793000,-1.634000,6.458000,-6.931000,28.29
3.663041,0.705000,-0.089000,-0.742000,-3.191000,14.046000,-5.023000,28.25
3.677415,0.677000,-0.009000,-0.758000,-1.176000,12.870000,0.336000,28.25
3.685304,0.741000,-0.041000,-0.684000,3.771000,18.214000,4.122000,28.29
3.694817,0.707000,-0.182000,-0.701000,5.603000,14.275000,3.924000,28.29
3.706312,0.683000,-0.161000,-0.745000,3.221000,15.496000,3.802000,28.25
3.714021,0.672000,-0.132000,-0.731000,0.977000,18.901000,4.550000,28.25
3.726407,0.656000,-0.151000,-0.743000,-0.947000,18.290000,5.893000,28.20
3.734191,0.671000,-0.147000,-0.716000,0.153000,23.771000,6.305000,28.29
3.746450,0.681000,-0.167000,-0.686000,1.130000,15.405000,7.237000,28.25
3.753034,0.666000,-0.171000,-0.716000,0.870000,16.198000,6.824000,28.20
3.768675,0.689000,-0.162000,-0.698000,0.443000,20.427000,6.687000,28.29
3.772825,0.704000,-0.151000,-0.713000,0.840000,19.695000,6.626000,28.25
3.785052,0.681000,-0.095000,-0.757000,2.901000,24.092000,7.664000,28.25
3.793351,0.614000,-0.045000,-0.828000,6.046000,29.847000,10.351000,28.20
3.804448,0.602000,-0.055000,-0.808000,8.748000,39.649000,13.084000,28.29
3.818666,0.536000,-0.016000,-0.866000,20.351000,51.405000,16.733000,28.15
3.824100,0.416000,-0.087000,-0.961000,21.756000,66.931000,17.771000,28.15
3.835834,0.501000,-0.190000,-1.001000,18.702000,86.290000,17.450000,28.20
3.842943,0.654000,-0.335000,-1.062000,16.870000,120.611000,21.863000,28.29
3.856535,0.703000,0.078000,-1.133000,22.321000,147.664000,26.947000,28.25
3.861825,0.909000,0.103000,-1.180000,31.573000,168.687000,31.695000,28.29
3.873800,0.709000,-0.006000,-1.287000,29.740000,174.137000,39.115000,28.20
3.886017,0.285000,0.509000,-1.812000,31.786000,162.611000,33.313000,28.39
3.893021,-0.112000,0.642000,-2.150000,27.374000,132.626000,17.191000,28.15
3.905423,-0.395000,0.881000,-2.340000,23.527000,95.679000,1.863000,28.20
3.915708,-0.573000,0.798000,-2.405000,10.229000,52.443000,-15.893000,28.29
3.924364,-0.698000,0.740000,-2.373000,-7.481000,9.023000,-28.519000,28.25
3.936449,-0.732000,0.609000,-2.242000,-24.229000,-30.504000,-32.366000,28.25
3.943275,-0.637000,0.427000,-2.128000,-39.756000,-65.221000,-29.099000,28.29
3.955181,-0.452000,0.251000,-1.977000,-53.573000,-94.275000,-20.321000,28.29
3.963862,-0.256000,0.111000,-1.809000,-62.580000,-112.992000,-8.626000,28.25
3.974163,0.162000,-0.088000,-1.670000,-75.527000,-129.252000,-2.412000,28.20
3.985647,0.381000,-0.070000,-1.380000,-71.664000,-142.901000,6.809000,28.29
3.995271,0.496000,-0.194000,-1.240000,-64.962000,-139.053000,16.092000,28.20
4.007348,0.716000,-0.270000,-1.062000,-61.435000,-132.794000,28.718000,28.15
4.016702,1.062000,-0.399000,-0.836000,-62.840000,-109.634000,40.718000,28.20
4.023465,1.509000,-0.722000,-0.320000,-51.847000,-72.168000,43.954000,28.20
4.036052,1.649000,-0.588000,0.656000,-21.481000,-6.290000,30.305000,28.25
4.042667,1.693000,-0.804000,0.040000,-18.458000,31.939000,6.931000,28.25
4.058125,1.201000,-0.471000,-0.601000,-29.511000,19.267000,-10.855000,28.29
4.066506,0.741000,-0.179000,-1.050000,-62.992000,44.656000,-34.122000,28.11
4.073710,1.007000,0.127000,-0.986000,-72.947000,-5.481000,-40.733000,28.25
4.085547,0.864000,0.163000,-0.773000,-53.847000,-42.412000,-41.282000,28.20
4.092589,0.855000,-0.056000,-0.796000,-37.618000,-60.504000,-49.649000,28.20
4.104547,0.790000,-0.078000,-0.713000,-33.221000,-77.679000,-59.939000,28.11
4.116236,0.822000,-0.152000,-0.722000,-40.183000,-91.542000,-71.740000,28.25
4.123075,0.821000,-0.125000,-0.648000,-45.573000,-111.115000,-79.115000,28.29
4.135151,0.745000,-0.120000,-0.573000,-46.031000,-125.252000,-81.313000,28.29
4.142031,0.735000,-0.190000,0.166000,-2.534000,-124.550000,-57.618000,28.25
4.153843,0.902000,-0.720000,0.280000,12.809000,-82.977000,-41.588000,28.25
4.165959,1.285000,-1.001000,0.392000,-3.603000,-54.015000,-27.466000,28.20
4.186734,1.725000,-0.954000,0.852000,-9.557000,-52.107000,-3.481000,28.20
4.187759,1.936000,-0.966000,1.332000,-4.809000,-15.603000,29.130000,28.25
4.192183,2.267000,-1.150000,1.945000,18.260000,21.908000,62.015000,28.29
4.204436,3.187000,-1.501000,3.379000,40.840000,91.420000,52.305000,28.29
4.216685,2.052000,-1.196000,2.447000,51.664000,195.313000,6.305000,28.29
4.223843,3.994000,-0.563000,-2.305000,28.473000,74.504000,-12.779000,28.25
4.235718,0.692000,-0.056000,-1.316000,29.206000,-151.069000,54.412000,28.25
4.248601,-0.927000,0.073000,-0.380000,32.718000,90.153000,34.534000,28.20
4.254992,1.140000,-0.031000,-1.134000,51.511000,73.282000,8.580000,28.25
4.262069,0.925000,-0.853000,-0.712000,45.420000,-13.405000,26.366000,28.25
4.274583,0.769000,0.073000,-0.889000,28.702000,36.702000,26.565000,28.29
4.286586,0.593000,0.210000,-0.782000,36.397000,12.046000,19.450000,28.20
4.293613,0.949000,-0.510000,-0.872000,35.725000,15.450000,23.771000,28.25
4.310676,0.939000,-0.411000,-0.758000,22.290000,-11.939000,10.977000,28.29
4.312581,0.670000,-0.141000,-0.886000,11.985000,-7.557000,4.992000,28.20
4.326524,0.747000,-0.054000,-0.762000,3.878000,3.328000,4.809000,28.20
4.332217,0.673000,-0.119000,-0.753000,2.855000,3.634000,4.000000,28.25
4.344674,0.690000,-0.119000,-0.742000,3.908000,8.168000,2.947000,28.25
4.352312,0.670000,-0.106000,-0.760000,5.756000,5.038000,3.771000,28.29
4.369624,0.625000,-0.109000,-0.775000,5.435000,10.366000,3.786000,28.20
4.376633,0.626000,-0.128000,-0.776000,3.481000,15.771000,4.214000,28.25
4.385261,0.663000,-0.162000,-0.752000,1.664000,19.206000,3.634000,28.25
4.396287,0.612000,-0.213000,-0.753000,-6.855000,19.252000,2.534000,28.11
4.403413,0.681000,-0.118000,-0.698000,12.046000,-17.176000,3.542000,28.20
4.418772,0.619000,-0.124000,-0.750000,-8.840000,47.053000,4.763000,28.15
4.426436,0.731000,-0.147000,-0.675000,3.756000,16.427000,5.038000,28.25
4.435846,0.663000,-0.134000,-0.738000,6.504000,39.023000,4.458000,28.20
4.443078,0.724000,-0.156000,-0.686000,-0.794000,12.840000,6.947000,28.25
4.454777,0.697000,-0.162000,-0.696000,5.740000,14.198000,7.237000,28.25
4.469849,0.682000,-0.147000,-0.706000,6.977000,18.763000,7.389000,28.20
4.475827,0.653000,-0.120000,-0.719000,4.916000,17.954000,8.382000,28.20
4.486202,0.650000,-0.142000,-0.727000,3.771000,26.366000,9.298000,28.25
4.493165,0.644000,-0.192000,-0.756000,5.282000,26.076000,9.389000,28.25
4.505494,0.726000,-0.258000,-0.716000,9.313000,35.359000,7.786000,28.20
4.512821,0.631000,-0.158000,-0.820000,17.542000,43.359000,8.489000,28.29
4.526552,0.595000,-0.148000,-0.842000,14.076000,69.817000,9.771000,28.25
4.532178,0.605000,-0.080000,-0.868000,17.557000,74.855000,12.916000,28.25
4.544438,0.616000,-0.153000,-0.977000,47.267000,99.221000,14.702000,28.29
4.560059,0.530000,-0.123000,-1.061000,48.443000,130.489000,15.130000,28.25
4.563449,0.609000,-0.109000,-1.193000,61.008000,165.985000,14.763000,28.15
4.575527,0.595000,-0.126000,-1.358000,66.702000,206.275000,14.260000,28.20
4.584172,0.882000,-0.073000,-1.358000,90.275000,235.023000,22.992000,28.20
4.594773,1.002000,-0.067000,-1.366000,105.115000,249.771000,32.031000,28.25
4.611256,1.281000,0.003000,-1.324000,126.107000,262.580000,41.634000,28.25
4.613429,1.445000,-0.207000,-1.436000,124.824000,245.527000,47.924000,28.11
4.625161,1.132000,-0.001000,-1.177000,134.321000,219.069000,46.458000,28.29
4.632472,0.964000,0.160000,-1.298000,141.634000,210.672000,40.672000,28.25
4.645499,0.961000,0.522000,-1.720000,133.893000,161.847000,3.298000,28.25
4.656625,1.071000,0.484000,-1.774000,96.351000,101.023000,-55.328000,28.20
4.663647,0.777000,0.436000,-1.691000,68.824000,25.924000,-75.298000,28.20
4.675843,0.032000,0.347000,-1.152000,58.626000,-11.237000,-79.786000,28.25
4.683889,-0.158000,0.073000,-0.955000,44.107000,4.412000,-72.076000,28.20
4.694533,-0.040000,-0.100000,-0.928000,19.985000,-0.763000,-55.130000,28.20
4.706458,0.071000,-0.161000,-0.986000,-3.557000,-6.137000,-33.435000,28.20
4.713248,0.100000,-0.158000,-0.955000,-19.466000,-26.473000,-12.198000,28.25
4.725610,0.100000,-0.143000,-0.881000,-31.313000,-41.328000,2.977000,28.25
4.732298,0.111000,-0.126000,-0.802000,-42.275000,-54.336000,12.092000,28.29
4.747741,0.188000,-0.077000,-0.764000,-50.718000,-64.046000,15.832000,28.15
4.757164,0.359000,-0.067000,-0.791000,-58.504000,-78.565000,14.885000,28.25
4.766620,0.530000,-0.018000,-0.807000,-64.260000,-101.573000,11.634000,28.29
4.775339,0.584000,0.041000,-0.771000,-66.046000,-124.305000,4.534000,28.20
4.784561,0.596000,0.081000,-0.658000,-64.702000,-138.214000,-7.588000,28.25
4.794490,0.592000,0.100000,-0.584000,-60.626000,-143.420000,-22.931000,28.11
4.806123,0.650000,0.071000,-0.554000,-57.710000,-146.458000,-40.763000,28.20
4.816611,0.720000,0.062000,-0.548000,-56.061000,-141.237000,-56.702000,28.20
4.825779,0.755000,-0.010000,-0.568000,-48.473000,-146.458000,-69.511000,28.15
4.836687,0.768000,-0.072000,-0.585000,-41.038000,-143.542000,-79.603000,28.25
4.843339,0.768000,-0.155000,-0.604000,-35.985000,-147.282000,-85.176000,28.11
4.855346,0.811000,-0.247000,-0.644000,-36.382000,-150.611000,-86.550000,28.20
4.862045,0.838000,-0.300000,-0.666000,-37.954000,-154.504000,-83.588000,28.15
4.873898,0.876000,-0.310000,-0.670000,-38.870000,-159.221000,-76.351000,28.20
4.885562,0.873000,-0.322000,-0.668000,-40.931000,-161.588000,-65.527000,28.20
4.892442,0.893000,-0.345000,-0.643000,-44.687000,-160.290000,-53.786000,28.15
4.904011,0.936000,-0.341000,-0.627000,-51.649000,-152.733000,-43.588000,28.25
4.915916,1.037000,-0.332000,-0.580000,-58.397000,-142.992000,-35.405000,28.20
4.922619,1.131000,-0.315000,-0.522000,-63.084000,-136.397000,-28.962000,28.20
4.934493,1.216000,-0.329000,-0.445000,-67.313000,-129.069000,-25.420000,28.25
4.946444,1.260000,-0.336000,-0.342000,-70.947000,-119.282000,-23.618000,28.15
4.953082,1.246000,-0.330000,-0.264000,-68.290000,-107.740000,-23.328000,28.20
4.964994,1.238000,-0.287000,-0.204000,-59.832000,-92.641000,-22.198000,28.20
4.971851,1.390000,-0.343000,-0.272000,-59.557000,-73.405000,-24.504000,28.25
4.983774,1.535000,-0.389000,-0.250000,-66.977000,-67.954000,-26.595000,28.25
4.995640,1.612000,-0.311000,-0.165000,-68.427000,-76.244000,-23.710000,28.20
5.002817,1.393000,-0.056000,0.418000,-19.389000,-54.122000,5.847000,28.15
5.014986,1.618000,-0.735000,0.997000,13.466000,-1.328000,18.092000,28.15
5.022323,1.729000,-0.813000,1.149000,24.611000,35.771000,22.687000,28.29
5.034222,1.882000,-0.832000,1.550000,41.145000,61.389000,20.885000,28.20
5.050380,1.953000,-0.892000,1.837000,56.901000,138.534000,27.557000,28.15
5.053370,1.580000,-0.432000,-0.311000,48.275000,197.267000,29.450000,28.15
5.065397,2.842000,-0.205000,-1.939000,44.427000,68.015000,29.985000,28.20
5.076118,0.303000,0.037000,-0.568000,54.336000,12.107000,34.504000,28.20
5.084745,0.194000,0.105000,-0.572000,59.924000,155.023000,24.626000,28.25
5.092511,1.918000,-0.134000,-1.089000,97.588000,64.885000,45.237000,28.25
5.104154,1.407000,-0.782000,-0.779000,75.252000,-4.565000,48.641000,28.29
5.116233,0.965000,-0.246000,-0.941000,56.641000,8.458000,34.580000,28.25
5.123510,0.684000,-0.309000,-0.877000,44.198000,-14.122000,21.893000,28.25
5.135614,0.906000,-0.480000,-0.934000,25.282000,-5.038000,9.191000,28.20
5.144811,0.791000,-0.373000,-0.784000,6.473000,-9.374000,-0.198000,28.20
5.156861,0.667000,-0.235000,-0.773000,-2.733000,-5.237000,-4.504000,28.25
5.162193,0.695000,-0.104000,-0.732000,-4.015000,-3.313000,-4.595000,28.25
5.174959,0.721000,-0.134000,-0.731000,-2.427000,-4.519000,-3.221000,28.20
5.193856,0.655000,-0.069000,-0.728000,-0.947000,-2.107000,-1.557000,28.20
5.195219,0.644000,-0.097000,-0.766000,0.290000,-1.328000,0.076000,28.25
5.205636,0.666000,-0.115000,-0.753000,0.336000,2.473000,1.206000,28.29
5.213148,0.655000,-0.109000,-0.759000,1.542000,3.771000,2.061000,28.20
5.225365,0.649000,-0.154000,-0.764000,1.053000,6.427000,2.305000,28.15
5.232235,0.640000,-0.154000,-0.760000,0.504000,8.412000,1.634000,28.20
5.244736,0.660000,-0.152000,-0.751000,-0.534000,9.985000,1.618000,28.11
5.251877,0.658000,-0.153000,-0.736000,-0.916000,10.580000,1.328000,28.20
5.264162,0.655000,-0.147000,-0.716000,-1.282000,10.580000,1.405000,28.25
5.276563,0.665000,-0.120000,-0.715000,-1.008000,9.618000,1.740000,28.25
5.283699,0.668000,-0.150000,-0.707000,-1.023000,8.870000,1.435000,28.20
5.296180,0.645000,-0.134000,-0.708000,-0.977000,8.931000,1.267000,28.29
5.303386,0.629000,-0.110000,-0.747000,-15.527000,9.099000,3.435000,28.25
5.315525,0.641000,-0.157000,-0.754000,4.107000,11.206000,2.214000,28.29
5.322768,0.616000,-0.124000,-0.726000,-1.344000,30.870000,2.275000,28.29
5.335055,0.656000,-0.139000,-0.717000,-0.580000,2.504000,3.679000,28.25
5.342269,0.658000,-0.140000,-0.722000,1.496000,22.382000,2.427000,28.20
5.354479,0.648000,-0.114000,-0.718000,5.435000,-7.191000,4.519000,28.20
5.361753,0.654000,-0.143000,-0.744000,1.053000,15.847000,4.382000,28.20
5.374196,0.682000,-0.136000,-0.717000,2.870000,7.466000,4.779000,28.15
5.386617,0.634000,-0.136000,-0.740000,3.298000,11.725000,4.351000,28.25
5.393790,0.626000,-0.118000,-0.746000,2.489000,15.863000,4.855000,28.20
5.405994,0.653000,-0.129000,-0.739000,4.076000,17.893000,5.176000,28.20
5.413451,0.652000,-0.159000,-0.736000,4.321000,21.710000,4.168000,28.15
5.425630,0.663000,-0.148000,-0.738000,7.267000,24.763000,4.275000,28.20
5.432816,0.650000,-0.146000,-0.748000,7.282000,28.397000,4.687000,28.11
5.444948,0.645000,-0.124000,-0.761000,7.176000,36.885000,4.687000,28.25
5.452054,0.683000,-0.091000,-0.731000,15.252000,41.145000,6.626000,28.11
5.464564,0.574000,-0.098000,-0.811000,16.061000,45.969000,8.840000,28.11
5.476707,0.663000,-0.173000,-0.769000,13.221000,54.611000,9.008000,28.20
5.485799,0.684000,-0.196000,-0.767000,11.069000,63.023000,7.847000,28.15
5.501738,0.534000,0.022000,-0.935000,23.481000,74.794000,7.374000,28.15
5.503413,0.564000,-0.214000,-0.983000,23.542000,100.397000,8.992000,28.29
5.515325,0.588000,-0.165000,-1.059000,36.565000,133.695000,6.702000,28.15
5.522435,0.562000,-0.068000,-1.190000,43.374000,174.840000,4.397000,28.15
5.534616,0.433000,-0.191000,-1.202000,49.160000,222.137000,3.969000,28.29
5.546693,0.837000,-0.128000,-1.126000,56.076000,254.412000,-0.611000,28.20
5.553873,1.086000,-0.213000,-1.370000,67.756000,269.588000,1.939000,28.25
5.566826,0.921000,-0.317000,-1.158000,78.534000,292.061000,5.786000,28.20
5.573637,1.465000,-0.607000,-1.490000,66.153000,297.069000,4.901000,28.29
5.584991,1.229000,-0.162000,-1.059000,53.389000,279.084000,7.511000,28.11
5.592354,1.317000,0.034000,-1.090000,65.130000,275.237000,13.511000,28.15
5.603977,1.403000,0.149000,-1.060000,83.496000,242.031000,22.244000,28.29
5.615881,1.188000,0.158000,-1.180000,104.336000,198.916000,29.237000,28.20
5.623001,0.781000,0.333000,-1.810000,97.344000,137.176000,22.702000,28.25
5.635245,0.769000,0.134000,-1.514000,57.664000,79.176000,14.244000,28.25
5.642124,0.087000,0.268000,-1.171000,37.282000,37.695000,15.115000,28.11
5.654585,-0.070000,0.178000,-0.995000,18.931000,38.168000,19.954000,28.11
5.661502,-0.037000,0.087000,-0.925000,-2.260000,28.382000,24.626000,28.15
5.673714,-0.018000,0.116000,-0.903000,-18.931000,8.977000,30.489000,28.20
5.685905,-0.038000,0.148000,-0.815000,-29.679000,-3.099000,35.008000,28.29
5.692929,-0.053000,0.188000,-0.762000,-38.458000,-6.931000,34.458000,28.20
5.704977,0.051000,0.166000,-0.764000,-47.740000,-8.260000,29.023000,28.25
5.711758,0.262000,0.131000,-0.804000,-56.809000,-15.511000,18.580000,28.20
5.723930,0.367000,0.082000,-0.856000,-70.565000,-27.313000,4.031000,28.20
5.736437,0.622000,0.055000,-0.902000,-82.580000,-51.924000,-9.359000,28.15
5.743014,0.805000,0.034000,-0.945000,-89.924000,-84.626000,-20.427000,28.25
5.754876,0.812000,0.031000,-0.900000,-89.511000,-123.420000,-28.137000,28.20
5.761834,0.725000,0.004000,-0.817000,-83.954000,-150.885000,-32.916000,28.11
5.773335,0.614000,-0.086000,-0.720000,-80.992000,-163.038000,-35.618000,28.15
5.785415,0.590000,-0.179000,-0.668000,-83.527000,-165.466000,-36.992000,28.20
5.791879,0.621000,-0.254000,-0.651000,-89.023000,-164.473000,-36.412000,28.20
5.805414,0.700000,-0.290000,-0.685000,-92.458000,-164.015000,-34.504000,28.20
5.815894,0.773000,-0.315000,-0.749000,-92.824000,-165.710000,-33.450000,28.34
5.822397,0.896000,-0.354000,-0.829000,-92.382000,-170.275000,-35.466000,28.20
5.834540,1.001000,-0.371000,-0.875000,-91.237000,-180.565000,-40.061000,28.29
5.846245,1.061000,-0.318000,-0.867000,-83.939000,-192.977000,-44.641000,28.15
5.853138,1.079000,-0.273000,-0.832000,-70.321000,-201.282000,-48.687000,28.15
5.864785,1.107000,-0.254000,-0.771000,-56.198000,-205.420000,-54.107000,28.20
5.871884,1.135000,-0.238000,-0.715000,-44.824000,-205.557000,-59.740000,28.20
5.883448,1.174000,-0.215000,-0.666000,-37.206000,-202.336000,-64.794000,28.15
5.895455,1.229000,-0.205000,-0.604000,-32.382000,-196.626000,-68.626000,28.20
5.902116,1.275000,-0.212000,-0.531000,-30.137000,-186.473000,-72.260000,28.11
5.914099,1.309000,-0.237000,-0.462000,-27.985000,-175.557000,-74.229000,28.25
5.927413,1.311000,-0.328000,-0.370000,-28.718000,-161.038000,-73.405000,28.25
5.932553,1.406000,-0.454000,-0.343000,-32.931000,-144.153000,-70.901000,28.11
5.945918,1.583000,-0.606000,-0.276000,-43.008000,-131.878000,-65.756000,28.20
5.956170,1.634000,-0.651000,-0.148000,-51.679000,-127.099000,-57.176000,28.15
5.969587,1.379000,-0.357000,-0.286000,-34.748000,-122.840000,-37.603000,28.25
5.974939,1.284000,-0.613000,0.562000,-19.649000,-101.160000,-0.962000,28.20
5.985274,1.513000,-1.043000,0.711000,-21.328000,-34.229000,16.473000,28.20
5.994489,1.546000,-0.947000,0.824000,-26.687000,-16.519000,30.977000,28.25
6.008153,1.717000,-0.760000,0.978000,-35.313000,17.313000,46.366000,28.11
6.013474,1.689000,-0.584000,1.154000,-24.916000,55.573000,62.260000,28.20
6.028016,1.763000,-0.591000,1.298000,1.939000,92.809000,72.733000,28.15
6.032869,1.521000,-0.468000,1.296000,33.985000,125.802000,76.565000,28.25
6.044738,1.553000,0.225000,-0.954000,24.153000,153.191000,49.038000,28.20
6.052133,1.788000,0.594000,-1.823000,31.374000,37.023000,23.924000,28.20
6.064120,0.674000,0.301000,-0.551000,38.702000,37.634000,19.878000,28.15
6.076768,0.517000,-0.270000,-0.510000,67.145000,102.153000,12.992000,28.15
6.085163,1.058000,-0.666000,-1.072000,62.015000,78.565000,13.084000,28.20
6.095645,1.101000,-0.181000,-0.944000,32.901000,76.458000,17.435000,28.20
6.102492,1.515000,-0.003000,-0.732000,23.023000,58.427000,25.282000,28.34
6.114584,1.071000,-0.088000,-0.727000,43.771000,14.901000,24.443000,28.20
6.126654,0.725000,-0.338000,-0.873000,49.786000,12.412000,27.618000,28.20
6.133955,0.760000,-0.335000,-0.806000,44.824000,-0.916000,21.511000,28.15
6.145955,0.818000,-0.300000,-0.764000,28.824000,-2.794000,13.466000,28.15
6.153123,0.702000,-0.221000,-0.747000,15.511000,-4.000000,8.626000,28.11
6.171566,0.664000,-0.169000,-0.766000,12.458000,-4.305000,6.015000,28.11
6.173038,0.703000,-0.230000,-0.749000,12.656000,-7.542000,2.870000,28.25
6.184631,0.612000,-0.158000,-0.805000,9.435000,-9.374000,-0.076000,28.15
6.191632,0.663000,-0.142000,-0.783000,5.145000,-4.321000,-1.893000,28.20
6.204001,0.714000,-0.178000,-0.739000,-0.458000,0.504000,-3.573000,28.20
6.216378,0.710000,-0.127000,-0.755000,-2.733000,1.756000,-4.427000,28.15
6.226479,0.684000,-0.080000,-0.741000,-1.603000,3.267000,-2.611000,28.20
6.235768,0.652000,-0.100000,-0.748000,0.580000,4.198000,-0.534000,28.20
6.243231,0.673000,-0.123000,-0.727000,1.099000,5.863000,1.389000,28.20
6.255564,0.661000,-0.132000,-0.726000,1.084000,6.122000,1.878000,28.15
6.265549,0.650000,-0.150000,-0.722000,0.870000,5.924000,1.969000,28.20
6.275204,0.664000,-0.160000,-0.728000,0.763000,5.802000,1.649000,28.20
6.282386,0.645000,-0.156000,-0.740000,0.427000,6.015000,0.901000,28.25
6.294934,0.698000,-0.125000,-0.700000,8.977000,-6.565000,0.443000,28.25
6.300582,0.708000,-0.007000,-0.695000,17.313000,-45.145000,3.710000,28.20
6.313894,0.638000,-0.083000,-0.714000,-24.229000,25.710000,3.359000,28.20
6.326295,0.663000,-0.093000,-0.682000,7.237000,-6.962000,4.443000,28.15
6.333365,0.635000,-0.103000,-0.757000,10.473000,0.443000,5.710000,28.20
6.345794,0.651000,-0.125000,-0.686000,7.282000,12.489000,5.695000,28.11
6.352771,0.627000,-0.145000,-0.731000,3.481000,-14.931000,7.053000,28.20
6.365092,0.625000,-0.127000,-0.756000,6.061000,14.641000,5.664000,28.15
6.372470,0.637000,-0.125000,-0.750000,5.069000,5.695000,6.504000,28.20
6.384769,0.621000,-0.127000,-0.758000,4.885000,14.611000,6.321000,28.20
6.396579,0.625000,-0.145000,-0.770000,5.481000,14.992000,6.550000,28.25
6.404185,0.613000,-0.126000,-0.777000,3.405000,20.290000,7.985000,28.15
6.416430,0.622000,-0.143000,-0.793000,1.527000,27.359000,9.511000,28.20
6.423334,0.610000,-0.170000,-0.813000,1.863000,32.992000,9.374000,28.20
6.435627,0.564000,-0.091000,-0.861000,-0.397000,47.527000,9.832000,28.15
6.442726,0.537000,-0.070000,-0.908000,3.282000,59.130000,13.023000,28.11
6.455254,0.564000,-0.078000,-0.851000,5.511000,79.099000,18.962000,28.29
6.462599,0.662000,-0.209000,-0.786000,5.527000,98.427000,21.023000,28.11
6.474385,0.446000,-0.232000,-1.013000,20.504000,115.053000,17.206000,28.25
6.486463,0.597000,-0.385000,-1.035000,34.947000,144.840000,3.908000,28.25
6.493785,0.653000,-0.085000,-1.229000,42.031000,183.878000,-4.580000,28.20
6.505797,0.563000,-0.100000,-1.345000,48.901000,227.832000,4.366000,28.20
6.512817,0.759000,-0.014000,-1.214000,45.130000,252.748000,7.374000,28.15
6.528118,1.031000,-0.108000,-1.183000,48.031000,258.290000,12.962000,28.11
6.531958,0.961000,-0.017000,-1.222000,53.252000,258.870000,15.786000,28.29
6.544212,1.118000,0.236000,-2.076000,42.000000,240.046000,6.473000,28.25
6.556224,-0.108000,1.072000,-2.824000,60.779000,140.916000,-7.069000,28.20
6.563545,-1.038000,1.384000,-3.195000,71.863000,74.260000,-37.481000,28.20
6.576966,-1.468000,1.320000,-3.318000,58.794000,-16.168000,-60.321000,28.20
6.582351,-1.633000,0.987000,-3.280000,24.153000,-93.191000,-60.962000,28.15
6.594048,-1.719000,0.841000,-3.274000,-18.122000,-162.427000,-39.802000,28.15
6.610573,-1.708000,0.673000,-3.117000,-61.557000,-212.168000,-16.427000,28.20
6.612661,-1.270000,0.534000,-2.985000,-103.710000,-259.969000,1.389000,28.20
6.624561,-0.226000,0.391000,-2.857000,-132.244000,-305.023000,16.260000,28.15
6.636125,1.214000,-0.014000,-2.543000,-153.573000,-371.969000,33.298000,28.25
6.644318,1.399000,-0.663000,-1.758000,-154.702000,-355.710000,82.305000,28.11
6.655057,4.000000,-0.911000,0.579000,-38.061000,-248.611000,136.626000,28.20
6.662028,4.000000,-3.591000,4.000000,-3.298000,117.191000,131.664000,28.25
6.676474,4.000000,-2.486000,0.939000,-74.397000,162.458000,72.031000,28.20
6.685976,1.229000,-0.255000,-1.161000,-143.053000,-6.382000,23.145000,28.20
6.692888,0.324000,0.828000,-1.248000,-183.328000,-12.595000,-26.901000,28.15
6.704776,-0.206000,0.674000,-0.888000,-91.557000,-44.427000,-34.748000,28.15
6.719148,0.326000,-0.262000,-0.763000,-27.542000,-75.023000,-30.321000,28.20
6.723978,0.657000,-1.336000,-0.028000,26.489000,-54.397000,-13.771000,28.29
6.735670,1.353000,-1.867000,0.728000,6.031000,-56.412000,20.763000,28.15
6.743780,2.162000,-1.835000,1.325000,-23.664000,3.023000,50.153000,28.25
6.755081,2.359000,-1.344000,1.403000,-35.130000,42.580000,65.511000,28.20
6.762431,2.517000,-0.900000,1.144000,-28.656000,41.008000,48.870000,28.20
6.774281,2.457000,-0.456000,1.198000,3.649000,20.641000,23.191000,28.15
6.786704,2.216000,-0.404000,1.611000,35.802000,28.519000,-5.008000,28.25
6.793846,2.709000,-1.017000,1.860000,74.504000,70.061000,-7.359000,28.20
6.805867,2.288000,-1.550000,-0.985000,20.519000,18.718000,-3.725000,28.15
6.812601,0.196000,-0.238000,-0.589000,-7.725000,-67.038000,-1.863000,28.25
6.829379,0.042000,0.676000,-0.676000,15.679000,15.328000,4.458000,28.11
6.832493,1.021000,-0.029000,-0.911000,28.458000,-6.947000,5.878000,28.20
6.844321,0.810000,-0.481000,-0.710000,33.573000,-32.947000,14.916000,28.15
6.858781,0.653000,-0.149000,-0.837000,27.893000,-28.977000,11.985000,28.15
6.863466,0.644000,-0.192000,-0.790000,23.099000,-40.198000,14.183000,28.20
6.875399,0.722000,-0.304000,-0.781000,11.328000,-22.931000,11.573000,28.20
6.882665,0.559000,-0.445000,-0.812000,-0.489000,-23.771000,6.229000,28.15
6.894887,0.639000,-0.335000,-0.820000,-4.489000,-9.023000,-1.374000,28.15
6.900687,0.659000,-0.208000,-0.767000,-5.786000,-8.443000,-6.229000,28.11
6.914189,0.670000,-0.049000,-0.740000,-6.672000,-2.489000,-6.931000,28.20
6.926131,0.683000,0.008000,-0.748000,-9.252000,13.115000,-4.519000,28.25
6.933324,0.713000,0.010000,-0.727000,-2.595000,6.824000,0.214000,28.20
6.946367,0.695000,0.010000,-0.713000,4.397000,9.420000,4.840000,28.11
6.953112,0.669000,-0.076000,-0.729000,7.954000,1.115000,9.664000,28.15
6.965749,0.671000,-0.149000,-0.733000,7.282000,10.260000,10.107000,28.25
6.972615,0.640000,-0.166000,-0.733000,6.718000,9.573000,8.870000,28.20
6.985103,0.643000,-0.200000,-0.745000,5.496000,14.718000,7.053000,28.20
6.994863,0.627000,-0.171000,-0.729000,5.786000,16.229000,6.153000,28.25
7.004548,0.642000,-0.139000,-0.755000,5.115000,20.824000,6.901000,28.15
7.010392,0.666000,-0.161000,-0.698000,4.458000,22.855000,8.015000,28.20
7.025896,0.677000,-0.176000,-0.716000,4.214000,24.901000,8.656000,28.20
7.036423,0.669000,-0.213000,-0.708000,5.099000,26.733000,7.771000,28.15
7.045575,0.649000,-0.188000,-0.720000,5.313000,26.198000,6.733000,28.11
7.064842,0.709000,-0.253000,-0.662000,2.550000,28.412000,7.221000,28.20
7.065881,0.633000,-0.154000,-0.731000,4.702000,34.061000,7.160000,28.15
7.075253,0.662000,-0.198000,-0.760000,4.000000,38.931000,7.695000,28.06
7.082429,0.713000,-0.165000,-0.757000,4.809000,47.374000,7.878000,28.20
7.095050,0.639000,-0.171000,-0.787000,8.916000,55.969000,8.214000,28.20
7.102017,0.645000,-0.162000,-0.819000,17.099000,68.565000,8.962000,28.15
7.114103,0.657000,-0.199000,-0.803000,19.252000,80.916000,9.160000,28.25
7.126763,0.654000,-0.184000,-0.789000,20.595000,94.076000,9.191000,28.20
7.134562,0.611000,-0.168000,-0.790000,26.840000,110.427000,9.496000,28.20
7.145687,0.634000,-0.180000,-0.943000,33.496000,133.481000,8.840000,28.15
7.153039,0.599000,-0.276000,-0.993000,39.069000,162.153000,6.122000,28.20
7.169239,0.720000,-0.156000,-1.068000,50.443000,194.519000,2.931000,28.20
7.172062,0.708000,-0.047000,-1.197000,63.405000,225.069000,9.023000,28.15
7.185121,0.929000,-0.056000,-1.159000,76.443000,249.267000,19.206000,28.06
7.196173,0.973000,-0.113000,-1.071000,86.427000,263.176000,28.565000,28.11
7.203186,1.094000,-0.104000,-1.123000,100.137000,280.046000,32.443000,28.11
7.214992,1.406000,-0.433000,-1.239000,95.237000,269.282000,34.092000,28.15
7.232414,1.237000,-0.229000,-0.900000,91.511000,245.313000,32.031000,28.15
7.234082,1.166000,0.084000,-1.040000,111.069000,224.275000,32.977000,28.11
7.246283,1.205000,0.229000,-1.659000,115.359000,182.611000,20.107000,28.11
7.252829,0.379000,0.922000,-2.232000,113.206000,72.305000,-17.725000,28.15
7.265065,-0.451000,1.331000,-2.109000,110.000000,15.038000,-60.702000,28.20
7.272535,-0.541000,1.015000,-2.147000,92.397000,-19.878000,-82.748000,28.11
7.283922,-0.819000,0.782000,-2.069000,68.427000,-72.748000,-90.595000,28.20
7.302322,-0.749000,0.441000,-2.071000,32.916000,-111.252000,-81.740000,28.25
7.303867,-0.633000,0.281000,-1.939000,-5.008000,-155.023000,-61.557000,28.29
7.314281,-0.429000,0.146000,-1.824000,-41.130000,-181.863000,-39.267000,28.20
7.326223,-0.065000,0.076000,-1.716000,-71.511000,-205.908000,-22.076000,28.25
7.333793,0.302000,0.087000,-1.652000,-89.145000,-228.336000,-9.924000,28.15
7.344904,1.123000,-0.100000,-1.593000,-98.702000,-261.359000,-4.550000,28.11
7.351713,1.237000,-0.024000,-1.241000,-101.053000,-306.855000,2.046000,28.11
7.363744,0.922000,-0.172000,-0.922000,-97.328000,-259.878000,9.328000,28.06
7.375783,1.233000,-0.499000,-0.825000,-122.565000,-231.924000,14.702000,28.20
7.382142,1.645000,-0.443000,-0.629000,-146.260000,-205.191000,21.405000,28.20
7.394212,1.396000,-0.279000,-0.531000,-132.122000,-169.481000,37.908000,28.11
7.406075,1.555000,-0.449000,-0.554000,-131.985000,-132.198000,35.496000,28.06
7.413142,1.715000,-0.378000,-0.650000,-128.595000,-123.099000,27.817000,28.25
7.424567,1.616000,-0.310000,-0.640000,-110.779000,-123.252000,16.656000,28.20
7.430386,1.443000,-0.400000,-0.546000,-95.985000,-110.824000,4.504000,28.20
7.443361,1.439000,-0.479000,-0.484000,-89.313000,-98.504000,-7.145000,28.15
7.455641,1.409000,-0.470000,-0.441000,-79.893000,-89.298000,-15.267000,28.11
7.462363,1.308000,-0.578000,-0.429000,-81.038000,-83.664000,-21.740000,28.11
7.473865,1.200000,-0.486000,-0.379000,-63.252000,-61.756000,-25.237000,28.15
7.485889,1.171000,-0.561000,-0.417000,-49.191000,-65.511000,-28.183000,28.20
7.493780,1.156000,-0.552000,-0.462000,-39.008000,-59.313000,-30.031000,28.20
7.507408,1.060000,-0.515000,-0.436000,-29.695000,-62.305000,-28.702000,28.11
7.511734,0.920000,-0.521000,-0.408000,-23.664000,-59.145000,-28.122000,28.15
7.524095,0.840000,-0.477000,-0.377000,-20.748000,-54.489000,-27.710000,28.25
7.535503,0.772000,-0.450000,-0.352000,-18.427000,-48.656000,-28.000000,28.20
7.542454,0.734000,-0.417000,-0.347000,-15.511000,-44.229000,-29.099000,28.11
7.554174,0.731000,-0.388000,-0.356000,-10.809000,-42.275000,-31.206000,28.25
7.566382,0.759000,-0.358000,-0.369000,-3.740000,-45.115000,-36.198000,28.15
7.574964,0.781000,-0.330000,-0.360000,3.710000,-49.771000,-42.672000,28.20
7.587005,0.781000,-0.322000,-0.315000,11.725000,-56.962000,-49.756000,28.11
7.592255,0.724000,-0.300000,-0.231000,19.130000,-61.084000,-56.000000,28.15
7.604589,0.637000,-0.288000,-0.150000,24.443000,-61.389000,-60.702000,28.15
7.618249,0.584000,-0.303000,-0.139000,26.458000,-60.061000,-63.939000,28.20
7.623369,0.552000,-0.317000,-0.126000,27.328000,-61.893000,-64.534000,28.15
7.635184,0.518000,-0.365000,-0.123000,27.359000,-63.710000,-61.863000,28.25
7.642032,0.548000,-0.398000,-0.118000,25.725000,-64.779000,-56.733000,28.20
7.654098,0.636000,-0.388000,-0.131000,23.679000,-66.473000,-49.863000,28.20
7.665973,0.766000,-0.427000,-0.180000,17.191000,-71.679000,-44.931000,28.15
7.672969,0.842000,-0.395000,-0.161000,10.885000,-84.351000,-39.496000,28.25
7.684796,0.777000,-0.246000,-0.070000,13.206000,-91.969000,-32.198000,28.20
7.692276,0.722000,-0.187000,0.010000,11.618000,-86.534000,-31.511000,28.11
7.704120,1.242000,-1.974000,1.902000,-16.336000,-44.687000,10.198000,28.25
7.715940,1.140000,-0.218000,3.605000,18.351000,168.046000,59.145000,28.15
7.723113,3.006000,0.191000,-1.549000,3.328000,363.359000,24.687000,28.11
7.735792,3.048000,0.548000,-1.839000,58.336000,149.802000,5.496000,28.15
7.742495,0.731000,0.412000,-0.419000,117.084000,140.443000,29.542000,28.06
7.754393,1.746000,-1.666000,-1.577000,87.221000,255.511000,-11.282000,28.20
7.768969,3.642000,-1.145000,-1.922000,45.282000,108.870000,29.725000,28.11
7.773558,1.940000,-0.273000,-0.649000,4.260000,-16.214000,26.336000,28.15
7.789468,-0.026000,0.414000,-0.822000,2.458000,39.344000,-0.092000,28.25
7.792917,0.247000,-0.278000,-0.706000,17.176000,69.924000,13.802000,28.11
7.804672,1.125000,-0.149000,-0.689000,26.382000,41.084000,17.237000,28.11
7.811425,1.181000,-0.042000,-0.738000,31.221000,13.863000,12.351000,28.15
7.823865,0.532000,-0.252000,-0.825000,21.756000,9.832000,12.901000,28.15
7.836336,0.714000,-0.264000,-0.833000,12.519000,21.863000,7.878000,28.20
7.845129,0.705000,-0.243000,-0.814000,9.588000,6.397000,3.206000,28.11
7.855876,0.614000,-0.124000,-0.800000,8.870000,9.786000,3.252000,28.06
7.863198,0.720000,-0.071000,-0.765000,9.008000,11.313000,3.527000,28.20
7.875770,0.679000,-0.124000,-0.765000,8.580000,9.649000,4.763000,28.11
7.882912,0.654000,-0.094000,-0.750000,8.992000,10.183000,5.267000,28.15
7.895097,0.674000,-0.111000,-0.739000,10.214000,9.344000,5.435000,28.15
7.906585,0.699000,-0.152000,-0.749000,8.458000,8.489000,5.023000,28.20
7.914767,0.698000,-0.194000,-0.765000,4.809000,6.687000,3.588000,28.11
7.925458,0.690000,-0.243000,-0.751000,-1.038000,5.511000,0.137000,28.25
7.934126,0.681000,-0.231000,-0.770000,-6.718000,3.817000,-3.328000,28.25
7.947473,0.681000,-0.212000,-0.758000,-11.298000,2.443000,-5.344000,28.11
7.953782,0.671000,-0.186000,-0.754000,-14.687000,2.061000,-6.382000,28.20
7.970066,0.639000,-0.129000,-0.720000,-14.458000,0.733000,-5.557000,28.15
7.972831,0.623000,-0.112000,-0.702000,-11.435000,0.366000,-3.618000,28.20
7.985042,0.620000,-0.076000,-0.717000,-8.076000,2.534000,-1.145000,28.20
7.992120,0.597000,-0.042000,-0.713000,-5.435000,-0.458000,0.763000,28.15
8.004571,0.617000,-0.051000,-0.719000,-1.313000,1.771000,2.824000,28.15
8.009907,0.608000,-0.051000,-0.712000,2.534000,0.626000,4.809000,28.01
8.024075,0.608000,-0.047000,-0.710000,7.252000,1.160000,7.969000,28.11
8.036426,0.630000,-0.093000,-0.717000,10.947000,0.229000,9.573000,28.15
8.043421,0.627000,-0.101000,-0.739000,12.595000,0.061000,10.672000,28.15
8.059224,0.626000,-0.110000,-0.726000,13.176000,0.794000,10.824000,28.20
8.062927,0.621000,-0.116000,-0.740000,13.496000,2.244000,9.069000,28.20
8.075355,0.631000,-0.168000,-0.756000,12.992000,3.634000,8.443000,28.15
8.082616,0.615000,-0.135000,-0.731000,11.267000,4.076000,6.824000,28.11
8.095883,0.541000,-0.083000,-0.754000,11.634000,9.542000,6.870000,28.20
8.101504,0.539000,-0.061000,-0.777000,13.252000,16.626000,7.420000,28.25
8.113970,0.737000,-0.241000,-0.822000,4.947000,20.214000,2.901000,28.15
8.126372,0.624000,-0.158000,-0.754000,3.786000,18.824000,3.038000,28.11
8.133364,0.653000,-0.144000,-0.765000,3.817000,21.450000,3.298000,28.20
8.145996,0.663000,-0.194000,-0.774000,4.931000,23.802000,3.481000,28.15
8.152932,0.634000,-0.127000,-0.792000,4.305000,27.695000,4.351000,28.15
8.165650,0.614000,-0.135000,-0.793000,6.275000,32.977000,5.649000,28.11
8.172606,0.625000,-0.205000,-0.794000,5.802000,38.550000,5.863000,28.15
8.184917,0.592000,-0.145000,-0.842000,7.634000,45.084000,5.588000,28.15
8.191934,0.708000,-0.201000,-0.838000,9.206000,59.252000,4.977000,28.11
8.204326,0.575000,-0.188000,-0.859000,11.374000,72.397000,2.580000,28.11
8.209888,0.593000,-0.130000,-0.820000,14.305000,91.618000,4.031000,28.15
8.223467,0.604000,-0.128000,-0.946000,12.916000,109.237000,6.076000,28.15
8.235849,0.345000,-0.112000,-1.221000,42.947000,143.084000,13.160000,28.11
8.242524,0.699000,-0.057000,-0.986000,45.603000,184.046000,14.397000,28.11
8.256075,0.693000,-0.359000,-1.250000,56.107000,213.557000,11.756000,28.15
8.263188,0.723000,-0.224000,-1.109000,56.641000,246.779000,8.031000,28.06
8.276578,0.855000,-0.167000,-1.096000,68.321000,259.420000,8.000000,28.11
8.286624,0.867000,-0.267000,-1.070000,70.718000,266.595000,8.809000,28.11
8.292898,1.155000,-0.073000,-1.025000,67.496000,277.740000,6.198000,28.15
8.305565,1.560000,-0.483000,-1.358000,60.336000,255.832000,8.947000,28.11
8.312246,1.143000,0.134000,-1.067000,61.267000,229.023000,17.313000,28.20
8.324834,0.812000,0.361000,-1.067000,87.267000,207.374000,22.763000,28.15
8.331505,0.411000,0.464000,-2.123000,82.763000,125.389000,4.779000,28.15
8.343632,-0.853000,0.723000,-2.157000,65.954000,18.763000,-16.122000,28.20
8.356176,-1.115000,0.581000,-1.894000,26.076000,-21.344000,-25.557000,28.20
8.362449,-0.860000,0.357000,-1.941000,-9.679000,-79.496000,-15.221000,28.06
8.374420,-0.638000,0.250000,-1.736000,-33.282000,-114.229000,1.557000,28.06
8.386532,-0.312000,0.167000,-1.569000,-55.817000,-147.939000,16.901000,28.11
8.393205,0.038000,0.159000,-1.435000,-75.252000,-169.130000,24.611000,28.11
8.406384,0.753000,0.090000,-1.125000,-91.450000,-178.214000,14.122000,28.15
8.412257,1.170000,0.216000,-1.073000,-89.313000,-201.725000,0.153000,28.20
8.424140,1.163000,0.134000,-0.688000,-66.718000,-193.786000,-10.916000,28.20
8.436171,1.323000,-0.092000,-0.532000,-57.893000,-176.565000,-19.130000,28.20
8.449776,1.467000,-0.195000,-0.595000,-67.115000,-158.656000,-25.069000,28.15
8.456769,1.326000,-0.124000,-0.405000,-64.748000,-142.840000,-27.420000,28.20
8.466660,1.302000,-0.210000,-0.422000,-55.863000,-117.603000,-27.710000,28.20
8.474890,1.113000,-0.245000,-0.494000,-48.870000,-106.260000,-26.122000,28.15
8.485439,0.918000,-0.216000,-0.655000,-47.145000,-93.878000,-25.817000,28.15
8.492260,0.785000,-0.200000,-0.727000,-52.244000,-86.137000,-27.756000,28.20
8.503681,0.707000,-0.154000,-0.854000,-56.443000,-83.954000,-32.168000,28.20
8.515705,0.731000,-0.108000,-0.910000,-58.076000,-89.603000,-33.344000,28.25
8.522471,0.766000,-0.132000,-0.995000,-55.313000,-99.527000,-26.885000,28.20
8.534393,0.715000,-0.184000,-1.043000,-57.740000,-109.542000,-19.878000,28.11
8.546260,0.685000,-0.169000,-1.037000,-63.237000,-113.679000,-12.718000,28.11
8.552870,0.810000,-0.333000,-0.274000,-20.198000,-96.901000,24.198000,28.15
8.565449,1.284000,-0.975000,-0.140000,-28.718000,-64.260000,32.015000,28.06
8.571929,1.270000,-0.767000,-0.296000,-49.740000,-52.656000,26.809000,28.20
8.583975,1.075000,-0.372000,-0.621000,-59.786000,-53.817000,19.038000,28.15
8.596038,0.719000,-0.157000,-0.548000,-47.802000,-51.053000,10.214000,28.15
8.603428,0.618000,-0.203000,-0.497000,-37.084000,-45.817000,-0.321000,28.20
8.614676,0.694000,-0.282000,-0.632000,-35.511000,-37.466000,-13.557000,28.11
8.621426,0.991000,-0.377000,-0.688000,-41.557000,-40.580000,-22.641000,28.15
8.633493,1.078000,-0.372000,-0.624000,-40.565000,-60.122000,-21.588000,28.20
8.645972,1.013000,-0.490000,-0.407000,-34.885000,-75.496000,-16.809000,28.20
8.652178,0.902000,-0.565000,-0.293000,-32.977000,-70.366000,-11.756000,28.20
8.664163,0.913000,-0.579000,-0.202000,-33.252000,-57.710000,-7.557000,28.06
8.676177,0.996000,-0.581000,-0.223000,-39.466000,-40.702000,-5.740000,28.20
8.683322,1.091000,-0.569000,-0.211000,-42.366000,-37.328000,-2.336000,28.20
8.695283,1.096000,-0.558000,-0.113000,-37.817000,-37.267000,2.031000,28.06
8.702205,0.990000,-0.558000,0.017000,-29.511000,-31.847000,6.687000,28.25
8.714209,0.994000,-0.613000,0.189000,-23.374000,-17.191000,11.374000,28.20
8.720350,1.083000,-0.643000,0.417000,-18.031000,4.840000,17.008000,28.20
8.733455,1.303000,-0.704000,0.672000,-13.832000,32.763000,21.588000,28.15
8.746385,1.459000,-0.598000,1.047000,-4.275000,59.420000,29.389000,28.20
8.753126,1.750000,-0.789000,1.725000,5.069000,117.664000,44.656000,28.20
8.764978,1.110000,-0.104000,-0.022000,-1.038000,177.466000,37.603000,28.01
8.772314,2.109000,0.595000,-1.611000,3.634000,78.855000,-8.107000,28.15
8.784770,0.836000,0.616000,-0.801000,32.382000,23.893000,2.794000,28.15
8.791744,0.186000,-0.309000,-0.550000,58.000000,111.008000,16.137000,28.11
8.809807,1.604000,-0.381000,-1.089000,81.313000,70.779000,44.992000,28.15
8.816087,1.315000,-0.466000,-0.761000,58.763000,1.389000,36.366000,28.06
8.823133,0.779000,-0.115000,-0.837000,48.885000,14.321000,31.115000,28.20
8.835293,0.670000,-0.144000,-0.900000,44.702000,8.107000,26.397000,28.20
8.852384,0.745000,-0.325000,-0.836000,44.198000,-0.687000,24.061000,28.15
8.854655,0.860000,-0.387000,-0.829000,33.115000,-4.992000,13.237000,28.20
8.860317,0.662000,-0.399000,-0.826000,13.481000,-10.443000,4.611000,28.11
8.873469,0.739000,-0.260000,-0.797000,-5.237000,-3.588000,-5.237000,28.11
8.885678,0.722000,-0.158000,-0.760000,-7.588000,-1.924000,-6.718000,28.06
8.894791,0.695000,-0.130000,-0.728000,-6.137000,0.992000,-5.847000,28.20
8.906555,0.677000,-0.108000,-0.719000,-3.435000,-0.824000,-3.573000,28.11
8.912361,0.655000,-0.102000,-0.747000,-2.763000,1.710000,-1.893000,28.25
8.926895,0.657000,-0.078000,-0.746000,-2.840000,4.168000,-0.137000,28.15
8.933423,0.667000,-0.093000,-0.744000,-1.893000,6.641000,1.603000,28.11
8.944121,0.676000,-0.114000,-0.734000,-0.015000,6.794000,2.595000,28.11
8.964288,0.664000,-0.123000,-0.724000,1.206000,6.702000,2.260000,28.15
8.965807,0.664000,-0.162000,-0.740000,1.084000,7.344000,2.260000,28.11
8.975942,0.659000,-0.154000,-0.728000,-0.473000,8.489000,1.405000,28.11
8.986445,0.659000,-0.146000,-0.738000,-1.115000,8.550000,1.496000,28.20
8.995660,0.644000,-0.134000,-0.727000,-0.702000,8.519000,1.069000,28.15
9.002831,0.620000,-0.136000,-0.743000,-4.947000,8.519000,1.878000,28.06
9.017590,0.655000,-0.111000,-0.725000,4.992000,-11.634000,3.542000,28.11
9.025315,0.662000,-0.139000,-0.705000,2.366000,16.840000,2.534000,28.15
9.035080,0.678000,-0.119000,-0.707000,-10.015000,5.588000,3.725000,28.15
9.043483,0.658000,-0.129000,-0.723000,1.725000,21.496000,2.733000,28.11
9.060681,0.669000,-0.124000,-0.705000,7.008000,6.977000,3.893000,28.11
9.066278,0.639000,-0.143000,-0.731000,-0.885000,-7.405000,5.405000,28.25
9.073389,0.636000,-0.138000,-0.730000,0.336000,-0.061000,5.206000,28.11
9.085822,0.648000,-0.148000,-0.717000,3.130000,12.962000,3.924000,28.11
9.093288,0.639000,-0.158000,-0.732000,2.504000,6.534000,4.076000,28.20
9.105641,0.648000,-0.145000,-0.761000,0.534000,16.962000,3.221000,28.15
9.113260,0.659000,-0.151000,-0.731000,0.779000,9.267000,3.954000,28.11
9.125088,0.678000,-0.128000,-0.717000,1.802000,13.298000,4.000000,28.11
9.132366,0.639000,-0.131000,-0.745000,2.290000,13.206000,4.824000,28.06
9.144617,0.674000,-0.144000,-0.731000,1.649000,16.748000,4.687000,28.15
9.151668,0.684000,-0.158000,-0.716000,1.481000,18.229000,4.763000,28.20
9.174193,0.692000,-0.146000,-0.731000,1.710000,19.267000,5.603000,28.11
9.176377,0.648000,-0.125000,-0.748000,2.397000,24.137000,6.931000,28.15
9.183801,0.643000,-0.144000,-0.746000,2.824000,24.290000,7.084000,28.20
9.195915,0.653000,-0.140000,-0.734000,2.931000,27.725000,6.916000,28.11
9.213867,0.650000,-0.147000,-0.764000,2.183000,32.305000,7.328000,28.20
9.215357,0.625000,-0.119000,-0.809000,2.947000,42.458000,10.015000,28.06
9.222429,0.630000,-0.131000,-0.825000,9.802000,55.053000,14.000000,28.11
9.234772,0.538000,-0.107000,-0.894000,10.046000,68.473000,16.244000,28.01
9.241999,0.542000,0.066000,-1.028000,18.672000,86.275000,20.443000,28.15
9.254213,0.579000,-0.188000,-0.948000,17.267000,98.748000,24.000000,28.15
9.266002,0.729000,-0.135000,-0.809000,18.015000,107.237000,21.985000,28.20
9.273074,0.786000,-0.148000,-0.816000,11.435000,113.435000,19.466000,28.11
9.285231,0.882000,-0.140000,-0.828000,8.718000,121.099000,21.786000,28.25
9.292249,0.849000,-0.081000,-0.849000,2.168000,125.878000,19.008000,28.11
9.304592,0.917000,0.017000,-0.899000,-0.733000,124.779000,23.542000,28.11
9.319408,0.841000,0.100000,-0.891000,-2.275000,121.359000,32.183000,28.20
9.323844,0.716000,0.346000,-1.101000,-8.153000,121.817000,38.580000,28.06
9.335978,0.371000,0.755000,-1.867000,-3.740000,76.977000,26.611000,28.11
9.352931,-0.438000,1.038000,-1.889000,0.305000,36.550000,-0.473000,28.11
9.355117,-0.597000,1.061000,-1.946000,-5.328000,14.305000,-29.481000,28.06
9.361757,-0.621000,0.817000,-1.938000,-10.809000,-14.840000,-38.977000,28.15
9.373680,-0.511000,0.446000,-1.885000,-24.214000,-32.702000,-27.679000,28.11
9.385646,-0.279000,0.127000,-1.752000,-40.443000,-53.435000,-1.328000,28.20
9.394951,-0.029000,-0.033000,-1.541000,-54.076000,-65.588000,23.893000,28.06
9.404747,0.261000,-0.034000,-1.348000,-61.847000,-74.076000,42.687000,28.20
9.416553,0.760000,-0.158000,-1.152000,-70.244000,-75.206000,48.763000,28.11
9.423686,0.808000,-0.090000,-0.883000,-67.130000,-75.939000,48.931000,28.11
9.435552,0.888000,-0.110000,-0.767000,-61.511000,-64.931000,42.855000,28.15
9.444159,0.891000,-0.110000,-0.698000,-52.534000,-62.336000,36.061000,28.11
9.454318,0.760000,-0.118000,-0.726000,-43.298000,-54.489000,24.031000,28.11
9.466524,0.701000,-0.048000,-0.800000,-31.878000,-49.298000,9.878000,28.06
9.480392,0.653000,-0.030000,-0.865000,-17.649000,-48.061000,-3.038000,28.15
9.484833,0.619000,-0.058000,-0.942000,-7.786000,-49.267000,-15.725000,28.11
9.491563,0.532000,-0.032000,-0.969000,-1.924000,-52.763000,-26.901000,28.20
9.503936,0.592000,-0.137000,-1.023000,-9.023000,-52.794000,-36.870000,28.15
9.515907,0.553000,-0.054000,-0.993000,-6.046000,-59.252000,-43.649000,28.20
9.522771,0.669000,-0.123000,-1.065000,-6.168000,-71.542000,-47.771000,28.11
9.534722,0.671000,-0.158000,-1.041000,-12.595000,-70.366000,-53.298000,28.11
9.541784,0.819000,-0.002000,-0.677000,3.145000,-62.550000,-60.046000,28.15
9.553929,0.979000,-0.374000,-0.451000,29.832000,-46.947000,-53.664000,28.06
9.565691,1.119000,-0.580000,-0.670000,21.344000,-47.527000,-55.115000,28.11
9.573001,0.906000,-0.292000,-0.953000,9.985000,-60.397000,-52.916000,28.20
9.584810,0.712000,-0.186000,-1.099000,-4.168000,-85.466000,-47.130000,28.15
9.590656,0.618000,-0.104000,-0.956000,-11.557000,-98.153000,-43.344000,28.11
9.603766,0.587000,-0.105000,-0.795000,-8.779000,-94.122000,-41.176000,28.20
9.615552,0.642000,-0.142000,-0.642000,-4.214000,-84.214000,-40.000000,28.15
9.623025,0.843000,-0.202000,-0.702000,-7.969000,-77.802000,-44.641000,28.15
9.634586,0.903000,-0.122000,-0.729000,-12.229000,-83.389000,-49.832000,28.20
9.646657,0.907000,-0.125000,-0.755000,-17.679000,-86.702000,-55.573000,28.11
9.653318,0.906000,-0.087000,-0.717000,-19.847000,-95.282000,-59.237000,28.15
9.667279,0.802000,-0.087000,-0.672000,-19.252000,-99.695000,-60.153000,28.15
9.675155,0.772000,-0.103000,-0.666000,-17.466000,-100.641000,-59.924000,28.20
9.683832,0.789000,-0.143000,-0.580000,-14.656000,-99.847000,-57.679000,28.11
9.695773,0.823000,-0.198000,-0.509000,-14.336000,-93.771000,-56.031000,28.06
9.702714,0.831000,-0.215000,-0.454000,-13.573000,-89.359000,-54.565000,28.15
9.714659,0.841000,-0.245000,-0.408000,-14.626000,-84.901000,-54.137000,28.11
9.726509,0.923000,-0.262000,-0.400000,-18.107000,-79.710000,-54.000000,28.11
9.733117,1.016000,-0.267000,-0.299000,-20.809000,-80.244000,-53.969000,28.06
9.745075,1.150000,-0.224000,-0.171000,-13.298000,-75.435000,-53.527000,28.11
9.752268,0.923000,-0.281000,0.270000,-2.214000,-51.954000,-45.328000,28.11
9.764068,1.139000,-0.474000,0.403000,-3.359000,-15.420000,-46.275000,28.15
9.776770,1.480000,-0.466000,0.631000,-0.061000,7.863000,-48.931000,28.15
9.783518,1.674000,-0.410000,0.864000,6.580000,38.687000,-49.252000,28.20
9.795686,1.920000,-0.448000,1.138000,23.252000,80.977000,-51.878000,28.11
9.802513,2.328000,-0.653000,1.414000,45.954000,118.366000,-54.855000,28.15
9.814637,1.839000,-0.374000,-0.654000,41.053000,142.427000,-66.183000,28.15
9.826660,1.639000,-0.126000,-1.966000,50.992000,18.336000,-13.847000,28.20
9.833602,-0.219000,-0.464000,-0.961000,62.504000,12.183000,44.550000,28.11
9.845632,-0.166000,-0.557000,-0.746000,54.412000,128.168000,31.405000,28.06
9.852757,1.429000,-0.044000,-1.130000,40.748000,110.183000,-2.000000,28.11
9.864790,1.384000,0.025000,-0.857000,31.924000,83.908000,-13.878000,28.01
9.872482,0.867000,-0.228000,-0.873000,21.328000,85.740000,-8.504000,28.15
9.884154,0.606000,-0.427000,-0.868000,26.443000,73.878000,2.916000,28.15
9.896025,0.511000,-0.354000,-0.829000,20.061000,73.481000,1.221000,28.11
9.903334,0.806000,-0.287000,-0.850000,3.618000,73.008000,-6.015000,28.11
9.915847,1.616000,-0.119000,-0.938000,1.664000,61.374000,9.053000,28.15
9.923049,1.112000,0.005000,-0.737000,9.588000,7.481000,4.122000,28.15
9.935520,0.688000,-0.195000,-0.942000,9.374000,11.099000,1.802000,28.11
9.943124,0.757000,-0.256000,-0.884000,4.137000,1.450000,4.870000,28.11
9.954986,0.771000,-0.070000,-0.835000,-4.183000,2.244000,-0.275000,28.06
9.966313,0.665000,-0.043000,-0.801000,-7.863000,3.603000,-1.969000,28.11
9.974357,0.572000,-0.019000,-0.779000,-5.496000,4.015000,0.046000,28.11
9.989453,0.621000,0.031000,-0.790000,0.046000,5.313000,1.008000,28.15
9.994073,0.624000,-0.001000,-0.792000,3.618000,3.374000,1.756000,28.15
10.007556,0.614000,-0.054000,-0.783000,2.901000,6.794000,2.260000,28.11
