# Gait Analysis Data - MPU6050 IMU
# Duration: 10 seconds
# Format: timestamp(s),ax(g),ay(g),az(g),gx(deg/s),gy(deg/s),gz(deg/s),temp(C)
# Note: Document sensor placement (ankle/wrist) separately
timestamp,ax,ay,az,gx,gy,gz,temp
0.000980,0.664000,-0.174000,-0.739000,-5.344000,6.382000,-2.412000,29.38
0.002217,0.658000,-0.140000,-0.717000,-5.786000,6.702000,-2.748000,29.47
0.002926,0.655000,-0.084000,-0.712000,-3.496000,6.733000,-2.351000,29.33
0.003509,0.690000,-0.093000,-0.717000,-0.092000,-9.527000,0.794000,29.42
0.004080,0.671000,-0.142000,-0.712000,-0.809000,11.160000,0.504000,29.33
0.004652,0.666000,-0.133000,-0.703000,-0.321000,-3.298000,0.550000,29.47
0.005213,0.655000,-0.124000,-0.724000,0.198000,7.908000,0.473000,29.38
0.005756,0.671000,-0.112000,-0.723000,0.977000,4.809000,1.130000,29.42
0.006310,0.655000,-0.130000,-0.714000,1.817000,0.962000,1.649000,29.52
0.006874,0.659000,-0.116000,-0.713000,2.366000,2.137000,2.718000,29.38
0.007622,0.644000,-0.130000,-0.704000,3.939000,2.733000,3.099000,29.38
0.008219,0.667000,-0.147000,-0.747000,3.511000,2.611000,2.809000,29.42
0.008902,0.664000,-0.168000,-0.728000,3.023000,2.489000,2.061000,29.42
0.009501,0.671000,-0.150000,-0.726000,2.275000,1.985000,1.954000,29.47
0.010090,0.672000,-0.116000,-0.733000,2.260000,4.809000,1.786000,29.47
0.010671,0.654000,-0.123000,-0.743000,3.496000,6.427000,2.336000,29.47
0.011242,0.647000,-0.129000,-0.726000,0.092000,2.702000,3.634000,29.42
0.012001,0.605000,-0.147000,-0.761000,1.389000,18.580000,2.198000,29.42
0.012709,0.658000,-0.158000,-0.748000,4.763000,10.641000,3.069000,29.38
0.013501,0.662000,-0.140000,-0.759000,0.153000,15.115000,3.008000,29.47
0.014288,0.657000,-0.158000,-0.775000,-0.107000,16.901000,2.305000,29.33
0.014928,0.654000,-0.133000,-0.782000,-2.992000,24.183000,1.893000,29.42
0.015580,0.641000,-0.093000,-0.775000,-3.511000,31.420000,3.008000,29.38
0.016488,0.655000,-0.153000,-0.810000,-2.656000,37.084000,3.832000,29.42
0.017394,0.615000,-0.095000,-0.847000,1.435000,44.687000,3.466000,29.42
0.018306,0.608000,-0.115000,-0.832000,-1.817000,55.359000,4.565000,29.42
0.019174,0.618000,-0.145000,-0.864000,-10.382000,68.412000,4.840000,29.42
0.019795,0.594000,-0.125000,-0.916000,-5.908000,77.176000,7.832000,29.38
0.020505,0.722000,-0.325000,-0.799000,-18.214000,83.725000,7.496000,29.42
0.021129,0.719000,0.221000,-0.976000,-7.634000,101.084000,18.473000,29.42
0.021727,0.778000,-0.353000,-0.839000,-18.931000,112.824000,15.924000,29.42
0.022312,0.801000,-0.097000,-0.862000,-35.985000,121.359000,26.321000,29.38
0.022967,0.710000,0.098000,-0.885000,-37.969000,131.374000,28.107000,29.38
0.023535,0.626000,0.167000,-1.042000,-41.557000,126.870000,35.053000,29.42
0.023995,0.228000,0.363000,-1.333000,-31.618000,113.954000,45.618000,29.42
0.024447,-0.117000,0.544000,-1.763000,-14.336000,83.893000,39.618000,29.38
0.024913,-0.248000,0.571000,-1.961000,-14.458000,43.969000,23.252000,29.47
0.025374,-0.416000,0.660000,-1.900000,-14.168000,10.244000,7.893000,29.42
0.025835,-0.358000,0.600000,-1.795000,-13.420000,-13.069000,-4.015000,29.42
0.026286,-0.207000,0.500000,-1.610000,-12.092000,-34.550000,-9.817000,29.42
0.026741,-0.054000,0.447000,-1.426000,-2.687000,-49.130000,-12.626000,29.38
0.027191,0.237000,0.274000,-1.289000,8.046000,-55.679000,-13.389000,29.47
0.027619,0.526000,0.218000,-1.189000,14.626000,-64.840000,-15.344000,29.33
0.028051,0.750000,0.077000,-1.098000,8.504000,-73.679000,-24.672000,29.42
0.028472,0.727000,0.146000,-0.907000,6.595000,-77.267000,-34.519000,29.47
0.028896,0.722000,0.064000,-0.895000,6.046000,-74.000000,-41.527000,29.47
0.029338,0.688000,-0.012000,-0.848000,8.198000,-76.076000,-37.817000,29.42
0.029795,0.613000,-0.182000,-0.867000,5.282000,-70.153000,-31.420000,29.42
0.030338,0.574000,-0.290000,-0.879000,-5.160000,-66.137000,-23.221000,29.38
0.031028,0.625000,-0.355000,-0.917000,-16.611000,-55.191000,-11.221000,29.38
0.031697,0.527000,-0.316000,-0.863000,-25.420000,-49.252000,-1.481000,29.38
0.032212,0.577000,-0.307000,-0.884000,-33.954000,-47.099000,4.824000,29.42
0.032691,0.785000,-0.237000,-0.728000,-15.496000,-33.252000,13.542000,29.42
0.033262,0.685000,-0.332000,-0.139000,-2.214000,-5.863000,23.924000,29.38
0.033782,1.073000,-0.574000,-0.152000,0.412000,17.023000,27.115000,29.42
0.034411,1.402000,-0.772000,-0.478000,-20.656000,11.069000,17.695000,29.42
0.034906,1.124000,-0.490000,-0.532000,-40.260000,-14.763000,-0.611000,29.52
0.035447,0.840000,-0.161000,-0.302000,-24.580000,-24.885000,-12.153000,29.47
0.035999,0.980000,-0.310000,0.076000,3.389000,-22.443000,-17.695000,29.38
0.036532,1.500000,-0.713000,0.560000,26.061000,-13.084000,-13.969000,29.33
0.037044,2.014000,-1.079000,1.295000,39.405000,-1.878000,3.756000,29.52
0.037568,2.718000,-1.364000,2.105000,41.481000,18.947000,24.733000,29.47
0.038153,3.538000,-1.342000,2.466000,30.183000,29.496000,22.092000,29.38
0.038668,3.941000,-0.506000,2.131000,10.687000,2.153000,-11.160000,29.33
0.039162,0.148000,-0.047000,-0.856000,22.275000,-81.298000,-17.618000,29.42
0.039651,0.537000,0.224000,-0.939000,-3.985000,-43.511000,9.420000,29.38
0.040134,0.951000,0.114000,-0.642000,15.038000,-49.328000,11.939000,29.38
0.040614,0.484000,-0.696000,-0.982000,13.786000,-53.756000,11.557000,29.28
0.041097,0.583000,-0.045000,-0.868000,11.084000,-28.244000,4.443000,29.42
0.041562,0.642000,-0.186000,-0.815000,3.481000,-19.084000,5.130000,29.52
0.042030,0.658000,-0.362000,-0.759000,-2.687000,-7.145000,-2.855000,29.38
0.042514,0.658000,-0.229000,-0.808000,-6.183000,-5.725000,-8.137000,29.38
0.042974,0.610000,-0.137000,-0.817000,-5.618000,1.328000,-9.756000,29.42
0.043392,0.646000,-0.125000,-0.760000,-6.443000,6.183000,-9.649000,29.42
0.043815,0.704000,-0.057000,-0.705000,-5.786000,5.328000,-6.015000,29.47
0.044372,0.755000,-0.002000,-0.679000,-1.282000,3.740000,1.130000,29.42
0.046828,0.734000,-0.088000,-0.671000,2.046000,1.481000,4.473000,29.33
0.047319,0.679000,-0.146000,-0.713000,3.634000,0.412000,4.183000,29.42
0.047777,0.673000,-0.163000,-0.747000,3.298000,2.779000,3.802000,29.38
0.048483,0.669000,-0.171000,-0.757000,1.557000,5.389000,3.237000,29.38
0.049512,0.651000,-0.174000,-0.738000,0.580000,8.534000,2.611000,29.33
0.049997,0.706000,-0.145000,-0.725000,-7.282000,-1.603000,4.031000,29.33
0.055891,0.635000,-0.116000,-0.765000,7.985000,14.748000,2.626000,29.47
0.056493,0.681000,-0.156000,-0.711000,4.397000,10.641000,2.748000,29.38
0.057011,0.661000,-0.143000,-0.722000,-3.115000,8.153000,3.145000,29.42
0.057571,0.671000,-0.136000,-0.687000,-0.565000,14.611000,4.092000,29.33
0.058141,0.675000,-0.161000,-0.708000,4.092000,3.847000,4.824000,29.42
0.058679,0.677000,-0.159000,-0.703000,2.855000,3.954000,5.008000,29.38
0.059180,0.662000,-0.164000,-0.723000,-0.061000,5.084000,4.977000,29.38
0.059677,0.654000,-0.155000,-0.720000,-0.092000,6.046000,4.336000,29.42
0.060171,0.664000,-0.162000,-0.727000,0.534000,5.557000,4.412000,29.33
0.060709,0.654000,-0.155000,-0.760000,-0.321000,8.031000,4.427000,29.38
0.061238,0.670000,-0.138000,-0.773000,-1.817000,12.626000,4.840000,29.47
0.061754,0.661000,-0.111000,-0.771000,-2.962000,17.069000,5.573000,29.33
0.062255,0.641000,-0.100000,-0.771000,-4.092000,24.290000,6.137000,29.33
0.062732,0.625000,-0.062000,-0.769000,-1.817000,26.122000,8.305000,29.38
0.063201,0.597000,-0.070000,-0.786000,4.351000,35.573000,10.397000,29.38
0.063662,0.565000,-0.107000,-0.825000,6.840000,46.382000,11.908000,29.42
0.064123,0.542000,-0.144000,-0.872000,4.992000,58.931000,13.603000,29.33
0.064590,0.436000,-0.072000,-1.021000,1.573000,71.206000,14.809000,29.33
0.065054,0.511000,-0.049000,-1.091000,0.397000,95.588000,14.992000,29.47
0.065513,0.610000,0.140000,-1.233000,1.069000,129.450000,24.947000,29.33
0.065979,0.530000,0.340000,-1.338000,14.473000,138.611000,22.061000,29.33
0.066541,0.212000,0.802000,-1.903000,26.366000,126.000000,4.305000,29.42
0.067218,-0.177000,1.166000,-2.133000,51.664000,89.527000,-36.473000,29.47
0.067683,-0.494000,1.299000,-2.257000,64.672000,49.832000,-86.260000,29.38
0.068126,-0.650000,1.196000,-2.312000,72.122000,4.992000,-121.130000,29.42
0.068574,-0.710000,0.781000,-2.267000,66.061000,-32.748000,-131.618000,29.42
0.069029,-0.599000,0.414000,-2.172000,42.489000,-65.908000,-117.664000,29.38
0.069535,-0.402000,0.155000,-1.993000,18.809000,-92.504000,-84.290000,29.38
0.069982,-0.201000,-0.017000,-1.825000,-7.817000,-104.840000,-49.695000,29.42
0.070570,0.245000,0.045000,-1.641000,-23.191000,-121.252000,-10.015000,29.52
0.071048,0.281000,-0.051000,-1.331000,-43.099000,-124.183000,15.038000,29.38
0.071551,0.634000,-0.120000,-0.944000,-61.252000,-105.802000,39.237000,29.47
0.071988,1.537000,-0.014000,0.085000,-28.458000,-65.115000,60.397000,29.38
0.072423,1.658000,-0.647000,0.950000,-11.847000,16.137000,72.947000,29.42
0.072851,1.843000,-0.779000,0.138000,-23.298000,63.237000,60.290000,29.42
0.073286,1.323000,-0.355000,-0.931000,-64.855000,45.878000,26.855000,29.57
0.073712,0.728000,0.297000,-1.192000,-104.626000,7.878000,-3.710000,29.38
0.074140,0.405000,0.583000,-1.127000,-86.733000,-25.893000,-27.237000,29.42
0.074572,0.331000,0.268000,-0.997000,-46.183000,-46.076000,-45.038000,29.42
0.075003,0.505000,-0.338000,-0.554000,-5.420000,-56.473000,-51.191000,29.38
0.075456,0.857000,-0.918000,0.016000,18.519000,-45.160000,-36.656000,29.42
0.075923,1.304000,-1.449000,0.903000,21.893000,-16.305000,-5.527000,29.42
0.076451,1.974000,-1.792000,1.575000,20.260000,22.244000,32.550000,29.42
0.076868,2.608000,-1.823000,2.279000,23.267000,46.275000,60.611000,29.28
0.077320,4.000000,-1.856000,2.680000,42.916000,61.206000,71.084000,29.38
0.077752,4.000000,-1.499000,3.288000,38.962000,1.588000,31.908000,29.33
0.078211,1.429000,-0.512000,-0.719000,26.748000,-108.427000,-16.229000,29.42
0.078648,-0.463000,0.519000,-1.135000,34.321000,-81.985000,8.733000,29.38
0.079078,0.583000,-0.006000,-1.145000,17.618000,-39.847000,22.611000,29.38
0.079501,0.648000,-0.720000,-0.850000,12.870000,-56.015000,4.885000,29.28
0.079935,0.395000,-0.561000,-0.985000,0.580000,-17.740000,-6.397000,29.42
0.080356,0.721000,0.002000,-0.788000,-1.664000,-20.107000,-7.359000,29.42
0.080773,0.636000,-0.173000,-0.789000,-8.382000,0.046000,-7.618000,29.38
0.081193,0.694000,-0.163000,-0.768000,-9.908000,8.015000,-7.130000,29.38
0.081616,0.744000,-0.119000,-0.718000,-5.817000,0.901000,-7.282000,29.52
0.082036,0.717000,-0.205000,-0.747000,-7.832000,-2.885000,-7.954000,29.42
0.082472,0.707000,-0.083000,-0.752000,-9.206000,-0.977000,-8.122000,29.38
0.082899,0.680000,-0.116000,-0.762000,-11.267000,0.489000,-7.863000,29.47
0.083437,0.634000,-0.085000,-0.750000,-10.137000,4.916000,-6.962000,29.33
0.083891,0.645000,-0.121000,-0.741000,-6.840000,6.565000,-5.954000,29.42
0.084332,0.651000,-0.141000,-0.734000,-4.550000,6.275000,-5.023000,29.47
0.084760,0.632000,-0.097000,-0.751000,-2.733000,7.389000,-3.298000,29.42
0.085187,0.623000,-0.060000,-0.772000,-1.924000,11.847000,-1.588000,29.42
0.085607,0.625000,-0.067000,-0.723000,1.817000,13.115000,-1.023000,29.33
0.086019,0.645000,-0.155000,-0.676000,1.756000,-6.763000,2.076000,29.47
0.086534,0.628000,-0.117000,-0.699000,3.496000,18.275000,4.519000,29.47
0.087142,0.646000,-0.117000,-0.691000,4.473000,10.031000,6.550000,29.33
0.087632,0.623000,-0.186000,-0.722000,1.771000,2.992000,8.198000,29.42
0.088134,0.641000,-0.133000,-0.729000,10.443000,-2.779000,9.298000,29.47
0.088601,0.699000,-0.115000,-0.764000,5.725000,-0.443000,10.137000,29.38
0.089038,0.684000,-0.132000,-0.729000,0.305000,2.718000,10.198000,29.33
0.089479,0.662000,-0.098000,-0.736000,6.305000,6.489000,10.794000,29.42
0.089921,0.652000,-0.079000,-0.732000,8.336000,5.206000,11.924000,29.52
0.090355,0.616000,-0.083000,-0.737000,8.962000,8.504000,13.405000,29.38
0.090795,0.633000,-0.141000,-0.730000,9.756000,12.916000,13.679000,29.28
0.091236,0.678000,-0.216000,-0.779000,6.153000,13.405000,12.031000,29.33
0.091787,0.631000,-0.120000,-0.772000,5.740000,18.427000,11.878000,29.33
0.092358,0.594000,-0.125000,-0.784000,4.550000,24.031000,12.427000,29.38
0.092837,0.609000,-0.153000,-0.813000,8.290000,33.695000,12.794000,29.38
0.093271,0.541000,-0.109000,-0.911000,6.885000,48.840000,13.145000,29.42
0.093734,0.497000,-0.035000,-0.959000,4.351000,64.748000,12.443000,29.33
0.094193,0.471000,0.122000,-1.088000,9.237000,83.282000,11.573000,29.38
0.094641,0.543000,0.288000,-1.292000,27.557000,105.481000,12.107000,29.38
0.095135,0.414000,0.125000,-1.525000,46.321000,107.038000,15.695000,29.42
0.095573,0.107000,0.792000,-1.787000,40.809000,95.679000,-11.618000,29.42
0.096026,-0.099000,1.091000,-1.906000,45.786000,75.588000,-39.740000,29.42
0.096545,-0.222000,1.086000,-1.963000,46.198000,49.206000,-77.237000,29.38
0.097136,-0.274000,1.017000,-1.941000,48.366000,15.634000,-106.977000,29.42
0.097672,-0.321000,0.729000,-1.889000,45.160000,-14.336000,-123.053000,29.33
0.098133,-0.318000,0.453000,-1.789000,32.427000,-41.344000,-124.519000,29.42
0.098583,-0.129000,0.131000,-1.730000,12.809000,-65.145000,-104.962000,29.38
0.099036,0.167000,-0.106000,-1.644000,-10.061000,-85.603000,-71.725000,29.28
0.099486,0.116000,-0.288000,-1.471000,-30.824000,-99.527000,-33.450000,29.42
0.100021,0.476000,-0.656000,-1.171000,-59.740000,-93.557000,5.344000,29.42
0.100547,0.482000,-0.531000,-0.887000,-82.626000,-82.931000,36.962000,29.38
0.100995,0.543000,-0.586000,0.495000,-43.420000,-44.550000,73.649000,29.38
0.101432,1.538000,-1.019000,0.841000,-28.382000,43.725000,85.130000,29.28
0.101854,0.684000,-0.150000,-0.702000,-1.542000,3.176000,-0.763000,29.14
0.102279,0.692000,-0.151000,-0.703000,-1.527000,2.779000,-0.458000,29.14
0.102704,0.681000,-0.153000,-0.706000,-1.496000,2.534000,-0.443000,29.24
0.103141,0.677000,-0.148000,-0.711000,-1.649000,2.702000,-0.397000,29.19
0.103562,0.681000,-0.152000,-0.725000,-1.618000,2.992000,-0.336000,29.28
0.103995,0.679000,-0.156000,-0.716000,-1.573000,3.176000,-0.473000,29.14
0.104422,0.683000,-0.154000,-0.700000,-1.725000,3.191000,-0.611000,29.24
0.111995,0.679000,-0.149000,-0.703000,-1.740000,3.008000,-0.809000,29.19
0.118705,0.686000,-0.145000,-0.694000,-1.466000,2.489000,-0.489000,29.09
0.130867,0.675000,-0.139000,-0.714000,-1.359000,2.565000,-0.427000,29.14
0.143569,0.686000,-0.163000,-0.709000,-1.374000,2.916000,-0.198000,29.14
0.150372,0.678000,-0.156000,-0.722000,-1.527000,3.450000,-0.550000,29.24
0.162724,0.677000,-0.154000,-0.719000,-1.985000,4.504000,-0.794000,29.09
0.169813,0.688000,-0.157000,-0.722000,-2.809000,5.115000,-1.099000,29.19
0.181900,0.683000,-0.146000,-0.723000,-3.389000,4.824000,-1.160000,29.14
0.188901,0.680000,-0.142000,-0.712000,-4.168000,4.580000,-1.298000,29.14
0.201456,0.681000,-0.131000,-0.692000,-3.466000,4.901000,-0.947000,29.09
0.208428,0.682000,-0.137000,-0.712000,-2.992000,5.359000,-0.534000,29.19
0.220664,0.684000,-0.138000,-0.705000,-2.840000,6.244000,-0.473000,29.19
0.232853,0.679000,-0.144000,-0.717000,-3.374000,7.374000,-0.901000,29.24
0.239933,0.708000,-0.153000,-0.730000,-6.321000,8.305000,-1.557000,29.14
0.252653,0.688000,-0.168000,-0.720000,-8.153000,8.198000,-3.115000,29.19
0.259611,0.693000,-0.148000,-0.701000,-8.137000,8.382000,-3.771000,29.09
0.271636,0.683000,-0.163000,-0.687000,-7.481000,8.931000,-4.214000,29.14
0.279421,0.696000,-0.167000,-0.695000,-7.221000,8.153000,-5.603000,29.14
0.290944,0.695000,-0.150000,-0.698000,-7.954000,8.092000,-6.672000,29.19
0.303424,0.667000,-0.149000,-0.722000,-9.313000,8.809000,-7.191000,29.14
0.310306,0.644000,-0.123000,-0.708000,-8.855000,11.435000,-6.229000,29.14
0.322415,0.695000,-0.138000,-0.707000,-8.641000,11.588000,-5.588000,29.14
0.329625,0.748000,-0.139000,-0.689000,-9.664000,9.008000,-6.672000,29.19
0.342055,0.732000,-0.126000,-0.657000,-8.809000,4.809000,-7.740000,29.19
0.349047,0.696000,-0.122000,-0.688000,-7.847000,3.313000,-7.802000,29.24
0.361344,0.688000,-0.135000,-0.691000,-7.145000,2.244000,-6.870000,29.14
0.373388,0.712000,-0.141000,-0.709000,-7.420000,0.992000,-6.397000,29.14
0.380484,0.717000,-0.140000,-0.682000,-7.038000,-2.229000,-6.031000,29.19
0.392883,0.683000,-0.111000,-0.679000,-5.160000,-4.198000,-4.397000,29.19
0.399708,0.663000,-0.115000,-0.698000,-4.183000,-4.076000,-3.298000,29.14
0.412042,0.698000,-0.161000,-0.685000,-4.519000,-5.893000,-2.809000,29.14
0.418853,0.647000,-0.131000,-0.676000,-3.740000,-6.458000,-2.290000,29.19
0.431010,0.651000,-0.124000,-0.684000,-2.275000,-6.122000,-1.405000,29.28
0.443443,0.653000,-0.112000,-0.674000,-0.595000,-6.214000,0.305000,29.14
0.450612,0.681000,-0.098000,-0.717000,-0.473000,-5.771000,-0.153000,29.24
0.462413,0.748000,-0.200000,-0.724000,-3.084000,-8.580000,-1.252000,29.14
0.470021,0.673000,-0.172000,-0.709000,-5.221000,-11.069000,-2.382000,29.19
0.481688,0.623000,-0.092000,-0.684000,-4.336000,-10.855000,-1.389000,29.19
0.489177,0.689000,-0.089000,-0.688000,-1.496000,-10.977000,0.977000,29.14
0.501089,0.686000,-0.104000,-0.693000,1.618000,-14.092000,2.244000,29.14
0.515831,0.653000,-0.127000,-0.724000,2.840000,-13.313000,2.397000,29.19
0.520643,0.702000,-0.144000,-0.726000,0.641000,-13.069000,1.527000,29.19
0.532527,0.687000,-0.120000,-0.704000,0.229000,-13.832000,0.580000,29.14
0.540081,0.642000,-0.105000,-0.718000,1.191000,-12.305000,0.550000,29.14
0.552090,0.658000,-0.141000,-0.757000,1.985000,-10.427000,0.458000,29.09
0.559329,0.650000,-0.172000,-0.780000,0.977000,-6.779000,-0.702000,29.19
0.573856,0.632000,-0.150000,-0.771000,-1.069000,-2.733000,-2.153000,29.09
0.583568,0.649000,-0.107000,-0.743000,-1.573000,0.214000,-2.000000,29.14
0.594000,0.658000,-0.069000,-0.730000,0.305000,2.107000,-0.244000,29.14
0.606341,0.665000,-0.079000,-0.740000,2.916000,3.237000,1.832000,29.19
0.610216,0.674000,-0.088000,-0.731000,4.947000,3.924000,3.206000,29.24
0.622832,0.667000,-0.099000,-0.730000,6.366000,4.672000,4.260000,29.14
0.629708,0.677000,-0.122000,-0.724000,7.313000,5.618000,5.038000,29.14
0.642251,0.656000,-0.125000,-0.717000,8.534000,6.260000,5.542000,29.09
0.649386,0.672000,-0.134000,-0.754000,8.519000,8.229000,5.191000,29.19
0.662164,0.684000,-0.167000,-0.747000,4.718000,8.397000,3.069000,29.14
0.669202,0.624000,-0.127000,-0.732000,3.450000,9.878000,2.779000,29.14
0.681495,0.642000,-0.093000,-0.691000,5.252000,10.687000,4.137000,29.19
0.688880,0.650000,-0.120000,-0.702000,6.672000,9.176000,5.481000,29.19
0.701146,0.657000,-0.138000,-0.695000,8.931000,7.466000,6.534000,29.14
0.708483,0.676000,-0.170000,-0.729000,8.489000,6.336000,6.748000,29.14
0.721333,0.659000,-0.131000,-0.727000,5.695000,5.649000,5.802000,29.09
0.733509,0.662000,-0.113000,-0.743000,4.397000,7.221000,6.092000,29.19
0.740464,0.663000,-0.135000,-0.732000,5.908000,10.031000,6.977000,29.19
0.753022,0.660000,-0.165000,-0.742000,5.420000,11.344000,7.298000,29.24
0.760023,0.673000,-0.141000,-0.750000,3.145000,14.565000,7.847000,29.24
0.772646,0.635000,-0.157000,-0.728000,2.183000,17.786000,8.305000,29.09
0.779589,0.625000,-0.173000,-0.736000,2.489000,19.969000,8.183000,29.09
0.791961,0.645000,-0.196000,-0.757000,2.229000,24.565000,8.092000,29.14
0.799060,0.653000,-0.154000,-0.791000,1.313000,31.069000,7.893000,29.14
0.811323,0.607000,-0.111000,-0.839000,-1.344000,42.214000,7.389000,29.19
0.817243,0.642000,-0.133000,-0.839000,-5.298000,49.176000,6.931000,29.24
0.830806,0.656000,-0.117000,-0.777000,-1.802000,54.855000,6.397000,29.14
0.842868,0.610000,-0.167000,-0.744000,0.031000,57.695000,5.893000,29.05
0.850029,0.642000,-0.186000,-0.753000,-3.832000,59.817000,4.672000,29.19
0.862453,0.707000,-0.182000,-0.730000,-5.588000,63.618000,3.450000,29.09
0.869630,0.654000,-0.109000,-0.831000,-5.969000,68.366000,4.382000,29.14
0.881791,0.423000,0.017000,-1.076000,-22.519000,68.183000,10.580000,29.14
0.889178,0.304000,0.261000,-1.215000,-20.931000,63.618000,12.336000,29.09
0.901118,0.301000,0.236000,-1.310000,-13.618000,55.481000,7.282000,29.09
0.913232,0.179000,0.329000,-1.356000,-3.573000,43.786000,0.275000,29.19
0.920964,0.125000,0.352000,-1.409000,4.336000,35.542000,-6.580000,29.14
0.932812,0.112000,0.396000,-1.432000,8.305000,22.366000,-11.786000,29.14
0.940108,0.121000,0.364000,-1.445000,9.359000,11.359000,-16.870000,29.28
0.952101,0.172000,0.376000,-1.408000,8.947000,-0.656000,-21.786000,29.19
0.959156,0.261000,0.375000,-1.462000,9.069000,-8.275000,-30.214000,29.24
0.971560,0.339000,0.416000,-1.458000,9.695000,-22.870000,-43.099000,29.14
0.983636,0.242000,0.540000,-1.429000,18.321000,-33.664000,-59.847000,29.19
0.990700,0.271000,0.507000,-1.417000,22.962000,-39.817000,-81.252000,29.09
1.002754,0.330000,0.470000,-1.397000,23.679000,-46.382000,-101.878000,29.24
1.009690,0.521000,0.381000,-1.339000,22.183000,-57.008000,-117.130000,29.14
1.021537,0.574000,0.166000,-1.288000,21.695000,-68.244000,-118.366000,29.19
1.033283,0.510000,-0.021000,-1.164000,16.809000,-73.588000,-112.183000,29.24
1.040213,0.470000,-0.176000,-1.005000,8.687000,-69.237000,-101.557000,29.14
1.051886,0.525000,-0.246000,-0.932000,-0.107000,-57.542000,-88.794000,29.24
1.058669,0.607000,-0.271000,-0.849000,-7.481000,-50.153000,-74.031000,29.19
1.071450,0.653000,-0.293000,-0.778000,-4.687000,-46.351000,-51.649000,29.19
1.082879,0.620000,-0.375000,-0.677000,0.107000,-43.008000,-29.191000,29.14
1.089852,0.601000,-0.441000,-0.564000,-1.527000,-33.313000,-9.939000,29.24
1.102151,0.555000,-0.398000,-0.464000,-4.550000,-17.679000,6.916000,29.14
1.108897,0.569000,-0.402000,-0.547000,-10.824000,1.802000,15.695000,29.09
1.121404,0.883000,-0.518000,-0.671000,-37.206000,3.603000,9.115000,29.09
1.133422,1.163000,-0.355000,-0.640000,-48.580000,-37.954000,4.153000,29.14
1.140420,0.940000,-0.098000,-0.521000,-30.656000,-81.710000,3.344000,29.14
1.152552,0.555000,-0.178000,-0.294000,-7.130000,-103.008000,-2.870000,29.09
1.159243,0.414000,-0.330000,-0.111000,-1.130000,-101.588000,-16.244000,29.19
1.171582,1.083000,-0.994000,1.017000,28.824000,-69.603000,-2.122000,29.24
1.178430,0.937000,-1.022000,1.747000,25.634000,14.473000,22.046000,29.14
1.190793,1.799000,-1.301000,2.808000,7.634000,133.267000,71.969000,29.19
1.202918,2.561000,-1.577000,4.000000,-2.046000,249.237000,114.733000,29.19
1.209712,4.000000,2.533000,-1.853000,182.672000,234.595000,246.580000,29.14
1.221832,2.817000,-0.688000,-0.841000,22.565000,-166.534000,-27.420000,29.24
1.228438,-1.559000,-1.317000,-1.755000,94.366000,-38.351000,61.084000,29.19
1.240374,-0.928000,-0.317000,-0.187000,17.557000,174.718000,3.450000,29.09
1.252754,1.132000,-0.193000,-0.592000,29.557000,-127.374000,16.931000,29.19
1.259836,0.392000,-0.610000,-0.929000,-16.366000,1.969000,3.405000,29.14
1.271920,0.860000,-0.104000,-0.515000,-22.794000,23.420000,-7.649000,29.14
1.278920,0.551000,-0.122000,-0.765000,-12.733000,-1.863000,-7.053000,29.19
1.291049,0.675000,-0.105000,-0.780000,-1.115000,16.489000,-7.084000,29.14
1.303194,0.686000,-0.128000,-0.744000,2.031000,-3.267000,-4.000000,29.24
1.310373,0.714000,-0.101000,-0.743000,-7.557000,17.359000,-2.947000,29.14
1.322485,0.808000,-0.050000,-0.657000,-6.000000,16.137000,-0.733000,29.19
1.329270,0.710000,-0.252000,-0.698000,-1.985000,12.641000,-2.595000,29.19
1.341813,0.712000,-0.172000,-0.707000,-0.183000,8.748000,-3.954000,29.14
1.348471,0.708000,-0.087000,-0.728000,-1.130000,11.176000,-2.046000,29.14
1.360687,0.717000,-0.149000,-0.700000,-2.458000,15.374000,-1.359000,29.14
1.373075,0.687000,-0.156000,-0.723000,-1.710000,13.038000,-2.122000,29.19
1.380341,0.697000,-0.141000,-0.701000,-0.412000,12.870000,-2.443000,29.19
1.392169,0.697000,-0.142000,-0.700000,-0.580000,12.443000,-2.092000,29.14
1.399276,0.693000,-0.131000,-0.694000,-2.122000,14.137000,-2.351000,29.14
1.411466,0.709000,-0.108000,-0.673000,-2.397000,12.901000,-1.649000,29.19
1.418418,0.710000,-0.100000,-0.657000,-1.145000,9.939000,-0.580000,29.19
1.430945,0.725000,-0.119000,-0.644000,0.504000,5.878000,0.382000,29.14
1.443485,0.733000,-0.127000,-0.648000,1.176000,1.023000,1.557000,29.14
1.450528,0.738000,-0.134000,-0.638000,1.771000,-3.634000,2.779000,29.09
1.462968,0.729000,-0.121000,-0.656000,2.290000,-6.763000,4.015000,29.19
1.469957,0.685000,-0.115000,-0.671000,3.588000,-10.031000,4.137000,29.14
1.482246,0.639000,-0.098000,-0.704000,3.985000,-7.649000,4.427000,29.14
1.489509,0.660000,-0.141000,-0.726000,6.290000,-15.893000,4.534000,29.19
1.502006,0.655000,-0.143000,-0.738000,4.366000,-8.168000,2.366000,29.09
1.508874,0.680000,-0.123000,-0.720000,3.252000,-4.626000,2.687000,29.14
1.521388,0.697000,-0.135000,-0.707000,5.557000,-6.076000,3.084000,29.05
1.527011,0.687000,-0.120000,-0.726000,6.244000,-3.023000,3.435000,29.14
1.541028,0.689000,-0.112000,-0.729000,5.832000,-1.237000,4.015000,29.09
1.553406,0.675000,-0.123000,-0.725000,4.595000,4.916000,4.641000,29.14
1.560766,0.681000,-0.147000,-0.718000,4.443000,4.595000,4.733000,29.14
1.573218,0.667000,-0.143000,-0.732000,3.832000,8.275000,4.198000,29.14
1.580383,0.661000,-0.118000,-0.739000,4.473000,9.282000,5.237000,29.19
1.592734,0.662000,-0.165000,-0.733000,3.679000,13.832000,5.557000,29.19
1.600170,0.650000,-0.195000,-0.736000,2.275000,16.107000,5.252000,29.14
1.612617,0.663000,-0.156000,-0.769000,0.748000,20.351000,4.443000,29.14
1.619422,0.651000,-0.140000,-0.813000,0.275000,27.695000,4.290000,29.09
1.632040,0.637000,-0.114000,-0.866000,-2.565000,43.740000,5.863000,29.00
1.640402,0.559000,-0.018000,-0.895000,-1.435000,56.122000,8.458000,29.14
1.650949,0.512000,-0.060000,-0.958000,1.160000,73.084000,11.878000,29.14
1.664375,0.561000,-0.011000,-0.911000,7.405000,85.771000,14.061000,29.09
1.670727,0.633000,-0.183000,-0.899000,12.031000,102.718000,22.748000,29.19
1.682592,0.845000,-0.013000,-0.847000,-4.061000,120.763000,29.023000,29.14
1.688733,0.788000,-0.087000,-0.928000,-24.550000,130.885000,36.840000,29.14
1.702155,0.762000,0.288000,-1.046000,-32.229000,133.557000,45.786000,29.19
1.713232,0.673000,0.415000,-1.363000,-22.183000,124.656000,43.176000,29.09
1.720635,0.182000,0.670000,-1.643000,-5.496000,89.847000,22.031000,29.09
1.739192,0.027000,0.787000,-1.773000,2.748000,64.687000,-14.733000,29.14
1.741007,-0.061000,0.805000,-1.782000,9.221000,35.298000,-48.153000,29.14
1.751867,0.053000,0.605000,-1.716000,3.908000,8.748000,-67.924000,29.19
1.759271,0.115000,0.272000,-1.733000,-2.626000,-27.771000,-57.725000,29.14
1.771083,-0.154000,0.033000,-1.449000,-10.519000,-48.489000,-37.038000,29.14
1.786265,-0.160000,-0.130000,-1.294000,-26.000000,-46.733000,-17.008000,29.24
1.789994,0.011000,-0.121000,-1.216000,-36.534000,-49.573000,0.092000,29.19
1.801751,0.194000,-0.108000,-1.214000,-39.344000,-58.214000,10.061000,29.19
1.813651,0.332000,-0.099000,-1.151000,-41.573000,-71.313000,14.351000,29.14
1.820769,0.393000,-0.078000,-1.048000,-45.420000,-71.924000,15.817000,29.05
1.833369,0.455000,-0.062000,-0.954000,-45.679000,-72.565000,16.458000,29.09
1.844674,0.553000,-0.035000,-0.872000,-44.931000,-68.076000,16.916000,29.09
1.851585,0.682000,-0.015000,-0.878000,-46.702000,-61.756000,13.771000,29.14
1.863836,0.769000,0.008000,-0.821000,-42.412000,-65.954000,6.321000,29.14
1.870902,0.765000,0.019000,-0.780000,-39.634000,-64.611000,-4.260000,29.09
1.882900,0.728000,0.004000,-0.718000,-31.908000,-58.321000,-16.031000,29.09
1.889631,0.719000,-0.050000,-0.703000,-24.412000,-48.122000,-25.527000,29.14
1.901369,0.773000,-0.132000,-0.729000,-19.130000,-43.588000,-31.863000,29.14
1.913377,0.812000,-0.176000,-0.732000,-18.916000,-39.176000,-34.931000,29.19
1.920407,0.818000,-0.166000,-0.704000,-18.260000,-32.321000,-35.023000,29.19
1.932340,0.741000,-0.172000,-0.677000,-13.878000,-16.198000,-35.939000,29.33
1.939255,0.781000,-0.189000,-0.660000,-10.672000,-39.389000,-34.275000,29.14
1.950716,0.891000,-0.223000,-0.759000,-12.992000,-29.756000,-37.344000,29.09
1.965554,1.028000,-0.261000,-0.770000,-19.176000,-41.481000,-38.962000,29.19
1.969437,0.990000,-0.214000,-0.731000,-17.771000,-60.168000,-37.176000,29.14
1.981460,0.853000,-0.190000,-0.642000,-11.679000,-64.168000,-31.954000,29.14
1.993382,0.771000,-0.257000,-0.557000,-9.527000,-64.763000,-28.290000,29.05
2.005113,0.760000,-0.274000,-0.491000,-10.611000,-59.847000,-26.901000,29.09
2.012600,0.754000,-0.255000,-0.427000,-10.840000,-51.969000,-27.328000,29.00
2.018609,0.779000,-0.265000,-0.410000,-8.931000,-46.290000,-29.099000,29.05
2.030730,0.782000,-0.247000,-0.356000,-3.023000,-46.427000,-32.580000,29.14
2.042664,0.750000,-0.191000,-0.310000,6.687000,-46.198000,-36.962000,29.19
2.049502,0.792000,-0.210000,-0.345000,13.481000,-43.450000,-48.183000,29.19
2.061767,1.331000,-0.414000,0.127000,29.237000,-41.359000,-55.038000,29.14
2.068487,0.929000,-0.420000,0.507000,42.687000,-24.916000,-50.779000,29.14
2.080686,1.381000,-0.703000,0.829000,38.733000,14.656000,-41.359000,29.09
2.093074,1.672000,-0.880000,1.328000,30.565000,46.901000,-26.947000,29.19
2.100841,1.934000,-1.025000,1.924000,22.550000,100.534000,6.260000,29.14
2.116818,1.640000,-0.787000,1.997000,23.130000,173.130000,72.916000,29.14
2.123740,3.236000,0.072000,-1.463000,-5.435000,156.168000,39.969000,29.09
2.135621,2.090000,1.118000,-1.375000,35.847000,-15.969000,36.076000,29.19
2.140362,0.658000,0.479000,-0.514000,81.924000,50.687000,54.870000,29.14
2.151430,1.046000,-0.852000,-1.082000,94.000000,43.878000,41.863000,29.05
2.164034,0.698000,-1.053000,-0.858000,60.244000,-0.687000,41.053000,29.19
2.169941,0.897000,-0.151000,-0.819000,34.519000,23.756000,28.977000,29.09
2.182170,0.681000,0.177000,-0.824000,31.069000,23.115000,21.954000,29.14
2.189268,0.951000,-0.553000,-0.832000,24.977000,20.260000,20.153000,29.14
2.201531,0.691000,-0.475000,-0.598000,10.229000,4.626000,2.977000,29.09
2.208449,0.658000,-0.140000,-0.837000,6.824000,-2.305000,-6.641000,29.19
2.220958,0.759000,-0.126000,-0.764000,-1.893000,7.710000,-5.939000,29.14
2.233107,0.771000,-0.176000,-0.693000,-6.916000,7.969000,-6.305000,29.24
2.240187,0.751000,-0.080000,-0.678000,-5.573000,7.481000,-3.863000,29.14
2.252728,0.745000,-0.101000,-0.677000,0.122000,1.771000,-1.710000,29.09
2.259789,0.700000,-0.219000,-0.728000,-1.298000,4.183000,-4.336000,29.09
2.272862,0.690000,-0.105000,-0.740000,-4.565000,6.000000,-5.618000,29.14
2.279142,0.719000,-0.074000,-0.700000,-3.893000,7.481000,-2.977000,29.14
2.291264,0.694000,-0.101000,-0.727000,-1.985000,6.702000,-0.275000,29.09
2.298817,0.692000,-0.139000,-0.718000,-0.626000,7.069000,0.840000,29.19
2.310694,0.680000,-0.134000,-0.719000,-0.931000,6.794000,0.397000,29.05
2.323199,0.689000,-0.109000,-0.714000,-1.695000,8.000000,0.702000,29.14
2.330523,0.686000,-0.102000,-0.699000,-1.710000,7.634000,1.237000,29.09
2.342766,0.667000,-0.091000,-0.709000,-0.214000,7.267000,2.275000,29.14
2.350141,0.703000,-0.118000,-0.681000,0.809000,7.267000,2.977000,29.05
2.362670,0.673000,-0.130000,-0.706000,-5.176000,8.656000,3.206000,29.14
2.369530,0.696000,-0.113000,-0.686000,7.603000,-11.130000,4.275000,29.19
2.382102,0.693000,-0.112000,-0.700000,4.031000,10.626000,3.847000,29.09
2.389104,0.722000,-0.152000,-0.677000,7.450000,-2.321000,4.168000,29.24
2.401397,0.705000,-0.127000,-0.687000,7.359000,8.779000,4.351000,29.14
2.408830,0.661000,-0.092000,-0.754000,6.763000,-1.496000,6.916000,29.28
2.421141,0.695000,-0.083000,-0.760000,8.458000,11.573000,8.947000,29.19
2.433426,0.676000,-0.040000,-0.792000,5.954000,17.878000,10.351000,29.05
2.440496,0.688000,-0.016000,-0.778000,0.840000,35.725000,12.443000,29.14
2.452765,0.691000,-0.063000,-0.745000,4.473000,33.939000,13.573000,29.19
2.464061,0.684000,-0.186000,-0.741000,6.947000,31.634000,12.519000,29.09
2.471818,0.606000,-0.213000,-0.764000,7.832000,31.985000,10.260000,29.14
2.479179,0.565000,-0.233000,-0.830000,2.183000,40.565000,9.221000,29.14
2.491243,0.519000,-0.234000,-0.961000,-4.580000,60.458000,6.153000,29.09
2.503514,0.440000,-0.088000,-1.163000,-6.885000,86.137000,10.870000,29.19
2.510915,0.475000,-0.028000,-1.322000,-3.328000,114.595000,16.779000,29.24
2.522596,0.281000,0.300000,-1.406000,-4.779000,124.763000,19.893000,29.14
2.530118,-0.154000,0.966000,-2.122000,3.679000,96.702000,9.389000,29.09
2.541937,-0.672000,1.026000,-2.370000,21.557000,53.206000,-20.489000,29.09
2.550017,-0.942000,1.036000,-2.451000,27.313000,9.878000,-50.687000,29.05
2.561955,-0.962000,0.842000,-2.498000,26.809000,-28.824000,-68.229000,29.05
2.576130,-0.837000,0.575000,-2.410000,13.160000,-64.458000,-68.489000,29.14
2.579853,-0.641000,0.362000,-2.248000,-2.794000,-92.977000,-53.145000,29.09
2.591770,-0.093000,0.214000,-1.976000,-16.672000,-110.565000,-25.206000,29.19
2.597627,0.240000,-0.247000,-1.534000,-28.412000,-109.740000,4.458000,29.14
2.610678,0.879000,-0.353000,-0.863000,-28.244000,-89.466000,24.183000,29.14
2.623113,0.863000,-0.144000,0.834000,17.053000,-31.023000,44.305000,29.09
2.630204,2.116000,-0.739000,0.673000,34.443000,56.351000,47.267000,29.09
2.642039,2.199000,-0.940000,-0.115000,-14.214000,41.145000,27.206000,29.14
2.649500,0.984000,-0.348000,-0.329000,-47.832000,7.664000,15.115000,29.14
2.661377,0.800000,-0.204000,-0.271000,-52.275000,25.588000,17.771000,29.19
2.673596,1.042000,-0.520000,-0.104000,-37.267000,9.145000,24.183000,29.09
2.680260,1.299000,-0.891000,0.472000,-10.382000,-16.595000,21.527000,29.14
2.692483,2.170000,-1.437000,1.434000,17.664000,-17.206000,3.359000,29.14
2.699681,3.570000,-1.962000,3.000000,20.733000,-37.649000,-20.061000,29.19
2.711530,4.000000,-2.488000,4.000000,-11.252000,-35.756000,-21.481000,29.14
2.723308,0.989000,0.840000,-0.725000,22.565000,-101.878000,-11.496000,29.05
2.730370,-0.474000,0.104000,-1.583000,-12.855000,-115.145000,4.550000,29.14
2.742620,0.480000,0.042000,-1.129000,-11.069000,8.641000,5.084000,29.09
2.750067,0.630000,-0.932000,-0.970000,1.878000,-45.542000,0.321000,29.19
2.762061,0.573000,0.062000,-0.950000,-2.534000,-5.344000,-5.206000,29.14
2.769431,0.897000,-0.294000,-0.606000,-6.031000,-4.519000,-5.206000,29.14
2.781384,0.722000,-0.107000,-0.680000,-15.282000,4.351000,-11.634000,29.14
2.793626,0.639000,0.102000,-0.794000,-11.053000,15.328000,-5.511000,29.09
2.800252,0.680000,-0.017000,-0.725000,-2.458000,13.130000,-0.260000,29.19
2.812752,0.667000,-0.071000,-0.728000,5.328000,13.893000,2.687000,29.24
2.819772,0.690000,-0.005000,-0.727000,7.160000,10.382000,8.656000,29.14
2.832181,0.737000,-0.085000,-0.710000,3.969000,14.656000,11.237000,29.19
2.839702,0.678000,-0.187000,-0.751000,-0.458000,18.962000,9.786000,29.09
2.851431,0.668000,-0.155000,-0.818000,-1.176000,24.809000,7.802000,29.14
2.864115,0.622000,-0.070000,-0.874000,-0.229000,34.198000,7.191000,29.14
2.871091,0.589000,-0.070000,-0.836000,0.076000,45.893000,8.687000,29.19
2.883066,0.515000,-0.074000,-0.894000,0.168000,49.939000,10.824000,29.09
2.890487,0.421000,-0.137000,-0.916000,-2.901000,66.336000,14.076000,29.14
2.902191,0.426000,-0.064000,-1.022000,1.542000,80.351000,17.313000,29.14
2.909562,0.521000,-0.076000,-0.930000,-3.206000,89.099000,21.420000,29.19
2.921736,0.772000,0.011000,-0.860000,-7.069000,102.229000,30.153000,29.14
2.928824,0.111000,0.632000,-1.660000,-8.733000,91.313000,23.038000,29.14
2.940972,-0.193000,0.818000,-2.056000,-0.534000,72.748000,11.160000,29.14
2.953205,-0.354000,0.988000,-2.195000,7.313000,38.229000,-16.443000,29.09
2.959884,-0.522000,1.080000,-2.155000,18.031000,-2.824000,-50.824000,29.09
2.972003,-0.444000,0.933000,-2.012000,23.023000,-34.260000,-78.641000,29.14
2.978836,-0.273000,0.626000,-1.848000,19.115000,-55.557000,-89.786000,29.05
2.990911,-0.043000,0.286000,-1.658000,10.626000,-66.931000,-81.084000,29.14
3.002971,0.133000,-0.014000,-1.466000,2.901000,-75.069000,-56.397000,29.09
3.009894,0.306000,-0.308000,-1.205000,-15.817000,-69.847000,-28.992000,29.09
3.022083,0.429000,-0.395000,-0.938000,-29.282000,-54.702000,1.053000,29.14
3.028855,0.541000,-0.403000,-0.716000,-35.527000,-38.382000,25.298000,29.24
3.041021,0.596000,-0.429000,-0.340000,-24.382000,-6.565000,46.427000,29.19
3.053060,0.863000,-0.714000,-0.324000,-26.168000,37.924000,60.931000,29.09
3.059751,1.117000,-0.969000,-0.627000,-61.176000,43.267000,65.053000,29.05
3.072020,1.126000,-0.925000,-0.650000,-110.824000,12.015000,57.725000,29.14
3.077722,0.888000,-0.488000,-0.338000,-121.176000,-12.290000,51.282000,29.00
3.090982,0.887000,-0.302000,0.123000,-74.565000,-20.550000,52.092000,29.09
3.102739,1.248000,-0.605000,0.833000,-7.008000,-19.450000,48.901000,29.14
3.109790,1.925000,-1.072000,1.895000,47.267000,6.504000,45.649000,29.05
3.122381,3.696000,-1.749000,3.052000,78.168000,18.641000,46.275000,29.19
3.129995,4.000000,-1.854000,3.511000,15.023000,-27.847000,8.977000,29.09
3.141373,0.694000,0.153000,-0.678000,32.565000,-127.115000,-15.176000,29.14
3.153684,0.146000,0.539000,-1.277000,5.618000,-83.481000,14.702000,29.05
3.160480,0.530000,-0.055000,-1.035000,23.328000,-49.817000,18.855000,29.09
3.172959,0.346000,-1.239000,-1.077000,20.168000,-43.939000,6.916000,29.19
3.179909,0.368000,-0.270000,-1.063000,-3.802000,-10.458000,-8.198000,29.14
3.191859,0.682000,-0.043000,-0.820000,-5.389000,6.061000,-7.954000,29.14
3.199000,0.798000,-0.247000,-0.675000,-14.168000,21.084000,-8.534000,29.14
3.210907,0.719000,-0.203000,-0.695000,-14.931000,9.115000,-11.786000,29.19
3.223164,0.711000,-0.016000,-0.726000,-7.450000,6.275000,-8.962000,29.09
3.230621,0.715000,-0.005000,-0.733000,-1.725000,5.038000,-3.450000,29.14
3.242664,0.709000,-0.094000,-0.731000,-2.321000,8.580000,-0.855000,29.14
3.249591,0.695000,-0.135000,-0.728000,-4.092000,11.115000,-0.351000,29.09
3.261997,0.703000,-0.093000,-0.721000,-2.687000,11.267000,1.908000,29.09
3.270095,0.710000,-0.129000,-0.713000,0.290000,11.191000,3.969000,29.05
3.281670,0.679000,-0.175000,-0.724000,1.679000,10.504000,3.359000,29.14
3.293510,0.668000,-0.207000,-0.729000,-0.733000,13.756000,1.008000,29.09
3.300688,0.656000,-0.154000,-0.748000,-3.084000,12.061000,-0.382000,29.19
3.318858,0.663000,-0.100000,-0.757000,-3.573000,12.412000,0.489000,29.14
3.321469,0.680000,-0.060000,-0.777000,-3.725000,12.519000,1.817000,29.14
3.332631,0.696000,-0.054000,-0.740000,-2.550000,14.229000,3.527000,29.09
3.339864,0.678000,0.010000,-0.712000,1.282000,14.244000,7.053000,29.09
3.352602,0.643000,0.013000,-0.693000,5.740000,14.458000,10.992000,29.09
3.359431,0.605000,-0.191000,-0.689000,6.916000,14.198000,10.794000,29.14
3.374372,0.554000,-0.390000,-0.748000,2.382000,17.038000,6.611000,29.14
3.383550,0.516000,-0.288000,-0.829000,-5.664000,32.885000,3.832000,29.19
3.390833,0.542000,-0.182000,-0.897000,-8.427000,47.832000,0.611000,29.05
3.402961,0.542000,-0.100000,-0.971000,-12.351000,68.443000,-0.870000,29.05
3.410108,0.528000,0.050000,-1.021000,-5.725000,88.214000,-1.588000,29.14
3.422236,0.502000,0.191000,-1.263000,25.969000,107.969000,4.504000,29.09
3.429622,0.717000,-0.044000,-1.182000,39.252000,116.443000,1.786000,29.00
3.441621,0.689000,0.061000,-1.418000,40.412000,117.939000,2.366000,29.14
3.455305,0.487000,0.476000,-1.562000,47.084000,110.901000,-16.076000,29.05
3.460358,0.450000,0.734000,-1.628000,65.618000,101.511000,-39.481000,29.14
3.472439,0.697000,0.522000,-1.612000,64.092000,76.595000,-66.901000,29.09
3.479546,0.645000,0.303000,-1.688000,62.000000,39.344000,-64.351000,29.09
3.491848,0.379000,0.146000,-1.436000,56.290000,23.557000,-54.153000,29.05
3.498643,0.269000,-0.048000,-1.254000,38.565000,24.473000,-42.229000,29.05
3.510738,0.297000,-0.034000,-1.161000,22.290000,26.580000,-29.511000,29.09
3.522654,0.343000,-0.055000,-1.096000,11.008000,25.008000,-18.901000,29.19
3.529932,0.324000,-0.072000,-0.998000,1.847000,19.786000,-10.061000,29.05
3.541989,0.259000,-0.095000,-0.911000,-7.969000,18.947000,-1.618000,29.14
3.549198,0.234000,-0.113000,-0.853000,-18.443000,21.771000,4.687000,29.09
3.561319,0.253000,-0.079000,-0.828000,-27.130000,26.458000,8.855000,29.19
3.573376,0.386000,-0.091000,-0.917000,-36.763000,24.229000,7.664000,29.14
3.580609,0.593000,-0.083000,-0.973000,-45.786000,5.969000,3.374000,29.14
3.592808,0.661000,0.007000,-0.962000,-47.160000,-28.931000,1.573000,29.09
3.599965,0.518000,0.028000,-0.852000,-40.244000,-56.229000,2.412000,29.09
3.611982,0.311000,-0.044000,-0.697000,-37.405000,-64.947000,1.221000,29.14
3.619006,0.289000,-0.036000,-0.633000,-40.473000,-64.000000,-2.046000,29.14
3.630865,0.355000,-0.003000,-0.624000,-42.595000,-65.878000,-6.198000,29.09
3.642850,0.395000,0.063000,-0.649000,-40.931000,-72.473000,-10.718000,29.19
3.650328,0.359000,0.122000,-0.649000,-38.458000,-80.611000,-16.534000,29.14
3.661764,0.313000,0.129000,-0.625000,-37.328000,-87.328000,-24.321000,29.05
3.673626,0.342000,0.101000,-0.571000,-39.588000,-92.992000,-33.679000,29.14
3.680662,0.378000,0.039000,-0.528000,-41.511000,-94.198000,-41.756000,29.09
3.692463,0.501000,-0.003000,-0.540000,-42.458000,-89.802000,-49.221000,29.19
3.699597,0.840000,-0.138000,-0.601000,-48.779000,-92.580000,-58.244000,29.05
3.711414,1.209000,-0.254000,-0.621000,-54.580000,-115.191000,-66.656000,29.14
3.722957,1.334000,-0.234000,-0.540000,-50.840000,-140.183000,-68.122000,29.19
3.730161,1.326000,-0.316000,-0.411000,-39.924000,-155.771000,-64.153000,29.09
3.741726,1.258000,-0.467000,-0.236000,-30.183000,-157.832000,-57.542000,29.14
3.753403,1.228000,-0.594000,-0.058000,-29.206000,-146.855000,-50.992000,29.14
3.760538,1.246000,-0.564000,0.110000,-33.481000,-127.756000,-44.901000,29.09
3.772340,2.392000,-1.038000,1.158000,38.443000,-86.305000,-19.115000,29.09
3.779884,0.652000,-0.864000,2.765000,63.008000,9.893000,50.275000,29.05
3.791922,2.553000,-1.424000,2.805000,64.046000,217.053000,95.817000,29.14
3.803780,2.722000,-1.251000,-0.677000,21.588000,246.672000,44.901000,29.09
3.811007,3.890000,0.296000,-2.035000,44.031000,-14.931000,22.763000,29.09
3.823620,0.518000,0.479000,-0.557000,43.008000,-16.534000,37.618000,29.09
3.830428,0.585000,-0.487000,-0.920000,82.015000,90.168000,43.893000,29.14
3.842220,1.147000,-0.867000,-1.102000,63.038000,16.351000,32.382000,29.05
3.855280,0.596000,-0.568000,-0.621000,36.260000,17.130000,29.252000,29.09
3.861646,1.128000,0.155000,-0.861000,24.076000,45.695000,17.069000,29.24
3.873557,0.805000,-0.266000,-0.670000,27.557000,8.107000,22.962000,29.14
3.880886,0.907000,-0.343000,-0.804000,24.473000,9.832000,14.794000,29.14
3.892856,0.834000,-0.290000,-0.776000,21.328000,-11.053000,5.649000,29.09
3.900157,0.734000,-0.194000,-0.793000,8.550000,-8.290000,1.084000,29.09
3.912559,0.717000,-0.096000,-0.794000,0.076000,-1.298000,-1.511000,29.14
3.922248,0.681000,-0.118000,-0.769000,-2.458000,2.107000,-1.038000,29.05
3.932092,0.682000,-0.095000,-0.755000,-0.061000,2.244000,0.305000,29.09
3.938945,0.704000,-0.121000,-0.739000,1.725000,1.603000,0.641000,29.19
3.951550,0.649000,-0.096000,-0.743000,0.321000,5.221000,0.275000,29.09
3.963719,0.644000,-0.100000,-0.754000,-1.099000,9.847000,-0.153000,29.14
3.970895,0.670000,-0.120000,-0.742000,-1.053000,11.313000,-0.626000,29.14
3.983117,0.652000,-0.140000,-0.763000,-0.061000,11.740000,0.260000,29.09
3.996899,0.659000,-0.145000,-0.749000,0.092000,11.863000,0.427000,29.09
4.002552,0.665000,-0.146000,-0.733000,-0.519000,12.031000,0.458000,29.14
4.009632,0.671000,-0.139000,-0.720000,-1.893000,11.863000,0.031000,29.14
4.021737,0.674000,-0.120000,-0.715000,-2.198000,10.718000,0.183000,29.09
4.029111,0.669000,-0.118000,-0.710000,-1.511000,8.611000,0.702000,29.09
4.041135,0.692000,-0.115000,-0.688000,-1.237000,6.153000,1.053000,29.14
4.053890,0.685000,-0.103000,-0.685000,-0.122000,1.038000,1.863000,29.14
4.064662,0.671000,-0.109000,-0.705000,-0.855000,1.679000,2.641000,29.09
4.077490,0.683000,-0.122000,-0.702000,0.260000,-2.794000,3.267000,29.09
4.080348,0.670000,-0.129000,-0.717000,0.870000,-2.137000,3.420000,29.09
4.093341,0.676000,-0.116000,-0.718000,1.466000,-3.725000,3.771000,29.05
4.099730,0.687000,-0.131000,-0.720000,1.206000,-2.305000,3.008000,29.14
4.112380,0.653000,-0.115000,-0.732000,1.740000,-1.466000,2.702000,29.09
4.119617,0.669000,-0.148000,-0.728000,0.870000,0.351000,1.954000,29.05
4.131723,0.636000,-0.124000,-0.723000,0.458000,-0.107000,1.618000,29.14
4.138871,0.625000,-0.131000,-0.754000,0.947000,1.359000,1.542000,29.14
4.153474,0.668000,-0.150000,-0.732000,0.305000,3.115000,0.916000,29.00
4.161659,0.668000,-0.129000,-0.732000,0.153000,4.061000,0.733000,29.09
4.170985,0.662000,-0.127000,-0.735000,0.382000,4.504000,1.298000,29.05
4.187080,0.661000,-0.135000,-0.744000,0.229000,5.511000,1.053000,29.14
4.190414,0.666000,-0.133000,-0.747000,0.290000,6.504000,1.588000,29.09
4.202825,0.668000,-0.138000,-0.722000,0.382000,7.298000,1.740000,29.09
4.210915,0.669000,-0.139000,-0.738000,0.443000,8.458000,2.031000,29.14
4.222687,0.669000,-0.148000,-0.727000,0.183000,8.076000,1.405000,29.14
4.230089,0.682000,-0.139000,-0.718000,0.198000,8.550000,1.008000,29.09
4.242564,0.675000,-0.125000,-0.746000,0.565000,9.725000,1.908000,29.09
4.250609,0.665000,-0.106000,-0.742000,0.687000,13.313000,3.298000,29.05
4.268104,0.669000,-0.129000,-0.742000,0.336000,21.328000,4.382000,29.14
4.269405,0.659000,-0.090000,-0.751000,3.664000,17.038000,6.076000,29.24
4.285637,0.608000,-0.076000,-0.827000,4.443000,25.573000,6.931000,29.19
4.291455,0.592000,-0.080000,-0.868000,3.481000,39.282000,9.985000,29.00
4.301861,0.644000,-0.048000,-0.800000,4.168000,49.389000,13.374000,29.05
4.319276,0.574000,-0.153000,-0.821000,5.237000,57.435000,14.901000,29.14
4.320620,0.550000,-0.094000,-0.870000,13.786000,68.763000,17.603000,29.09
4.333736,0.552000,-0.101000,-0.900000,4.427000,81.420000,17.328000,29.05
4.340841,0.564000,0.048000,-0.944000,19.160000,96.809000,23.893000,29.14
4.352898,0.733000,-0.079000,-1.004000,6.595000,118.031000,29.115000,29.05
4.358981,0.763000,-0.173000,-0.914000,0.092000,133.176000,31.450000,29.19
4.371451,0.877000,0.081000,-0.935000,0.931000,142.840000,38.534000,29.19
4.384644,0.881000,0.081000,-1.051000,14.214000,144.550000,43.282000,29.05
4.390149,0.546000,0.158000,-1.170000,20.962000,141.618000,47.069000,29.05
4.402544,0.420000,0.327000,-1.455000,24.214000,126.260000,39.511000,29.05
4.409872,0.178000,0.525000,-1.624000,25.481000,108.214000,26.443000,29.09
4.422222,0.078000,0.615000,-1.741000,20.656000,82.565000,7.405000,29.09
4.429015,-0.169000,0.701000,-1.750000,21.405000,53.420000,-9.649000,29.14
4.440994,-0.258000,0.625000,-1.806000,17.313000,28.504000,-26.412000,29.05
4.453179,-0.263000,0.544000,-1.806000,9.405000,1.267000,-36.229000,29.09
4.461797,-0.246000,0.441000,-1.746000,-0.534000,-22.168000,-40.580000,29.09
4.471807,-0.157000,0.309000,-1.665000,-12.519000,-42.779000,-40.870000,29.14
4.478937,-0.006000,0.190000,-1.547000,-24.382000,-60.366000,-37.252000,28.95
4.490613,0.125000,0.044000,-1.401000,-32.214000,-72.626000,-26.473000,29.14
4.502410,0.272000,-0.047000,-1.290000,-40.244000,-78.595000,-15.725000,29.09
4.509588,0.590000,-0.229000,-1.241000,-55.893000,-80.504000,-8.931000,29.19
4.524353,0.688000,-0.137000,-1.107000,-66.702000,-89.313000,-6.779000,29.05
4.533454,0.640000,-0.002000,-0.995000,-69.603000,-88.534000,-12.504000,29.24
4.540105,0.812000,-0.063000,-0.958000,-75.756000,-80.977000,-21.405000,29.09
4.551965,0.809000,-0.011000,-0.938000,-77.710000,-92.611000,-33.786000,29.19
4.561017,1.072000,-0.011000,-0.906000,-79.069000,-96.260000,-47.389000,29.14
4.570770,1.198000,0.026000,-0.853000,-65.939000,-111.695000,-50.763000,29.05
4.582806,1.176000,-0.007000,-0.768000,-44.229000,-129.267000,-48.275000,29.09
4.589296,1.086000,-0.125000,-0.671000,-27.053000,-129.710000,-46.321000,29.09
4.602707,1.100000,-0.250000,-0.202000,10.366000,-116.641000,-28.855000,29.05
4.617719,1.015000,-0.552000,0.071000,23.176000,-89.053000,-20.916000,29.05
4.622116,1.057000,-0.488000,-0.012000,15.405000,-46.290000,-25.084000,29.09
4.632298,1.119000,-0.318000,-0.085000,5.450000,-25.115000,-33.115000,29.19
4.640507,1.129000,-0.186000,-0.227000,1.298000,-12.763000,-39.893000,29.05
4.651271,1.108000,-0.111000,-0.384000,-1.008000,-5.435000,-46.626000,29.14
4.663370,1.136000,-0.108000,-0.489000,-3.527000,-7.099000,-53.191000,29.14
4.670118,1.248000,-0.130000,-0.525000,-1.527000,-20.275000,-55.969000,29.19
4.682379,1.210000,-0.109000,-0.510000,4.229000,-25.893000,-52.931000,29.09
4.689509,1.302000,-0.225000,-0.505000,4.855000,-37.176000,-52.015000,29.05
4.701476,1.281000,-0.257000,-0.438000,5.252000,-59.954000,-50.779000,29.05
4.718726,1.064000,-0.219000,-0.312000,10.550000,-69.130000,-48.962000,29.09
4.720156,0.850000,-0.231000,-0.170000,17.328000,-63.160000,-45.939000,29.09
4.732737,0.744000,-0.301000,-0.096000,20.122000,-48.458000,-44.382000,29.19
4.739432,0.747000,-0.361000,-0.094000,15.099000,-33.115000,-42.794000,29.05
4.751566,0.757000,-0.395000,-0.112000,5.832000,-19.817000,-39.634000,29.05
4.763274,0.779000,-0.396000,-0.144000,-2.687000,-12.855000,-33.817000,29.00
4.770587,0.796000,-0.399000,-0.184000,-7.756000,-8.962000,-25.710000,29.19
4.782326,0.851000,-0.421000,-0.248000,-13.740000,-7.939000,-17.649000,29.14
4.789907,0.570000,-0.210000,0.188000,19.786000,9.924000,3.878000,28.95
4.801860,0.802000,-0.625000,0.488000,32.672000,43.511000,15.695000,29.09
4.808832,0.971000,-0.687000,0.857000,40.870000,78.229000,30.168000,29.19
4.821205,1.126000,-0.767000,1.146000,43.450000,128.534000,49.252000,29.14
4.833764,0.978000,-0.489000,0.240000,34.885000,190.519000,76.992000,29.05
4.839914,2.755000,-0.060000,-1.541000,15.695000,123.115000,54.565000,29.09
4.852397,1.595000,0.657000,-0.846000,46.840000,21.710000,33.160000,29.14
4.859385,1.454000,0.238000,-0.624000,86.885000,41.023000,51.405000,29.05
4.871668,1.209000,-1.013000,-1.116000,84.809000,-7.466000,46.809000,29.05
4.878405,0.598000,-0.969000,-0.887000,42.733000,-7.710000,33.099000,29.05
4.890706,0.935000,-0.146000,-0.820000,20.870000,-10.061000,11.740000,29.09
4.903090,0.852000,-0.294000,-0.814000,2.733000,-6.580000,2.595000,29.05
4.910215,0.677000,-0.206000,-0.719000,-1.786000,-5.374000,2.366000,29.14
4.922468,0.760000,-0.098000,-0.682000,3.771000,-11.481000,-1.344000,29.05
4.929299,0.689000,-0.151000,-0.719000,4.397000,-14.229000,-2.580000,29.09
4.941731,0.646000,-0.112000,-0.764000,0.198000,-7.695000,-2.550000,29.09
4.948732,0.696000,-0.176000,-0.754000,-5.176000,-1.924000,-3.313000,29.14
4.960997,0.638000,-0.151000,-0.771000,-5.191000,2.198000,-4.412000,29.05
4.973136,0.664000,-0.159000,-0.760000,-3.313000,4.397000,-4.366000,29.09
4.980454,0.708000,-0.147000,-0.710000,-3.634000,5.847000,-4.931000,29.09
4.992518,0.690000,-0.100000,-0.723000,-5.145000,8.137000,-4.534000,29.14
4.999706,0.679000,-0.095000,-0.726000,-5.374000,10.153000,-3.069000,29.14
5.011881,0.685000,-0.113000,-0.728000,-4.611000,10.641000,-2.015000,29.05
5.018993,0.679000,-0.136000,-0.731000,-3.221000,10.519000,-2.260000,29.09
5.031232,0.658000,-0.124000,-0.711000,-3.359000,9.954000,-2.626000,29.00
5.043427,0.656000,-0.106000,-0.722000,-3.756000,10.321000,-2.611000,29.05
5.050458,0.673000,-0.129000,-0.714000,-4.122000,10.534000,-2.611000,29.14
5.062774,0.673000,-0.121000,-0.711000,-3.817000,9.328000,-2.931000,29.00
5.069788,0.695000,-0.103000,-0.694000,-2.977000,7.282000,-1.924000,29.09
5.081851,0.689000,-0.094000,-0.713000,-2.290000,5.710000,-0.489000,29.05
5.089511,0.676000,-0.083000,-0.708000,-1.053000,5.405000,1.313000,29.05
5.101727,0.684000,-0.085000,-0.708000,0.107000,5.023000,2.626000,29.19
5.108880,0.686000,-0.105000,-0.710000,1.191000,3.679000,3.954000,29.05
5.123617,0.694000,-0.112000,-0.705000,2.489000,3.359000,4.855000,29.14
5.133494,0.686000,-0.117000,-0.713000,2.092000,3.252000,4.840000,28.95
5.141238,0.681000,-0.120000,-0.716000,2.351000,2.763000,5.053000,29.09
5.153336,0.686000,-0.141000,-0.710000,2.794000,3.221000,5.359000,29.09
5.160421,0.692000,-0.138000,-0.705000,2.611000,2.733000,5.130000,28.95
5.173155,0.694000,-0.118000,-0.709000,2.672000,2.626000,4.870000,29.14
5.180185,0.689000,-0.094000,-0.710000,3.221000,2.962000,5.893000,29.05
5.192513,0.682000,-0.115000,-0.710000,3.786000,2.656000,7.206000,29.00
5.200060,0.706000,-0.130000,-0.698000,4.809000,2.748000,8.534000,29.00
5.212379,0.686000,-0.132000,-0.720000,4.427000,1.359000,8.962000,29.05
5.219825,0.670000,-0.144000,-0.737000,4.947000,2.412000,9.435000,29.05
5.232192,0.656000,-0.157000,-0.742000,3.908000,4.733000,9.267000,29.00
5.239352,0.653000,-0.141000,-0.749000,3.969000,4.855000,9.176000,29.09
5.251654,0.661000,-0.161000,-0.722000,5.832000,12.794000,8.687000,28.95
5.258938,0.625000,-0.195000,-0.746000,4.321000,15.481000,7.756000,29.05
5.271253,0.660000,-0.176000,-0.757000,3.832000,20.748000,6.855000,29.09
5.283487,0.600000,-0.116000,-0.830000,3.176000,29.206000,6.626000,29.09
5.290941,0.547000,-0.083000,-0.895000,2.840000,49.466000,8.534000,29.05
5.302928,0.549000,-0.074000,-0.890000,8.580000,59.924000,11.679000,29.05
5.309963,0.400000,-0.113000,-0.951000,3.481000,72.015000,11.481000,29.09
5.322588,0.566000,0.008000,-0.888000,3.954000,78.046000,16.794000,29.09
5.329831,0.686000,-0.169000,-0.813000,-0.794000,85.466000,19.542000,29.05
5.341594,0.733000,-0.178000,-0.812000,-17.267000,90.733000,27.832000,29.14
5.353659,0.635000,0.048000,-0.980000,-15.359000,92.458000,35.756000,29.09
5.361108,0.430000,0.118000,-1.152000,-22.962000,88.931000,40.275000,29.09
5.372972,0.277000,0.240000,-1.348000,-23.740000,80.962000,39.725000,29.05
5.380208,0.158000,0.388000,-1.539000,-19.069000,65.939000,34.672000,29.14
5.392145,0.037000,0.503000,-1.620000,-17.313000,48.046000,26.855000,29.05
5.398909,-0.003000,0.517000,-1.686000,-21.527000,31.832000,17.450000,29.09
5.411436,-0.005000,0.525000,-1.680000,-29.740000,14.290000,8.870000,29.09
5.423421,-0.040000,0.493000,-1.640000,-36.519000,-0.229000,0.779000,29.05
5.430409,-0.018000,0.413000,-1.591000,-41.328000,-12.351000,-7.802000,29.14
5.442170,0.046000,0.307000,-1.508000,-42.565000,-24.458000,-14.870000,29.00
5.449172,0.132000,0.163000,-1.437000,-42.061000,-34.565000,-20.153000,29.09
5.461472,0.179000,0.064000,-1.332000,-39.252000,-40.794000,-20.718000,29.05
5.473388,0.281000,-0.056000,-1.245000,-37.389000,-44.076000,-17.969000,29.05
5.480064,0.370000,-0.062000,-1.157000,-32.046000,-48.916000,-10.870000,29.09
5.492491,0.373000,-0.108000,-1.071000,-28.763000,-50.534000,-4.931000,29.09
5.499136,0.439000,-0.121000,-1.010000,-30.260000,-47.130000,-2.809000,29.05
5.511459,0.594000,-0.131000,-0.936000,-28.214000,-45.099000,-1.160000,29.05
5.523192,0.567000,-0.116000,-0.839000,-18.183000,-44.641000,1.588000,29.09
5.533542,0.612000,-0.198000,-0.852000,-17.405000,-39.313000,-3.618000,29.09
5.541870,0.679000,-0.116000,-0.408000,-0.962000,-26.305000,-6.779000,29.09
5.549400,0.945000,-0.307000,-0.427000,7.863000,1.618000,-14.092000,29.05
5.561232,1.005000,-0.302000,-0.627000,1.267000,11.908000,-26.718000,29.05
5.573034,0.988000,-0.097000,-0.841000,-5.221000,-1.939000,-34.855000,29.19
5.580391,1.073000,0.092000,-0.948000,-4.137000,-15.527000,-44.489000,28.95
5.592386,1.081000,0.166000,-0.794000,17.237000,-28.947000,-52.565000,29.05
5.599153,1.071000,0.132000,-0.721000,24.794000,-42.275000,-61.191000,29.05
5.611192,1.044000,0.050000,-0.682000,35.191000,-58.275000,-75.206000,29.09
5.623369,1.008000,0.002000,-0.618000,30.489000,-59.115000,-87.084000,29.09
5.630317,0.927000,-0.031000,-0.551000,28.840000,-71.328000,-90.931000,29.14
5.641992,0.796000,-0.127000,-0.477000,28.183000,-70.290000,-86.595000,29.05
5.648693,0.684000,-0.259000,-0.418000,22.427000,-68.366000,-80.870000,29.09
5.661031,0.595000,-0.358000,-0.408000,7.771000,-63.863000,-70.107000,29.09
5.672957,0.512000,-0.450000,-0.411000,-13.328000,-63.221000,-58.611000,29.05
5.679658,0.469000,-0.584000,-0.376000,-38.687000,-62.931000,-48.473000,29.14
5.691646,0.511000,-0.557000,-0.287000,-58.015000,-64.687000,-35.939000,29.09
5.703895,0.565000,-0.499000,-0.213000,-65.344000,-70.718000,-20.427000,29.00
5.711072,1.177000,-0.670000,0.314000,-17.145000,-69.832000,5.603000,29.05
5.723105,0.432000,-0.649000,1.255000,3.878000,-21.359000,39.969000,29.05
5.731923,1.632000,-1.256000,1.667000,2.000000,88.580000,62.458000,29.09
5.742210,2.754000,-1.471000,2.912000,10.412000,130.061000,98.305000,29.05
5.748921,1.610000,-0.515000,2.207000,-24.229000,246.626000,77.740000,29.05
5.761252,4.000000,1.649000,-2.726000,42.748000,186.397000,85.023000,29.05
5.773342,1.532000,0.241000,-0.930000,53.527000,-122.947000,31.863000,29.00
5.780228,-0.815000,-0.982000,-1.008000,107.573000,56.885000,71.206000,29.09
5.792493,1.205000,-0.754000,-1.287000,77.908000,28.611000,31.466000,29.05
5.799416,1.047000,-0.493000,-0.581000,43.344000,-44.076000,21.282000,29.14
5.811752,0.776000,-0.179000,-0.835000,0.458000,12.992000,5.160000,29.05
5.818808,0.800000,-0.048000,-0.701000,2.595000,7.130000,10.290000,29.00
5.831271,0.760000,-0.236000,-0.693000,9.985000,-4.595000,8.565000,29.09
5.843532,0.741000,-0.221000,-0.721000,13.847000,-18.214000,5.756000,29.05
5.850613,0.615000,-0.149000,-0.812000,9.511000,-8.122000,1.557000,29.05
5.862901,0.625000,-0.250000,-0.788000,-2.260000,0.840000,-3.191000,29.09
5.869790,0.681000,-0.178000,-0.747000,-8.473000,6.626000,-7.420000,29.00
5.882364,0.724000,-0.111000,-0.713000,-5.771000,6.000000,-6.656000,29.14
5.889673,0.706000,-0.126000,-0.701000,-1.847000,2.198000,-4.977000,29.05
5.901687,0.704000,-0.083000,-0.712000,-1.588000,4.427000,-3.908000,29.09
5.908812,0.703000,-0.075000,-0.712000,-2.656000,4.840000,-1.878000,29.00
5.921033,0.680000,-0.106000,-0.704000,-2.366000,6.427000,-0.824000,29.05
5.933218,0.674000,-0.131000,-0.725000,-1.420000,5.481000,-0.565000,29.05
5.940621,0.675000,-0.140000,-0.735000,-1.267000,5.099000,-0.977000,29.00
5.952890,0.676000,-0.121000,-0.709000,-1.771000,4.733000,-0.992000,29.05
5.959902,0.682000,-0.123000,-0.707000,-2.580000,4.855000,-1.023000,29.14
5.972084,0.665000,-0.117000,-0.728000,-3.069000,4.931000,-0.885000,29.05
5.979341,0.673000,-0.124000,-0.716000,-2.656000,3.878000,-0.947000,29.09
5.991696,0.665000,-0.125000,-0.706000,-1.115000,1.985000,-0.931000,29.09
6.003764,0.696000,-0.088000,-0.674000,-2.229000,-13.710000,1.176000,28.95
6.010829,0.643000,-0.080000,-0.742000,2.885000,1.115000,1.939000,29.05
6.023054,0.670000,-0.119000,-0.718000,0.702000,4.580000,1.863000,29.09
6.029986,0.662000,-0.140000,-0.714000,-1.130000,11.282000,0.977000,29.09
6.042428,0.656000,-0.115000,-0.708000,-1.069000,-0.595000,1.969000,29.05
6.049412,0.669000,-0.115000,-0.717000,3.389000,-1.695000,2.275000,29.14
6.061956,0.678000,-0.116000,-0.711000,2.763000,0.076000,1.786000,28.95
6.069115,0.667000,-0.119000,-0.728000,0.382000,3.573000,1.282000,29.09
6.081602,0.678000,-0.133000,-0.720000,0.458000,5.344000,0.626000,28.91
6.088724,0.670000,-0.136000,-0.709000,1.115000,4.366000,0.763000,28.95
6.101129,0.664000,-0.161000,-0.726000,1.710000,2.489000,0.809000,28.95
6.108445,0.667000,-0.151000,-0.729000,0.947000,3.603000,-0.046000,29.09
6.120644,0.674000,-0.148000,-0.726000,-0.137000,4.168000,0.076000,29.00
6.133059,0.664000,-0.121000,-0.734000,-1.313000,4.885000,-0.443000,29.05
6.140118,0.659000,-0.104000,-0.725000,-0.214000,4.504000,0.229000,29.14
6.152694,0.660000,-0.111000,-0.724000,-0.015000,6.504000,1.084000,29.09
6.159768,0.697000,-0.114000,-0.708000,1.115000,5.328000,1.466000,29.05
6.172169,0.688000,-0.107000,-0.722000,1.130000,4.901000,2.260000,29.05
6.179528,0.678000,-0.118000,-0.734000,1.466000,6.748000,3.267000,29.05
6.191955,0.695000,-0.116000,-0.735000,1.130000,9.939000,4.290000,29.09
6.198976,0.685000,-0.112000,-0.723000,2.580000,12.611000,4.809000,29.09
6.211446,0.659000,-0.112000,-0.762000,2.382000,15.802000,5.740000,29.14
6.218482,0.639000,-0.138000,-0.758000,3.237000,21.038000,6.229000,29.05
6.230933,0.651000,-0.158000,-0.771000,2.153000,27.435000,5.267000,29.09
6.243334,0.666000,-0.087000,-0.813000,0.947000,36.870000,5.328000,29.00
6.250466,0.572000,-0.056000,-0.874000,1.710000,48.519000,8.519000,29.05
6.262832,0.564000,-0.110000,-0.881000,0.794000,60.321000,10.901000,29.05
6.270089,0.566000,0.008000,-0.896000,2.183000,72.000000,12.931000,29.09
6.282219,0.542000,0.065000,-0.912000,9.374000,90.656000,19.725000,29.19
6.289437,0.564000,0.139000,-1.126000,3.038000,119.847000,27.221000,29.05
6.301529,0.626000,-0.106000,-1.141000,8.427000,144.168000,35.374000,29.05
6.307654,0.801000,-0.209000,-1.082000,-13.084000,165.817000,47.023000,29.14
6.320843,0.841000,0.278000,-1.074000,-12.901000,179.328000,51.527000,29.09
6.333221,0.682000,0.111000,-1.273000,4.031000,180.901000,59.374000,29.00
6.340299,0.444000,0.358000,-1.721000,13.664000,171.344000,54.137000,29.05
6.352317,0.029000,0.542000,-2.020000,27.099000,131.282000,35.359000,28.95
6.359287,-0.184000,0.543000,-2.107000,22.397000,95.191000,9.252000,29.00
6.376939,-0.380000,0.657000,-2.039000,23.130000,56.840000,-12.992000,29.14
6.383290,-0.522000,0.509000,-1.970000,19.267000,22.489000,-26.458000,29.05
6.390291,-0.533000,0.330000,-1.874000,6.275000,-8.260000,-31.679000,29.05
6.402138,-0.399000,0.196000,-1.771000,-13.359000,-34.229000,-30.351000,28.91
6.409218,-0.305000,0.181000,-1.599000,-23.481000,-56.687000,-25.191000,29.00
6.421056,-0.197000,0.126000,-1.414000,-27.649000,-68.733000,-22.611000,29.05
6.432944,0.318000,-0.055000,-1.389000,-35.954000,-76.031000,-19.817000,29.05
6.439950,0.586000,-0.080000,-1.319000,-42.992000,-101.511000,-17.832000,29.09
6.451607,0.629000,0.005000,-1.220000,-45.053000,-114.153000,-18.183000,29.00
6.464270,0.667000,0.087000,-1.108000,-47.282000,-118.947000,-28.794000,29.09
6.470506,0.926000,0.162000,-1.051000,-46.244000,-127.893000,-41.420000,28.95
6.482451,1.264000,0.197000,-1.047000,-40.733000,-145.634000,-51.618000,29.14
6.491621,1.358000,0.220000,-0.933000,-27.863000,-166.260000,-60.580000,29.00
6.501135,1.325000,0.111000,-0.772000,-15.588000,-176.550000,-72.779000,29.09
6.513089,1.263000,-0.109000,-0.503000,-9.069000,-172.046000,-86.489000,29.05
6.519926,1.278000,-0.240000,-0.239000,-6.168000,-155.878000,-87.878000,29.05
6.536921,1.293000,-0.249000,-0.200000,-1.664000,-128.061000,-73.435000,29.00
6.542343,1.249000,-0.450000,0.569000,16.336000,-90.656000,-40.443000,29.09
6.550560,1.689000,-0.829000,0.506000,-5.588000,-31.008000,-29.038000,29.14
6.562482,2.062000,-0.756000,0.314000,-41.359000,-27.893000,-24.626000,29.05
6.569259,2.217000,-0.575000,0.348000,-66.412000,-42.794000,-11.374000,29.09
6.581514,1.920000,-0.419000,0.551000,-57.435000,-56.672000,6.427000,29.05
6.590216,1.450000,-0.543000,0.796000,-33.542000,-41.588000,13.893000,29.05
6.604110,1.304000,-0.677000,0.844000,-13.099000,-18.840000,8.122000,29.05
6.615959,1.324000,-0.671000,0.866000,5.450000,5.145000,-1.924000,29.09
6.620684,1.389000,-0.666000,0.978000,27.420000,31.298000,-7.618000,29.00
6.632861,1.411000,-0.820000,1.191000,45.359000,65.252000,-5.481000,29.14
6.639883,0.543000,-0.483000,0.357000,49.206000,111.588000,9.573000,29.05
6.652813,2.348000,-0.264000,-1.709000,23.542000,84.931000,12.550000,28.91
6.659467,0.897000,0.199000,-0.786000,32.687000,-33.802000,33.969000,29.00
6.671750,0.149000,0.038000,-0.510000,38.809000,76.534000,21.023000,29.05
6.683608,1.364000,0.003000,-1.152000,47.252000,79.664000,6.962000,29.05
6.691033,1.656000,-0.627000,-0.815000,28.397000,3.679000,19.313000,29.00
6.703064,0.674000,-0.329000,-0.744000,23.221000,8.107000,15.847000,29.00
6.710093,0.586000,-0.067000,-0.905000,16.443000,19.664000,8.107000,29.00
6.722300,0.722000,-0.177000,-0.747000,16.015000,6.107000,11.160000,29.05
6.729794,0.845000,-0.136000,-0.747000,16.687000,3.267000,8.641000,28.95
6.741990,0.714000,-0.156000,-0.721000,17.130000,-4.031000,8.366000,29.00
6.749074,0.808000,-0.176000,-0.773000,12.076000,-2.489000,5.832000,29.00
6.761235,0.727000,-0.215000,-0.770000,5.573000,-6.427000,1.771000,29.05
6.773557,0.721000,-0.175000,-0.801000,-0.519000,-1.130000,-2.046000,29.05
6.780266,0.752000,-0.184000,-0.768000,-5.145000,-3.191000,-5.191000,29.09
6.792493,0.681000,-0.140000,-0.740000,-7.588000,-2.351000,-6.656000,29.05
6.799936,0.670000,-0.094000,-0.726000,-7.481000,-0.305000,-5.939000,28.95
6.811702,0.668000,-0.095000,-0.725000,-6.458000,-0.275000,-4.687000,28.95
6.818750,0.665000,-0.095000,-0.726000,-5.282000,0.916000,-4.061000,29.00
6.831050,0.688000,-0.107000,-0.742000,-5.313000,0.855000,-3.985000,29.09
6.843375,0.671000,-0.122000,-0.737000,-6.626000,1.252000,-4.244000,29.05
6.850479,0.672000,-0.117000,-0.740000,-7.466000,2.137000,-4.244000,29.05
6.862541,0.700000,-0.155000,-0.730000,-9.679000,1.450000,-5.145000,28.95
6.869939,0.667000,-0.139000,-0.717000,-11.008000,-0.427000,-5.023000,29.00
6.881685,0.624000,-0.090000,-0.716000,-9.053000,0.015000,-3.328000,29.09
6.888715,0.614000,-0.054000,-0.700000,-5.878000,1.130000,-0.809000,29.05
6.901176,0.616000,-0.009000,-0.706000,-2.855000,2.809000,2.916000,29.05
6.913418,0.640000,-0.033000,-0.692000,6.214000,-0.092000,5.863000,29.09
6.921009,0.652000,-0.063000,-0.724000,9.282000,0.702000,8.382000,29.00
6.932962,0.674000,-0.091000,-0.711000,10.687000,1.695000,9.405000,29.14
6.940317,0.660000,-0.098000,-0.731000,10.916000,0.916000,10.031000,28.95
6.952510,0.688000,-0.133000,-0.770000,8.550000,5.786000,8.504000,29.09
6.961928,0.655000,-0.126000,-0.733000,10.244000,2.672000,8.275000,29.09
6.972381,0.631000,-0.067000,-0.748000,6.321000,6.992000,9.053000,29.05
6.979878,0.642000,-0.089000,-0.771000,9.954000,9.282000,9.740000,29.05
6.995325,0.640000,-0.082000,-0.782000,10.519000,16.885000,11.115000,29.00
7.003905,0.618000,-0.024000,-0.788000,11.374000,21.817000,13.756000,29.09
7.011007,0.621000,-0.038000,-0.792000,12.916000,30.779000,15.969000,28.95
7.023127,0.552000,-0.010000,-0.756000,18.153000,41.969000,20.061000,29.05
7.030555,0.485000,-0.092000,-0.792000,24.473000,53.878000,23.084000,28.95
7.044903,0.570000,-0.339000,-0.937000,16.977000,72.534000,19.084000,29.09
7.049399,0.357000,-0.159000,-0.987000,16.580000,88.977000,18.595000,29.05
7.061356,0.252000,-0.055000,-1.324000,11.206000,114.779000,14.321000,29.05
7.073645,0.332000,0.015000,-1.433000,-7.527000,151.176000,26.977000,28.95
7.080762,0.743000,0.447000,-1.591000,8.763000,198.779000,36.275000,29.09
7.092990,0.320000,0.738000,-1.976000,25.710000,192.092000,28.443000,29.00
7.100258,-0.378000,0.750000,-2.447000,45.206000,143.038000,13.710000,29.05
7.112147,-0.750000,0.958000,-2.652000,43.115000,106.565000,-11.756000,29.05
7.121496,-0.816000,1.021000,-2.732000,33.237000,56.336000,-35.771000,29.00
7.136503,-1.005000,0.989000,-2.770000,17.985000,2.641000,-53.328000,28.91
7.142950,-1.094000,0.760000,-2.725000,-6.687000,-48.534000,-60.870000,28.95
7.150175,-0.970000,0.510000,-2.663000,-39.328000,-93.878000,-58.382000,28.95
7.161800,-0.719000,0.350000,-2.544000,-68.885000,-129.130000,-46.229000,29.00
7.174356,-0.241000,0.213000,-2.251000,-94.122000,-153.252000,-30.779000,29.19
7.180530,0.599000,-0.068000,-1.993000,-96.504000,-189.374000,12.656000,29.05
7.192071,0.721000,-0.882000,-1.378000,-107.344000,-175.130000,38.977000,29.05
7.200411,1.835000,-0.747000,-0.324000,-43.328000,-137.985000,68.458000,29.00
7.211090,1.414000,-1.279000,1.388000,-47.221000,-22.550000,73.710000,29.00
7.223210,2.234000,-1.292000,1.018000,-65.481000,69.573000,59.298000,29.00
7.230499,2.276000,-1.062000,0.230000,-83.878000,41.618000,36.595000,29.14
7.242372,1.995000,-0.849000,-0.211000,-118.015000,-7.618000,-7.389000,29.05
7.249505,1.814000,-0.371000,0.069000,-98.962000,-44.168000,-32.824000,29.09
7.261291,1.498000,-0.369000,0.626000,-21.405000,-82.412000,-37.221000,29.05
7.273090,1.251000,-0.881000,1.548000,59.496000,-75.756000,-32.611000,28.95
7.280165,1.620000,-1.672000,2.997000,83.740000,-18.458000,-34.580000,29.05
7.292228,4.000000,-2.917000,4.000000,73.573000,116.611000,32.137000,29.00
7.299417,4.000000,-0.592000,0.745000,34.733000,80.641000,54.351000,29.09
7.311308,-2.337000,0.542000,0.040000,91.924000,-243.863000,37.893000,28.95
7.323542,1.071000,-1.262000,-3.368000,3.053000,28.473000,24.397000,29.05
7.333535,1.236000,-0.397000,-0.594000,3.481000,44.351000,22.351000,29.00
7.342801,-0.025000,-0.902000,-1.171000,8.473000,-49.756000,5.252000,29.00
7.353949,0.776000,-0.094000,-0.851000,-6.275000,39.282000,-6.580000,28.95
7.362283,0.801000,-0.386000,-0.695000,-17.481000,7.481000,-14.595000,29.14
7.368921,0.579000,0.054000,-0.829000,-15.267000,26.336000,-16.015000,29.09
7.382440,0.718000,0.011000,-0.745000,-6.366000,22.641000,-8.702000,29.00
7.393584,0.708000,0.014000,-0.744000,-0.305000,19.542000,-1.649000,28.95
7.400893,0.721000,0.022000,-0.728000,1.237000,25.740000,4.565000,29.05
7.414759,0.768000,-0.033000,-0.671000,1.664000,25.252000,8.076000,29.05
7.420128,0.690000,-0.251000,-0.702000,0.397000,27.176000,5.649000,29.00
7.432568,0.657000,-0.110000,-0.759000,-0.321000,25.679000,4.641000,29.00
7.441914,0.685000,-0.055000,-0.737000,0.580000,26.321000,7.237000,29.05
7.456017,0.658000,-0.178000,-0.749000,-1.115000,29.771000,6.458000,29.05
7.458718,0.684000,-0.188000,-0.781000,-5.588000,33.527000,3.618000,29.00
7.471401,0.688000,-0.057000,-0.784000,-7.313000,37.160000,3.069000,29.05
7.483284,0.667000,0.073000,-0.779000,-6.214000,42.443000,6.580000,28.95
7.490386,0.512000,0.002000,-0.808000,-3.435000,49.176000,12.641000,29.05
7.502880,0.549000,-0.069000,-0.757000,0.916000,49.359000,19.893000,29.00
7.509887,0.589000,-0.127000,-0.730000,8.000000,53.634000,20.031000,29.00
7.522200,0.635000,-0.267000,-0.701000,15.359000,57.954000,17.725000,29.05
7.529177,0.572000,-0.328000,-0.878000,18.870000,69.344000,17.710000,29.05
7.541250,0.534000,-0.098000,-1.137000,21.908000,98.626000,15.115000,29.00
7.553446,0.501000,0.041000,-1.440000,20.244000,120.137000,10.641000,29.09
7.560479,0.097000,0.649000,-2.097000,13.405000,129.344000,7.145000,29.05
7.572761,-0.492000,1.050000,-2.811000,15.588000,86.260000,-12.290000,28.95
7.579775,-1.161000,1.369000,-2.885000,20.992000,29.237000,-40.397000,29.05
7.591765,-1.260000,1.333000,-2.721000,26.534000,-27.802000,-60.718000,29.09
7.598796,-1.037000,1.091000,-2.635000,24.260000,-59.206000,-63.786000,29.00
7.610818,-0.688000,0.810000,-2.498000,13.038000,-85.374000,-53.695000,28.95
7.622546,-0.433000,0.666000,-2.281000,-5.389000,-104.611000,-40.153000,29.05
7.629130,-0.012000,0.491000,-2.073000,-17.511000,-116.519000,-16.855000,29.00
7.641474,0.220000,0.196000,-1.723000,-40.931000,-112.656000,1.557000,29.09
7.653578,0.401000,0.192000,-1.330000,-51.496000,-99.496000,17.267000,29.05
7.660788,1.056000,0.119000,-0.414000,-19.664000,-64.748000,27.985000,28.95
7.672974,1.074000,-0.443000,0.124000,-2.092000,9.985000,25.817000,28.91
7.679764,0.990000,-0.437000,-0.416000,-18.473000,38.672000,20.061000,28.95
7.692105,0.740000,-0.390000,-1.121000,-46.656000,36.092000,14.031000,28.95
7.698841,0.854000,-0.485000,-1.552000,-111.420000,0.153000,-4.092000,28.95
7.711015,0.902000,-0.421000,-1.279000,-142.000000,-65.725000,-21.618000,29.00
7.722300,1.124000,-0.013000,-0.827000,-97.191000,-123.527000,-16.702000,29.09
7.730580,1.160000,-0.576000,-0.117000,-37.069000,-109.618000,-6.153000,28.95
7.741312,1.562000,-1.045000,0.906000,16.748000,-153.328000,-3.160000,29.05
7.753097,2.001000,-1.230000,1.991000,31.573000,-80.641000,-22.153000,29.09
7.760189,2.899000,-1.137000,3.246000,52.015000,-19.160000,-52.870000,29.00
7.772467,3.936000,-1.505000,4.000000,85.237000,60.076000,-74.031000,28.95
7.779327,4.000000,-2.259000,4.000000,102.794000,162.733000,-78.031000,29.05
7.791455,4.000000,-3.152000,-3.177000,90.092000,35.099000,67.252000,28.91
7.803409,-1.472000,0.557000,-0.329000,33.069000,-290.153000,80.183000,29.09
7.810447,-0.617000,1.017000,-1.519000,47.893000,104.565000,24.870000,29.05
7.822474,1.656000,-1.454000,-0.999000,13.282000,57.160000,10.153000,29.05
7.829596,0.931000,-0.872000,-0.988000,-7.618000,-57.969000,4.779000,29.05
7.841689,0.571000,0.340000,-0.780000,-9.481000,22.076000,-5.344000,29.00
7.848883,0.698000,-0.390000,-0.801000,-11.344000,7.191000,-4.763000,29.09
7.861113,0.723000,-0.317000,-0.771000,-20.534000,7.405000,-8.962000,28.95
7.873267,0.795000,0.016000,-0.712000,-19.420000,5.527000,-10.885000,28.95
7.880459,0.692000,-0.025000,-0.767000,-14.916000,1.725000,-9.679000,29.09
7.892212,0.730000,-0.169000,-0.778000,-15.679000,2.840000,-10.366000,29.05
7.899316,0.640000,-0.033000,-0.720000,-16.473000,-28.885000,-4.351000,29.05
7.911483,0.612000,0.108000,-0.809000,-10.519000,25.328000,-2.794000,28.95
7.917317,0.730000,0.023000,-0.803000,-4.779000,11.267000,-1.389000,29.00
7.930837,0.678000,-0.066000,-0.722000,-5.542000,19.786000,-0.336000,29.09
7.943003,0.631000,-0.117000,-0.696000,-1.527000,17.313000,6.031000,28.95
7.949878,0.626000,-0.012000,-0.734000,-0.321000,29.008000,12.061000,29.05
7.962479,0.531000,0.155000,-0.751000,5.878000,35.863000,12.870000,29.00
7.969600,0.368000,0.073000,-0.797000,11.344000,51.893000,11.695000,29.00
7.981904,0.207000,0.105000,-0.803000,15.176000,66.718000,13.069000,28.95
7.988942,-0.178000,0.256000,-0.842000,25.038000,92.427000,14.489000,29.05
8.001002,0.390000,0.053000,-1.176000,43.588000,126.748000,26.458000,29.00
8.013323,1.104000,0.141000,-1.606000,36.962000,98.672000,28.290000,29.00
8.020544,-0.017000,0.877000,-2.298000,17.099000,66.061000,15.557000,29.05
8.032751,-0.372000,1.154000,-1.930000,22.794000,76.855000,-9.969000,29.05
8.039530,-0.224000,0.852000,-2.034000,24.168000,46.855000,-26.718000,29.00
8.051517,-0.353000,0.859000,-1.951000,25.145000,20.412000,-44.763000,29.05
8.063663,-0.221000,0.617000,-1.870000,16.992000,-0.183000,-53.786000,29.05
8.070672,-0.167000,0.484000,-1.765000,2.214000,-18.992000,-52.275000,28.95
8.082449,-0.125000,0.365000,-1.695000,-16.397000,-32.183000,-42.351000,29.09
8.089468,0.032000,0.241000,-1.629000,-38.763000,-38.824000,-30.107000,29.00
8.101239,0.170000,0.209000,-1.500000,-66.443000,-49.008000,-17.206000,29.05
8.113470,0.553000,0.135000,-1.362000,-81.359000,-59.298000,0.626000,28.95
8.120334,0.495000,-0.001000,-1.221000,-89.573000,-74.000000,19.969000,29.00
8.132462,0.725000,-0.028000,-0.564000,-56.656000,-65.588000,54.397000,29.00
8.139682,0.990000,-0.632000,-0.377000,-69.160000,-27.557000,60.183000,29.00
8.151288,0.903000,-0.563000,-0.401000,-102.214000,-0.412000,57.176000,28.95
8.163494,1.087000,-0.448000,-0.715000,-134.748000,3.939000,55.313000,29.05
8.170108,1.283000,-0.514000,-0.650000,-162.260000,-19.527000,50.137000,28.91
8.182081,1.245000,-0.406000,-0.528000,-158.733000,-50.901000,49.176000,29.00
8.189077,0.967000,-0.424000,-0.242000,-129.435000,-66.473000,50.885000,28.95
8.200985,0.790000,-0.495000,0.061000,-85.405000,-67.878000,44.687000,29.05
8.212923,0.804000,-0.605000,0.379000,-45.710000,-51.954000,28.916000,29.00
8.220009,0.918000,-0.619000,0.714000,3.130000,-29.069000,10.595000,29.00
8.232502,1.199000,-0.760000,1.152000,63.084000,-9.008000,1.191000,28.95
8.239758,2.005000,-1.503000,1.844000,110.962000,42.504000,-8.687000,29.05
8.251587,2.502000,-1.714000,3.531000,152.931000,107.771000,-29.618000,29.00
8.263412,3.850000,-2.628000,-0.317000,122.046000,151.817000,70.931000,29.05
8.270731,3.078000,-1.541000,-2.199000,21.328000,-134.977000,47.908000,29.05
8.282484,-1.302000,1.088000,-0.157000,40.229000,-76.534000,45.939000,28.95
8.289701,0.710000,-0.054000,-1.797000,52.656000,95.298000,13.221000,29.00
8.301494,1.223000,-2.022000,-0.824000,16.489000,-44.885000,20.473000,29.00
8.308983,0.766000,0.287000,-0.735000,4.351000,-5.206000,-5.557000,29.05
8.321186,0.579000,-0.117000,-0.778000,3.588000,-7.649000,3.099000,29.05
8.333201,0.795000,-0.070000,-0.757000,-2.168000,5.069000,2.534000,29.00
8.340744,0.764000,-0.186000,-0.722000,1.405000,3.466000,2.458000,29.09
8.352949,0.698000,-0.188000,-0.749000,4.519000,-3.511000,1.130000,28.95
8.360241,0.667000,-0.162000,-0.754000,4.656000,-2.870000,0.122000,29.05
8.372721,0.647000,-0.163000,-0.763000,-1.206000,1.756000,-1.420000,29.09
8.382880,0.675000,-0.104000,-0.746000,-4.290000,7.466000,-1.466000,28.91
8.391794,0.672000,-0.121000,-0.745000,-2.336000,7.786000,-0.443000,29.05
8.399532,0.670000,-0.131000,-0.736000,-0.275000,6.290000,0.260000,28.95
8.411235,0.674000,-0.120000,-0.722000,0.916000,5.344000,0.626000,29.00
8.417001,0.669000,-0.100000,-0.715000,0.229000,8.107000,1.603000,28.91
8.430875,0.662000,-0.103000,-0.728000,0.504000,7.634000,2.718000,28.95
8.443232,0.686000,-0.079000,-0.696000,9.588000,-2.901000,2.534000,29.05
8.462949,0.704000,-0.124000,-0.718000,12.290000,-50.718000,8.779000,29.05
8.463641,0.633000,-0.177000,-0.759000,7.450000,30.733000,2.046000,29.00
8.469686,0.661000,-0.150000,-0.683000,7.481000,-1.527000,3.511000,29.05
8.481910,0.636000,-0.149000,-0.708000,-1.237000,18.687000,3.618000,29.05
8.489039,0.675000,-0.128000,-0.692000,5.176000,-5.115000,5.725000,29.05
8.501403,0.645000,-0.134000,-0.714000,6.748000,-13.084000,6.229000,29.00
8.520807,0.665000,-0.157000,-0.735000,1.115000,-2.977000,5.237000,29.00
8.521610,0.628000,-0.112000,-0.752000,0.809000,6.947000,4.473000,28.95
8.533356,0.640000,-0.122000,-0.749000,2.336000,8.534000,4.321000,29.05
8.540663,0.671000,-0.164000,-0.725000,4.122000,3.191000,5.038000,28.91
8.553129,0.681000,-0.124000,-0.714000,1.786000,7.176000,5.176000,29.09
8.560100,0.666000,-0.126000,-0.746000,3.206000,12.534000,6.260000,28.95
8.584381,0.640000,-0.146000,-0.746000,4.092000,16.824000,7.282000,28.95
8.585253,0.627000,-0.157000,-0.759000,6.168000,17.176000,7.603000,29.00
8.592192,0.650000,-0.155000,-0.753000,4.779000,22.489000,8.473000,29.00
8.599205,0.628000,-0.202000,-0.749000,2.931000,32.260000,8.779000,29.05
8.611707,0.618000,-0.224000,-0.809000,7.893000,32.733000,7.603000,28.95
8.618668,0.576000,-0.112000,-0.907000,1.481000,47.954000,6.244000,29.00
8.631403,0.532000,0.021000,-0.957000,9.313000,65.893000,5.542000,29.00
8.649835,0.441000,-0.062000,-1.043000,15.985000,90.626000,7.557000,29.05
8.651830,0.447000,-0.126000,-1.062000,15.115000,114.061000,10.519000,28.95
8.662296,0.760000,-0.052000,-0.928000,32.947000,136.427000,25.344000,28.95
8.669361,0.856000,0.198000,-1.179000,23.496000,162.443000,35.130000,29.09
8.688765,0.953000,0.126000,-1.297000,27.618000,179.053000,46.733000,29.05
8.689552,0.999000,-0.046000,-1.068000,40.916000,178.809000,53.160000,28.95
8.700636,0.915000,0.014000,-1.235000,49.634000,179.908000,48.962000,28.95
8.712976,0.743000,0.248000,-1.495000,64.122000,154.092000,36.824000,29.00
8.724241,0.566000,0.300000,-1.493000,67.069000,126.672000,16.870000,29.00
8.733202,0.340000,0.402000,-1.400000,64.916000,108.840000,-9.832000,28.95
8.739854,0.561000,0.260000,-1.536000,49.603000,78.687000,-25.740000,28.95
8.751755,0.237000,0.296000,-1.404000,39.786000,36.458000,-30.137000,29.00
8.763360,-0.007000,0.161000,-1.261000,29.176000,23.466000,-28.321000,29.00
8.770890,-0.061000,0.053000,-1.160000,10.076000,12.626000,-25.313000,29.05
8.782741,-0.015000,0.027000,-1.103000,-8.687000,4.427000,-21.405000,28.95
8.789897,0.042000,0.028000,-1.043000,-20.153000,-9.344000,-18.885000,29.00
8.801728,0.084000,0.008000,-1.009000,-27.237000,-14.366000,-20.733000,29.00
8.807815,0.199000,0.008000,-0.960000,-33.771000,-25.176000,-24.779000,29.05
8.820859,0.320000,0.023000,-0.953000,-33.466000,-37.573000,-28.275000,28.95
8.832489,0.440000,0.020000,-0.946000,-28.153000,-49.176000,-30.809000,29.00
8.839896,0.533000,-0.028000,-0.921000,-23.740000,-62.962000,-31.420000,28.95
8.851625,0.586000,-0.052000,-0.877000,-22.229000,-73.466000,-30.198000,28.95
8.863390,0.613000,-0.067000,-0.823000,-21.618000,-82.244000,-28.855000,28.95
8.870193,0.638000,-0.072000,-0.784000,-22.046000,-85.863000,-27.985000,29.00
8.882371,0.652000,-0.067000,-0.750000,-23.038000,-88.092000,-28.916000,29.00
8.889051,0.694000,-0.083000,-0.755000,-24.519000,-89.069000,-32.733000,29.05
8.900873,0.745000,-0.063000,-0.761000,-25.069000,-91.405000,-37.802000,28.95
8.912757,0.805000,-0.057000,-0.786000,-22.519000,-95.557000,-42.382000,29.00
8.919784,0.821000,-0.070000,-0.779000,-20.473000,-98.855000,-46.718000,28.91
8.931313,0.849000,-0.047000,-0.770000,-16.824000,-101.618000,-49.115000,28.95
8.943227,0.848000,-0.042000,-0.754000,-12.534000,-103.130000,-50.076000,29.05
8.952236,0.830000,-0.057000,-0.738000,-11.099000,-100.870000,-51.496000,28.86
8.961849,0.855000,-0.066000,-0.726000,-11.542000,-97.527000,-52.718000,28.91
8.973561,0.896000,-0.070000,-0.743000,-14.198000,-96.702000,-53.374000,29.00
8.980554,0.921000,-0.073000,-0.731000,-17.710000,-98.260000,-52.641000,28.95
8.992463,0.903000,-0.068000,-0.718000,-18.198000,-100.779000,-49.969000,29.05
8.999347,0.860000,-0.116000,-0.711000,-19.221000,-98.962000,-46.824000,29.00
9.011264,0.858000,-0.171000,-0.700000,-23.817000,-97.725000,-43.863000,28.91
9.022896,0.835000,-0.186000,-0.693000,-29.313000,-94.580000,-40.397000,28.95
9.030269,0.837000,-0.169000,-0.660000,-32.351000,-91.084000,-36.122000,28.95
9.041775,0.846000,-0.161000,-0.612000,-32.290000,-86.412000,-33.008000,29.00
9.053944,0.849000,-0.162000,-0.551000,-30.107000,-83.023000,-31.160000,28.86
9.060663,0.833000,-0.171000,-0.497000,-28.595000,-75.969000,-30.351000,28.95
9.072476,0.874000,-0.219000,-0.513000,-32.137000,-66.321000,-31.893000,29.05
9.079199,1.013000,-0.273000,-0.492000,-38.885000,-64.015000,-32.092000,28.91
9.093441,1.052000,-0.275000,-0.430000,-40.137000,-71.573000,-28.519000,29.00
9.102860,0.989000,-0.269000,-0.353000,-34.168000,-72.779000,-23.649000,28.95
9.111314,0.878000,-0.318000,-0.221000,-27.359000,-67.328000,-20.595000,29.05
9.121829,0.785000,-0.084000,-0.456000,-8.794000,-51.603000,-17.405000,29.00
9.129251,0.542000,-0.354000,0.358000,9.298000,-23.511000,-3.435000,28.91
9.141352,1.063000,-0.766000,0.477000,11.878000,29.008000,-3.069000,28.95
9.153557,1.328000,-0.711000,0.717000,11.664000,54.855000,4.351000,28.95
9.160686,1.447000,-0.713000,0.985000,15.863000,92.305000,20.626000,28.91
9.172737,1.445000,-0.798000,1.396000,29.756000,137.756000,49.481000,29.00
9.180207,1.435000,-0.775000,1.497000,45.023000,201.252000,86.855000,29.09
9.192126,1.677000,-0.537000,-1.041000,17.618000,245.924000,75.603000,28.95
9.200466,3.008000,0.541000,-1.409000,48.748000,47.023000,43.527000,28.95
9.212010,1.607000,1.184000,-0.617000,70.412000,52.611000,43.420000,28.91
9.223603,1.760000,-0.101000,-0.838000,95.374000,65.237000,57.405000,29.00
9.230610,0.920000,-1.055000,-1.030000,87.008000,-9.053000,48.626000,29.05
9.242941,0.465000,-0.698000,-0.950000,58.351000,26.626000,37.038000,28.86
9.250032,1.107000,-0.281000,-0.901000,34.718000,-5.618000,19.221000,29.09
9.261986,1.015000,-0.448000,-0.791000,8.748000,-0.870000,9.740000,29.05
9.269277,0.643000,-0.182000,-0.707000,6.840000,-5.191000,4.427000,29.05
9.281331,0.727000,-0.220000,-0.733000,7.832000,-12.198000,-0.061000,28.95
9.293210,0.601000,-0.170000,-0.787000,4.489000,-10.718000,-4.092000,29.00
9.300703,0.642000,-0.122000,-0.765000,-3.023000,-4.275000,-5.740000,29.00
9.312777,0.672000,-0.200000,-0.788000,-7.420000,2.687000,-7.359000,28.95
9.319717,0.676000,-0.164000,-0.762000,-6.504000,3.740000,-8.427000,28.95
9.332522,0.673000,-0.171000,-0.748000,-5.420000,3.618000,-8.641000,29.00
9.339602,0.684000,-0.137000,-0.752000,-7.008000,7.298000,-8.244000,29.09
9.351596,0.698000,-0.055000,-0.721000,-7.863000,10.901000,-6.092000,28.95
9.363613,0.678000,-0.131000,-0.730000,-7.939000,12.427000,-4.718000,28.95
9.370687,0.668000,-0.118000,-0.752000,-7.191000,13.511000,-5.313000,28.91
9.388626,0.685000,-0.094000,-0.736000,-5.527000,15.038000,-4.397000,28.91
9.389599,0.692000,-0.097000,-0.721000,-4.855000,16.702000,-3.145000,28.95
9.401882,0.703000,-0.111000,-0.715000,-4.443000,17.435000,-2.000000,28.95
9.408975,0.685000,-0.096000,-0.709000,-3.557000,16.534000,-1.389000,29.00
9.421018,0.664000,-0.101000,-0.725000,-2.473000,16.198000,-0.580000,29.00
9.433087,0.690000,-0.104000,-0.709000,-1.878000,15.939000,-0.214000,28.95
9.440594,0.683000,-0.140000,-0.719000,-2.000000,16.504000,-0.244000,28.95
9.452171,0.688000,-0.136000,-0.696000,-2.885000,16.000000,-0.870000,29.00
9.459225,0.708000,-0.126000,-0.695000,-2.748000,13.771000,-1.053000,28.91
9.473706,0.698000,-0.110000,-0.693000,-2.336000,13.069000,-0.153000,28.95
9.478462,0.700000,-0.100000,-0.688000,-1.817000,11.695000,1.084000,28.95
9.491226,0.682000,-0.088000,-0.666000,-0.290000,7.985000,2.672000,29.05
9.503383,0.697000,-0.091000,-0.670000,0.351000,6.366000,4.397000,29.00
9.511024,0.675000,-0.096000,-0.675000,1.313000,4.473000,5.145000,29.00
9.528165,0.685000,-0.116000,-0.701000,1.634000,4.901000,5.405000,28.86
9.530627,0.684000,-0.125000,-0.713000,1.847000,4.748000,5.588000,29.05
9.542732,0.709000,-0.142000,-0.683000,1.847000,4.473000,4.855000,28.91
9.550290,0.696000,-0.139000,-0.692000,2.275000,2.443000,4.198000,28.91
9.562723,0.682000,-0.126000,-0.722000,2.473000,3.053000,4.336000,28.95
9.569775,0.653000,-0.130000,-0.661000,2.916000,6.046000,4.168000,28.95
9.582659,0.678000,-0.123000,-0.729000,2.275000,5.557000,3.740000,28.91
9.589794,0.677000,-0.111000,-0.732000,2.489000,9.191000,5.511000,29.00
9.601994,0.689000,-0.156000,-0.706000,2.656000,11.069000,5.191000,28.95
9.609434,0.684000,-0.141000,-0.723000,2.504000,10.779000,4.458000,28.95
9.621652,0.691000,-0.134000,-0.720000,2.137000,12.809000,4.489000,29.00
9.633595,0.688000,-0.137000,-0.702000,1.893000,14.198000,3.786000,28.91
9.644610,0.649000,-0.137000,-0.752000,1.649000,17.649000,3.389000,28.95
9.653314,0.629000,-0.163000,-0.763000,1.298000,21.542000,2.763000,29.05
9.660694,0.629000,-0.142000,-0.781000,2.092000,28.504000,2.031000,28.91
9.672725,0.696000,-0.107000,-0.801000,3.221000,39.863000,2.244000,29.00
9.680331,0.610000,-0.099000,-0.880000,7.420000,57.420000,2.977000,29.05
9.692318,0.586000,-0.085000,-0.975000,12.885000,77.130000,4.168000,28.95
9.699593,0.455000,-0.200000,-1.165000,24.885000,109.191000,8.672000,29.00
9.711663,0.706000,-0.139000,-0.900000,26.214000,133.176000,4.198000,29.00
9.723280,0.785000,-0.163000,-0.904000,29.328000,148.092000,-0.977000,28.86
9.731688,0.615000,-0.262000,-0.953000,31.771000,169.771000,-3.145000,28.95
9.742405,0.809000,-0.157000,-0.928000,32.733000,188.290000,-7.710000,28.91
9.749627,1.005000,-0.149000,-1.183000,32.840000,203.176000,-6.321000,28.91
9.761439,0.870000,-0.185000,-1.091000,38.611000,221.328000,-8.473000,29.00
9.773564,1.304000,-0.273000,-1.401000,29.221000,226.229000,-9.053000,29.05
9.780965,1.011000,-0.101000,-1.105000,29.542000,207.115000,0.779000,28.95
9.793035,0.939000,-0.016000,-1.275000,37.511000,204.809000,1.420000,29.00
9.799960,0.712000,0.315000,-1.815000,45.405000,173.130000,-5.588000,29.00
9.812051,0.211000,0.317000,-1.923000,45.008000,127.282000,-2.565000,28.86
9.819703,0.495000,0.086000,-2.079000,22.992000,72.153000,7.374000,28.95
9.831600,-0.163000,0.179000,-1.755000,5.038000,22.595000,23.847000,28.91
9.843593,-0.282000,0.090000,-1.608000,-11.221000,19.557000,40.107000,28.86
9.850637,-0.168000,0.112000,-1.535000,-31.160000,-3.679000,52.015000,29.05
9.862581,-0.104000,0.188000,-1.480000,-41.511000,-23.817000,58.489000,28.95
9.869401,-0.116000,0.222000,-1.335000,-46.336000,-46.382000,58.107000,29.00
9.881143,-0.117000,0.227000,-1.171000,-51.603000,-56.641000,51.038000,28.91
9.893253,-0.060000,0.231000,-1.059000,-55.008000,-62.901000,42.382000,28.95
9.899930,0.080000,0.183000,-1.027000,-61.160000,-61.313000,31.252000,29.05
9.912312,0.300000,0.124000,-1.069000,-70.870000,-68.565000,16.626000,29.00
9.919323,0.518000,0.066000,-1.101000,-81.878000,-83.740000,0.397000,28.91
9.931436,0.658000,0.091000,-1.117000,-89.206000,-105.847000,-12.153000,28.95
9.943452,0.828000,0.112000,-1.115000,-92.275000,-128.611000,-23.588000,28.95
9.949818,0.911000,0.099000,-1.039000,-88.153000,-153.603000,-32.534000,28.91
9.961708,0.912000,0.083000,-0.984000,-79.115000,-172.366000,-39.832000,28.91
9.969013,0.940000,0.065000,-0.910000,-70.626000,-184.641000,-47.450000,28.95
9.980645,0.991000,0.073000,-0.873000,-61.649000,-189.908000,-57.099000,28.95
9.992728,1.062000,0.055000,-0.848000,-51.405000,-191.588000,-67.817000,29.00
9.999750,1.126000,-0.013000,-0.773000,-42.015000,-193.802000,-79.374000,28.95
