# Gait Analysis Data - MPU6050 IMU
# Duration: 10 seconds
# Format: timestamp(s),ax(g),ay(g),az(g),gx(deg/s),gy(deg/s),gz(deg/s),temp(C)
# Note: Document sensor placement (ankle/wrist) separately
timestamp,ax,ay,az,gx,gy,gz,temp
0.001313,1.143000,-0.504000,-0.429000,-4.260000,-21.130000,-62.046000,28.58
0.002504,1.102000,-0.407000,-0.521000,-12.046000,-23.115000,-56.031000,28.62
0.003787,1.013000,-0.322000,-0.576000,-11.344000,-34.718000,-46.672000,28.67
0.005071,0.864000,-0.250000,-0.630000,-9.618000,-39.496000,-38.901000,28.67
0.006176,0.697000,-0.207000,-0.671000,-11.466000,-40.229000,-34.718000,28.67
0.007127,0.644000,-0.154000,-0.722000,-15.664000,-37.954000,-34.275000,28.62
0.008049,0.622000,-0.102000,-0.750000,-17.267000,-35.206000,-33.740000,28.62
0.009058,0.631000,-0.109000,-0.737000,-17.084000,-33.466000,-31.634000,28.58
0.010195,0.669000,-0.145000,-0.744000,-18.153000,-37.023000,-30.519000,28.58
0.011315,0.667000,-0.149000,-0.733000,-21.496000,-40.229000,-29.023000,28.62
0.012327,0.646000,-0.167000,-0.729000,-27.053000,-39.863000,-27.191000,28.62
0.013284,0.666000,-0.203000,-0.747000,-37.267000,-38.779000,-26.702000,28.67
0.014225,0.679000,-0.296000,-0.701000,-49.435000,-40.580000,-25.511000,28.58
0.015026,0.723000,-0.206000,-0.595000,-47.649000,-43.023000,-19.496000,28.53
0.015818,0.787000,-0.230000,-0.457000,-39.496000,-40.336000,-12.611000,28.62
0.016607,0.824000,-0.259000,-0.358000,-31.084000,-35.115000,-9.664000,28.58
0.017397,0.870000,-0.243000,-0.250000,-23.496000,-32.260000,-10.473000,28.77
0.018184,0.898000,-0.211000,-0.131000,-14.397000,-25.588000,-11.649000,28.62
0.019099,0.952000,-0.201000,0.036000,-3.847000,-11.954000,-15.786000,28.67
0.020066,1.096000,-0.260000,0.242000,12.000000,3.771000,-25.252000,28.67
0.020813,1.207000,-0.305000,0.579000,35.282000,22.702000,-32.718000,28.67
0.021589,1.233000,-0.347000,0.881000,59.939000,58.687000,-39.206000,28.62
0.022390,1.273000,-0.467000,1.289000,82.992000,106.000000,-40.351000,28.72
0.023097,0.468000,-0.191000,0.450000,95.542000,172.733000,-35.527000,28.67
0.023881,1.436000,-0.266000,-1.902000,78.977000,150.489000,-23.176000,28.53
0.024608,1.025000,-1.008000,-1.381000,67.282000,43.237000,28.855000,28.62
0.025309,0.019000,-0.805000,-0.339000,55.893000,117.985000,53.725000,28.67
0.025996,0.713000,-0.441000,-0.817000,24.427000,168.321000,28.427000,28.58
0.026679,2.393000,0.629000,-1.031000,55.725000,54.382000,31.450000,28.62
0.027369,1.422000,-0.391000,-0.521000,63.099000,-0.748000,47.160000,28.53
0.028053,0.663000,-0.433000,-1.067000,56.107000,11.969000,36.794000,28.77
0.028810,0.531000,-0.326000,-0.844000,47.115000,-17.389000,29.664000,28.58
0.029493,1.061000,-0.386000,-0.864000,18.702000,4.565000,8.489000,28.53
0.030117,0.750000,-0.383000,-0.742000,-3.023000,-9.878000,0.519000,28.62
0.030739,0.732000,-0.072000,-0.760000,-3.679000,-5.328000,-2.458000,28.67
0.031363,0.709000,-0.201000,-0.775000,-1.435000,-7.053000,-3.542000,28.67
0.031981,0.704000,-0.164000,-0.765000,-1.878000,-5.603000,-4.870000,28.53
0.032596,0.698000,-0.112000,-0.760000,-4.626000,-0.412000,-5.405000,28.72
0.033202,0.646000,-0.009000,-0.760000,-4.962000,2.504000,-4.046000,28.58
0.033817,0.667000,-0.083000,-0.779000,-2.733000,6.107000,-1.573000,28.67
0.034414,0.684000,-0.113000,-0.744000,-0.763000,7.053000,-0.504000,28.72
0.035011,0.686000,-0.105000,-0.747000,-0.092000,7.786000,0.580000,28.62
0.035610,0.680000,-0.120000,-0.747000,-0.733000,9.573000,0.840000,28.58
0.036211,0.677000,-0.141000,-0.727000,-0.840000,11.405000,0.779000,28.58
0.036814,0.684000,-0.141000,-0.739000,-0.427000,11.557000,0.336000,28.62
0.037423,0.668000,-0.137000,-0.718000,-0.229000,11.221000,0.443000,28.72
0.038015,0.662000,-0.130000,-0.729000,0.122000,10.550000,0.137000,28.58
0.038635,0.655000,-0.107000,-0.721000,0.595000,9.130000,0.656000,28.67
0.039318,0.656000,-0.094000,-0.699000,0.672000,6.916000,1.496000,28.53
0.039872,0.668000,-0.107000,-0.715000,1.038000,5.725000,2.458000,28.62
0.040418,0.656000,-0.075000,-0.717000,1.542000,4.504000,3.237000,28.58
0.040956,0.671000,-0.087000,-0.702000,1.664000,2.977000,4.092000,28.67
0.041756,0.669000,-0.092000,-0.722000,0.992000,1.420000,4.183000,28.62
0.042334,0.655000,-0.095000,-0.722000,0.947000,0.947000,3.771000,28.62
0.042888,0.652000,-0.095000,-0.726000,1.282000,1.954000,4.183000,28.67
0.043442,0.648000,-0.111000,-0.726000,1.481000,3.878000,4.214000,28.67
0.044024,0.663000,-0.129000,-0.746000,2.351000,6.718000,3.863000,28.62
0.044684,0.661000,-0.128000,-0.737000,3.130000,8.489000,3.832000,28.62
0.045248,0.653000,-0.119000,-0.768000,3.908000,12.229000,4.321000,28.58
0.045794,0.624000,-0.145000,-0.773000,3.679000,15.130000,2.992000,28.67
0.046339,0.599000,-0.148000,-0.767000,3.511000,19.313000,1.496000,28.62
0.046885,0.608000,-0.150000,-0.832000,1.313000,26.229000,0.260000,28.58
0.047428,0.504000,-0.110000,-0.884000,6.244000,35.740000,-1.817000,28.67
0.047966,0.417000,-0.139000,-0.931000,3.191000,46.611000,-4.214000,28.58
0.048467,0.626000,-0.279000,-0.856000,-7.130000,69.786000,-9.710000,28.62
0.048980,0.513000,-0.184000,-0.894000,-5.679000,77.695000,-12.885000,28.53
0.049496,0.604000,-0.183000,-0.832000,-6.901000,86.901000,-16.275000,28.58
0.050015,0.834000,-0.043000,-0.970000,17.481000,105.893000,-22.321000,28.58
0.050531,0.756000,-0.282000,-0.869000,23.908000,110.519000,-26.534000,28.62
0.051049,0.699000,-0.183000,-0.900000,27.115000,104.870000,-33.160000,28.62
0.051562,0.608000,-0.267000,-0.953000,36.427000,110.321000,-38.580000,28.67
0.052077,0.451000,-0.345000,-1.122000,51.924000,91.756000,-36.885000,28.58
0.052586,0.179000,-0.486000,-1.192000,65.649000,78.122000,-29.878000,28.53
0.053086,0.216000,-0.455000,-1.267000,67.603000,54.397000,-24.565000,28.62
0.053595,0.408000,-0.408000,-1.306000,70.000000,27.069000,-14.489000,28.58
0.054119,0.341000,-0.366000,-1.252000,74.580000,-6.916000,-6.702000,28.58
0.054640,0.228000,-0.330000,-1.159000,74.931000,-23.679000,-5.298000,28.62
0.055152,0.187000,-0.306000,-1.037000,68.626000,-33.160000,-7.099000,28.67
0.055661,0.233000,-0.234000,-0.963000,62.595000,-36.336000,-9.649000,28.58
0.056182,0.298000,-0.199000,-0.941000,61.542000,-42.504000,-11.863000,28.67
0.056695,0.350000,-0.196000,-0.918000,63.710000,-49.573000,-15.847000,28.62
0.057205,0.399000,-0.161000,-0.896000,66.687000,-56.336000,-20.260000,28.62
0.057715,0.436000,-0.152000,-0.880000,68.718000,-60.809000,-25.527000,28.58
0.058194,0.468000,-0.138000,-0.828000,70.824000,-63.771000,-32.565000,28.67
0.058669,0.510000,-0.123000,-0.820000,74.855000,-66.275000,-40.748000,28.62
0.059141,0.595000,-0.091000,-0.840000,77.893000,-67.954000,-48.763000,28.53
0.059617,0.689000,-0.087000,-0.850000,81.298000,-74.153000,-55.908000,28.58
0.060093,0.742000,-0.045000,-0.846000,87.740000,-85.603000,-61.466000,28.58
0.060571,0.760000,-0.040000,-0.820000,95.725000,-94.550000,-67.603000,28.62
0.061053,0.731000,-0.022000,-0.762000,105.649000,-99.634000,-72.183000,28.53
0.061536,0.702000,-0.045000,-0.719000,110.702000,-101.130000,-77.634000,28.67
0.062019,0.703000,-0.055000,-0.703000,112.702000,-98.809000,-82.443000,28.67
0.062510,0.733000,-0.050000,-0.692000,112.366000,-96.504000,-85.786000,28.53
0.062993,0.747000,-0.040000,-0.677000,111.649000,-95.542000,-89.282000,28.58
0.063467,0.734000,-0.010000,-0.661000,113.542000,-93.282000,-90.885000,28.67
0.063939,0.744000,0.014000,-0.641000,115.328000,-90.443000,-92.809000,28.67
0.064528,0.785000,0.023000,-0.621000,117.191000,-88.748000,-95.771000,28.62
0.065317,0.785000,0.010000,-0.598000,117.038000,-87.908000,-98.565000,28.62
0.065878,0.760000,-0.001000,-0.557000,117.221000,-86.122000,-102.076000,28.67
0.066391,0.754000,-0.020000,-0.537000,116.763000,-82.168000,-103.878000,28.67
0.066896,0.768000,-0.038000,-0.503000,111.893000,-76.565000,-102.641000,28.62
0.067396,0.800000,-0.004000,-0.494000,105.496000,-70.427000,-97.985000,28.62
0.067869,0.801000,0.010000,-0.468000,101.649000,-63.756000,-92.397000,28.67
0.068336,0.785000,0.011000,-0.456000,91.725000,-56.107000,-86.366000,28.58
0.068789,0.798000,0.035000,-0.407000,79.176000,-47.130000,-81.115000,28.72
0.069253,0.804000,0.124000,-0.379000,63.588000,-33.756000,-78.168000,28.62
0.069696,1.021000,-0.289000,-0.250000,3.969000,6.595000,-98.137000,28.58
0.070181,0.846000,0.422000,0.096000,-42.733000,27.893000,-124.611000,28.62
0.070640,1.297000,0.895000,0.012000,-54.260000,65.084000,-140.015000,28.62
0.071468,1.479000,0.714000,-0.009000,-45.649000,66.321000,-162.672000,28.58
0.072122,1.621000,0.844000,0.272000,-57.832000,73.725000,-183.557000,28.67
0.072607,1.807000,0.552000,-0.671000,32.183000,80.809000,-140.336000,28.53
0.073073,1.562000,-0.108000,-1.315000,28.519000,15.053000,-47.160000,28.53
0.073537,1.236000,-0.785000,-1.321000,-11.618000,-35.191000,45.084000,28.67
0.074003,0.152000,0.118000,-0.528000,11.756000,-10.076000,38.641000,28.58
0.074448,0.563000,0.233000,-0.968000,15.618000,20.107000,1.847000,28.62
0.074899,0.396000,-0.626000,-0.672000,7.435000,12.733000,8.321000,28.72
0.075352,0.661000,-0.427000,-0.778000,-5.664000,29.756000,13.298000,28.67
0.075868,1.040000,0.027000,-0.652000,0.412000,1.313000,2.931000,28.58
0.076331,0.821000,-0.355000,-0.530000,-0.641000,-12.107000,-1.374000,28.72
0.076781,0.711000,-0.358000,-0.748000,-5.954000,-12.855000,-10.260000,28.67
0.077248,0.687000,-0.212000,-0.744000,-8.122000,-16.931000,-18.840000,28.58
0.077704,0.690000,-0.199000,-0.771000,-11.298000,-11.542000,-21.298000,28.58
0.078166,0.656000,-0.176000,-0.776000,-12.412000,-9.985000,-22.794000,28.53
0.078622,0.658000,-0.084000,-0.745000,-14.580000,-9.908000,-22.290000,28.72
0.079190,0.709000,-0.048000,-0.728000,-14.397000,-5.939000,-19.756000,28.58
0.079804,0.695000,-0.045000,-0.721000,-11.939000,-9.282000,-15.130000,28.67
0.080340,0.676000,0.001000,-0.737000,-9.328000,-2.519000,-11.115000,28.62
0.080953,0.673000,-0.052000,-0.738000,-6.489000,-0.824000,-8.382000,28.62
0.081773,0.663000,-0.096000,-0.740000,-5.908000,1.298000,-7.466000,28.67
0.082297,0.664000,-0.084000,-0.727000,-6.260000,3.160000,-5.878000,28.48
0.082770,0.655000,-0.137000,-0.753000,-6.076000,3.756000,-5.786000,28.62
0.083225,0.650000,-0.183000,-0.744000,-7.298000,4.855000,-7.725000,28.58
0.083674,0.659000,-0.168000,-0.720000,-8.443000,4.107000,-9.481000,28.58
0.084121,0.665000,-0.136000,-0.730000,-9.389000,3.603000,-10.855000,28.62
0.084572,0.660000,-0.121000,-0.725000,-9.267000,4.275000,-11.160000,28.62
0.085063,0.678000,-0.130000,-0.712000,-8.916000,4.031000,-10.794000,28.58
0.085541,0.657000,-0.145000,-0.731000,-9.023000,3.939000,-11.023000,28.67
0.085999,0.639000,-0.115000,-0.744000,-8.901000,4.885000,-11.282000,28.62
0.086461,0.663000,-0.125000,-0.718000,-9.099000,5.939000,-11.328000,28.62
0.087547,0.625000,-0.069000,-0.740000,-9.069000,6.412000,-11.359000,28.67
0.088069,0.634000,-0.090000,-0.740000,-8.046000,8.061000,-10.351000,28.58
0.088582,0.673000,-0.122000,-0.713000,-7.084000,8.473000,-11.053000,28.53
0.089056,0.666000,-0.134000,-0.723000,-7.191000,7.649000,-10.687000,28.53
0.089511,0.667000,-0.120000,-0.728000,-7.603000,7.985000,-11.023000,28.67
0.089959,0.674000,-0.102000,-0.724000,-7.466000,9.069000,-11.008000,28.67
0.090467,0.670000,-0.083000,-0.721000,-7.511000,8.229000,-11.206000,28.62
0.090923,0.688000,-0.098000,-0.720000,-6.565000,8.473000,-10.366000,28.58
0.091366,0.687000,-0.089000,-0.710000,-5.832000,8.168000,-9.344000,28.67
0.091847,0.670000,-0.103000,-0.719000,-6.153000,7.038000,-8.687000,28.58
0.092422,0.671000,-0.120000,-0.713000,-6.107000,7.115000,-8.595000,28.72
0.092909,0.684000,-0.112000,-0.713000,-6.000000,6.962000,-8.840000,28.62
0.093395,0.656000,-0.102000,-0.729000,-6.382000,6.641000,-9.496000,28.58
0.093859,0.653000,-0.082000,-0.726000,-7.130000,7.374000,-9.649000,28.48
0.094320,0.663000,-0.083000,-0.731000,-7.710000,7.389000,-10.824000,28.53
0.094774,0.666000,-0.077000,-0.721000,-7.069000,6.626000,-10.305000,28.53
0.095367,0.671000,-0.068000,-0.707000,-7.084000,5.359000,-9.771000,28.58
0.095916,0.669000,-0.093000,-0.724000,-6.550000,5.450000,-8.916000,28.67
0.096352,0.677000,-0.117000,-0.717000,-6.565000,5.038000,-8.962000,28.62
0.096779,0.673000,-0.083000,-0.720000,-7.252000,5.389000,-9.695000,28.62
0.097205,0.677000,-0.069000,-0.728000,-7.908000,6.214000,-9.740000,28.58
0.097640,0.660000,-0.048000,-0.732000,-7.695000,6.183000,-10.061000,28.67
0.098442,0.689000,-0.079000,-0.702000,-7.038000,6.458000,-9.725000,28.62
0.099001,0.681000,-0.055000,-0.725000,-6.519000,6.198000,-10.076000,28.67
0.099606,0.663000,-0.103000,-0.708000,-7.023000,6.321000,-10.519000,28.67
0.100126,0.671000,-0.099000,-0.710000,-7.267000,6.763000,-12.122000,28.58
0.100595,0.674000,-0.079000,-0.721000,-7.710000,8.733000,-13.115000,28.62
0.101046,0.697000,-0.061000,-0.726000,-7.710000,9.740000,-13.420000,28.62
0.101503,0.673000,-0.060000,-0.719000,-5.908000,11.725000,-12.595000,28.67
0.101957,0.701000,-0.054000,-0.715000,-5.817000,12.977000,-12.046000,28.62
0.102417,0.702000,-0.062000,-0.711000,-5.344000,14.489000,-11.069000,28.62
0.102868,0.684000,-0.082000,-0.721000,-5.084000,16.977000,-9.954000,28.58
0.103436,0.751000,-0.080000,-0.704000,-3.267000,21.969000,-10.244000,28.58
0.103980,0.680000,-0.122000,-0.766000,-3.115000,27.191000,-10.702000,28.53
0.104448,0.666000,-0.072000,-0.772000,-1.756000,33.725000,-12.321000,28.62
0.104895,0.662000,-0.055000,-0.796000,0.901000,42.427000,-13.664000,28.58
0.105473,0.616000,-0.211000,-0.741000,-2.076000,-10.198000,0.275000,28.58
0.105910,0.602000,-0.183000,-0.729000,-2.992000,-6.321000,-2.305000,28.62
0.106346,0.606000,-0.151000,-0.717000,-3.237000,-3.160000,-3.481000,28.53
0.106781,0.633000,-0.149000,-0.709000,-2.489000,-1.710000,-3.786000,28.48
0.107215,0.639000,-0.143000,-0.747000,-2.229000,-1.618000,-3.969000,28.53
0.107652,0.703000,-0.175000,-0.751000,-6.733000,-2.779000,-4.962000,28.62
0.111305,0.688000,-0.146000,-0.722000,-9.282000,-4.947000,-6.000000,28.58
0.118449,0.655000,-0.113000,-0.730000,-9.130000,-3.206000,-5.420000,28.48
0.130626,0.654000,-0.089000,-0.732000,-6.748000,-2.198000,-4.305000,28.53
0.137420,0.580000,-0.080000,-0.729000,-2.092000,-0.931000,-2.458000,28.48
0.150131,0.504000,-0.039000,-0.750000,4.122000,5.160000,-0.855000,28.48
0.155439,0.621000,-0.148000,-0.747000,6.763000,11.557000,1.634000,28.58
0.169360,0.663000,-0.174000,-0.712000,6.046000,10.107000,2.229000,28.53
0.182079,0.651000,-0.141000,-0.713000,6.183000,10.687000,2.412000,28.62
0.188925,0.634000,-0.172000,-0.699000,4.748000,10.809000,3.069000,28.58
0.201552,0.640000,-0.154000,-0.700000,4.702000,12.962000,2.626000,28.58
0.208475,0.653000,-0.158000,-0.711000,6.214000,11.099000,3.481000,28.53
0.220975,0.659000,-0.146000,-0.710000,7.344000,11.130000,4.107000,28.53
0.227864,0.670000,-0.150000,-0.713000,7.298000,11.053000,3.771000,28.58
0.240433,0.669000,-0.153000,-0.721000,5.267000,14.046000,2.412000,28.48
0.247386,0.700000,-0.190000,-0.763000,1.740000,15.405000,0.076000,28.53
0.259885,0.685000,-0.183000,-0.764000,-2.092000,15.832000,-1.145000,28.53
0.271868,0.670000,-0.164000,-0.775000,-3.954000,18.931000,-2.153000,28.58
0.278968,0.683000,-0.148000,-0.760000,-3.954000,20.275000,-2.092000,28.58
0.291333,0.684000,-0.146000,-0.742000,-3.374000,20.870000,-0.748000,28.53
0.298235,0.666000,-0.106000,-0.735000,-1.679000,21.939000,0.397000,28.48
0.310441,0.644000,-0.097000,-0.731000,-0.656000,24.366000,1.267000,28.58
0.317797,0.642000,-0.124000,-0.743000,-0.687000,27.466000,3.038000,28.67
0.330204,0.642000,-0.144000,-0.735000,0.397000,30.458000,2.962000,28.53
0.343388,0.604000,-0.162000,-0.792000,-0.183000,34.916000,3.099000,28.53
0.349506,0.601000,-0.113000,-0.775000,-3.802000,41.374000,6.382000,28.58
0.361463,0.660000,-0.140000,-0.743000,-3.237000,46.611000,8.931000,28.53
0.368576,0.666000,-0.107000,-0.807000,5.069000,48.397000,11.176000,28.62
0.381236,0.706000,-0.133000,-0.750000,6.168000,47.740000,13.435000,28.48
0.387887,0.624000,-0.107000,-0.945000,-2.916000,57.786000,15.069000,28.48
0.400574,0.548000,0.082000,-0.929000,-6.122000,61.420000,16.748000,28.62
0.407638,0.589000,0.136000,-1.053000,0.031000,62.260000,17.405000,28.58
0.419965,0.540000,0.174000,-1.153000,7.588000,54.855000,10.794000,28.58
0.432183,0.388000,0.319000,-1.206000,12.580000,47.298000,-2.687000,28.58
0.439335,0.299000,0.403000,-1.252000,15.710000,40.519000,-20.031000,28.62
0.451436,0.198000,0.457000,-1.274000,15.802000,36.122000,-38.076000,28.53
0.458655,0.192000,0.416000,-1.371000,8.504000,30.702000,-55.282000,28.58
0.470753,0.341000,0.238000,-1.472000,0.947000,11.634000,-62.504000,28.48
0.477682,0.341000,0.133000,-1.499000,-3.160000,-12.870000,-57.847000,28.53
0.489778,0.284000,0.015000,-1.444000,-4.336000,-32.031000,-44.473000,28.62
0.501506,0.211000,-0.103000,-1.366000,-10.275000,-43.405000,-30.565000,28.58
0.510461,0.170000,-0.173000,-1.295000,-19.954000,-50.351000,-19.389000,28.58
0.520544,0.185000,-0.174000,-1.239000,-29.420000,-54.779000,-10.702000,28.53
0.532412,0.220000,-0.119000,-1.170000,-35.344000,-54.412000,-4.137000,28.48
0.539253,0.281000,-0.058000,-1.127000,-38.061000,-53.344000,-0.336000,28.58
0.551669,0.325000,-0.035000,-1.094000,-40.168000,-51.969000,0.076000,28.53
0.558338,0.484000,-0.014000,-1.188000,-47.115000,-48.870000,-4.183000,28.44
0.570195,0.799000,-0.068000,-1.222000,-63.221000,-62.198000,-12.000000,28.58
0.582284,0.940000,-0.011000,-1.146000,-69.466000,-94.137000,-17.786000,28.58
0.588752,0.863000,0.045000,-1.010000,-62.168000,-117.466000,-19.878000,28.53
0.600717,0.715000,-0.003000,-0.796000,-51.130000,-125.863000,-20.901000,28.53
0.606714,0.633000,-0.058000,-0.636000,-43.664000,-119.252000,-24.718000,28.58
0.618962,0.686000,-0.104000,-0.559000,-40.382000,-105.893000,-30.168000,28.58
0.630846,0.806000,-0.122000,-0.534000,-35.695000,-96.504000,-33.863000,28.53
0.637777,0.860000,-0.135000,-0.500000,-25.481000,-92.626000,-34.458000,28.53
0.649684,0.854000,-0.178000,-0.430000,-13.786000,-89.924000,-34.321000,28.48
0.661671,0.843000,-0.204000,-0.381000,-6.153000,-82.748000,-34.733000,28.67
0.668581,0.869000,-0.233000,-0.356000,-4.015000,-73.206000,-35.359000,28.62
0.680397,0.921000,-0.242000,-0.320000,-5.542000,-65.145000,-36.122000,28.67
0.687316,0.965000,-0.191000,-0.268000,-4.137000,-60.672000,-35.740000,28.58
0.699538,0.945000,-0.164000,-0.192000,1.328000,-54.504000,-35.985000,28.58
0.711828,0.899000,-0.146000,-0.119000,7.893000,-44.198000,-38.214000,28.53
0.718585,0.911000,-0.162000,-0.086000,11.756000,-32.321000,-42.885000,28.53
0.730479,0.901000,-0.186000,-0.038000,14.427000,-24.305000,-47.038000,28.48
0.737230,0.824000,-0.195000,-0.021000,18.397000,-15.466000,-49.145000,28.58
0.750058,0.751000,-0.233000,-0.025000,22.824000,-4.809000,-50.519000,28.62
0.761705,0.720000,-0.281000,-0.047000,23.206000,5.588000,-51.298000,28.53
0.768890,0.695000,-0.302000,-0.087000,18.901000,10.779000,-51.557000,28.58
0.780834,0.669000,-0.277000,1.016000,48.809000,43.435000,-29.527000,28.62
0.787593,0.360000,-0.565000,1.422000,53.679000,154.427000,-15.160000,28.53
0.800446,0.807000,-0.075000,-1.309000,41.527000,234.305000,-24.382000,28.48
0.812022,1.401000,-0.181000,-1.741000,42.519000,73.969000,13.802000,28.67
0.818899,1.038000,-0.587000,-0.725000,28.611000,102.702000,46.595000,28.53
0.831219,1.320000,-0.205000,-0.533000,38.718000,132.885000,42.305000,28.53
0.837850,1.852000,-0.098000,-1.000000,56.779000,108.427000,36.489000,28.48
0.851109,2.182000,0.245000,-0.946000,75.740000,66.550000,43.802000,28.58
0.862217,1.158000,-0.447000,-0.742000,63.542000,28.321000,41.298000,28.53
0.869522,0.495000,-0.531000,-0.950000,47.481000,47.771000,33.939000,28.53
0.881610,0.538000,-0.292000,-0.790000,40.992000,35.893000,28.473000,28.58
0.891350,1.022000,-0.047000,-0.741000,32.580000,21.298000,23.466000,28.48
0.900785,0.923000,-0.295000,-0.714000,23.130000,13.237000,19.771000,28.53
0.907850,0.801000,-0.193000,-0.784000,17.603000,4.626000,14.840000,28.53
0.920053,0.810000,-0.256000,-0.831000,14.550000,-10.107000,8.183000,28.58
0.932148,0.719000,-0.293000,-0.793000,8.656000,-9.176000,4.031000,28.58
0.939432,0.673000,-0.192000,-0.764000,-0.656000,-3.649000,-1.511000,28.62
0.951434,0.673000,-0.154000,-0.756000,-4.794000,0.137000,-3.176000,28.58
0.958828,0.668000,-0.134000,-0.748000,-3.435000,0.809000,-3.160000,28.58
0.970853,0.644000,-0.128000,-0.747000,-1.771000,-0.092000,-2.611000,28.58
0.981350,0.653000,-0.111000,-0.735000,-1.985000,1.969000,-1.954000,28.53
0.990428,0.663000,-0.110000,-0.735000,-2.275000,3.603000,-1.573000,28.53
0.997722,0.680000,-0.116000,-0.735000,-2.198000,4.458000,-0.718000,28.58
1.009716,0.675000,-0.123000,-0.733000,-1.206000,4.611000,0.229000,28.48
1.022042,0.670000,-0.144000,-0.730000,-0.687000,4.595000,0.718000,28.53
1.031988,0.633000,-0.144000,-0.742000,-0.244000,4.870000,0.336000,28.53
1.049694,0.649000,-0.152000,-0.731000,-1.160000,6.000000,-0.183000,28.48
1.051080,0.654000,-0.132000,-0.729000,-1.832000,5.618000,-0.229000,28.58
1.060907,0.652000,-0.127000,-0.717000,-1.725000,5.115000,-0.275000,28.53
1.067673,0.657000,-0.144000,-0.728000,-2.000000,4.382000,-0.885000,28.53
1.081512,0.660000,-0.129000,-0.722000,-1.527000,3.664000,-0.870000,28.58
1.086181,0.638000,-0.110000,-0.721000,-1.588000,3.878000,-0.931000,28.53
1.102492,0.648000,-0.121000,-0.740000,-1.511000,6.168000,-0.275000,28.44
1.113832,0.652000,-0.135000,-0.738000,-1.389000,7.496000,0.244000,28.48
1.122708,0.653000,-0.134000,-0.721000,-1.115000,6.809000,0.611000,28.48
1.131229,0.665000,-0.133000,-0.710000,-2.000000,7.405000,0.244000,28.62
1.138613,0.652000,-0.106000,-0.717000,-0.641000,6.183000,0.397000,28.53
1.150757,0.619000,-0.112000,-0.725000,-0.519000,7.176000,1.084000,28.58
1.158110,0.638000,-0.127000,-0.758000,-0.290000,9.160000,1.374000,28.67
1.170165,0.615000,-0.130000,-0.748000,-1.267000,10.901000,1.466000,28.53
1.177268,0.659000,-0.157000,-0.729000,-1.099000,11.893000,1.359000,28.44
1.189421,0.655000,-0.145000,-0.726000,-0.763000,12.336000,1.099000,28.58
1.201872,0.682000,-0.148000,-0.731000,-0.260000,13.832000,1.649000,28.58
1.209042,0.656000,-0.153000,-0.740000,0.290000,15.267000,1.710000,28.53
1.221472,0.658000,-0.125000,-0.760000,1.191000,16.183000,2.244000,28.53
1.228632,0.663000,-0.107000,-0.731000,1.466000,20.443000,3.344000,28.48
1.241048,0.714000,-0.125000,-0.717000,0.885000,27.313000,5.328000,28.58
1.248245,0.680000,-0.095000,-0.772000,4.290000,24.672000,8.275000,28.62
1.260437,0.626000,-0.085000,-0.820000,5.511000,41.038000,14.214000,28.44
1.267438,0.561000,-0.043000,-0.847000,10.534000,62.855000,20.656000,28.58
1.279706,0.621000,-0.038000,-0.905000,3.649000,80.656000,25.847000,28.58
1.292024,0.627000,-0.085000,-0.797000,13.542000,88.015000,27.099000,28.62
1.299265,0.666000,-0.154000,-0.821000,13.939000,85.282000,26.122000,28.53
1.311446,0.695000,-0.125000,-0.949000,4.840000,94.992000,22.809000,28.58
1.318137,0.728000,-0.007000,-1.187000,20.382000,116.321000,21.481000,28.58
1.336063,0.816000,-0.053000,-0.996000,13.420000,135.618000,21.771000,28.62
1.341969,0.986000,0.175000,-1.044000,15.511000,154.321000,26.229000,28.53
1.349153,0.818000,0.167000,-1.027000,12.580000,158.870000,31.496000,28.48
1.361369,0.472000,0.830000,-1.526000,9.069000,154.672000,33.847000,28.58
1.368543,-0.113000,1.646000,-2.408000,30.443000,112.931000,-6.595000,28.62
1.380342,-0.635000,1.882000,-2.770000,45.038000,55.298000,-71.267000,28.58
1.387366,-0.979000,1.719000,-2.702000,49.298000,6.931000,-121.542000,28.58
1.399435,-1.116000,1.082000,-2.678000,44.015000,-33.603000,-134.031000,28.58
1.411275,-1.010000,0.325000,-2.571000,18.733000,-76.473000,-103.206000,28.44
1.418080,-0.890000,-0.087000,-2.301000,-7.466000,-106.153000,-50.076000,28.44
1.429957,-0.419000,-0.524000,-2.076000,-38.519000,-124.458000,6.992000,28.48
1.441931,0.071000,-0.478000,-1.690000,-70.580000,-136.992000,49.405000,28.53
1.448860,0.623000,-0.327000,-1.338000,-82.046000,-139.359000,81.740000,28.53
1.460620,0.659000,-0.547000,-0.957000,-97.802000,-134.183000,99.542000,28.58
1.467245,0.999000,-0.340000,-0.769000,-103.328000,-96.305000,104.672000,28.48
1.479152,1.342000,-0.432000,-0.309000,-95.893000,-70.748000,92.855000,28.53
1.491387,1.625000,-0.531000,1.068000,-33.893000,-12.305000,69.725000,28.58
1.498403,2.044000,-0.880000,0.416000,-12.611000,19.115000,23.634000,28.48
1.510388,1.328000,-0.384000,-0.451000,-14.580000,21.832000,-18.947000,28.58
1.517216,0.532000,-0.062000,-0.876000,-16.366000,11.908000,-43.038000,28.62
1.529479,0.512000,-0.226000,-1.076000,-25.618000,6.122000,-63.053000,28.53
1.541678,0.527000,-0.313000,-1.151000,-20.931000,-35.069000,-71.878000,28.58
1.548227,0.532000,-0.606000,-0.739000,3.374000,-72.626000,-70.748000,28.48
1.560394,1.124000,-1.049000,0.145000,26.916000,-84.489000,-60.305000,28.53
1.567295,1.844000,-1.328000,1.575000,40.137000,-68.153000,-31.908000,28.53
1.579818,3.029000,-1.790000,3.382000,50.260000,16.656000,2.260000,28.67
1.591872,4.000000,-2.156000,4.000000,59.115000,78.290000,31.817000,28.48
1.598939,4.000000,-2.275000,4.000000,70.000000,66.321000,55.603000,28.62
1.611153,0.726000,0.059000,0.024000,41.710000,-166.977000,-14.137000,28.53
1.618184,-0.595000,0.276000,-1.725000,22.489000,-140.015000,28.061000,28.48
1.630297,0.120000,-0.549000,-1.252000,-10.046000,-59.481000,27.771000,28.53
1.642380,1.021000,-0.716000,-1.158000,6.931000,-63.298000,0.824000,28.44
1.649503,0.401000,-0.205000,-1.025000,0.198000,-41.481000,-10.931000,28.58
1.661421,0.638000,0.045000,-0.868000,-18.489000,20.870000,-10.763000,28.48
1.668449,0.919000,-0.204000,-0.647000,-18.702000,29.313000,-13.908000,28.62
1.680417,0.692000,-0.025000,-0.676000,-15.710000,18.290000,-14.870000,28.53
1.687333,0.648000,0.113000,-0.770000,-5.969000,18.290000,-9.176000,28.48
1.699641,0.729000,0.079000,-0.762000,-5.099000,25.405000,-2.061000,28.48
1.711615,0.676000,-0.039000,-0.685000,-1.191000,19.084000,2.702000,28.53
1.719077,0.715000,0.031000,-0.716000,0.519000,21.053000,6.947000,28.53
1.731157,0.652000,-0.020000,-0.775000,-1.817000,25.908000,9.374000,28.67
1.738540,0.587000,-0.172000,-0.783000,2.076000,37.374000,8.962000,28.48
1.750736,0.527000,-0.268000,-0.830000,-1.756000,38.397000,6.092000,28.44
1.758075,0.516000,-0.174000,-0.975000,-5.450000,60.473000,1.313000,28.58
1.770570,0.479000,-0.249000,-0.939000,-7.511000,72.733000,-2.550000,28.67
1.782348,0.377000,-0.184000,-1.018000,-9.206000,98.672000,-4.977000,28.58
1.789357,0.325000,0.097000,-1.323000,4.015000,129.832000,-0.611000,28.53
1.801847,0.581000,0.312000,-1.420000,30.855000,161.557000,0.473000,28.62
1.808755,0.195000,0.658000,-2.085000,55.908000,159.908000,-12.382000,28.58
1.820645,-0.815000,0.960000,-3.000000,62.977000,105.878000,-40.031000,28.53
1.827605,-1.333000,1.364000,-3.216000,63.282000,46.229000,-69.573000,28.62
1.839737,-1.549000,1.324000,-3.297000,62.046000,-27.511000,-90.748000,28.48
1.851560,-1.614000,1.055000,-3.206000,45.298000,-73.710000,-93.099000,28.58
1.858710,-1.384000,0.813000,-3.068000,14.855000,-113.405000,-79.115000,28.53
1.870407,-1.026000,0.527000,-3.021000,-8.076000,-145.176000,-52.534000,28.53
1.882306,-0.487000,0.362000,-2.741000,-31.924000,-172.076000,-21.664000,28.48
1.889025,0.262000,0.155000,-2.443000,-54.763000,-187.924000,20.046000,28.48
1.901219,1.158000,-0.150000,0.669000,-21.634000,-139.053000,66.824000,28.53
1.908086,1.966000,-0.990000,1.014000,-41.023000,-11.237000,67.695000,28.53
1.920184,1.728000,-0.540000,-0.298000,-69.863000,39.649000,47.298000,28.48
1.932257,1.259000,-0.397000,-1.288000,-115.328000,-14.977000,20.443000,28.58
1.938928,1.610000,-0.521000,-0.989000,-147.725000,-87.618000,1.328000,28.53
1.950906,1.629000,-0.531000,-0.148000,-103.405000,-149.710000,8.947000,28.53
1.957794,1.872000,-1.102000,0.919000,-50.641000,-149.618000,22.031000,28.58
1.969710,2.179000,-1.345000,1.994000,-11.450000,-142.092000,27.282000,28.48
1.981943,2.439000,-1.404000,3.736000,13.466000,-93.496000,3.817000,28.53
1.989095,3.329000,-1.528000,4.000000,49.985000,72.397000,-23.176000,28.44
2.001036,2.616000,-2.068000,4.000000,41.344000,299.588000,-48.137000,28.58
2.008035,4.000000,-0.684000,-3.239000,45.588000,189.481000,25.405000,28.58
2.019946,1.315000,0.820000,-1.162000,9.603000,-308.153000,78.305000,28.53
2.032125,-0.961000,0.323000,-1.235000,69.527000,65.878000,23.725000,28.48
2.039089,1.505000,-1.572000,-1.293000,24.977000,68.855000,7.282000,28.48
2.051452,1.083000,-0.424000,-0.869000,0.198000,-53.573000,9.924000,28.48
2.058534,0.663000,0.658000,-0.669000,-6.351000,27.924000,-4.519000,28.53
2.070607,0.668000,-0.076000,-0.775000,-0.580000,14.015000,10.183000,28.53
2.077734,0.840000,-0.035000,-0.696000,8.992000,26.244000,10.931000,28.48
2.090154,0.754000,0.041000,-0.738000,16.870000,4.519000,9.878000,28.58
2.097362,0.661000,-0.023000,-0.790000,20.504000,11.359000,10.763000,28.53
2.109497,0.657000,-0.002000,-0.788000,15.924000,21.282000,11.481000,28.53
2.121678,0.688000,0.091000,-0.893000,15.695000,29.115000,13.389000,28.48
2.128913,0.579000,0.001000,-0.802000,17.985000,48.000000,11.511000,28.48
2.141298,0.612000,0.027000,-0.723000,25.634000,52.931000,11.450000,28.53
2.148393,0.394000,0.109000,-0.818000,32.031000,64.595000,8.519000,28.53
2.160685,0.573000,-0.345000,-1.018000,20.901000,77.695000,2.702000,28.58
2.167969,-0.030000,-0.254000,-1.025000,28.855000,78.672000,13.527000,28.48
2.179953,0.366000,0.207000,-1.347000,40.992000,89.908000,1.206000,28.53
2.192130,-0.071000,0.261000,-1.980000,46.611000,80.901000,-11.588000,28.48
2.199180,-0.667000,1.157000,-2.600000,28.382000,60.977000,-37.588000,28.48
2.211228,-0.643000,1.243000,-2.503000,26.565000,57.634000,-54.015000,28.53
2.218062,-0.526000,1.180000,-2.530000,34.214000,24.397000,-61.206000,28.53
2.230309,-0.655000,1.123000,-2.304000,38.656000,-2.550000,-75.466000,28.58
2.242119,-0.596000,0.856000,-2.172000,29.878000,-28.183000,-84.580000,28.58
2.248962,-0.350000,0.570000,-2.105000,11.847000,-30.748000,-83.084000,28.53
2.261037,-0.259000,0.292000,-1.923000,-14.824000,-52.763000,-74.519000,28.44
2.267812,0.010000,0.183000,-1.729000,-32.137000,-58.031000,-58.641000,28.48
2.279888,0.302000,-0.096000,-1.525000,-50.702000,-61.481000,-32.809000,28.48
2.291829,0.726000,-0.289000,-1.314000,-54.580000,-57.267000,-4.992000,28.44
2.298695,0.436000,-0.489000,-0.706000,-57.328000,-46.901000,28.076000,28.48
2.310820,0.866000,-0.771000,-0.927000,-92.351000,-22.611000,39.435000,28.58
2.317809,1.032000,-0.484000,-0.878000,-125.420000,-45.344000,46.748000,28.48
2.329726,0.987000,-0.325000,-0.840000,-137.344000,-56.366000,52.351000,28.53
2.341456,0.856000,-0.315000,-0.645000,-136.260000,-63.634000,52.458000,28.39
2.347902,0.832000,-0.388000,-0.545000,-131.099000,-60.229000,47.130000,28.48
2.359842,0.874000,-0.534000,-0.321000,-117.695000,-62.519000,40.992000,28.62
2.371610,0.959000,-0.630000,-0.104000,-100.382000,-60.565000,36.015000,28.53
2.378911,1.056000,-0.689000,0.058000,-81.832000,-52.015000,31.893000,28.48
2.391613,1.211000,-0.663000,0.172000,-60.840000,-44.504000,25.466000,28.48
2.399445,1.394000,-0.592000,0.293000,-30.137000,-46.427000,18.992000,28.44
2.415007,1.514000,-0.596000,0.514000,-1.450000,-43.710000,10.748000,28.48
2.422079,1.657000,-0.735000,0.918000,24.107000,-32.076000,4.687000,28.58
2.429396,1.746000,-0.868000,1.472000,46.519000,-1.176000,4.336000,28.48
2.441620,1.888000,-1.021000,2.038000,72.672000,55.634000,15.634000,28.53
2.448419,2.912000,-1.753000,3.003000,86.061000,141.084000,15.069000,28.44
2.460691,2.264000,-1.385000,0.448000,45.084000,242.550000,-6.977000,28.39
2.467869,3.249000,-0.763000,-2.144000,52.718000,16.504000,42.947000,28.48
2.480130,0.282000,0.313000,-0.526000,34.947000,-59.511000,65.435000,28.53
2.492879,0.360000,0.566000,-0.822000,67.634000,83.344000,36.427000,28.53
2.499299,1.146000,-0.901000,-1.112000,72.122000,8.061000,29.710000,28.48
2.511304,1.110000,-0.993000,-0.802000,44.366000,-11.588000,39.221000,28.48
2.518640,1.011000,0.005000,-0.768000,18.031000,-6.000000,8.885000,28.44
2.530804,0.601000,-0.410000,-0.820000,5.771000,-7.496000,8.809000,28.44
2.537802,0.761000,-0.193000,-0.778000,-0.656000,7.695000,1.603000,28.58
2.550498,0.722000,-0.218000,-0.758000,1.954000,-6.672000,-1.160000,28.53
2.557159,0.674000,-0.141000,-0.764000,-0.458000,-0.229000,-2.962000,28.53
2.569546,0.715000,-0.099000,-0.742000,-3.511000,1.985000,-3.725000,28.48
2.582093,0.693000,-0.069000,-0.733000,-5.618000,6.992000,-3.099000,28.58
2.588846,0.685000,-0.036000,-0.731000,-2.809000,8.595000,-0.519000,28.53
2.601322,0.687000,-0.085000,-0.716000,0.656000,6.702000,0.931000,28.53
2.608717,0.680000,-0.083000,-0.726000,2.015000,7.878000,2.122000,28.48
2.620932,0.683000,-0.083000,-0.711000,0.870000,10.244000,3.237000,28.48
2.628072,0.626000,-0.117000,-0.709000,2.519000,10.000000,3.420000,28.53
2.640491,0.603000,-0.124000,-0.639000,-16.580000,13.267000,3.817000,28.53
2.647566,0.590000,-0.109000,-0.724000,-5.160000,38.534000,2.351000,28.48
2.659724,0.674000,-0.200000,-0.656000,1.328000,13.344000,0.779000,28.58
2.672169,0.667000,-0.128000,-0.748000,-3.405000,4.870000,0.626000,28.44
2.679591,0.673000,-0.142000,-0.760000,4.656000,4.718000,1.527000,28.58
2.692426,0.666000,-0.173000,-0.672000,6.229000,11.557000,1.008000,28.58
2.698821,0.673000,-0.078000,-0.691000,-3.435000,-7.099000,2.580000,28.53
2.711174,0.674000,-0.119000,-0.717000,0.580000,1.405000,3.160000,28.44
2.718586,0.654000,-0.115000,-0.737000,4.366000,-4.855000,4.580000,28.48
2.730864,0.662000,-0.133000,-0.741000,3.954000,3.389000,5.435000,28.48
2.739337,0.670000,-0.109000,-0.743000,3.573000,3.802000,6.305000,28.53
2.756526,0.669000,-0.111000,-0.782000,3.313000,8.107000,7.664000,28.53
2.758114,0.642000,-0.021000,-0.758000,3.954000,13.405000,10.443000,28.48
2.769843,0.639000,-0.107000,-0.741000,5.954000,20.290000,12.473000,28.48
2.782259,0.628000,-0.195000,-0.784000,6.168000,21.786000,13.466000,28.44
2.792642,0.557000,-0.185000,-0.801000,3.481000,35.542000,13.252000,28.58
2.803817,0.645000,-0.227000,-0.715000,7.267000,36.687000,10.382000,28.48
2.808771,0.597000,-0.231000,-0.781000,9.603000,44.183000,9.634000,28.58
2.820973,0.508000,-0.114000,-0.855000,18.214000,57.420000,7.695000,28.44
2.829631,0.514000,-0.014000,-0.959000,5.863000,71.618000,6.366000,28.62
2.840484,0.419000,0.189000,-1.142000,0.244000,89.573000,16.687000,28.48
2.857625,0.633000,0.188000,-1.034000,6.794000,111.053000,30.565000,28.48
2.859795,0.918000,-0.043000,-0.933000,14.809000,135.893000,45.969000,28.53
2.872011,0.734000,0.184000,-1.064000,20.382000,149.527000,51.878000,28.53
2.879239,0.467000,0.323000,-1.471000,8.397000,157.771000,59.725000,28.58
2.901925,0.225000,0.690000,-1.864000,18.794000,130.702000,51.344000,28.48
2.904359,-0.094000,0.841000,-2.020000,22.260000,98.336000,24.885000,28.53
2.910261,-0.062000,0.937000,-2.057000,21.756000,61.740000,-12.015000,28.62
2.916184,-0.205000,1.020000,-1.994000,24.611000,25.695000,-47.847000,28.48
2.929488,-0.314000,0.761000,-1.958000,19.664000,-3.176000,-75.221000,28.48
2.944294,-0.249000,0.543000,-1.893000,7.740000,-33.878000,-88.412000,28.53
2.948474,-0.192000,0.314000,-1.775000,-3.863000,-54.595000,-82.061000,28.48
2.962230,-0.113000,0.062000,-1.605000,-20.198000,-64.076000,-67.771000,28.58
2.972483,0.027000,-0.045000,-1.473000,-34.122000,-70.718000,-48.458000,28.58
2.978763,0.197000,-0.131000,-1.320000,-43.817000,-76.641000,-25.618000,28.53
2.994080,0.285000,-0.255000,-1.221000,-52.656000,-80.122000,-3.252000,28.53
2.998085,0.326000,-0.264000,-1.065000,-59.466000,-79.985000,16.626000,28.48
3.010764,0.315000,-0.217000,-0.916000,-61.817000,-71.221000,32.260000,28.53
3.021781,0.327000,-0.157000,-0.804000,-60.382000,-56.947000,42.260000,28.53
3.028923,1.069000,-0.309000,-0.941000,-57.221000,-35.481000,53.511000,28.48
3.041135,1.056000,-0.555000,-0.868000,-63.618000,-50.656000,60.031000,28.48
3.048068,0.997000,-0.366000,-0.736000,-73.618000,-58.183000,54.458000,28.53
3.059912,1.062000,-0.276000,-0.606000,-75.878000,-39.725000,31.985000,28.58
3.072624,1.092000,-0.097000,-0.108000,-45.344000,-27.328000,14.580000,28.48
3.078812,1.379000,-0.437000,-0.281000,-28.519000,-15.298000,-3.725000,28.58
3.091695,1.281000,-0.370000,-0.553000,-30.092000,-32.916000,-22.275000,28.53
3.102571,0.894000,-0.164000,-0.699000,-28.473000,-45.389000,-30.489000,28.53
3.109092,0.602000,-0.044000,-0.709000,-19.603000,-43.038000,-34.718000,28.58
3.121767,0.555000,0.031000,-0.744000,-2.107000,-37.359000,-36.824000,28.58
3.129262,0.591000,-0.081000,-0.791000,18.275000,-35.130000,-42.977000,28.53
3.140273,0.661000,-0.102000,-0.856000,9.954000,-32.107000,-49.664000,28.53
3.152534,0.700000,-0.151000,-0.890000,13.542000,-51.725000,-53.771000,28.48
3.159516,0.702000,-0.141000,-0.898000,13.740000,-45.374000,-54.718000,28.58
3.171113,0.694000,-0.139000,-0.878000,12.687000,-49.649000,-51.008000,28.44
3.178138,0.667000,-0.160000,-0.847000,12.107000,-52.153000,-46.718000,28.58
3.190252,0.659000,-0.121000,-0.825000,9.664000,-51.527000,-43.771000,28.48
3.202039,0.643000,-0.102000,-0.800000,5.802000,-49.252000,-41.389000,28.53
3.209452,0.658000,-0.106000,-0.787000,1.618000,-48.321000,-40.015000,28.44
3.221118,0.671000,-0.096000,-0.766000,-1.191000,-51.893000,-39.985000,28.48
3.228391,0.657000,-0.082000,-0.734000,-4.351000,-50.214000,-40.107000,28.48
3.247866,0.671000,-0.086000,-0.741000,-6.489000,-47.771000,-41.038000,28.53
3.251843,0.806000,-0.149000,-0.825000,-13.298000,-46.336000,-43.099000,28.44
3.259013,0.982000,-0.207000,-0.833000,-22.061000,-58.198000,-43.237000,28.58
3.270627,1.005000,-0.211000,-0.795000,-29.008000,-81.282000,-39.328000,28.58
3.278593,0.921000,-0.237000,-0.668000,-27.435000,-98.931000,-31.420000,28.53
3.289364,0.807000,-0.307000,-0.551000,-26.305000,-103.176000,-24.260000,28.44
3.307926,0.764000,-0.342000,-0.471000,-30.183000,-95.878000,-19.786000,28.48
3.309656,0.779000,-0.391000,-0.419000,-37.099000,-85.466000,-17.038000,28.58
3.320051,0.794000,-0.420000,-0.372000,-42.901000,-75.023000,-15.664000,28.53
3.331838,0.848000,-0.420000,-0.285000,-41.939000,-67.023000,-10.534000,28.58
3.338826,0.931000,-0.448000,-0.268000,-37.985000,-59.237000,-4.519000,28.48
3.351016,0.998000,-0.471000,-0.210000,-34.061000,-58.031000,2.916000,28.39
3.358114,0.989000,-0.461000,-0.169000,-28.901000,-58.595000,10.076000,28.44
3.370418,0.927000,-0.443000,-0.119000,-25.145000,-53.817000,15.374000,28.39
3.381451,0.879000,-0.430000,-0.062000,-23.634000,-46.122000,18.824000,28.48
3.388626,0.841000,-0.372000,-0.035000,-22.916000,-36.000000,20.779000,28.53
3.400509,0.830000,-0.349000,-0.053000,-22.656000,-27.053000,20.137000,28.53
3.407623,0.792000,-0.406000,0.439000,7.115000,-18.504000,30.534000,28.48
3.419937,0.788000,-0.721000,0.824000,-8.504000,52.458000,33.588000,28.58
3.432127,1.336000,-0.679000,1.275000,-14.260000,121.038000,43.084000,28.53
3.438841,1.499000,-0.481000,1.813000,-3.832000,171.756000,67.969000,28.58
3.451021,1.721000,0.306000,-1.254000,-21.924000,229.695000,40.305000,28.48
3.458355,2.081000,1.123000,-1.901000,16.916000,85.389000,55.008000,28.48
3.470322,1.517000,0.898000,-0.665000,47.053000,118.229000,40.031000,28.53
3.476300,2.279000,-0.015000,-1.162000,87.908000,126.412000,15.496000,28.44
3.489441,1.806000,-0.884000,-1.205000,81.954000,45.344000,24.885000,28.48
3.501525,0.604000,-0.724000,-0.923000,46.748000,62.305000,37.863000,28.48
3.508867,0.952000,0.140000,-0.883000,31.847000,91.023000,26.076000,28.53
3.521116,0.796000,0.037000,-0.604000,35.527000,65.298000,17.206000,28.53
3.528211,0.849000,-0.439000,-0.834000,35.145000,69.344000,25.542000,28.48
3.540320,0.939000,-0.172000,-0.769000,38.076000,45.359000,33.771000,28.48
3.546300,0.957000,0.120000,-0.821000,38.519000,36.443000,25.008000,28.53
3.559685,0.819000,-0.334000,-0.837000,32.748000,31.344000,21.679000,28.48
3.571627,0.753000,-0.299000,-0.856000,22.641000,26.351000,19.282000,28.48
3.578870,0.756000,-0.106000,-0.801000,20.153000,19.038000,14.275000,28.53
3.590977,0.717000,-0.157000,-0.793000,18.198000,14.992000,12.366000,28.53
3.598015,0.697000,-0.176000,-0.782000,13.359000,14.947000,10.840000,28.48
3.610072,0.688000,-0.155000,-0.755000,10.244000,13.359000,8.733000,28.39
3.622361,0.646000,-0.125000,-0.730000,11.221000,12.916000,8.687000,28.53
3.629321,0.606000,-0.065000,-0.715000,15.496000,14.107000,9.969000,28.53
3.641666,0.612000,-0.055000,-0.713000,20.412000,17.985000,11.573000,28.58
3.651427,0.673000,-0.119000,-0.736000,22.290000,16.855000,11.435000,28.48
3.660990,0.688000,-0.144000,-0.737000,20.611000,14.275000,9.145000,28.53
3.668363,0.694000,-0.159000,-0.749000,16.809000,12.443000,6.580000,28.53
3.680607,0.679000,-0.163000,-0.746000,12.260000,10.290000,4.198000,28.48
3.687505,0.669000,-0.131000,-0.739000,9.557000,8.595000,3.221000,28.48
3.699956,0.672000,-0.125000,-0.736000,7.466000,7.344000,2.305000,28.44
3.712267,0.656000,-0.124000,-0.716000,5.618000,5.267000,2.290000,28.48
3.719647,0.661000,-0.091000,-0.717000,3.771000,5.206000,1.832000,28.58
3.732087,0.657000,-0.136000,-0.721000,3.023000,4.382000,2.305000,28.53
3.739564,0.657000,-0.125000,-0.716000,2.901000,2.779000,2.153000,28.53
3.751894,0.677000,-0.137000,-0.729000,1.252000,2.092000,2.015000,28.58
3.759384,0.657000,-0.150000,-0.700000,0.947000,-0.687000,1.954000,28.48
3.771337,0.668000,-0.120000,-0.709000,1.023000,-2.656000,2.229000,28.53
3.778608,0.658000,-0.122000,-0.727000,2.672000,-3.557000,2.931000,28.44
3.791043,0.646000,-0.140000,-0.744000,4.153000,-2.840000,4.214000,28.48
3.798056,0.667000,-0.156000,-0.770000,4.397000,-0.458000,4.580000,28.48
3.810638,0.623000,-0.106000,-0.776000,4.855000,3.756000,4.427000,28.44
3.817967,0.666000,-0.099000,-0.759000,4.244000,6.565000,4.840000,28.39
3.829952,0.680000,-0.137000,-0.747000,3.847000,12.809000,5.221000,28.48
3.842513,0.622000,-0.143000,-0.759000,4.458000,14.611000,5.145000,28.58
3.849794,0.601000,-0.156000,-0.771000,2.947000,16.458000,4.443000,28.53
3.861935,0.646000,-0.208000,-0.770000,5.740000,26.489000,3.344000,28.44
3.869221,0.651000,-0.177000,-0.760000,4.260000,27.557000,2.473000,28.58
3.881507,0.605000,-0.132000,-0.827000,0.626000,41.252000,3.084000,28.58
3.889515,0.563000,-0.024000,-0.855000,1.710000,52.031000,6.519000,28.53
3.900939,0.557000,-0.003000,-0.858000,8.565000,64.382000,12.489000,28.53
3.907913,0.649000,-0.098000,-0.792000,12.092000,74.260000,14.321000,28.58
3.920345,0.641000,-0.073000,-0.832000,11.130000,82.183000,18.916000,28.48
3.932353,0.569000,-0.086000,-0.919000,3.053000,92.947000,24.153000,28.53
3.939343,0.766000,0.130000,-0.925000,19.679000,110.229000,38.595000,28.44
3.951430,0.779000,0.092000,-1.052000,18.031000,126.733000,40.794000,28.48
3.958612,0.778000,0.126000,-1.137000,9.817000,134.580000,50.656000,28.48
3.970943,0.501000,0.417000,-1.408000,7.756000,121.466000,54.397000,28.44
3.978061,0.091000,0.651000,-1.640000,13.908000,93.053000,40.244000,28.48
3.990406,-0.057000,0.760000,-1.755000,12.611000,66.397000,12.504000,28.58
4.001989,-0.078000,0.837000,-1.736000,12.809000,33.847000,-15.878000,28.44
4.009445,-0.029000,0.767000,-1.714000,8.473000,13.008000,-41.023000,28.62
4.021378,0.026000,0.674000,-1.620000,0.626000,-8.519000,-57.969000,28.48
4.028693,0.012000,0.608000,-1.511000,-5.267000,-22.397000,-64.443000,28.58
4.040533,0.058000,0.398000,-1.424000,-13.725000,-30.977000,-62.000000,28.62
4.052376,0.133000,0.180000,-1.315000,-26.916000,-35.863000,-54.824000,28.53
4.059485,0.284000,0.038000,-1.228000,-37.374000,-40.366000,-43.069000,28.48
4.071182,0.350000,-0.111000,-1.130000,-44.229000,-43.847000,-29.344000,28.48
4.078221,0.426000,-0.197000,-1.036000,-48.580000,-43.878000,-16.458000,28.53
4.090009,0.512000,-0.259000,-0.985000,-49.573000,-44.275000,-0.763000,28.58
4.102121,0.542000,-0.270000,-0.983000,-54.870000,-47.328000,8.290000,28.58
4.109002,0.507000,-0.150000,-0.948000,-50.412000,-51.206000,16.947000,28.48
4.120901,0.437000,-0.221000,-0.898000,-45.282000,-50.489000,22.885000,28.53
4.127935,0.480000,-0.251000,-0.933000,-43.008000,-51.099000,24.947000,28.48
4.140097,0.595000,-0.358000,-0.888000,-42.015000,-50.336000,27.176000,28.48
4.151861,0.587000,-0.292000,-0.757000,-35.038000,-46.595000,27.664000,28.44
4.159167,0.706000,-0.361000,-0.716000,-30.733000,-39.985000,24.458000,28.34
4.170793,0.915000,-0.296000,-0.175000,-1.588000,-19.771000,16.885000,28.48
4.178494,1.262000,-0.598000,-0.072000,17.985000,6.534000,4.611000,28.48
4.190131,1.212000,-0.556000,-0.454000,15.237000,12.534000,-18.122000,28.53
4.202431,0.777000,-0.219000,-0.880000,11.221000,1.450000,-44.366000,28.48
4.209408,0.409000,0.053000,-1.117000,13.099000,-10.351000,-63.359000,28.48
4.221408,0.267000,0.106000,-1.232000,30.687000,-8.565000,-79.344000,28.48
4.228440,0.199000,-0.021000,-1.220000,39.649000,-27.069000,-87.038000,28.53
4.240215,0.207000,-0.206000,-1.169000,45.878000,-29.130000,-90.275000,28.53
4.252231,0.347000,-0.360000,-1.087000,46.504000,-25.863000,-83.008000,28.58
4.259431,0.492000,-0.458000,-1.046000,38.153000,-26.031000,-70.198000,28.48
4.271358,0.501000,-0.482000,-1.017000,33.450000,-33.511000,-53.405000,28.53
4.278147,0.577000,-0.437000,-1.116000,26.366000,-45.679000,-39.725000,28.48
4.290160,0.980000,-0.516000,-1.338000,-3.023000,-67.511000,-38.153000,28.58
4.302083,1.169000,-0.425000,-1.212000,-15.679000,-119.618000,-31.313000,28.44
4.308615,0.857000,-0.286000,-0.836000,-10.183000,-150.397000,-14.137000,28.53
4.320353,0.649000,-0.510000,-0.385000,-10.321000,-144.183000,-2.275000,28.48
4.327704,0.904000,-0.663000,0.027000,-27.878000,-124.076000,2.214000,28.48
4.339405,1.192000,-0.692000,0.549000,-48.168000,-103.221000,2.260000,28.53
4.351694,1.649000,-0.740000,1.228000,-56.122000,-62.901000,-1.786000,28.53
4.359033,2.115000,-0.831000,2.303000,-47.389000,-15.206000,3.389000,28.48
4.370975,2.685000,-1.135000,3.649000,-34.122000,80.840000,13.664000,28.39
4.377699,3.955000,-1.349000,4.000000,-53.313000,213.420000,23.527000,28.53
4.389753,4.000000,3.104000,-1.588000,-65.374000,300.366000,-33.588000,28.53
4.401921,3.645000,1.569000,-1.734000,68.809000,-175.099000,2.992000,28.48
4.409079,-1.610000,-0.504000,-0.499000,81.511000,-51.740000,100.153000,28.48
4.421767,0.746000,-0.609000,-1.621000,89.573000,134.824000,47.038000,28.53
4.427776,1.272000,-1.095000,-0.722000,75.695000,-54.046000,44.656000,28.44
4.439926,0.806000,-0.335000,-1.072000,22.641000,-0.290000,14.229000,28.48
4.451890,0.686000,-0.085000,-0.897000,4.321000,28.382000,11.496000,28.53
4.459182,0.755000,-0.289000,-0.827000,2.702000,14.931000,3.450000,28.44
4.471577,0.811000,-0.381000,-0.811000,0.718000,11.817000,-5.160000,28.39
4.479102,0.695000,-0.062000,-0.775000,0.183000,-0.458000,-8.855000,28.39
4.490671,0.674000,-0.117000,-0.770000,-8.000000,8.015000,-10.000000,28.44
4.497340,0.677000,-0.128000,-0.759000,-16.198000,13.893000,-10.473000,28.44
4.509594,0.651000,-0.050000,-0.737000,-13.527000,12.260000,-8.000000,28.48
4.521809,0.645000,-0.027000,-0.717000,-4.214000,7.893000,-1.756000,28.48
4.531917,0.626000,-0.009000,-0.696000,2.656000,8.336000,3.573000,28.53
4.551731,0.627000,-0.059000,-0.680000,6.168000,10.458000,7.099000,28.53
4.552407,0.571000,-0.072000,-0.693000,9.359000,10.443000,9.939000,28.48
4.560799,0.575000,-0.056000,-0.706000,13.664000,10.534000,12.336000,28.48
4.568051,0.649000,-0.081000,-0.737000,15.069000,9.542000,11.924000,28.44
4.580179,0.612000,-0.040000,-0.822000,15.191000,14.107000,11.435000,28.48
4.586789,0.733000,-0.141000,-0.800000,10.534000,16.794000,10.366000,28.48
4.599471,0.652000,-0.033000,-0.745000,12.122000,19.847000,12.580000,28.44
4.628367,0.659000,0.117000,-0.783000,12.153000,29.603000,16.244000,28.53
4.629221,0.604000,0.052000,-0.794000,12.107000,27.649000,21.710000,28.48
4.630884,0.502000,-0.105000,-0.799000,20.153000,42.855000,24.824000,28.48
4.637920,0.501000,-0.373000,-0.830000,18.702000,47.496000,24.214000,28.44
4.649982,0.394000,-0.279000,-0.959000,18.366000,67.099000,20.840000,28.44
4.662212,0.301000,-0.189000,-1.223000,10.977000,93.328000,17.130000,28.58
4.669679,0.314000,0.299000,-1.440000,5.817000,129.786000,18.168000,28.48
4.683473,0.491000,0.475000,-1.640000,34.672000,166.473000,28.840000,28.44
4.689254,0.033000,0.652000,-2.197000,46.733000,162.458000,22.198000,28.48
4.701149,-0.596000,1.045000,-2.545000,55.084000,125.206000,6.947000,28.48
4.714674,-0.873000,1.183000,-2.730000,47.740000,82.947000,-19.969000,28.48
4.720187,-1.055000,1.214000,-2.747000,37.374000,28.702000,-45.145000,28.53
4.731796,-1.023000,0.990000,-2.744000,24.458000,-18.947000,-61.374000,28.44
4.739253,-0.915000,0.746000,-2.572000,7.313000,-68.290000,-64.397000,28.48
4.750808,-0.684000,0.448000,-2.343000,-14.977000,-101.069000,-57.008000,28.58
4.757836,-0.364000,0.239000,-2.133000,-36.229000,-126.031000,-37.939000,28.53
4.769843,0.019000,0.045000,-1.857000,-51.328000,-143.450000,-6.977000,28.44
4.781414,0.249000,-0.227000,-1.488000,-64.885000,-134.916000,24.412000,28.67
4.788299,1.460000,-0.619000,-0.181000,-62.183000,-82.214000,38.321000,28.44
4.800609,1.957000,-1.015000,1.569000,-11.084000,12.275000,56.015000,28.44
4.808063,2.294000,-1.458000,0.125000,-47.145000,48.534000,32.473000,28.48
4.819836,1.137000,-0.637000,-0.717000,-96.626000,5.679000,8.092000,28.48
4.831679,0.650000,-0.086000,-0.864000,-125.069000,-20.504000,-2.916000,28.44
4.838615,0.564000,-0.247000,-0.601000,-99.618000,-34.748000,-11.435000,28.53
4.850650,0.903000,-0.754000,0.145000,-44.275000,-56.214000,-16.565000,28.48
4.858010,1.597000,-1.444000,1.308000,7.679000,-36.611000,-13.130000,28.48
4.870165,2.528000,-2.010000,2.573000,33.664000,11.008000,3.160000,28.44
4.882392,4.000000,-2.201000,3.706000,52.214000,57.878000,35.618000,28.44
4.889335,4.000000,-1.969000,3.924000,22.489000,66.031000,38.702000,28.48
4.901513,3.952000,0.428000,0.419000,25.130000,-33.878000,-19.908000,28.48
4.908647,-0.785000,0.109000,-1.042000,45.344000,-125.985000,9.649000,28.44
4.923603,0.794000,0.236000,-1.222000,9.939000,-50.641000,32.305000,28.44
4.927712,0.375000,-1.073000,-1.223000,41.038000,-84.092000,18.443000,28.48
4.939922,0.100000,-0.638000,-1.311000,20.489000,-48.412000,3.008000,28.53
4.951564,0.576000,-0.011000,-1.001000,-14.916000,14.168000,-6.779000,28.53
4.958459,0.727000,-0.353000,-0.749000,-21.985000,18.641000,-11.435000,28.39
4.972899,0.777000,-0.222000,-0.685000,-21.420000,15.985000,-17.740000,28.58
4.978106,0.686000,0.130000,-0.721000,-14.061000,6.321000,-14.718000,28.44
4.990041,0.662000,0.182000,-0.750000,-6.122000,15.282000,-7.603000,28.44
5.002119,0.722000,0.062000,-0.765000,-3.191000,18.550000,0.305000,28.39
5.012312,0.671000,-0.049000,-0.762000,-1.466000,20.916000,5.359000,28.48
5.022305,0.704000,-0.010000,-0.756000,0.656000,22.901000,10.550000,28.53
5.029918,0.740000,-0.082000,-0.691000,3.328000,23.954000,12.519000,28.44
5.040820,0.657000,-0.213000,-0.757000,2.504000,23.786000,10.061000,28.39
5.047839,0.643000,-0.194000,-0.821000,-3.542000,26.916000,5.725000,28.39
5.060219,0.615000,0.003000,-0.751000,-5.191000,29.069000,7.038000,28.53
5.065777,0.619000,-0.025000,-0.682000,-1.786000,29.053000,14.000000,28.39
5.080530,0.564000,-0.077000,-0.709000,-0.229000,30.901000,18.885000,28.48
5.091639,0.558000,-0.031000,-0.700000,3.603000,34.550000,24.855000,28.48
5.102298,0.509000,-0.197000,-0.720000,5.237000,41.573000,31.603000,28.53
5.111339,0.536000,-0.199000,-0.778000,14.122000,43.847000,34.397000,28.44
5.117567,0.609000,-0.262000,-0.879000,18.122000,52.595000,32.687000,28.48
5.130767,0.505000,-0.073000,-1.199000,20.656000,71.206000,31.267000,28.53
5.136355,0.622000,0.169000,-1.211000,13.542000,97.725000,44.962000,28.44
5.149191,0.962000,0.468000,-1.101000,28.412000,115.924000,53.863000,28.48
5.163106,0.549000,0.003000,-1.281000,30.076000,110.015000,52.076000,28.39
5.169424,0.195000,0.551000,-1.611000,38.992000,88.122000,46.565000,28.44
5.180728,-0.089000,0.799000,-1.844000,48.489000,64.366000,34.321000,28.53
5.189296,-0.258000,0.958000,-2.024000,43.008000,43.771000,14.779000,28.48
5.200208,-0.381000,1.076000,-2.108000,31.237000,24.168000,-6.626000,28.39
5.212186,-0.406000,0.993000,-2.177000,13.557000,2.992000,-24.977000,28.44
5.219593,-0.410000,0.832000,-2.124000,-3.618000,-17.832000,-39.008000,28.44
5.230990,-0.325000,0.593000,-2.026000,-18.260000,-36.153000,-47.847000,28.48
5.238546,-0.191000,0.337000,-1.801000,-27.542000,-53.954000,-50.916000,28.48
5.250067,-0.004000,0.131000,-1.635000,-31.588000,-63.573000,-46.076000,28.44
5.264071,0.119000,-0.029000,-1.451000,-35.740000,-68.489000,-38.855000,28.53
5.270236,0.329000,-0.075000,-1.296000,-36.885000,-71.557000,-28.901000,28.48
5.280470,0.398000,-0.086000,-1.173000,-35.756000,-75.038000,-19.389000,28.48
5.292228,0.558000,-0.180000,-1.007000,-31.389000,-68.489000,-11.634000,28.44
5.300544,0.650000,-0.130000,-0.793000,-21.969000,-61.145000,-8.214000,28.53
5.311217,1.124000,-0.117000,-0.478000,-4.076000,-42.916000,-17.634000,28.48
5.317899,1.246000,-0.246000,-0.081000,21.282000,-11.038000,-40.916000,28.53
5.329843,1.148000,-0.344000,-0.410000,35.069000,-5.405000,-65.771000,28.44
5.341967,0.701000,-0.125000,-0.718000,41.420000,-8.107000,-84.672000,28.48
5.349202,0.379000,0.029000,-0.943000,43.298000,-4.427000,-95.267000,28.48
5.361057,0.412000,-0.090000,-1.157000,37.985000,-12.366000,-99.511000,28.53
5.368181,0.455000,-0.195000,-1.259000,29.756000,-31.695000,-101.420000,28.44
5.379927,0.320000,-0.223000,-1.288000,18.412000,-48.718000,-102.748000,28.39
5.391999,0.445000,-0.224000,-1.226000,14.550000,-58.443000,-96.565000,28.48
5.398851,0.658000,-0.421000,-1.024000,9.847000,-60.351000,-74.595000,28.53
5.410961,0.786000,-0.649000,-1.087000,-6.718000,-74.198000,-49.588000,28.53
5.417530,0.807000,-0.571000,-1.074000,-25.389000,-97.038000,-24.183000,28.48
5.429772,0.629000,-0.408000,-0.888000,-34.122000,-108.336000,2.031000,28.48
5.441898,0.661000,-0.391000,-0.750000,-36.611000,-103.252000,20.885000,28.53
5.448584,0.683000,-0.382000,-0.577000,-42.687000,-92.855000,27.664000,28.58
5.460677,0.880000,-0.266000,-0.509000,-45.893000,-84.672000,21.481000,28.48
5.467304,0.961000,-0.156000,-0.382000,-39.130000,-85.099000,8.076000,28.39
5.479281,1.057000,-0.161000,-0.242000,-29.771000,-77.695000,-11.725000,28.44
5.491258,1.198000,-0.267000,-0.171000,-24.794000,-73.786000,-36.183000,28.53
5.498096,1.466000,-0.363000,-0.024000,-21.344000,-78.458000,-55.924000,28.48
5.510047,1.540000,-0.398000,0.327000,-13.252000,-84.458000,-63.496000,28.44
5.522097,1.531000,-0.525000,0.782000,-5.252000,-66.443000,-62.473000,28.44
5.529330,1.492000,-0.673000,1.154000,0.824000,-32.076000,-58.855000,28.48
5.541544,1.558000,-0.762000,1.487000,2.763000,19.069000,-48.992000,28.48
5.548780,1.909000,-0.928000,1.914000,6.580000,76.382000,-23.802000,28.44
5.560797,2.552000,-1.292000,2.562000,5.740000,142.000000,25.130000,28.48
5.567963,2.042000,-0.899000,1.834000,-29.985000,242.504000,57.191000,28.48
5.580244,4.000000,0.674000,-2.148000,-46.779000,142.595000,1.084000,28.48
5.592324,2.036000,1.103000,-0.933000,40.489000,-37.893000,42.824000,28.44
5.599488,0.529000,0.272000,-0.655000,53.802000,74.046000,38.443000,28.44
5.611535,0.771000,-0.543000,-1.043000,67.939000,40.534000,28.870000,28.48
5.618736,0.679000,-0.752000,-0.758000,48.733000,28.656000,33.450000,28.48
5.631198,1.088000,0.065000,-0.844000,27.618000,35.328000,18.687000,28.44
5.639934,0.690000,-0.151000,-0.800000,16.840000,32.504000,18.076000,28.34
5.649899,0.708000,-0.236000,-0.793000,19.710000,38.076000,18.137000,28.39
5.664932,0.613000,-0.097000,-0.783000,31.115000,23.664000,14.550000,28.44
5.669309,0.691000,-0.257000,-0.818000,31.450000,24.183000,9.771000,28.44
5.681694,0.728000,-0.155000,-0.806000,18.534000,25.802000,5.679000,28.48
5.689005,0.736000,-0.067000,-0.763000,10.260000,26.443000,5.618000,28.48
5.700899,0.767000,-0.108000,-0.737000,9.832000,22.214000,5.756000,28.44
5.708090,0.694000,-0.056000,-0.753000,15.221000,17.893000,7.145000,28.44
5.720416,0.699000,-0.116000,-0.760000,16.000000,17.969000,9.176000,28.48
5.727250,0.698000,-0.155000,-0.730000,12.336000,17.176000,8.015000,28.39
5.739485,0.706000,-0.169000,-0.732000,9.038000,17.069000,6.275000,28.44
5.751786,0.680000,-0.163000,-0.737000,6.840000,15.191000,5.237000,28.44
5.759041,0.674000,-0.132000,-0.722000,7.191000,13.618000,5.176000,28.58
5.771345,0.688000,-0.143000,-0.709000,6.824000,12.809000,4.763000,28.48
5.778556,0.677000,-0.158000,-0.712000,4.840000,11.527000,3.924000,28.44
5.790972,0.710000,-0.139000,-0.699000,2.641000,10.214000,3.466000,28.44
5.798244,0.685000,-0.139000,-0.690000,1.939000,8.305000,3.313000,28.48
5.810682,0.694000,-0.126000,-0.683000,2.687000,6.198000,3.832000,28.48
5.817957,0.680000,-0.154000,-0.708000,2.901000,3.740000,4.031000,28.53
5.830056,0.681000,-0.172000,-0.710000,2.260000,3.160000,4.015000,28.39
5.837358,0.701000,-0.119000,-0.693000,1.878000,2.550000,3.649000,28.39
5.849948,0.698000,-0.109000,-0.715000,-0.137000,5.191000,4.321000,28.53
5.855733,0.684000,-0.109000,-0.729000,3.145000,4.733000,5.405000,28.44
5.869627,0.678000,-0.115000,-0.746000,3.939000,8.534000,6.458000,28.48
5.882069,0.666000,-0.125000,-0.751000,3.252000,13.359000,7.206000,28.48
5.889403,0.651000,-0.093000,-0.749000,2.565000,17.954000,9.130000,28.44
5.901713,0.687000,-0.129000,-0.735000,3.374000,23.588000,10.198000,28.44
5.909249,0.659000,-0.178000,-0.760000,4.122000,27.191000,11.664000,28.58
5.920981,0.670000,-0.238000,-0.748000,5.328000,33.160000,10.214000,28.58
5.928462,0.677000,-0.257000,-0.746000,5.053000,35.298000,8.534000,28.44
5.940592,0.627000,-0.171000,-0.822000,12.473000,49.008000,9.389000,28.39
5.947908,0.572000,-0.051000,-0.955000,7.389000,60.122000,6.992000,28.39
5.960326,0.515000,0.169000,-1.046000,8.702000,77.252000,11.145000,28.39
5.972162,0.591000,0.342000,-1.244000,21.863000,113.924000,21.954000,28.44
5.979218,0.692000,-0.269000,-1.217000,30.092000,143.023000,26.183000,28.44
5.991395,1.032000,0.070000,-1.109000,18.092000,176.534000,35.160000,28.39
5.998504,0.993000,0.103000,-1.070000,23.237000,187.115000,43.802000,28.39
6.010474,0.924000,0.015000,-1.112000,36.305000,194.687000,62.489000,28.44
6.022890,1.010000,-0.073000,-1.201000,50.641000,197.435000,69.756000,28.44
6.029672,0.872000,-0.028000,-1.402000,51.802000,190.366000,70.076000,28.48
6.041651,0.555000,0.505000,-1.593000,71.863000,179.389000,53.969000,28.39
6.048714,0.253000,0.770000,-1.765000,84.702000,158.992000,21.878000,28.44
6.060687,-0.008000,1.021000,-1.957000,79.969000,121.802000,-29.191000,28.53
6.067784,0.150000,0.729000,-1.959000,53.420000,85.649000,-82.748000,28.39
6.079791,0.049000,0.407000,-1.989000,29.664000,31.420000,-97.084000,28.48
6.095887,-0.286000,0.232000,-1.703000,16.229000,-5.786000,-90.672000,28.44
6.098767,-0.388000,-0.071000,-1.492000,2.260000,-21.832000,-72.824000,28.39
6.112028,-0.265000,-0.243000,-1.382000,-15.038000,-37.344000,-47.053000,28.39
6.122278,-0.102000,-0.285000,-1.332000,-29.466000,-54.122000,-20.550000,28.44
6.129459,0.011000,-0.293000,-1.236000,-38.107000,-72.611000,3.328000,28.44
6.141476,0.095000,-0.256000,-1.122000,-45.008000,-85.115000,21.023000,28.39
6.148527,0.189000,-0.195000,-1.046000,-51.099000,-93.084000,33.511000,28.48
6.161188,0.358000,-0.114000,-0.985000,-58.489000,-97.481000,39.176000,28.44
6.172114,0.513000,-0.015000,-0.958000,-63.817000,-103.496000,38.809000,28.44
6.179042,0.710000,0.028000,-0.969000,-69.450000,-111.863000,31.878000,28.48
6.191266,0.845000,0.091000,-0.955000,-72.702000,-125.878000,21.588000,28.48
6.198239,0.864000,0.174000,-0.890000,-68.931000,-137.328000,9.695000,28.34
6.213653,0.833000,0.216000,-0.799000,-61.176000,-139.359000,-5.084000,28.48
6.223322,0.839000,0.219000,-0.727000,-53.725000,-132.794000,-23.099000,28.39
6.228659,0.882000,0.222000,-0.718000,-45.695000,-126.672000,-41.374000,28.39
6.241176,0.928000,0.222000,-0.740000,-34.763000,-119.115000,-56.565000,28.53
6.247811,0.953000,0.177000,-0.729000,-23.053000,-115.588000,-66.901000,28.34
6.259602,0.899000,0.108000,-0.715000,-12.718000,-111.542000,-71.664000,28.48
6.271477,0.795000,0.010000,-0.656000,-4.550000,-104.473000,-72.412000,28.48
6.278745,0.741000,-0.132000,-0.687000,-4.718000,-88.092000,-72.321000,28.44
6.290427,0.872000,-0.222000,-0.758000,-14.061000,-74.580000,-70.565000,28.44
6.302078,1.016000,-0.250000,-0.822000,-27.740000,-71.435000,-65.542000,28.48
6.309090,1.087000,-0.232000,-0.817000,-35.145000,-80.351000,-54.321000,28.39
6.320860,1.083000,-0.252000,-0.807000,-40.412000,-83.603000,-40.168000,28.44
6.327409,0.972000,-0.271000,-0.745000,-44.840000,-84.763000,-23.603000,28.44
6.347596,0.892000,-0.302000,-0.652000,-53.053000,-84.550000,-8.427000,28.39
6.351282,0.856000,-0.346000,-0.581000,-69.450000,-73.450000,4.443000,28.39
6.358165,0.782000,-0.261000,-0.472000,-73.756000,-48.870000,19.679000,28.44
6.370363,1.164000,-0.551000,-0.509000,-93.405000,-39.664000,20.458000,28.39
6.375968,1.319000,-0.488000,-0.550000,-104.198000,-57.802000,24.412000,28.48
6.388799,1.302000,-0.388000,-0.474000,-103.557000,-73.359000,30.504000,28.44
6.401175,1.152000,-0.389000,-0.333000,-89.221000,-78.626000,35.817000,28.53
6.408091,1.086000,-0.432000,-0.242000,-78.275000,-74.702000,33.679000,28.48
6.419846,1.060000,-0.409000,-0.123000,-67.115000,-67.481000,25.618000,28.39
6.432099,1.075000,-0.332000,0.019000,-51.832000,-53.282000,14.763000,28.44
6.438842,1.086000,-0.300000,0.139000,-30.687000,-36.595000,2.198000,28.34
6.451327,1.125000,-0.337000,0.248000,-4.183000,-19.099000,-12.382000,28.48
6.458396,1.217000,-0.399000,0.414000,26.611000,-2.137000,-29.023000,28.58
6.470587,1.351000,-0.535000,0.563000,52.687000,20.229000,-49.603000,28.44
6.477822,1.596000,-0.725000,0.855000,72.855000,42.153000,-66.061000,28.39
6.489415,1.727000,-0.950000,1.436000,90.992000,68.305000,-68.977000,28.48
6.501754,1.723000,-1.142000,2.071000,105.863000,131.023000,-47.008000,28.44
6.508888,0.587000,-1.080000,-0.220000,82.092000,242.672000,1.527000,28.44
6.520898,2.695000,-1.414000,-2.418000,48.229000,105.176000,45.420000,28.39
6.528001,0.635000,-0.356000,-0.507000,32.122000,73.725000,78.183000,28.48
6.540063,2.364000,0.401000,-1.141000,39.557000,174.565000,64.290000,28.44
6.552273,2.239000,0.377000,-0.509000,76.244000,8.779000,33.389000,28.34
6.559556,0.648000,-0.880000,-0.819000,69.542000,18.198000,50.473000,28.39
6.571530,0.720000,-0.302000,-0.879000,51.893000,46.092000,45.435000,28.39
6.578685,1.055000,-0.216000,-0.793000,47.405000,11.191000,36.214000,28.44
6.591008,0.928000,-0.565000,-0.852000,28.489000,13.756000,24.229000,28.58
6.597985,0.721000,-0.232000,-0.817000,19.542000,4.412000,16.534000,28.39
6.610105,0.774000,-0.240000,-0.798000,13.756000,5.298000,8.473000,28.39
6.617660,0.748000,-0.229000,-0.803000,7.786000,-2.763000,2.779000,28.34
6.629626,0.721000,-0.100000,-0.777000,2.321000,2.534000,-0.031000,28.44
6.642230,0.677000,-0.118000,-0.762000,-0.947000,4.672000,-0.931000,28.39
6.649284,0.684000,-0.100000,-0.754000,-0.947000,7.328000,-0.687000,28.39
6.661802,0.653000,-0.072000,-0.750000,1.710000,6.015000,0.519000,28.44
6.668948,0.663000,-0.068000,-0.734000,3.710000,6.443000,2.397000,28.44
6.681252,0.669000,-0.069000,-0.720000,4.611000,7.160000,4.260000,28.39
6.688506,0.656000,-0.090000,-0.723000,5.130000,8.321000,5.435000,28.39
6.700667,0.649000,-0.124000,-0.735000,5.420000,8.534000,6.031000,28.44
6.708207,0.650000,-0.143000,-0.722000,5.344000,8.992000,5.603000,28.34
6.720494,0.650000,-0.159000,-0.720000,4.397000,8.336000,5.160000,28.39
6.727713,0.650000,-0.142000,-0.706000,3.771000,7.817000,4.427000,28.44
6.739826,0.675000,-0.121000,-0.694000,6.947000,3.313000,3.527000,28.34
6.745943,0.641000,-0.099000,-0.732000,19.099000,-5.084000,2.824000,28.39
6.759479,0.686000,-0.136000,-0.683000,4.260000,17.924000,1.267000,28.39
6.771567,0.660000,-0.100000,-0.713000,-0.092000,-2.901000,2.290000,28.44
6.779126,0.634000,-0.133000,-0.739000,3.267000,8.656000,3.985000,28.44
6.794698,0.662000,-0.123000,-0.718000,6.290000,-0.290000,5.298000,28.29
6.798644,0.687000,-0.112000,-0.732000,2.412000,7.008000,5.344000,28.39
6.813408,0.683000,-0.064000,-0.733000,2.641000,8.046000,6.260000,28.44
6.818350,0.685000,-0.062000,-0.733000,6.290000,10.504000,9.099000,28.44
6.831134,0.656000,-0.133000,-0.761000,9.511000,10.611000,11.771000,28.39
6.837804,0.699000,-0.219000,-0.715000,10.626000,14.198000,12.840000,28.39
6.849917,0.632000,-0.279000,-0.734000,9.069000,11.969000,9.878000,28.34
6.862771,0.640000,-0.248000,-0.748000,5.527000,17.344000,4.794000,28.39
6.869585,0.661000,-0.212000,-0.797000,1.435000,26.107000,2.260000,28.39
6.881694,0.626000,-0.129000,-0.791000,1.771000,32.565000,1.954000,28.39
6.889066,0.611000,-0.110000,-0.778000,8.305000,35.740000,3.664000,28.44
6.905814,0.514000,-0.099000,-0.897000,10.137000,50.504000,4.702000,28.44
6.910813,0.504000,0.074000,-1.062000,2.977000,74.763000,8.229000,28.39
6.921816,0.284000,0.135000,-1.191000,-0.168000,100.840000,15.786000,28.39
6.929499,0.483000,0.010000,-1.124000,-26.794000,126.122000,30.626000,28.44
6.939563,0.602000,0.357000,-1.332000,-24.122000,164.947000,57.115000,28.34
6.951642,0.621000,0.402000,-1.440000,-47.893000,170.244000,71.511000,28.39
6.961132,0.099000,0.670000,-1.928000,-40.718000,146.458000,73.863000,28.39
6.970760,-0.304000,0.791000,-2.175000,-24.183000,101.252000,57.756000,28.34
6.979859,-0.533000,0.900000,-2.314000,-16.107000,56.550000,32.595000,28.48
6.989943,-0.574000,0.905000,-2.289000,-13.176000,14.534000,8.458000,28.48
7.001997,-0.535000,0.803000,-2.186000,-17.160000,-19.649000,-8.092000,28.44
7.008785,-0.455000,0.658000,-2.010000,-25.237000,-44.351000,-16.458000,28.44
7.020600,-0.280000,0.490000,-1.862000,-40.198000,-58.809000,-19.298000,28.39
7.029033,0.001000,0.399000,-1.696000,-51.344000,-71.191000,-16.473000,28.39
7.039512,0.233000,0.213000,-1.498000,-62.595000,-79.893000,-15.176000,28.34
7.051575,0.343000,0.107000,-1.275000,-67.420000,-84.015000,-12.229000,28.34
7.058723,0.365000,0.004000,-1.040000,-67.237000,-80.840000,-10.244000,28.48
7.070365,0.376000,-0.017000,-0.880000,-61.969000,-64.656000,-7.863000,28.39
7.088181,0.416000,-0.063000,-0.769000,-55.557000,-47.924000,-6.901000,28.44
7.089535,1.343000,-0.225000,-0.619000,-31.954000,-28.122000,15.344000,28.44
7.101386,0.833000,-0.514000,-0.523000,-9.985000,-32.000000,38.656000,28.39
7.108651,0.767000,-0.691000,-0.058000,0.901000,-5.466000,43.160000,28.39
7.121981,1.157000,-0.681000,-0.070000,-4.275000,43.817000,39.832000,28.44
7.127550,1.349000,-0.662000,-0.562000,-29.740000,41.298000,37.145000,28.39
7.139664,1.140000,-0.603000,-0.752000,-67.817000,21.359000,16.412000,28.39
7.151458,0.976000,-0.141000,-0.760000,-88.672000,10.702000,-12.458000,28.39
7.158621,0.866000,0.245000,-0.694000,-78.427000,3.160000,-38.046000,28.34
7.170695,0.877000,0.427000,-0.708000,-45.115000,-9.191000,-56.580000,28.44
7.177506,0.881000,0.473000,-0.743000,-5.298000,-18.962000,-69.298000,28.39
7.189695,0.821000,0.481000,-0.808000,32.489000,-35.603000,-81.557000,28.44
7.201546,0.625000,0.263000,-0.837000,51.893000,-50.718000,-100.046000,28.34
7.208539,0.529000,0.134000,-0.904000,50.061000,-61.481000,-117.023000,28.39
7.220456,0.468000,0.057000,-0.934000,39.664000,-77.389000,-123.557000,28.39
7.227356,0.335000,-0.074000,-1.047000,25.496000,-93.267000,-124.168000,28.44
7.239394,0.634000,0.023000,-1.234000,37.649000,-109.282000,-110.550000,28.48
7.251351,0.323000,-0.492000,-0.172000,53.053000,-126.137000,-54.244000,28.39
7.258482,1.076000,-1.318000,0.374000,38.977000,-68.763000,3.359000,28.39
7.270471,1.790000,-1.697000,0.780000,6.916000,-53.908000,49.450000,28.44
7.277742,2.420000,-1.669000,1.335000,-23.405000,-35.298000,95.084000,28.34
7.289610,3.025000,-1.741000,2.608000,-36.321000,-15.420000,107.939000,28.48
7.301664,3.791000,-1.285000,4.000000,2.809000,81.099000,101.908000,28.39
7.309090,2.807000,-1.060000,3.276000,46.702000,172.595000,40.061000,28.34
7.321046,4.000000,0.322000,-2.275000,89.252000,22.656000,17.649000,28.44
7.328299,-1.146000,-0.441000,-0.527000,64.443000,-212.412000,43.725000,28.39
7.340152,-0.907000,-0.462000,-1.077000,29.099000,130.901000,25.878000,28.39
7.352022,1.391000,-0.776000,-1.000000,20.855000,29.908000,14.031000,28.34
7.359435,1.236000,-0.478000,-0.710000,7.344000,-27.573000,9.969000,28.48
7.371729,0.742000,0.115000,-0.830000,-1.573000,6.947000,1.939000,28.48
7.378777,0.695000,-0.115000,-0.785000,-0.931000,-5.863000,3.069000,28.44
7.391352,0.781000,-0.160000,-0.785000,-1.221000,10.519000,1.817000,28.34
7.398174,0.827000,-0.112000,-0.754000,2.916000,-10.122000,-0.321000,28.48
7.410200,0.646000,-0.058000,-0.800000,-0.855000,-2.031000,-0.779000,28.48
7.416547,0.628000,-0.046000,-0.789000,-2.489000,3.053000,-1.206000,28.44
7.429975,0.619000,-0.062000,-0.761000,-1.740000,7.695000,0.092000,28.44
7.442133,0.594000,-0.027000,-0.717000,3.908000,11.985000,2.779000,28.39
7.449428,0.636000,-0.095000,-0.740000,8.168000,12.458000,4.824000,28.39
7.461740,0.695000,-0.166000,-0.753000,6.351000,13.557000,4.336000,28.44
7.468872,0.646000,-0.166000,-0.725000,3.405000,12.611000,3.496000,28.34
7.481230,0.599000,-0.130000,-0.714000,3.863000,13.908000,4.260000,28.39
7.488369,0.603000,-0.116000,-0.700000,5.740000,13.405000,5.496000,28.39
7.500577,0.619000,-0.060000,-0.675000,10.137000,12.687000,8.641000,28.44
7.508242,0.669000,-0.015000,-0.655000,15.405000,11.466000,11.527000,28.39
7.519923,0.740000,-0.008000,-0.697000,20.290000,10.809000,14.397000,28.39
7.532084,0.691000,-0.106000,-0.768000,19.618000,10.229000,14.046000,28.39
7.539147,0.645000,-0.146000,-0.802000,15.405000,13.282000,11.863000,28.44
7.551067,0.609000,-0.167000,-0.784000,12.504000,19.069000,11.618000,28.34
7.558533,0.665000,-0.187000,-0.787000,10.305000,29.084000,9.359000,28.39
7.570599,0.625000,-0.080000,-0.810000,8.244000,36.260000,7.420000,28.44
7.578113,0.579000,-0.048000,-0.817000,8.748000,42.153000,6.870000,28.34
7.590161,0.618000,-0.271000,-0.726000,9.374000,43.939000,6.855000,28.39
7.606087,0.605000,-0.355000,-0.747000,12.870000,45.588000,3.160000,28.39
7.622168,0.568000,-0.323000,-0.887000,6.870000,59.939000,-4.244000,28.44
7.622790,0.362000,-0.009000,-1.120000,7.084000,80.137000,-4.718000,28.48
7.628480,0.391000,0.307000,-1.259000,2.992000,105.802000,3.786000,28.39
7.640824,0.330000,0.065000,-1.313000,22.656000,135.527000,20.489000,28.39
7.647806,0.619000,0.285000,-1.342000,28.397000,154.626000,22.397000,28.44
7.660063,0.100000,0.395000,-1.884000,21.924000,162.672000,17.618000,28.44
7.672370,-0.087000,0.766000,-2.154000,27.191000,144.015000,6.168000,28.39
7.681935,-0.363000,0.838000,-2.311000,28.046000,114.580000,-16.687000,28.39
7.691410,-0.511000,0.883000,-2.420000,24.107000,71.618000,-42.031000,28.44
7.698227,-0.550000,0.728000,-2.443000,13.969000,32.870000,-58.779000,28.39
7.710573,-0.636000,0.581000,-2.414000,2.885000,-8.153000,-65.267000,28.39
7.722536,-0.587000,0.344000,-2.362000,-11.389000,-43.740000,-61.588000,28.44
7.729340,-0.490000,0.059000,-2.133000,-30.092000,-75.237000,-44.336000,28.39
7.740851,-0.380000,-0.092000,-2.007000,-50.779000,-92.458000,-24.641000,28.39
7.748117,-0.221000,-0.193000,-1.855000,-68.382000,-102.534000,-4.580000,28.48
7.759741,-0.106000,-0.276000,-1.706000,-84.336000,-108.321000,12.031000,28.34
7.771691,0.226000,-0.276000,-1.642000,-90.763000,-116.824000,36.809000,28.34
7.778538,0.158000,-0.465000,-1.457000,-103.435000,-125.542000,53.618000,28.39
7.790011,0.406000,-0.441000,-1.313000,-116.000000,-116.046000,71.420000,28.39
7.804934,1.328000,-0.509000,-0.937000,-86.641000,-101.053000,94.473000,28.34
7.808781,0.716000,-0.943000,0.720000,-67.435000,-30.015000,107.176000,28.48
7.820897,1.391000,-0.937000,0.752000,-54.855000,38.168000,98.855000,28.39
7.828028,1.691000,-0.902000,-0.134000,-63.038000,61.985000,74.000000,28.44
7.840034,1.888000,-1.029000,-0.513000,-73.115000,-32.534000,34.321000,28.39
7.854256,1.645000,-0.579000,0.183000,-65.756000,-83.954000,1.557000,28.39
7.858622,1.926000,-0.956000,2.037000,-4.473000,-86.840000,-17.847000,28.29
7.870954,3.519000,-2.088000,4.000000,27.420000,19.313000,-13.771000,28.34
7.878027,4.000000,-3.154000,4.000000,46.977000,70.443000,41.527000,28.34
7.890413,4.000000,-1.330000,4.000000,19.176000,36.992000,24.580000,28.39
7.902097,-0.444000,-0.010000,-1.065000,41.649000,-146.382000,-23.786000,28.39
7.909303,0.121000,0.444000,-1.234000,49.053000,-171.618000,53.634000,28.44
7.921193,0.995000,-0.083000,-0.854000,58.137000,-35.725000,19.756000,28.39
7.928213,0.243000,-1.411000,-1.189000,24.748000,-100.687000,15.710000,28.39
7.940359,0.225000,-0.045000,-1.133000,-6.672000,11.099000,-5.038000,28.44
7.947456,0.654000,-0.057000,-0.870000,-10.168000,22.427000,-6.336000,28.39
7.959236,0.829000,-0.392000,-0.721000,-19.359000,30.489000,-14.168000,28.39
7.971172,0.717000,-0.031000,-0.712000,-13.985000,16.656000,-16.092000,28.39
7.978477,0.663000,0.127000,-0.769000,-2.962000,18.763000,-11.344000,28.34
7.990626,0.709000,-0.002000,-0.756000,-2.534000,23.954000,-5.160000,28.34
7.997691,0.679000,-0.031000,-0.733000,-0.733000,23.725000,-0.107000,28.39
8.011899,0.700000,-0.003000,-0.720000,1.237000,25.588000,5.053000,28.39
8.022245,0.692000,0.007000,-0.711000,4.122000,29.130000,9.557000,28.34
8.029398,0.678000,-0.178000,-0.657000,4.916000,22.183000,10.870000,28.44
8.042245,0.620000,-0.316000,-0.753000,4.168000,22.351000,5.267000,28.39
8.049197,0.628000,-0.226000,-0.801000,-5.786000,25.695000,-0.260000,28.39
8.061787,0.651000,-0.037000,-0.761000,-6.183000,33.099000,-0.687000,28.34
8.069309,0.557000,-0.017000,-0.790000,-0.977000,36.824000,3.954000,28.34
8.080551,0.493000,-0.064000,-0.807000,0.443000,43.908000,10.275000,28.39
8.087236,0.563000,-0.083000,-0.804000,7.725000,54.244000,12.580000,28.44
8.099531,0.537000,-0.285000,-0.872000,8.672000,64.901000,12.931000,28.44
8.111819,0.495000,-0.242000,-1.025000,9.740000,85.084000,9.099000,28.39
8.118823,0.644000,0.004000,-1.188000,36.153000,121.344000,12.916000,28.39
8.131072,0.653000,0.188000,-1.184000,43.832000,150.763000,13.496000,28.34
8.137978,0.630000,0.161000,-1.365000,60.916000,165.069000,19.221000,28.53
8.150354,0.162000,0.340000,-1.842000,66.290000,150.443000,6.412000,28.39
8.157281,-0.431000,0.753000,-2.227000,68.061000,118.351000,-18.550000,28.29
8.169592,-0.679000,0.855000,-2.516000,65.084000,68.229000,-41.435000,28.34
8.181420,-0.819000,0.831000,-2.552000,59.817000,19.695000,-57.695000,28.44
8.188245,-0.780000,0.676000,-2.482000,46.458000,-26.443000,-64.137000,28.29
8.200250,-0.689000,0.584000,-2.350000,31.740000,-60.305000,-60.901000,28.29
8.206114,-0.446000,0.423000,-2.167000,16.947000,-87.939000,-53.008000,28.53
8.219250,-0.197000,0.343000,-1.954000,1.710000,-108.702000,-44.321000,28.29
8.231225,0.113000,0.248000,-1.764000,-11.893000,-119.267000,-36.000000,28.48
8.237826,0.272000,0.234000,-1.604000,-22.702000,-126.214000,-28.153000,28.29
8.249941,0.300000,0.130000,-1.557000,-34.840000,-126.061000,-18.855000,28.25
8.261939,0.309000,0.057000,-1.447000,-52.290000,-121.588000,-13.450000,28.39
8.268748,0.570000,0.013000,-1.359000,-72.168000,-114.122000,-11.191000,28.39
8.280669,1.167000,-0.192000,-1.129000,-75.557000,-118.366000,-7.420000,28.34
8.287752,1.260000,-0.004000,0.052000,-28.931000,-92.244000,2.412000,28.44
8.299668,1.491000,-0.729000,0.083000,-24.855000,-32.015000,-1.725000,28.39
8.311579,1.386000,-0.654000,-0.551000,-47.802000,-13.603000,-12.351000,28.39
8.318538,1.094000,-0.254000,-1.076000,-70.595000,-44.885000,-9.389000,28.34
8.330655,1.103000,-0.194000,-1.253000,-86.092000,-78.198000,-4.992000,28.39
8.337524,0.741000,-0.133000,-0.868000,-74.366000,-104.824000,6.000000,28.29
8.349499,0.564000,-0.281000,-0.789000,-64.290000,-107.053000,10.992000,28.39
8.361266,0.479000,-0.253000,-0.706000,-65.282000,-107.176000,7.420000,28.34
8.368328,0.548000,-0.170000,-0.722000,-65.328000,-104.092000,0.260000,28.34
8.380149,0.624000,-0.125000,-0.705000,-61.115000,-102.504000,-7.466000,28.39
8.392327,0.696000,-0.161000,-0.623000,-55.252000,-107.069000,-14.718000,28.29
8.398640,0.630000,-0.115000,-0.351000,-39.237000,-103.359000,-14.321000,28.44
8.410661,0.765000,-0.245000,-0.215000,-29.634000,-86.641000,-16.290000,28.44
8.417465,0.799000,-0.221000,-0.118000,-24.427000,-66.840000,-20.443000,28.29
8.429573,0.970000,-0.191000,-0.300000,-30.748000,-38.947000,-30.748000,28.34
8.441608,1.488000,-0.328000,-0.359000,-41.511000,-46.168000,-45.023000,28.44
8.447936,1.564000,-0.159000,-0.123000,-23.908000,-82.061000,-46.962000,28.29
8.460106,1.299000,-0.255000,0.244000,4.153000,-81.145000,-39.573000,28.39
8.472248,1.153000,-0.496000,0.601000,20.000000,-46.947000,-38.412000,28.34
8.479421,1.175000,-0.458000,0.825000,25.893000,0.412000,-42.244000,28.44
8.491572,1.543000,-0.468000,0.989000,31.679000,47.969000,-45.466000,28.39
8.499135,1.895000,-0.551000,1.297000,44.718000,86.321000,-44.580000,28.39
8.510911,1.968000,-0.694000,1.820000,67.832000,123.527000,-32.702000,28.44
8.517971,2.062000,-0.891000,2.398000,98.733000,202.336000,-6.076000,28.44
8.529669,2.188000,-1.104000,-1.073000,44.183000,297.267000,-15.252000,28.29
8.542017,2.687000,-0.530000,-1.769000,77.466000,101.893000,61.664000,28.39
8.548837,0.370000,-0.305000,-0.386000,56.702000,155.298000,72.779000,28.34
8.560954,2.435000,0.897000,-1.245000,93.252000,185.038000,56.702000,28.39
8.568264,1.688000,-0.909000,-0.731000,118.489000,15.450000,72.214000,28.39
8.581010,1.075000,-1.053000,-1.116000,77.237000,23.450000,57.252000,28.44
8.592562,1.004000,-0.436000,-0.877000,42.763000,-3.389000,27.191000,28.44
8.599559,0.715000,-0.533000,-0.856000,17.359000,-13.466000,12.015000,28.39
8.611718,0.735000,-0.244000,-0.812000,1.771000,0.519000,1.557000,28.29
8.618886,0.713000,-0.239000,-0.776000,-1.008000,-2.962000,-1.771000,28.34
8.630960,0.665000,-0.196000,-0.772000,-1.863000,-2.153000,-4.565000,28.34
8.638004,0.639000,-0.160000,-0.764000,-4.122000,-0.702000,-6.366000,28.48
8.650279,0.663000,-0.113000,-0.766000,-7.664000,4.046000,-6.916000,28.29
8.662168,0.655000,-0.081000,-0.753000,-8.565000,8.641000,-6.519000,28.44
8.675673,0.656000,-0.061000,-0.752000,-5.252000,8.382000,-4.076000,28.48
8.681623,0.671000,-0.075000,-0.744000,-2.092000,8.275000,-2.046000,28.39
8.688828,0.662000,-0.080000,-0.731000,-1.176000,9.389000,-0.580000,28.34
8.701223,0.648000,-0.076000,-0.732000,-0.931000,10.336000,0.977000,28.34
8.708447,0.654000,-0.105000,-0.723000,-0.305000,10.977000,2.122000,28.39
8.720401,0.658000,-0.122000,-0.722000,0.550000,10.015000,2.626000,28.29
8.727960,0.650000,-0.148000,-0.721000,1.008000,9.908000,2.458000,28.34
8.740231,0.640000,-0.179000,-0.724000,-0.809000,6.870000,1.206000,28.34
8.752330,0.606000,-0.180000,-0.735000,2.443000,10.244000,-1.679000,28.29
8.760325,0.668000,-0.157000,-0.677000,-9.084000,-22.244000,1.527000,28.29
8.771606,0.638000,-0.138000,-0.703000,20.443000,5.298000,-1.145000,28.34
8.778711,0.687000,-0.173000,-0.672000,6.458000,22.031000,-0.733000,28.34
8.790860,0.690000,-0.102000,-0.737000,-10.183000,21.557000,0.076000,28.39
8.798003,0.654000,-0.062000,-0.752000,3.145000,13.420000,2.137000,28.34
8.810651,0.676000,-0.153000,-0.690000,5.359000,9.603000,2.351000,28.34
8.817886,0.676000,-0.154000,-0.707000,-2.321000,6.015000,2.046000,28.39
8.829995,0.663000,-0.128000,-0.740000,-1.389000,12.718000,1.573000,28.29
8.845044,0.675000,-0.144000,-0.722000,1.756000,10.000000,1.634000,28.44
8.849220,0.659000,-0.108000,-0.718000,3.542000,11.863000,1.832000,28.34
8.861839,0.619000,-0.122000,-0.742000,2.748000,15.298000,2.565000,28.29
8.868654,0.692000,-0.166000,-0.716000,1.405000,17.008000,2.672000,28.39
8.881096,0.681000,-0.156000,-0.736000,2.214000,19.344000,2.168000,28.44
8.890418,0.667000,-0.119000,-0.749000,3.069000,25.084000,2.870000,28.44
8.902006,0.655000,-0.085000,-0.770000,3.740000,27.786000,4.794000,28.39
8.908011,0.650000,-0.117000,-0.783000,4.687000,36.458000,7.267000,28.39
8.919973,0.600000,-0.115000,-0.821000,4.229000,48.321000,10.733000,28.44
8.931024,0.611000,-0.160000,-0.793000,9.939000,63.466000,12.962000,28.48
8.939382,0.623000,-0.227000,-0.821000,12.427000,67.511000,9.969000,28.39
8.952150,0.628000,-0.136000,-0.892000,3.527000,79.450000,6.351000,28.39
8.958569,0.568000,-0.206000,-1.119000,32.947000,112.809000,8.015000,28.34
8.972843,0.609000,-0.010000,-1.061000,27.450000,144.061000,9.252000,28.39
8.977897,0.774000,0.018000,-1.035000,42.809000,175.511000,10.733000,28.29
8.989831,0.647000,-0.065000,-1.011000,38.198000,192.656000,16.153000,28.34
9.003091,0.968000,-0.056000,-1.011000,43.450000,213.847000,19.084000,28.44
9.010735,0.866000,-0.065000,-1.006000,48.122000,219.359000,30.504000,28.39
9.021227,1.040000,-0.008000,-1.079000,45.237000,233.267000,32.351000,28.48
9.027918,1.375000,-0.357000,-1.220000,30.641000,224.550000,39.008000,28.34
9.040035,1.136000,0.019000,-1.035000,33.740000,209.588000,49.313000,28.29
9.048030,0.990000,-0.032000,-0.993000,44.214000,206.229000,54.031000,28.29
9.059638,1.029000,0.213000,-1.455000,50.198000,180.565000,49.695000,28.29
9.071639,0.428000,0.611000,-1.650000,55.160000,124.931000,35.557000,28.34
9.078217,0.099000,0.421000,-1.588000,40.733000,100.061000,14.122000,28.34
9.090862,0.305000,0.299000,-1.729000,8.534000,56.473000,7.466000,28.39
9.097923,-0.052000,0.330000,-1.401000,-3.985000,21.649000,12.168000,28.39
9.110256,-0.069000,0.113000,-1.256000,-19.176000,12.443000,19.893000,28.44
9.116285,0.004000,0.061000,-1.189000,-37.878000,-6.153000,26.626000,28.39
9.132151,0.046000,0.065000,-1.083000,-50.107000,-18.534000,31.710000,28.29
9.141615,0.089000,0.056000,-0.987000,-57.878000,-31.099000,32.931000,28.34
9.148388,0.134000,0.050000,-0.901000,-63.069000,-36.779000,29.695000,28.44
9.160646,0.222000,0.050000,-0.902000,-66.992000,-44.076000,23.893000,28.39
9.167753,0.376000,0.014000,-0.947000,-71.511000,-51.756000,15.771000,28.39
9.179709,0.569000,-0.010000,-0.992000,-76.489000,-68.382000,7.191000,28.34
9.191822,0.680000,0.004000,-1.019000,-78.641000,-92.916000,1.115000,28.44
9.198452,0.659000,-0.005000,-0.978000,-76.595000,-114.824000,-1.924000,28.29
9.210291,0.599000,-0.070000,-0.873000,-77.145000,-124.748000,-5.832000,28.29
9.222353,0.589000,-0.094000,-0.813000,-79.511000,-127.405000,-11.053000,28.34
9.229010,0.664000,-0.109000,-0.813000,-81.359000,-125.053000,-17.527000,28.34
9.240889,0.750000,-0.131000,-0.832000,-81.847000,-126.290000,-23.908000,28.29
9.247753,0.792000,-0.123000,-0.868000,-77.389000,-129.450000,-28.565000,28.39
9.259651,0.806000,-0.156000,-0.890000,-72.382000,-133.038000,-33.557000,28.44
9.271759,0.826000,-0.182000,-0.888000,-68.519000,-135.206000,-38.672000,28.39
9.278602,0.829000,-0.175000,-0.912000,-67.130000,-135.557000,-45.679000,28.39
9.289983,0.901000,-0.209000,-0.893000,-66.931000,-138.641000,-54.687000,28.34
9.301577,0.955000,-0.158000,-0.915000,-63.817000,-134.840000,-62.290000,28.44
9.313406,1.015000,-0.155000,-0.919000,-51.817000,-146.702000,-67.878000,28.39
9.320284,1.008000,-0.191000,-0.922000,-49.344000,-151.252000,-72.504000,28.39
9.332150,1.000000,-0.193000,-0.889000,-43.802000,-151.160000,-74.641000,28.25
9.338855,0.989000,-0.213000,-0.843000,-38.229000,-150.153000,-75.939000,28.34
9.350596,1.017000,-0.242000,-0.816000,-36.015000,-148.687000,-77.084000,28.39
9.362553,1.006000,-0.252000,-0.830000,-37.130000,-146.275000,-78.519000,28.39
9.371367,1.067000,-0.284000,-0.817000,-39.573000,-141.313000,-79.573000,28.34
9.381231,1.111000,-0.292000,-0.818000,-38.916000,-141.206000,-78.321000,28.39
9.387719,0.892000,-0.076000,-0.518000,-10.656000,-122.046000,-62.321000,28.29
9.399809,1.306000,-0.678000,-0.380000,-11.969000,-99.084000,-62.412000,28.44
9.411505,1.333000,-0.620000,-0.380000,-21.954000,-100.366000,-62.015000,28.34
9.418372,1.352000,-0.479000,-0.389000,-26.718000,-104.702000,-56.458000,28.39
9.430440,1.234000,-0.443000,-0.352000,-24.733000,-100.763000,-49.817000,28.39
9.441852,1.143000,-0.452000,-0.324000,-22.580000,-101.725000,-43.817000,28.34
9.448790,1.046000,-0.444000,-0.228000,-21.344000,-95.405000,-38.855000,28.44
9.460553,1.027000,-0.410000,-0.161000,-18.260000,-84.061000,-35.389000,28.39
9.467772,1.001000,-0.388000,-0.095000,-15.542000,-67.511000,-33.618000,28.39
9.479646,1.062000,-0.412000,-0.053000,-10.870000,-53.985000,-31.420000,28.44
9.491376,1.080000,-0.438000,0.019000,-2.809000,-45.084000,-25.634000,28.34
9.498656,1.079000,-0.480000,0.113000,2.305000,-31.603000,-18.183000,28.39
9.510809,1.080000,-0.540000,0.192000,4.550000,-15.847000,-9.634000,28.44
9.518214,1.111000,-0.536000,0.261000,3.542000,3.481000,-1.221000,28.44
9.530457,1.149000,-0.586000,0.460000,2.000000,26.748000,11.679000,28.39
9.537712,1.157000,-0.645000,0.768000,-1.511000,67.679000,24.000000,28.29
9.549878,1.138000,-0.607000,1.148000,0.168000,124.809000,41.038000,28.25
9.561688,0.364000,-0.038000,0.158000,3.328000,189.160000,51.664000,28.34
9.568945,1.399000,0.438000,-1.648000,-10.000000,165.878000,35.817000,28.39
9.581222,0.879000,0.863000,-1.042000,34.870000,77.328000,51.985000,28.39
9.588394,0.667000,0.299000,-0.649000,49.389000,160.977000,29.710000,28.25
9.600309,1.788000,0.069000,-0.949000,65.435000,137.756000,-11.282000,28.44
9.606156,1.621000,-0.576000,-0.974000,61.603000,94.977000,2.977000,28.39
9.619516,0.946000,-0.806000,-0.927000,31.542000,98.947000,21.756000,28.39
9.631817,1.503000,0.178000,-0.954000,27.908000,72.122000,30.992000,28.34
9.639068,0.964000,0.235000,-0.615000,48.763000,41.328000,22.489000,28.29
9.651233,0.516000,-0.313000,-0.830000,44.763000,58.794000,22.641000,28.39
9.658407,0.748000,-0.255000,-0.782000,38.321000,50.824000,31.099000,28.34
9.670483,1.039000,0.142000,-0.679000,40.550000,29.908000,26.397000,28.34
9.676000,0.885000,-0.218000,-0.786000,39.221000,23.725000,27.969000,28.29
9.689563,0.766000,-0.337000,-0.885000,37.802000,14.931000,27.573000,28.29
9.702082,0.833000,-0.254000,-0.811000,33.298000,5.649000,19.420000,28.44
9.709435,0.725000,-0.265000,-0.834000,21.863000,0.962000,12.840000,28.34
9.721223,0.695000,-0.169000,-0.806000,10.824000,4.962000,9.023000,28.48
9.728600,0.695000,-0.163000,-0.782000,6.870000,5.878000,5.756000,28.39
9.741083,0.673000,-0.134000,-0.765000,5.527000,3.603000,4.397000,28.34
9.748868,0.665000,-0.079000,-0.751000,5.802000,3.099000,3.527000,28.29
9.760776,0.661000,-0.093000,-0.750000,4.611000,5.069000,3.466000,28.29
9.767915,0.669000,-0.114000,-0.747000,3.267000,5.603000,3.191000,28.39
9.780327,0.652000,-0.115000,-0.747000,2.748000,6.046000,2.641000,28.34
9.787652,0.669000,-0.125000,-0.748000,1.908000,6.870000,1.893000,28.39
9.800082,0.694000,-0.140000,-0.750000,-0.244000,6.031000,0.901000,28.39
9.815539,0.642000,-0.114000,-0.746000,-1.176000,5.634000,0.565000,28.34
9.819333,0.636000,-0.086000,-0.728000,-0.687000,6.443000,1.252000,28.34
9.831847,0.656000,-0.107000,-0.721000,0.214000,6.000000,2.046000,28.29
9.839065,0.637000,-0.090000,-0.727000,1.252000,4.565000,3.252000,28.39
9.851395,0.631000,-0.102000,-0.718000,2.885000,4.458000,4.107000,28.34
9.860403,0.647000,-0.128000,-0.721000,3.084000,3.191000,4.397000,28.39
9.871136,0.649000,-0.116000,-0.718000,3.023000,2.092000,4.595000,28.29
9.878961,0.640000,-0.096000,-0.725000,3.893000,1.725000,4.550000,28.39
9.891004,0.648000,-0.106000,-0.737000,4.824000,1.908000,4.794000,28.34
9.898192,0.662000,-0.111000,-0.728000,5.160000,0.519000,4.641000,28.39
9.910583,0.650000,-0.123000,-0.726000,5.221000,0.244000,4.748000,28.39
9.918577,0.647000,-0.116000,-0.730000,5.527000,-0.183000,4.885000,28.34
9.929940,0.666000,-0.128000,-0.719000,5.802000,-1.099000,4.794000,28.34
9.942174,0.665000,-0.139000,-0.727000,5.679000,-1.863000,4.382000,28.29
9.949232,0.646000,-0.105000,-0.730000,5.267000,-1.191000,3.847000,28.39
9.961583,0.632000,-0.098000,-0.742000,5.527000,0.595000,3.282000,28.34
9.968963,0.640000,-0.157000,-0.741000,5.191000,1.969000,2.550000,28.39
9.981486,0.653000,-0.142000,-0.744000,4.153000,2.015000,1.893000,28.29
9.988673,0.619000,-0.152000,-0.743000,2.214000,3.084000,0.870000,28.39
10.001254,0.655000,-0.157000,-0.752000,0.779000,3.176000,0.427000,28.34
