# Gait Analysis Data - MPU6050 IMU
# Duration: 10 seconds
# Format: timestamp(s),ax(g),ay(g),az(g),gx(deg/s),gy(deg/s),gz(deg/s),temp(C)
# Note: Document sensor placement (ankle/wrist) separately
timestamp,ax,ay,az,gx,gy,gz,temp
0.001202,0.635000,-0.104000,-0.762000,1.252000,5.863000,2.290000,27.92
0.002560,0.642000,-0.099000,-0.739000,-0.550000,6.901000,1.695000,27.92
0.003861,0.658000,-0.113000,-0.753000,-1.435000,7.344000,0.947000,27.97
0.005360,0.671000,-0.119000,-0.766000,-2.214000,5.664000,-0.046000,27.97
0.006559,0.681000,-0.127000,-0.743000,-3.359000,2.534000,-0.595000,27.92
0.007624,0.659000,-0.085000,-0.673000,5.527000,-13.206000,0.992000,28.01
0.008676,0.626000,-0.071000,-0.733000,22.504000,-79.115000,5.618000,27.87
0.009696,0.591000,0.013000,-0.693000,-1.710000,41.359000,2.855000,27.92
0.010735,0.643000,-0.059000,-0.721000,-11.786000,-10.107000,6.901000,27.92
0.011739,0.656000,-0.068000,-0.717000,6.015000,0.870000,7.557000,27.97
0.012698,0.609000,-0.034000,-0.740000,22.397000,-7.924000,10.672000,27.87
0.013602,0.637000,-0.092000,-0.707000,17.985000,0.901000,10.641000,27.92
0.014592,0.658000,-0.143000,-0.738000,11.206000,4.183000,10.336000,27.92
0.015604,0.650000,-0.156000,-0.763000,7.191000,-8.244000,9.557000,27.87
0.016483,0.645000,-0.108000,-0.756000,12.794000,0.458000,9.160000,27.97
0.017392,0.643000,-0.123000,-0.757000,14.305000,-0.092000,9.160000,27.92
0.018170,0.633000,-0.099000,-0.718000,12.183000,3.206000,8.504000,27.92
0.018926,0.581000,-0.039000,-0.719000,10.366000,10.397000,7.481000,27.97
0.019690,0.540000,-0.045000,-0.763000,12.641000,11.771000,9.328000,27.92
0.020445,0.664000,-0.153000,-0.768000,18.626000,13.527000,9.527000,27.92
0.021201,0.600000,-0.111000,-0.767000,17.145000,15.374000,8.076000,27.87
0.021950,0.654000,-0.140000,-0.812000,11.847000,20.076000,6.473000,27.87
0.022704,0.637000,-0.131000,-0.782000,9.786000,22.718000,6.076000,27.92
0.023462,0.648000,-0.160000,-0.767000,10.015000,25.649000,5.954000,27.92
0.024218,0.595000,-0.165000,-0.777000,9.344000,25.237000,5.023000,27.97
0.025147,0.579000,-0.117000,-0.840000,9.618000,38.321000,4.382000,27.87
0.026059,0.619000,-0.130000,-0.820000,9.038000,49.450000,4.092000,27.92
0.026747,0.512000,-0.133000,-0.896000,6.992000,57.191000,3.099000,27.97
0.027420,0.493000,-0.080000,-0.970000,12.198000,80.351000,6.290000,27.87
0.028092,0.339000,0.030000,-1.109000,14.275000,107.710000,12.107000,28.01
0.028779,0.528000,-0.210000,-1.018000,8.412000,136.412000,15.695000,28.01
0.029455,0.361000,0.099000,-1.299000,50.321000,179.893000,26.137000,27.97
0.030133,0.631000,-0.167000,-1.170000,42.687000,238.611000,28.137000,27.97
0.030818,0.714000,-0.086000,-1.303000,46.489000,276.595000,28.473000,28.01
0.031492,0.935000,-0.321000,-1.442000,53.038000,303.374000,33.664000,27.82
0.032180,0.894000,-0.068000,-1.358000,58.977000,314.443000,36.214000,27.97
0.032856,1.471000,-0.248000,-1.569000,50.366000,323.359000,36.198000,27.92
0.033472,1.401000,0.132000,-1.446000,41.679000,296.702000,47.099000,28.01
0.034077,1.013000,0.479000,-1.685000,54.412000,269.527000,39.206000,27.97
0.034741,0.852000,0.579000,-1.970000,74.290000,179.557000,26.351000,27.97
0.035499,0.399000,0.453000,-1.735000,64.427000,116.183000,2.092000,27.92
0.036112,0.307000,0.348000,-1.827000,35.603000,52.962000,-6.916000,28.01
0.036717,-0.368000,0.432000,-1.279000,19.771000,16.015000,-7.481000,27.97
0.037318,-0.433000,0.261000,-1.204000,3.145000,22.183000,-5.298000,27.97
0.037930,-0.360000,0.157000,-1.178000,-18.321000,-2.122000,-0.672000,28.01
0.038541,-0.315000,0.180000,-1.194000,-39.023000,-16.168000,4.901000,27.92
0.039158,-0.248000,0.113000,-1.167000,-56.977000,-39.939000,7.282000,27.97
0.039772,-0.185000,0.119000,-1.148000,-73.374000,-58.031000,4.122000,27.92
0.040392,-0.122000,0.144000,-1.123000,-85.649000,-78.366000,-1.969000,28.01
0.041006,0.009000,0.131000,-1.162000,-95.282000,-97.756000,-11.618000,27.97
0.041635,0.172000,0.044000,-1.183000,-111.374000,-133.710000,-22.931000,27.92
0.042255,0.313000,0.084000,-1.179000,-96.702000,-153.939000,-34.229000,28.01
0.042880,0.384000,0.052000,-1.176000,-104.107000,-166.580000,-41.435000,27.92
0.043498,0.512000,-0.040000,-1.186000,-101.267000,-190.931000,-46.092000,27.97
0.044071,0.717000,-0.113000,-1.206000,-96.595000,-203.191000,-51.084000,27.87
0.044748,0.905000,-0.159000,-1.228000,-95.160000,-224.733000,-54.137000,27.92
0.045552,1.108000,-0.145000,-1.270000,-98.397000,-239.496000,-57.603000,27.97
0.046210,1.212000,-0.130000,-1.255000,-91.878000,-246.290000,-61.237000,27.97
0.046804,1.345000,-0.096000,-1.265000,-83.603000,-252.534000,-66.351000,27.92
0.047400,1.410000,-0.086000,-1.232000,-72.641000,-251.298000,-74.275000,28.01
0.047973,1.495000,0.017000,-1.238000,-54.824000,-241.282000,-85.115000,27.87
0.048535,2.701000,-0.415000,-0.202000,67.145000,-196.046000,-32.550000,27.92
0.049094,1.223000,-0.395000,0.241000,74.962000,-187.878000,-0.107000,28.01
0.049658,2.934000,-1.538000,-0.538000,22.824000,-59.756000,-55.466000,27.97
0.050241,3.207000,-1.025000,-0.241000,-59.603000,-200.107000,-98.580000,27.87
0.050826,2.443000,-0.217000,0.024000,-69.450000,-208.031000,-92.641000,27.92
0.051389,1.575000,-0.354000,0.340000,-39.130000,-204.183000,-81.405000,27.92
0.052032,1.214000,-0.542000,0.275000,-14.061000,-158.015000,-82.611000,27.87
0.052601,1.237000,-0.515000,0.125000,-7.282000,-152.901000,-81.893000,27.87
0.053118,1.263000,-0.523000,0.017000,-7.573000,-140.443000,-75.985000,27.92
0.053641,1.155000,-0.559000,0.026000,-9.710000,-115.099000,-63.267000,27.87
0.054155,1.045000,-0.619000,0.146000,-4.687000,-95.282000,-44.611000,27.97
0.054714,0.926000,-0.631000,0.260000,6.534000,-71.511000,-26.824000,27.92
0.055348,0.847000,-0.530000,0.306000,10.733000,-36.641000,-18.443000,27.92
0.055876,0.959000,-0.417000,0.279000,13.359000,-0.656000,-15.878000,27.97
0.056377,1.077000,-0.370000,0.302000,19.221000,29.374000,-15.557000,27.87
0.056914,1.114000,-0.379000,0.389000,23.511000,57.176000,-16.519000,27.92
0.057435,1.246000,-0.458000,0.492000,16.534000,87.237000,-16.550000,27.92
0.057937,1.303000,-0.545000,0.709000,-2.702000,118.672000,-7.267000,27.97
0.058448,0.698000,0.125000,-0.291000,-6.565000,162.809000,-1.145000,27.82
0.058959,1.071000,0.372000,-1.578000,-6.855000,136.000000,13.740000,27.82
0.059473,0.451000,0.485000,-1.027000,12.260000,70.595000,29.313000,27.87
0.059974,0.055000,0.366000,-0.322000,44.244000,128.076000,36.061000,27.97
0.060481,0.388000,0.142000,-0.788000,57.313000,164.656000,25.450000,27.92
0.060983,1.163000,-0.178000,-1.030000,49.893000,137.954000,11.679000,27.92
0.061498,1.278000,-0.301000,-0.805000,32.397000,109.740000,14.183000,27.97
0.062024,1.116000,-0.324000,-0.725000,19.420000,109.939000,22.840000,27.87
0.062504,0.931000,-0.240000,-0.795000,16.458000,104.794000,13.985000,28.01
0.062965,2.062000,0.175000,-0.892000,41.511000,84.595000,25.908000,27.97
0.063434,1.407000,-0.010000,-0.588000,46.076000,32.397000,26.290000,27.92
0.064087,0.726000,-0.256000,-0.887000,41.328000,47.527000,27.679000,27.92
0.064735,0.638000,-0.197000,-0.749000,39.969000,27.527000,26.122000,28.01
0.065223,0.810000,-0.125000,-0.761000,36.931000,24.947000,24.092000,27.97
0.065712,0.896000,-0.154000,-0.771000,34.198000,7.084000,25.496000,27.97
0.066184,0.800000,-0.158000,-0.812000,32.000000,6.351000,25.832000,27.82
0.066689,0.666000,-0.196000,-0.818000,33.695000,-2.458000,22.290000,27.97
0.067198,0.821000,-0.231000,-0.786000,28.000000,-3.710000,16.412000,27.87
0.067710,0.769000,-0.196000,-0.797000,15.481000,-4.672000,10.672000,28.01
0.068256,0.697000,-0.143000,-0.772000,6.595000,0.611000,6.626000,27.92
0.068724,0.596000,-0.050000,-0.778000,6.611000,4.443000,6.061000,27.97
0.069182,0.615000,-0.069000,-0.784000,7.710000,7.969000,5.679000,27.82
0.069637,0.671000,-0.134000,-0.772000,6.137000,10.733000,3.985000,27.92
0.070100,0.667000,-0.125000,-0.747000,3.588000,13.649000,2.412000,27.97
0.070559,0.679000,-0.076000,-0.740000,1.618000,17.282000,1.863000,27.97
0.071017,0.695000,-0.092000,-0.727000,1.573000,20.672000,2.061000,27.92
0.071469,0.683000,-0.132000,-0.734000,2.000000,21.817000,2.015000,27.92
0.071924,0.655000,-0.110000,-0.751000,2.076000,21.695000,2.290000,27.97
0.072368,0.643000,-0.134000,-0.746000,1.069000,23.664000,2.534000,27.97
0.072838,0.642000,-0.133000,-0.736000,-0.489000,25.466000,2.244000,27.82
0.073283,0.628000,-0.108000,-0.750000,-0.489000,26.443000,2.321000,27.97
0.073731,0.679000,-0.168000,-0.715000,-1.084000,27.221000,0.458000,27.97
0.074181,0.708000,-0.150000,-0.718000,-2.198000,26.534000,-1.145000,28.01
0.074632,0.691000,-0.099000,-0.696000,-2.687000,25.725000,-0.137000,27.82
0.075075,0.723000,-0.126000,-0.694000,-3.450000,25.664000,1.176000,27.87
0.075523,0.700000,-0.131000,-0.706000,-8.641000,30.855000,2.046000,27.92
0.075965,0.716000,-0.141000,-0.740000,2.275000,10.107000,3.267000,27.92
0.076411,0.663000,-0.096000,-0.770000,-0.382000,43.847000,3.191000,27.87
0.076862,0.665000,-0.086000,-0.761000,-5.221000,47.573000,3.023000,27.92
0.077312,0.624000,-0.177000,-0.826000,-18.015000,67.282000,0.565000,28.01
0.077760,0.603000,-0.021000,-0.987000,6.626000,64.809000,1.252000,27.92
0.078444,0.655000,-0.276000,-0.922000,17.481000,91.405000,-2.382000,27.97
0.079018,0.605000,-0.211000,-0.923000,26.733000,116.824000,-8.534000,27.92
0.079527,0.663000,-0.298000,-0.996000,38.260000,153.908000,-15.527000,28.01
0.080004,0.575000,-0.252000,-0.989000,47.573000,176.870000,-24.656000,27.97
0.080468,0.682000,-0.263000,-0.990000,53.176000,205.069000,-32.702000,27.97
0.080938,0.804000,-0.251000,-1.071000,67.328000,211.710000,-40.443000,28.01
0.081396,0.839000,-0.290000,-0.804000,96.779000,223.557000,-42.260000,27.92
0.081869,0.973000,-0.228000,-0.837000,126.107000,220.519000,-49.969000,27.87
0.082330,1.105000,-0.506000,-0.921000,125.069000,174.107000,-65.145000,28.01
0.082792,0.810000,-0.312000,-0.648000,151.832000,146.656000,-69.847000,27.82
0.083245,0.816000,-0.334000,-0.578000,183.374000,126.824000,-80.885000,27.87
0.083689,0.683000,-0.297000,-0.704000,212.840000,91.603000,-89.099000,27.97
0.084132,0.360000,-0.401000,-0.931000,233.084000,60.565000,-99.328000,28.01
0.084582,0.435000,-0.963000,-1.178000,221.130000,2.260000,-81.969000,27.92
0.085047,0.517000,-0.798000,-1.440000,201.893000,-59.420000,-65.542000,27.97
0.085510,0.060000,-0.626000,-1.099000,197.634000,-101.450000,-46.305000,27.97
0.085962,-0.004000,-0.554000,-0.995000,196.321000,-107.847000,-31.359000,27.92
0.086431,-0.034000,-0.474000,-0.896000,194.992000,-118.931000,-21.282000,27.87
0.086901,0.048000,-0.359000,-0.890000,192.962000,-119.450000,-16.885000,27.97
0.087369,0.171000,-0.215000,-0.918000,194.427000,-131.603000,-15.817000,27.92
0.087925,0.342000,-0.087000,-0.943000,195.802000,-146.702000,-17.420000,27.92
0.088585,0.539000,0.064000,-0.957000,197.817000,-168.412000,-22.870000,27.97
0.089078,0.593000,0.246000,-0.900000,205.496000,-191.481000,-31.771000,27.87
0.089535,0.640000,0.408000,-0.789000,215.328000,-206.366000,-47.481000,27.92
0.089983,0.634000,0.520000,-0.673000,225.725000,-210.733000,-70.168000,27.87
0.090434,0.641000,0.599000,-0.581000,232.687000,-206.534000,-97.053000,28.06
0.090877,0.715000,0.687000,-0.500000,238.977000,-199.053000,-127.298000,27.82
0.091327,0.840000,0.776000,-0.471000,248.290000,-191.313000,-157.191000,27.92
0.091790,1.049000,0.856000,-0.452000,260.214000,-188.534000,-185.420000,27.97
0.092265,1.238000,0.863000,-0.411000,269.176000,-193.267000,-212.153000,27.97
0.092805,1.328000,0.839000,-0.399000,270.595000,-195.954000,-237.023000,28.01
0.093263,1.198000,0.477000,-0.297000,260.992000,-195.359000,-254.840000,28.01
0.093708,1.331000,0.182000,-0.367000,203.221000,-170.076000,-258.672000,27.97
0.094164,1.928000,0.318000,-0.289000,140.580000,-162.809000,-271.756000,28.11
0.094614,1.840000,0.665000,-0.116000,119.435000,-143.618000,-248.290000,27.92
0.095058,1.839000,0.582000,0.119000,121.313000,-108.840000,-218.672000,27.97
0.095494,2.520000,0.004000,0.161000,102.427000,-76.672000,-184.168000,27.92
0.095934,1.753000,0.318000,0.027000,41.237000,-81.649000,-118.824000,28.01
0.096383,1.212000,0.793000,-0.696000,-19.878000,-71.664000,-43.588000,27.97
0.096828,0.530000,0.847000,-1.023000,-11.985000,-66.550000,-0.443000,28.06
0.097285,0.323000,-0.431000,-0.948000,-8.901000,-57.328000,11.389000,27.92
0.097714,0.547000,-0.524000,-0.916000,4.443000,-38.122000,9.634000,27.92
0.098289,0.691000,-0.253000,-0.785000,-3.954000,-45.038000,-9.099000,27.97
0.098965,0.721000,-0.171000,-0.685000,-13.588000,-30.733000,-13.069000,27.97
0.099472,0.652000,0.048000,-0.802000,-11.695000,-31.130000,-7.573000,27.92
0.099924,0.713000,-0.120000,-0.731000,-8.947000,-29.802000,-5.939000,28.01
0.100377,0.737000,-0.282000,-0.721000,-8.656000,-32.519000,-7.969000,27.87
0.100830,0.677000,-0.216000,-0.734000,-11.954000,-34.397000,-8.321000,27.92
0.101274,0.581000,-0.085000,-0.717000,-16.824000,-25.053000,-12.260000,27.82
0.101766,0.547000,-0.083000,-0.757000,-16.427000,-21.115000,-17.130000,27.97
0.102267,0.531000,-0.108000,-0.785000,-11.679000,-15.496000,-14.458000,27.97
0.102737,0.623000,-0.115000,-0.755000,-10.519000,-12.458000,-14.504000,27.92
0.103214,0.626000,-0.149000,-0.763000,-11.053000,-8.000000,-15.053000,27.97
0.103658,0.607000,-0.134000,-0.775000,-11.069000,-3.603000,-13.496000,27.97
0.104096,0.629000,-0.120000,-0.790000,-11.023000,-0.198000,-13.191000,28.01
0.104806,0.677000,-0.172000,-0.704000,-2.809000,3.786000,-0.489000,27.92
0.105236,0.683000,-0.167000,-0.706000,-2.550000,3.618000,-0.611000,27.82
0.105659,0.683000,-0.168000,-0.702000,-2.550000,3.542000,-0.382000,27.92
0.106081,0.693000,-0.167000,-0.691000,-2.565000,2.931000,-0.260000,27.97
0.106504,0.682000,-0.159000,-0.697000,-2.260000,2.183000,-0.046000,27.82
0.106945,0.694000,-0.150000,-0.683000,-2.229000,0.229000,0.122000,27.92
0.108691,0.692000,-0.176000,-0.713000,-2.809000,1.908000,-0.015000,27.97
0.120973,0.710000,-0.164000,-0.696000,-4.718000,0.763000,-0.611000,27.97
0.133262,0.694000,-0.166000,-0.688000,-5.069000,-1.374000,-0.443000,27.82
0.140401,0.693000,-0.151000,-0.677000,-4.061000,-2.275000,0.153000,27.92
0.152704,0.687000,-0.154000,-0.688000,-2.260000,-2.916000,0.672000,27.97
0.159745,0.680000,-0.152000,-0.698000,-1.069000,-3.160000,0.962000,27.92
0.172194,0.679000,-0.167000,-0.696000,-0.992000,-2.885000,0.977000,27.82
0.179018,0.671000,-0.143000,-0.698000,-0.443000,-2.565000,0.885000,27.97
0.191333,0.679000,-0.163000,-0.722000,-1.160000,-1.374000,0.458000,27.97
0.203429,0.733000,-0.214000,-0.745000,-3.191000,-2.458000,-0.748000,27.92
0.210532,0.679000,-0.206000,-0.705000,-1.344000,-6.305000,0.000000,27.92
0.222835,0.666000,-0.153000,-0.704000,-5.786000,-3.450000,-2.046000,27.97
0.229944,0.659000,-0.167000,-0.692000,-8.702000,-4.168000,-3.023000,27.92
0.241968,0.651000,-0.167000,-0.695000,-7.939000,-2.672000,-2.809000,27.92
0.249067,0.647000,-0.148000,-0.722000,-7.008000,-3.069000,-2.687000,27.97
0.261240,0.647000,-0.134000,-0.702000,-5.771000,-0.718000,-2.565000,27.97
0.273561,0.644000,-0.140000,-0.708000,-4.427000,1.252000,-2.275000,27.92
0.280874,0.682000,-0.154000,-0.721000,-3.710000,0.107000,-2.458000,27.82
0.292884,0.702000,-0.194000,-0.714000,-6.015000,-2.137000,-3.908000,27.97
0.300017,0.646000,-0.177000,-0.676000,-7.405000,-2.626000,-4.366000,27.92
0.311792,0.709000,-0.185000,-0.750000,-10.977000,-1.313000,-7.649000,27.92
0.318716,0.804000,-0.279000,-0.761000,-18.275000,-7.160000,-11.008000,27.87
0.330719,0.713000,-0.256000,-0.696000,-22.626000,-14.763000,-11.603000,27.82
0.342707,0.592000,-0.137000,-0.688000,-21.939000,-14.260000,-11.679000,27.82
0.349739,0.576000,-0.099000,-0.680000,-19.313000,-11.069000,-10.473000,27.82
0.361759,0.593000,-0.078000,-0.670000,-16.000000,-8.137000,-9.863000,27.87
0.373901,0.594000,-0.087000,-0.691000,-12.198000,-6.458000,-8.809000,27.92
0.381025,0.589000,-0.097000,-0.699000,-8.763000,-3.786000,-6.931000,27.92
0.392969,0.571000,-0.067000,-0.672000,-5.771000,-1.282000,-4.962000,27.87
0.400034,0.583000,-0.049000,-0.669000,-0.931000,2.412000,-3.160000,27.87
0.412525,0.648000,-0.108000,-0.735000,1.542000,3.069000,-0.702000,27.92
0.419780,0.720000,-0.188000,-0.723000,0.489000,-2.840000,-0.046000,27.97
0.431741,0.691000,-0.135000,-0.716000,1.313000,-5.603000,0.366000,27.97
0.441478,0.648000,-0.129000,-0.767000,0.656000,-3.740000,-0.748000,27.92
0.451048,0.717000,-0.205000,-0.778000,-2.244000,-5.069000,-1.802000,27.92
0.463370,0.691000,-0.181000,-0.760000,-5.435000,-5.985000,-3.527000,27.87
0.470415,0.650000,-0.140000,-0.769000,-7.588000,-3.191000,-4.855000,27.87
0.482783,0.646000,-0.106000,-0.750000,-8.198000,-1.511000,-4.885000,27.92
0.489806,0.627000,-0.089000,-0.738000,-6.855000,0.183000,-3.878000,27.87
0.501771,0.614000,-0.088000,-0.714000,-4.290000,1.817000,-2.153000,27.97
0.509828,0.646000,-0.120000,-0.739000,-3.771000,2.626000,-1.405000,27.82
0.521196,0.625000,-0.116000,-0.740000,-3.359000,3.115000,-0.305000,27.92
0.533329,0.623000,-0.087000,-0.741000,-1.786000,5.023000,0.580000,27.87
0.540694,0.650000,-0.105000,-0.729000,-0.061000,5.466000,1.435000,27.87
0.553240,0.636000,-0.090000,-0.722000,1.817000,6.183000,2.015000,27.92
0.560223,0.668000,-0.129000,-0.739000,1.710000,5.878000,2.275000,27.82
0.572892,0.640000,-0.099000,-0.726000,1.649000,5.481000,2.122000,27.78
0.580163,0.619000,-0.110000,-0.714000,3.160000,6.702000,2.641000,27.92
0.592657,0.623000,-0.127000,-0.720000,4.427000,7.176000,3.221000,27.92
0.600102,0.619000,-0.099000,-0.715000,6.214000,8.748000,4.473000,27.97
0.612133,0.644000,-0.130000,-0.698000,8.107000,9.145000,5.817000,27.92
0.619127,0.631000,-0.115000,-0.712000,9.237000,8.565000,6.550000,27.92
0.631835,0.634000,-0.112000,-0.701000,11.160000,9.878000,6.779000,27.87
0.638662,0.654000,-0.134000,-0.705000,12.519000,10.092000,6.809000,27.87
0.651246,0.642000,-0.126000,-0.712000,14.473000,8.809000,7.664000,27.92
0.663222,0.629000,-0.118000,-0.714000,17.176000,8.977000,8.595000,27.92
0.670484,0.640000,-0.141000,-0.721000,19.038000,9.084000,9.115000,27.87
0.682869,0.680000,-0.147000,-0.751000,18.565000,9.557000,8.824000,27.87
0.690125,0.678000,-0.161000,-0.746000,16.504000,9.664000,7.542000,27.92
0.702419,0.694000,-0.208000,-0.769000,12.275000,9.939000,5.344000,27.87
0.709733,0.687000,-0.224000,-0.780000,5.679000,10.168000,3.298000,27.87
0.722080,0.674000,-0.201000,-0.737000,4.489000,10.901000,2.809000,27.92
0.729191,0.624000,-0.146000,-0.771000,4.565000,15.069000,2.809000,27.92
0.741764,0.659000,-0.205000,-0.782000,2.046000,20.122000,1.511000,27.87
0.749012,0.620000,-0.130000,-0.825000,1.847000,31.695000,0.840000,27.97
0.761139,0.574000,-0.142000,-0.836000,3.115000,42.885000,-1.008000,27.92
0.773251,0.496000,-0.152000,-0.826000,5.679000,58.107000,-3.466000,27.97
0.780315,0.516000,-0.099000,-0.910000,11.573000,74.489000,-1.924000,27.87
0.792584,0.496000,-0.105000,-0.921000,1.985000,93.053000,-1.176000,27.92
0.799522,0.586000,-0.119000,-0.956000,2.855000,103.588000,3.710000,27.92
0.812114,0.617000,-0.131000,-1.054000,0.626000,125.954000,8.733000,27.87
0.819016,0.707000,-0.062000,-0.973000,15.847000,132.794000,4.763000,27.87
0.831413,0.522000,-0.088000,-1.351000,15.817000,136.198000,-7.374000,27.82
0.843287,0.303000,0.217000,-1.676000,20.275000,114.534000,-20.229000,27.87
0.850046,0.099000,0.417000,-1.708000,39.450000,80.122000,-30.382000,27.97
0.862403,-0.019000,0.328000,-1.762000,47.069000,51.313000,-40.000000,27.92
0.869292,-0.040000,0.208000,-1.675000,42.779000,28.473000,-41.878000,27.92
0.881678,0.178000,0.141000,-1.610000,33.679000,4.702000,-32.000000,27.87
0.893475,0.219000,0.041000,-1.517000,26.916000,-20.718000,-15.389000,27.82
0.900920,0.176000,-0.005000,-1.297000,19.374000,-28.458000,-3.954000,27.92
0.912849,0.292000,0.036000,-1.161000,12.794000,-31.038000,1.847000,27.97
0.919775,0.418000,0.081000,-1.065000,11.695000,-34.031000,2.565000,27.78
0.932004,0.491000,0.098000,-0.974000,14.076000,-36.122000,-2.336000,27.92
0.939234,0.533000,0.100000,-0.895000,15.924000,-36.595000,-10.580000,28.01
0.951091,0.540000,0.102000,-0.825000,18.229000,-36.336000,-18.580000,27.97
0.963394,0.536000,0.090000,-0.777000,19.450000,-35.557000,-24.977000,27.92
0.970196,0.593000,0.056000,-0.798000,21.221000,-28.046000,-30.916000,27.92
0.982161,0.732000,-0.008000,-0.861000,18.519000,-34.397000,-34.824000,27.87
0.989434,0.818000,-0.017000,-0.868000,13.679000,-44.122000,-37.298000,27.87
1.001228,0.766000,0.011000,-0.840000,14.672000,-59.481000,-37.725000,27.92
1.013391,0.661000,0.010000,-0.755000,16.061000,-63.115000,-39.023000,27.92
1.020166,0.629000,-0.007000,-0.700000,14.412000,-61.313000,-40.992000,27.87
1.032074,0.648000,-0.013000,-0.700000,11.008000,-59.359000,-41.206000,27.92
1.039230,0.664000,0.006000,-0.695000,7.802000,-59.450000,-39.115000,27.92
1.051000,0.650000,0.001000,-0.683000,4.641000,-59.908000,-36.107000,27.87
1.063238,0.627000,0.002000,-0.653000,0.611000,-59.145000,-32.534000,27.92
1.069972,0.612000,-0.004000,-0.638000,-3.710000,-56.534000,-29.130000,27.82
1.081947,0.615000,0.009000,-0.634000,-6.656000,-51.053000,-24.336000,27.82
1.088849,0.704000,-0.039000,-0.743000,-14.397000,-49.053000,-21.695000,27.87
1.100839,0.854000,-0.120000,-0.787000,-28.122000,-59.542000,-20.916000,27.92
1.112793,0.903000,-0.037000,-0.772000,-39.847000,-76.290000,-21.267000,27.92
1.119479,0.852000,0.072000,-0.680000,-40.092000,-87.282000,-21.298000,27.97
1.131791,0.792000,0.065000,-0.610000,-37.618000,-90.336000,-25.191000,27.97
1.137338,0.747000,0.025000,-0.555000,-39.237000,-88.687000,-33.725000,27.92
1.150316,0.730000,-0.040000,-0.508000,-42.687000,-83.985000,-44.061000,27.97
1.162332,0.761000,-0.080000,-0.466000,-45.893000,-78.321000,-51.924000,27.87
1.168979,0.830000,-0.153000,-0.394000,-46.015000,-74.137000,-57.511000,27.92
1.181165,0.782000,-0.256000,-0.334000,-42.931000,-69.786000,-61.649000,27.92
1.193156,0.960000,-0.427000,-0.318000,-42.061000,-67.038000,-65.695000,27.87
1.199700,1.250000,-0.425000,-0.364000,-43.679000,-74.794000,-67.679000,27.97
1.211973,2.342000,-1.188000,0.817000,3.160000,-75.649000,-46.244000,27.92
1.218952,1.328000,-0.708000,1.311000,32.962000,-34.214000,-12.595000,27.87
1.231141,1.814000,-1.106000,1.568000,39.802000,47.969000,15.771000,27.92
1.243740,2.312000,-1.087000,2.334000,49.557000,84.931000,30.244000,28.01
1.250397,0.662000,-0.836000,1.324000,51.267000,166.947000,26.321000,27.82
1.262293,2.680000,-0.038000,-1.938000,-15.634000,174.397000,-16.977000,27.97
1.269623,1.619000,0.298000,-1.543000,2.031000,-33.374000,16.580000,27.92
1.281692,0.046000,-0.200000,-0.515000,24.183000,90.504000,24.534000,28.01
1.289006,0.812000,-0.458000,-1.148000,29.969000,116.916000,-5.496000,27.87
1.301219,1.523000,-0.269000,-0.809000,34.321000,20.366000,9.099000,27.97
1.313343,0.930000,-0.303000,-0.604000,15.573000,21.313000,13.420000,27.82
1.320364,0.704000,0.103000,-0.796000,12.443000,36.443000,12.931000,27.82
1.332622,0.724000,0.063000,-0.727000,28.626000,11.405000,18.214000,27.87
1.339645,0.862000,-0.131000,-0.743000,40.382000,9.588000,16.824000,27.92
1.351837,0.825000,-0.427000,-0.787000,29.344000,-4.107000,12.183000,27.92
1.358965,0.626000,-0.272000,-0.831000,14.198000,-1.420000,3.969000,27.87
1.371262,0.706000,-0.194000,-0.809000,2.855000,4.855000,-1.481000,27.78
1.383810,0.724000,-0.147000,-0.773000,-0.046000,1.466000,-2.427000,27.92
1.390867,0.693000,-0.089000,-0.751000,1.038000,3.115000,-2.504000,27.87
1.403094,0.663000,-0.076000,-0.732000,4.260000,0.321000,-1.313000,27.87
1.410261,0.643000,-0.115000,-0.743000,4.244000,2.595000,-1.756000,27.92
1.422528,0.670000,-0.097000,-0.740000,2.092000,5.511000,-1.496000,27.82
1.430074,0.676000,-0.074000,-0.736000,2.061000,6.947000,-0.595000,27.97
1.442236,0.669000,-0.080000,-0.743000,3.847000,7.588000,1.115000,27.78
1.449534,0.680000,-0.109000,-0.762000,3.893000,8.260000,2.366000,27.92
1.461959,0.687000,-0.116000,-0.736000,3.206000,6.931000,2.565000,27.97
1.469269,0.681000,-0.130000,-0.729000,1.176000,6.183000,1.771000,27.87
1.481536,0.650000,-0.119000,-0.718000,0.611000,5.435000,1.588000,27.82
1.489113,0.659000,-0.116000,-0.716000,3.466000,5.206000,1.817000,27.92
1.501291,0.650000,-0.125000,-0.728000,4.412000,5.695000,2.183000,27.78
1.513833,0.650000,-0.115000,-0.728000,5.008000,6.672000,2.550000,27.92
1.520918,0.624000,-0.086000,-0.712000,6.504000,5.038000,3.618000,27.92
1.533101,0.646000,-0.104000,-0.727000,6.046000,7.588000,4.244000,27.87
1.540748,0.662000,-0.120000,-0.739000,3.466000,8.885000,4.840000,27.87
1.553119,0.679000,-0.136000,-0.716000,8.931000,4.336000,5.145000,27.82
1.560120,0.703000,-0.118000,-0.706000,11.252000,3.649000,5.069000,27.92
1.572559,0.695000,-0.149000,-0.723000,7.969000,-1.954000,5.435000,27.87
1.579730,0.648000,-0.102000,-0.720000,6.290000,-1.573000,5.679000,27.82
1.592141,0.662000,-0.121000,-0.727000,5.969000,0.595000,5.817000,27.92
1.599853,0.650000,-0.114000,-0.712000,5.328000,1.023000,5.817000,27.87
1.611965,0.629000,-0.110000,-0.749000,6.183000,1.145000,5.374000,27.87
1.619303,0.620000,-0.118000,-0.745000,6.351000,2.534000,5.267000,27.92
1.631733,0.638000,-0.158000,-0.758000,5.893000,4.122000,4.076000,27.82
1.637514,0.647000,-0.166000,-0.741000,3.405000,9.969000,2.305000,27.97
1.651331,0.667000,-0.159000,-0.723000,2.992000,8.412000,2.000000,27.82
1.663515,0.674000,-0.151000,-0.738000,3.115000,9.435000,1.420000,27.92
1.670994,0.665000,-0.133000,-0.742000,4.565000,15.924000,0.550000,27.97
1.683006,0.652000,-0.146000,-0.742000,6.443000,15.130000,1.359000,27.92
1.690832,0.662000,-0.120000,-0.746000,3.099000,14.244000,2.427000,27.82
1.702621,0.612000,-0.104000,-0.801000,5.786000,20.214000,3.618000,27.87
1.709990,0.604000,-0.124000,-0.823000,8.550000,32.855000,7.099000,27.78
1.722048,0.593000,-0.116000,-0.836000,8.519000,45.282000,9.908000,27.92
1.729352,0.497000,-0.109000,-0.875000,21.267000,53.924000,13.023000,27.92
1.744769,0.553000,-0.116000,-0.869000,13.435000,79.359000,14.733000,27.87
1.753614,0.677000,-0.247000,-0.796000,-35.939000,35.374000,8.794000,27.87
1.762948,0.643000,-0.237000,-0.850000,-23.221000,106.824000,-0.168000,27.92
1.772790,0.543000,0.002000,-1.108000,11.985000,98.550000,2.931000,27.87
1.779597,0.549000,-0.162000,-1.113000,35.634000,122.840000,-1.359000,27.97
1.793461,0.653000,0.053000,-1.071000,30.107000,168.733000,-4.916000,27.92
1.797804,0.628000,-0.031000,-1.199000,23.740000,193.771000,-0.595000,27.92
1.811053,0.852000,-0.024000,-1.223000,26.366000,213.420000,-4.656000,27.87
1.822887,0.605000,0.183000,-1.505000,38.473000,214.885000,-5.176000,27.97
1.830435,-0.189000,1.052000,-2.539000,64.656000,172.931000,-34.473000,27.92
1.842601,-0.894000,1.293000,-2.847000,77.466000,93.053000,-70.809000,27.87
1.849114,-1.259000,1.290000,-2.954000,82.351000,38.885000,-105.206000,27.92
1.861036,-1.323000,0.824000,-2.980000,72.718000,-31.527000,-105.893000,27.92
1.872818,-1.278000,0.355000,-2.781000,48.153000,-90.397000,-76.076000,27.92
1.879902,-0.870000,0.020000,-2.538000,21.435000,-123.359000,-26.962000,27.78
1.891882,-0.518000,-0.094000,-2.251000,-8.565000,-154.840000,18.794000,27.97
1.903618,0.284000,-0.113000,-1.975000,-39.527000,-164.519000,43.466000,27.82
1.910381,0.418000,0.181000,-1.369000,-53.282000,-168.244000,46.840000,27.97
1.922187,1.007000,0.136000,-1.089000,-46.260000,-163.344000,56.290000,27.87
1.929337,0.819000,-0.200000,-0.839000,-50.824000,-145.313000,63.740000,27.92
1.941149,1.125000,-0.284000,-0.548000,-58.702000,-99.771000,70.702000,27.92
1.953129,1.234000,-0.412000,-0.247000,-63.344000,-52.260000,76.916000,27.87
1.960094,1.411000,-0.652000,-0.096000,-57.817000,-15.832000,70.947000,27.92
1.972096,1.446000,-0.589000,0.183000,-29.664000,11.130000,52.580000,27.92
1.979136,1.261000,-0.554000,-0.201000,-19.145000,6.031000,33.359000,27.87
1.991734,0.838000,-0.414000,-0.660000,-17.313000,19.206000,10.000000,27.97
2.003419,0.618000,-0.255000,-0.759000,-28.656000,11.664000,-5.267000,27.92
2.010092,0.752000,-0.412000,-1.086000,-37.893000,18.962000,-17.817000,27.92
2.021933,1.155000,-0.604000,-1.230000,-64.183000,-26.565000,-30.107000,27.87
2.028653,1.142000,-0.321000,-1.183000,-60.901000,-112.229000,-27.985000,27.92
2.040398,0.774000,-0.242000,-0.966000,-41.634000,-153.237000,-19.237000,28.01
2.052248,0.544000,-0.356000,-0.770000,-26.626000,-159.206000,-20.183000,27.87
2.058708,0.573000,-0.331000,-0.672000,-22.748000,-145.893000,-29.496000,27.87
2.071001,0.621000,-0.099000,-0.262000,3.191000,-125.038000,-23.115000,27.92
2.083062,1.203000,-0.417000,-0.261000,3.557000,-91.450000,-38.061000,27.87
2.090141,1.346000,-0.249000,-0.198000,0.382000,-88.702000,-57.588000,27.87
2.102052,1.406000,-0.188000,-0.097000,4.000000,-98.702000,-75.176000,27.82
2.108953,1.434000,-0.201000,0.065000,7.618000,-98.779000,-89.786000,28.01
2.121587,1.382000,-0.247000,0.267000,11.954000,-92.382000,-97.847000,27.78
2.133249,1.291000,-0.392000,0.523000,7.023000,-76.092000,-104.214000,27.92
2.140203,1.259000,-0.481000,0.646000,-0.336000,-50.870000,-109.649000,27.92
2.152013,1.510000,-0.748000,1.037000,-13.237000,-23.649000,-111.145000,27.87
2.159217,1.884000,-0.744000,1.661000,-11.496000,3.618000,-86.351000,27.87
2.171582,2.040000,-0.971000,2.594000,-5.328000,61.374000,-23.725000,27.92
2.183546,2.092000,-1.242000,3.608000,-9.206000,193.649000,63.237000,27.92
2.190815,3.471000,0.740000,-1.503000,-96.275000,315.374000,-3.649000,27.87
2.202711,2.699000,1.983000,-1.589000,10.977000,14.718000,-11.817000,27.87
2.209751,1.100000,0.350000,-0.354000,91.405000,86.626000,58.672000,27.82
2.221836,1.663000,-1.194000,-1.359000,118.046000,72.702000,72.305000,27.87
2.228548,0.770000,-1.091000,-0.936000,86.198000,-27.924000,49.542000,27.87
2.241218,0.828000,-0.318000,-0.962000,40.885000,22.198000,22.641000,27.92
2.253095,0.896000,-0.325000,-0.804000,13.313000,18.550000,16.015000,27.92
2.260258,0.882000,-0.183000,-0.790000,9.969000,15.863000,13.374000,27.87
2.272712,0.804000,-0.186000,-0.769000,16.733000,3.802000,7.695000,27.87
2.279939,0.736000,-0.184000,-0.795000,16.855000,-8.794000,3.863000,27.92
2.292336,0.690000,-0.102000,-0.776000,7.099000,1.282000,0.641000,27.87
2.299367,0.698000,-0.153000,-0.774000,-2.947000,6.015000,-1.756000,27.82
2.311473,0.690000,-0.148000,-0.780000,-6.748000,9.221000,-3.542000,27.92
2.317655,0.661000,-0.102000,-0.761000,-4.275000,4.565000,-2.458000,27.82
2.331099,0.639000,-0.091000,-0.755000,-1.603000,6.000000,0.061000,27.87
2.343582,0.638000,-0.083000,-0.736000,-1.099000,8.626000,2.962000,27.87
2.350876,0.652000,-0.091000,-0.721000,-0.122000,8.000000,4.687000,27.92
2.362810,0.629000,-0.091000,-0.711000,2.000000,6.275000,6.489000,27.87
2.370282,0.601000,-0.082000,-0.702000,4.947000,5.298000,8.443000,27.97
2.382530,0.600000,-0.090000,-0.710000,7.924000,6.916000,8.641000,27.82
2.389510,0.618000,-0.167000,-0.717000,8.534000,6.748000,7.191000,27.82
2.402132,0.619000,-0.177000,-0.727000,6.595000,5.725000,6.061000,27.87
2.409544,0.635000,-0.133000,-0.710000,6.702000,5.191000,4.641000,27.92
2.421909,0.625000,-0.124000,-0.713000,6.931000,3.878000,5.084000,27.92
2.429962,0.654000,-0.095000,-0.713000,9.450000,2.443000,7.405000,27.87
2.441959,0.662000,-0.120000,-0.719000,11.802000,0.305000,8.611000,27.97
2.450246,0.650000,-0.109000,-0.734000,12.122000,-1.023000,8.718000,27.92
2.460756,0.671000,-0.107000,-0.717000,12.489000,-1.267000,8.351000,27.82
2.473108,0.667000,-0.147000,-0.745000,10.519000,-2.214000,7.176000,27.97
2.480210,0.626000,-0.114000,-0.759000,9.710000,-0.382000,6.580000,27.87
2.492493,0.648000,-0.142000,-0.757000,11.832000,0.046000,6.015000,28.01
2.499576,0.649000,-0.159000,-0.783000,11.573000,7.313000,5.649000,27.87
2.512197,0.640000,-0.209000,-0.790000,4.015000,12.962000,5.206000,27.87
2.518997,0.633000,-0.131000,-0.797000,3.649000,20.031000,5.099000,27.82
2.532294,0.623000,-0.110000,-0.790000,5.435000,27.969000,7.679000,27.82
2.538678,0.589000,-0.093000,-0.792000,-1.115000,35.206000,11.573000,27.87
2.551026,0.560000,-0.067000,-0.760000,11.649000,41.542000,14.092000,27.97
2.563294,0.542000,-0.162000,-0.866000,14.046000,51.053000,15.206000,27.82
2.569974,0.454000,-0.068000,-0.967000,23.481000,73.756000,15.924000,27.97
2.582232,0.338000,0.058000,-1.076000,17.176000,103.206000,16.504000,27.92
2.589431,0.308000,0.019000,-1.169000,16.534000,128.580000,19.710000,27.82
2.601369,0.397000,0.315000,-1.363000,16.061000,171.832000,33.618000,27.92
2.613906,0.770000,0.381000,-1.415000,21.282000,218.031000,49.359000,27.87
2.620769,0.781000,0.141000,-1.391000,26.534000,226.153000,56.473000,27.92
2.637568,0.388000,0.486000,-1.782000,43.511000,216.336000,51.282000,27.92
2.640822,-0.207000,0.951000,-2.262000,60.046000,171.740000,18.718000,27.87
2.651394,-0.488000,1.135000,-2.561000,62.595000,122.977000,-23.344000,27.97
2.658539,-0.788000,1.156000,-2.637000,58.901000,56.534000,-61.206000,27.92
2.670602,-0.896000,0.945000,-2.599000,46.183000,-3.069000,-85.298000,27.82
2.682767,-0.905000,0.659000,-2.452000,29.282000,-53.664000,-87.695000,27.87
2.689563,-0.742000,0.396000,-2.267000,7.847000,-91.313000,-71.267000,27.92
2.701630,-0.302000,0.086000,-2.104000,-21.939000,-119.084000,-50.382000,27.92
2.713857,0.020000,0.118000,-1.845000,-40.962000,-146.580000,-32.809000,27.87
2.720096,0.225000,0.189000,-1.559000,-46.565000,-156.168000,-23.023000,27.87
2.732582,0.515000,0.093000,-1.412000,-41.969000,-156.870000,-14.092000,27.92
2.739007,0.786000,-0.006000,-1.257000,-41.710000,-156.275000,-1.740000,27.82
2.751044,0.897000,-0.421000,-1.067000,-55.664000,-136.901000,3.679000,27.87
2.763236,1.350000,-0.231000,-0.836000,-61.176000,-121.664000,9.023000,27.92
2.769995,1.364000,-0.365000,0.461000,-31.282000,-83.832000,1.634000,27.92
2.782223,1.868000,-0.630000,0.519000,-17.496000,-9.634000,-16.748000,27.78
2.789313,1.721000,-0.693000,-0.285000,-27.206000,6.351000,-33.802000,27.97
2.801091,1.390000,-0.561000,-0.932000,-54.366000,-46.427000,-41.313000,27.92
2.813194,1.116000,-0.375000,-1.095000,-82.214000,-55.450000,-44.198000,27.92
2.819935,0.892000,-0.035000,-0.830000,-74.275000,-88.931000,-29.573000,27.78
2.831797,0.688000,-0.312000,-0.663000,-45.282000,-104.794000,-14.107000,27.92
2.843438,0.662000,-0.529000,-0.643000,-43.618000,-101.466000,-13.664000,27.82
2.850433,0.675000,-0.408000,-0.631000,-51.664000,-96.595000,-13.282000,27.87
2.862251,0.711000,-0.325000,-0.641000,-53.573000,-90.687000,-10.473000,27.82
2.869187,0.773000,-0.359000,-0.628000,-51.511000,-92.870000,-8.092000,27.92
2.881185,0.845000,-0.396000,-0.597000,-51.954000,-101.695000,-5.939000,28.01
2.892928,0.870000,-0.394000,-0.532000,-54.840000,-108.840000,-1.924000,27.87
2.899858,0.894000,-0.382000,-0.489000,-61.328000,-111.176000,1.374000,27.97
2.911682,0.858000,-0.333000,-0.396000,-66.656000,-111.863000,2.641000,27.92
2.923720,0.770000,-0.312000,-0.312000,-68.046000,-108.687000,-0.565000,27.87
2.930529,0.784000,-0.311000,-0.284000,-65.389000,-102.824000,-7.176000,27.87
2.942863,0.782000,-0.269000,0.058000,-31.618000,-95.771000,-1.359000,27.92
2.949742,1.003000,-0.665000,0.174000,-22.473000,-67.908000,-13.099000,27.82
2.961664,1.136000,-0.751000,0.365000,-21.893000,-56.260000,-23.130000,27.87
2.973424,1.154000,-0.770000,0.827000,-16.336000,-33.389000,-25.160000,27.82
2.980678,1.271000,-0.952000,1.469000,-3.481000,27.511000,-18.626000,27.92
2.992822,1.754000,-1.115000,2.173000,12.779000,113.878000,0.962000,27.87
3.000050,2.305000,-1.405000,3.127000,36.015000,199.496000,40.519000,27.87
3.012139,1.621000,-0.399000,-0.713000,-4.779000,312.870000,20.947000,28.01
3.019207,3.151000,1.333000,-2.314000,6.855000,108.977000,25.038000,27.82
3.031511,0.886000,0.570000,-0.433000,16.870000,172.260000,35.893000,27.87
3.043203,3.065000,-0.022000,-1.147000,120.718000,190.321000,49.389000,27.87
3.050128,1.930000,-1.482000,-0.961000,110.382000,-26.916000,58.061000,27.82
3.062387,0.482000,-0.667000,-1.081000,61.267000,44.550000,35.344000,27.87
3.069469,0.575000,-0.046000,-0.859000,36.153000,51.832000,26.290000,27.87
3.081660,0.838000,-0.171000,-0.821000,28.412000,38.290000,25.939000,27.92
3.093693,0.999000,-0.273000,-0.751000,34.031000,30.763000,24.489000,27.82
3.101008,0.851000,-0.241000,-0.775000,36.305000,6.336000,16.504000,27.78
3.113158,0.789000,-0.223000,-0.832000,25.053000,4.840000,11.252000,27.87
3.120119,0.716000,-0.104000,-0.832000,15.176000,4.489000,9.786000,27.92
3.132739,0.736000,-0.151000,-0.809000,7.038000,12.534000,8.000000,27.87
3.140164,0.684000,-0.121000,-0.756000,5.924000,8.901000,6.061000,27.92
3.152301,0.643000,-0.121000,-0.766000,6.901000,8.748000,5.802000,27.92
3.159674,0.647000,-0.089000,-0.752000,6.763000,10.916000,6.229000,27.82
3.171938,0.673000,-0.115000,-0.729000,5.069000,12.015000,6.183000,27.87
3.179133,0.662000,-0.123000,-0.727000,4.076000,11.298000,5.466000,27.92
3.191537,0.652000,-0.136000,-0.736000,5.130000,10.290000,5.115000,27.92
3.203822,0.661000,-0.120000,-0.718000,5.511000,9.206000,4.901000,27.87
3.212672,0.602000,-0.094000,-0.700000,5.115000,8.809000,5.252000,27.87
3.224404,0.603000,-0.125000,-0.748000,5.649000,11.802000,5.557000,27.92
3.230604,0.645000,-0.155000,-0.729000,4.779000,11.023000,5.084000,27.92
3.242780,0.663000,-0.128000,-0.705000,3.847000,9.954000,4.382000,27.97
3.251187,0.657000,-0.120000,-0.704000,3.374000,7.053000,4.397000,27.92
3.262372,0.693000,-0.107000,-0.683000,-15.298000,-4.229000,7.130000,27.92
3.269500,0.654000,-0.069000,-0.725000,20.137000,-14.137000,6.153000,27.87
3.281823,0.699000,-0.154000,-0.697000,2.366000,19.756000,3.282000,27.87
3.293717,0.684000,-0.120000,-0.731000,-6.031000,-11.191000,6.611000,27.82
3.301230,0.696000,-0.149000,-0.729000,8.427000,18.977000,5.328000,27.92
3.313515,0.680000,-0.142000,-0.700000,11.710000,-11.908000,6.473000,27.87
3.320505,0.687000,-0.152000,-0.702000,8.916000,-15.878000,6.748000,27.82
3.333153,0.648000,-0.121000,-0.735000,5.924000,8.168000,5.756000,27.82
3.340317,0.660000,-0.149000,-0.731000,5.756000,-3.053000,6.611000,27.87
3.352215,0.675000,-0.170000,-0.704000,6.336000,2.672000,5.191000,27.97
3.359628,0.683000,-0.169000,-0.726000,8.244000,-2.672000,5.649000,27.82
3.371855,0.637000,-0.120000,-0.730000,9.878000,0.427000,6.061000,27.92
3.379411,0.602000,-0.124000,-0.742000,4.198000,7.756000,5.634000,27.87
3.391675,0.595000,-0.141000,-0.785000,2.458000,4.885000,6.870000,27.92
3.397307,0.652000,-0.186000,-0.765000,3.130000,16.015000,6.443000,27.82
3.411077,0.674000,-0.145000,-0.733000,13.557000,21.817000,5.863000,27.87
3.423272,0.633000,-0.166000,-0.747000,9.221000,21.221000,6.656000,27.92
3.430688,0.636000,-0.157000,-0.758000,6.687000,23.282000,7.771000,27.82
3.442747,0.635000,-0.144000,-0.775000,8.366000,27.878000,9.557000,27.82
3.450129,0.646000,-0.107000,-0.785000,7.893000,38.305000,12.366000,27.87
3.462374,0.583000,-0.164000,-0.847000,8.000000,51.405000,15.145000,27.92
3.469216,0.534000,-0.115000,-0.842000,14.565000,76.412000,18.656000,27.92
3.481450,0.597000,-0.173000,-0.846000,12.885000,85.252000,16.992000,27.97
3.493287,0.610000,-0.138000,-0.957000,13.206000,93.038000,18.290000,27.78
3.500304,0.692000,-0.077000,-0.922000,-7.908000,103.008000,19.710000,27.92
3.516314,0.758000,0.263000,-0.890000,8.122000,108.931000,22.916000,27.92
3.520014,0.717000,-0.044000,-0.884000,2.672000,121.252000,24.763000,27.78
3.532184,0.917000,0.245000,-0.986000,5.023000,135.328000,28.702000,27.82
3.543282,0.810000,0.177000,-1.045000,10.076000,145.038000,37.893000,27.92
3.551214,0.829000,0.357000,-1.302000,16.672000,148.000000,45.969000,27.87
3.563735,0.508000,1.348000,-1.861000,48.962000,111.298000,10.992000,27.78
3.570349,-0.141000,1.904000,-1.972000,77.359000,82.550000,-55.527000,27.92
3.582161,-0.475000,1.908000,-2.168000,99.664000,51.710000,-122.473000,27.92
3.592158,-0.725000,1.463000,-2.329000,103.420000,14.641000,-163.191000,27.87
3.601100,-0.905000,0.713000,-2.331000,88.595000,-18.382000,-161.588000,28.01
3.612949,-0.770000,0.127000,-2.223000,63.389000,-47.160000,-119.053000,27.92
3.619977,-0.459000,-0.112000,-2.158000,40.962000,-70.183000,-62.000000,27.87
3.632146,-0.075000,-0.233000,-2.083000,3.359000,-93.908000,-20.290000,27.87
3.643743,-0.020000,0.074000,-1.838000,-26.672000,-109.206000,-2.504000,27.82
3.650991,0.257000,0.337000,-1.768000,-44.748000,-111.924000,-1.710000,28.01
3.662637,0.333000,0.536000,-1.633000,-45.740000,-115.603000,-13.298000,27.97
3.669635,0.398000,0.628000,-1.590000,-36.443000,-113.710000,-34.427000,27.92
3.686771,0.430000,0.419000,-1.631000,-23.237000,-124.092000,-44.107000,27.92
3.693502,0.306000,0.070000,-1.548000,-30.061000,-120.489000,-54.336000,27.87
3.699996,0.409000,-0.194000,-1.701000,-48.595000,-108.092000,-58.702000,27.82
3.711909,0.717000,-0.371000,-1.690000,-57.511000,-121.069000,-56.336000,27.82
3.723497,0.897000,-0.557000,-0.964000,-32.870000,-129.939000,-32.489000,27.92
3.730532,1.198000,-1.275000,-0.942000,-56.641000,-121.069000,-13.649000,27.87
3.742453,0.969000,-1.190000,-0.815000,-82.061000,-123.969000,4.275000,27.92
3.749240,0.819000,-0.921000,-0.657000,-85.145000,-135.511000,29.634000,27.92
3.761255,0.805000,-0.877000,-0.454000,-80.885000,-142.748000,47.710000,27.87
3.773164,1.021000,-0.830000,-0.226000,-82.962000,-132.244000,54.046000,27.97
3.780138,1.364000,-0.707000,0.115000,-77.481000,-127.237000,47.084000,27.82
3.791915,1.654000,-0.693000,0.551000,-60.107000,-116.489000,32.733000,27.87
3.799567,1.896000,-0.658000,0.951000,-32.305000,-92.366000,11.878000,27.87
3.810848,2.078000,-0.694000,1.253000,-6.351000,-59.450000,-5.542000,27.92
3.822876,2.307000,-0.771000,1.408000,8.489000,-18.840000,-20.412000,27.82
3.830169,2.413000,-0.743000,1.502000,27.420000,10.794000,-29.786000,27.87
3.844182,2.392000,-0.740000,1.668000,48.565000,43.740000,-33.573000,27.97
3.850457,2.511000,-0.781000,1.962000,64.977000,93.802000,-41.084000,27.92
3.862027,3.119000,-0.999000,2.426000,83.527000,141.435000,-42.885000,27.87
3.873799,3.334000,-1.207000,-0.511000,47.130000,192.626000,-42.763000,27.92
3.880623,1.890000,-0.835000,-1.817000,45.511000,-56.137000,44.076000,27.92
3.892667,-0.540000,-0.229000,-0.571000,21.206000,7.359000,53.008000,27.82
3.900101,0.366000,0.189000,-1.104000,20.626000,120.931000,1.282000,27.87
3.911988,0.823000,-0.305000,-0.788000,35.298000,62.122000,-12.198000,27.92
3.918973,0.767000,-0.644000,-0.758000,22.489000,81.893000,5.511000,27.92
3.931328,1.423000,0.055000,-0.880000,19.069000,52.611000,21.969000,27.97
3.943076,0.734000,-0.028000,-0.692000,25.771000,26.733000,9.405000,27.78
3.950681,0.665000,-0.402000,-0.895000,18.275000,49.053000,11.374000,27.92
3.962594,0.887000,-0.323000,-0.813000,19.985000,18.947000,14.885000,27.82
3.969785,0.859000,-0.109000,-0.841000,13.405000,13.466000,6.427000,27.87
3.982211,0.713000,-0.192000,-0.838000,4.656000,13.130000,4.519000,27.92
3.989509,0.733000,-0.117000,-0.823000,1.176000,11.420000,4.595000,27.82
4.001770,0.690000,-0.072000,-0.753000,2.489000,8.366000,3.557000,27.87
4.014195,0.624000,-0.053000,-0.720000,5.435000,7.710000,6.366000,27.87
4.021216,0.608000,-0.013000,-0.728000,8.779000,11.344000,8.519000,27.82
4.033498,0.628000,-0.081000,-0.719000,10.595000,12.718000,9.740000,27.87
4.040686,0.583000,-0.088000,-0.676000,7.313000,4.885000,10.183000,27.92
4.052902,0.575000,-0.112000,-0.745000,34.046000,-56.137000,12.916000,27.92
4.059982,0.677000,-0.109000,-0.749000,6.687000,50.397000,8.168000,27.82
4.072175,0.688000,-0.161000,-0.714000,16.351000,15.053000,8.183000,27.87
4.079736,0.666000,-0.123000,-0.722000,9.435000,18.061000,8.534000,27.87
4.091695,0.642000,-0.062000,-0.697000,16.534000,6.763000,11.099000,27.82
4.103804,0.698000,-0.143000,-0.712000,18.641000,11.893000,10.809000,27.87
4.110977,0.683000,-0.157000,-0.730000,16.168000,4.336000,10.427000,27.87
4.123121,0.645000,-0.113000,-0.751000,13.160000,11.450000,9.969000,27.92
4.130738,0.699000,-0.229000,-0.819000,10.336000,12.183000,8.748000,27.82
4.142564,0.624000,-0.155000,-0.781000,9.588000,13.603000,8.229000,27.87
4.149950,0.659000,-0.161000,-0.757000,11.206000,16.534000,7.573000,27.92
4.162095,0.646000,-0.143000,-0.754000,9.481000,21.359000,6.153000,27.92
4.169290,0.598000,-0.151000,-0.807000,8.427000,28.076000,4.168000,27.87
4.181615,0.620000,-0.116000,-0.845000,6.901000,44.290000,4.061000,27.87
4.193731,0.597000,-0.095000,-0.849000,6.214000,51.527000,7.069000,27.92
4.201153,0.596000,-0.177000,-0.832000,4.168000,63.237000,6.992000,27.82
4.213335,0.568000,-0.122000,-0.872000,7.878000,73.099000,8.458000,27.87
4.220700,0.650000,-0.222000,-0.846000,2.443000,88.183000,9.496000,27.92
4.232823,0.584000,-0.168000,-1.000000,-7.939000,106.015000,6.351000,27.92
4.242251,0.491000,0.086000,-1.322000,21.389000,152.611000,12.198000,27.97
4.254150,0.634000,-0.179000,-1.141000,15.115000,191.969000,8.733000,27.78
4.259079,0.826000,0.121000,-1.287000,18.641000,222.031000,13.435000,27.82
4.271168,0.958000,0.008000,-1.302000,16.641000,241.344000,10.443000,27.92
4.283220,0.678000,0.223000,-1.252000,25.756000,241.924000,17.420000,27.87
4.290159,0.640000,0.925000,-2.275000,40.580000,227.252000,-14.260000,27.73
4.302299,-0.258000,1.635000,-2.524000,76.992000,126.290000,-68.290000,27.92
4.309250,-0.673000,1.617000,-2.545000,104.733000,75.863000,-134.656000,27.87
4.321204,-0.923000,1.138000,-2.582000,110.061000,7.817000,-166.061000,27.82
4.333075,-0.966000,0.345000,-2.518000,95.618000,-43.847000,-142.794000,27.92
4.339879,-0.921000,-0.203000,-2.420000,57.771000,-92.733000,-83.038000,27.92
4.351598,-0.702000,-0.396000,-2.262000,14.443000,-127.847000,-10.962000,27.87
4.363580,-0.442000,-0.273000,-2.079000,-24.260000,-156.809000,45.359000,27.87
4.370272,-0.170000,0.019000,-1.898000,-50.107000,-176.779000,76.214000,27.82
4.382270,0.131000,0.279000,-1.697000,-66.779000,-185.328000,85.664000,27.87
4.389411,0.777000,0.208000,-1.637000,-85.405000,-185.450000,77.695000,27.78
4.403658,0.759000,0.560000,-1.364000,-87.863000,-204.626000,66.733000,27.82
4.413090,0.688000,0.541000,-1.263000,-87.985000,-188.214000,46.611000,27.82
4.420031,1.348000,0.101000,-1.048000,-100.122000,-167.344000,34.321000,27.87
4.431934,2.110000,-0.320000,-0.640000,-78.427000,-148.458000,34.229000,27.82
4.439362,1.725000,-0.217000,1.340000,-6.351000,-68.947000,14.870000,27.82
4.451242,2.320000,-0.835000,0.760000,14.458000,1.573000,-29.481000,27.78
4.463352,1.979000,-0.655000,-0.330000,-1.618000,-15.527000,-65.405000,27.78
4.470111,1.180000,-0.330000,-1.087000,-30.824000,-61.740000,-68.321000,27.82
4.481946,0.437000,-0.030000,-1.198000,-36.275000,-65.847000,-64.489000,27.82
4.493857,0.134000,-0.159000,-0.903000,-26.611000,-80.183000,-52.611000,27.78
4.500402,0.233000,-0.438000,-0.897000,-27.511000,-72.473000,-42.962000,27.87
4.512263,0.430000,-0.491000,-0.962000,-38.473000,-73.817000,-30.550000,27.73
4.525304,0.491000,-0.473000,-0.697000,-29.527000,-77.466000,0.489000,27.87
4.531231,0.830000,-0.722000,-0.724000,-34.382000,-72.366000,20.183000,27.87
4.544787,0.926000,-0.592000,-0.654000,-46.870000,-83.374000,32.061000,27.82
4.550329,0.936000,-0.348000,-0.565000,-59.084000,-82.855000,38.840000,27.82
4.562987,1.008000,-0.261000,-0.513000,-70.229000,-78.885000,36.015000,27.87
4.569320,1.115000,-0.122000,-0.439000,-78.504000,-78.595000,27.008000,27.82
4.581373,0.993000,0.006000,-0.294000,-72.626000,-79.466000,14.595000,27.82
4.593151,0.915000,-0.030000,-0.205000,-59.679000,-72.855000,-2.046000,27.87
4.600967,0.891000,-0.117000,-0.112000,-46.336000,-60.931000,-19.771000,27.82
4.611985,0.931000,-0.308000,-0.012000,-32.748000,-48.901000,-34.473000,27.92
4.618992,1.155000,-0.593000,0.098000,-20.427000,-38.229000,-48.656000,27.92
4.630960,1.396000,-0.763000,0.312000,-6.092000,-32.504000,-55.420000,27.78
4.642955,1.472000,-0.948000,0.627000,12.290000,-26.931000,-52.855000,27.82
4.650269,1.669000,-1.153000,0.943000,22.351000,5.527000,-44.992000,27.82
4.662360,2.235000,-1.195000,1.734000,35.969000,27.344000,-29.069000,27.87
4.669616,2.443000,-1.178000,2.845000,69.573000,85.374000,3.588000,27.78
4.681685,0.497000,-0.840000,1.736000,81.405000,224.321000,13.679000,27.82
4.693826,3.605000,-0.608000,-2.666000,39.344000,188.992000,8.565000,27.92
4.700782,1.237000,-0.041000,-1.205000,59.038000,-12.015000,56.366000,27.87
4.712746,0.160000,-0.594000,-0.744000,55.893000,167.359000,14.092000,27.92
4.720163,1.800000,-0.523000,-1.411000,56.519000,122.947000,14.824000,27.92
4.732179,1.657000,-0.468000,-0.604000,26.931000,54.427000,28.092000,27.87
4.739559,0.909000,0.120000,-0.795000,28.305000,67.389000,21.969000,27.87
4.751448,0.885000,-0.146000,-0.851000,42.153000,34.977000,26.519000,27.92
4.763623,0.984000,-0.406000,-0.812000,38.626000,16.641000,21.221000,27.82
4.771900,0.907000,-0.240000,-0.799000,28.260000,2.870000,13.038000,27.87
4.782700,0.618000,-0.145000,-0.815000,20.809000,4.427000,10.076000,27.92
4.789489,0.730000,-0.263000,-0.831000,11.756000,9.191000,5.359000,27.82
4.802007,0.724000,-0.160000,-0.786000,8.183000,4.840000,2.916000,27.87
4.809437,0.657000,-0.104000,-0.783000,8.580000,8.427000,3.664000,27.87
4.821907,0.667000,-0.175000,-0.740000,5.359000,8.061000,2.672000,27.82
4.828925,0.636000,-0.146000,-0.778000,2.809000,11.145000,0.244000,27.87
4.841389,0.656000,-0.157000,-0.742000,0.580000,13.450000,-1.053000,27.97
4.853717,0.682000,-0.117000,-0.734000,-0.061000,13.145000,-1.206000,27.82
4.860965,0.656000,-0.124000,-0.740000,0.473000,13.389000,-0.870000,27.82
4.872991,0.661000,-0.130000,-0.731000,0.763000,13.603000,-0.397000,27.87
4.880230,0.638000,-0.124000,-0.720000,0.595000,13.496000,0.092000,27.82
4.892469,0.625000,-0.140000,-0.751000,0.611000,14.779000,0.824000,27.92
4.899458,0.661000,-0.149000,-0.724000,0.458000,14.656000,1.023000,27.87
4.912006,0.669000,-0.148000,-0.707000,-0.229000,12.580000,0.397000,27.87
4.919147,0.659000,-0.123000,-0.717000,-0.473000,11.802000,0.611000,27.82
4.931336,0.672000,-0.115000,-0.719000,-0.321000,11.405000,1.328000,27.82
4.943666,0.666000,-0.157000,-0.714000,0.656000,10.565000,1.969000,27.87
4.950727,0.650000,-0.133000,-0.725000,-0.229000,9.847000,2.580000,27.82
4.963338,0.675000,-0.133000,-0.696000,0.534000,8.733000,3.618000,27.82
4.970701,0.678000,-0.135000,-0.684000,1.740000,4.748000,4.321000,27.87
4.983139,0.649000,-0.125000,-0.723000,2.763000,3.298000,5.359000,27.87
4.990189,0.677000,-0.145000,-0.686000,0.473000,6.611000,6.611000,27.82
5.002464,0.659000,-0.136000,-0.697000,7.130000,-2.824000,6.504000,27.87
5.009949,0.670000,-0.147000,-0.717000,9.435000,-1.954000,6.992000,27.87
5.022123,0.662000,-0.159000,-0.733000,6.870000,3.847000,6.198000,27.82
5.029833,0.630000,-0.101000,-0.757000,2.336000,5.237000,5.771000,27.78
5.044017,0.630000,-0.110000,-0.763000,3.267000,10.290000,6.321000,27.78
5.049062,0.657000,-0.113000,-0.732000,6.748000,5.710000,7.420000,27.82
5.061300,0.661000,-0.129000,-0.761000,9.344000,10.412000,8.916000,27.82
5.073515,0.592000,-0.091000,-0.803000,8.092000,21.863000,12.611000,27.87
5.080715,0.604000,-0.157000,-0.782000,8.504000,32.519000,15.221000,27.78
5.092986,0.607000,-0.200000,-0.790000,8.489000,33.130000,15.710000,27.92
5.102178,0.588000,-0.175000,-0.824000,15.099000,46.489000,18.137000,27.78
5.113188,0.653000,-0.204000,-0.779000,15.176000,56.275000,16.672000,27.82
5.121509,0.620000,-0.169000,-0.807000,15.618000,58.290000,14.321000,27.82
5.131355,0.551000,-0.155000,-0.883000,12.794000,73.924000,13.115000,27.92
5.143392,0.535000,-0.019000,-1.025000,2.244000,94.809000,12.824000,27.78
5.150860,0.474000,0.156000,-1.098000,10.595000,133.435000,23.221000,27.82
5.163258,0.539000,0.031000,-1.055000,28.122000,156.885000,34.183000,27.82
5.169819,0.811000,-0.018000,-1.031000,20.061000,182.626000,41.450000,27.87
5.181776,0.851000,0.194000,-1.107000,19.435000,199.450000,51.450000,27.87
5.189099,0.844000,-0.057000,-1.105000,18.214000,207.847000,59.344000,27.92
5.201280,0.646000,0.281000,-1.301000,15.542000,209.679000,60.061000,27.82
5.213493,0.244000,0.856000,-2.189000,29.008000,169.710000,36.840000,27.78
5.220127,-0.298000,1.105000,-2.602000,33.298000,98.504000,-1.359000,27.82
5.232315,-0.561000,1.115000,-2.707000,19.542000,30.473000,-50.794000,27.82
5.239228,-0.759000,1.041000,-2.559000,16.519000,-25.893000,-83.420000,27.87
5.251335,-0.686000,0.661000,-2.399000,7.908000,-66.397000,-90.855000,27.87
5.263153,-0.505000,0.260000,-2.208000,-10.504000,-105.420000,-73.649000,27.82
5.269916,-0.282000,-0.035000,-1.948000,-32.137000,-126.916000,-41.313000,27.78
5.281697,-0.070000,-0.167000,-1.700000,-52.962000,-136.260000,-8.137000,27.82
5.293436,0.373000,-0.218000,-1.485000,-73.588000,-134.641000,12.870000,27.82
5.300499,0.507000,-0.061000,-1.190000,-75.344000,-137.710000,26.672000,27.82
5.312454,0.587000,-0.103000,-1.011000,-71.634000,-126.611000,35.267000,27.97
5.320815,0.690000,-0.122000,-0.870000,-72.595000,-115.847000,36.763000,27.92
5.330990,0.865000,-0.125000,-0.790000,-69.908000,-100.718000,37.679000,27.82
5.343024,0.886000,-0.274000,-0.634000,-64.947000,-85.206000,35.496000,27.87
5.351326,0.970000,-0.363000,-0.424000,-56.626000,-65.191000,33.542000,27.87
5.361939,1.146000,-0.440000,-0.283000,-36.260000,-45.481000,30.321000,27.82
5.369432,1.188000,-0.541000,0.212000,-8.885000,-10.580000,19.802000,27.78
5.381370,1.558000,-0.748000,-0.135000,-7.008000,11.618000,-2.656000,27.78
5.393121,1.181000,-0.462000,-0.643000,-14.672000,-7.160000,-25.405000,27.82
5.399812,0.562000,-0.009000,-1.028000,-16.092000,-26.779000,-50.885000,27.82
5.413556,0.499000,0.196000,-1.154000,-8.519000,-39.603000,-69.496000,27.87
5.418682,0.440000,-0.014000,-1.153000,3.924000,-65.313000,-75.573000,27.97
5.430698,0.504000,-0.188000,-1.029000,16.885000,-78.382000,-71.069000,27.82
5.442460,0.511000,-0.454000,-0.858000,19.252000,-80.000000,-57.603000,27.87
5.449683,0.633000,-0.568000,-0.872000,5.527000,-78.076000,-42.336000,27.82
5.461499,0.657000,-0.469000,-0.896000,-5.282000,-71.985000,-21.618000,27.82
5.473500,0.711000,-0.452000,-1.009000,-19.130000,-75.481000,-5.023000,27.82
5.480899,0.665000,-0.305000,-0.952000,-29.053000,-78.626000,6.626000,27.87
5.492463,0.644000,-0.252000,-0.958000,-40.580000,-76.550000,12.962000,27.92
5.499555,0.704000,-0.239000,-1.007000,-56.733000,-80.305000,15.618000,27.82
5.512439,0.652000,-0.176000,-1.031000,-68.427000,-91.405000,19.115000,27.78
5.523609,0.609000,-0.158000,-0.941000,-75.298000,-97.939000,22.015000,27.87
5.530233,0.578000,-0.188000,-0.880000,-82.702000,-101.466000,24.336000,27.92
5.543327,0.595000,-0.193000,-0.829000,-90.748000,-102.870000,26.901000,27.87
5.549273,0.648000,-0.202000,-0.771000,-96.168000,-104.672000,28.000000,27.78
5.563475,0.726000,-0.197000,-0.727000,-99.893000,-105.924000,26.443000,27.82
5.573303,0.832000,-0.198000,-0.616000,-100.565000,-108.275000,22.733000,27.82
5.579633,0.918000,-0.209000,-0.473000,-99.038000,-105.130000,16.977000,27.68
5.592168,1.082000,-0.258000,-0.344000,-99.389000,-101.847000,7.359000,27.82
5.603793,1.194000,-0.291000,-0.153000,-96.947000,-95.924000,-2.244000,27.82
5.611000,1.254000,-0.245000,0.081000,-83.924000,-83.969000,-7.786000,27.78
5.622906,1.360000,-0.330000,0.244000,-66.809000,-67.237000,-14.870000,27.92
5.629965,1.486000,-0.350000,0.464000,-44.107000,-51.618000,-22.229000,27.82
5.643006,1.481000,-0.369000,0.707000,-8.977000,-37.847000,-33.405000,27.78
5.653829,1.568000,-0.523000,0.920000,33.710000,-11.237000,-46.366000,27.78
5.662226,1.713000,-0.654000,1.216000,70.519000,19.130000,-58.611000,27.73
5.673061,1.930000,-0.817000,1.681000,99.924000,69.053000,-63.435000,27.92
5.680182,2.115000,-0.937000,2.306000,114.336000,152.626000,-58.611000,27.78
5.691876,1.639000,-0.503000,-0.771000,91.817000,241.267000,-63.969000,27.92
5.703753,1.514000,-0.560000,-2.274000,111.298000,101.893000,12.687000,27.92
5.710649,-0.026000,-0.563000,-0.990000,95.695000,124.611000,57.710000,27.78
5.723059,1.198000,-0.434000,-0.972000,73.847000,252.076000,19.832000,27.87
5.729521,2.660000,-0.182000,-1.248000,80.763000,125.954000,-3.359000,27.82
5.741880,1.643000,-0.500000,-0.861000,63.695000,78.473000,-1.588000,27.73
5.749064,0.706000,-0.585000,-0.972000,45.374000,84.000000,12.626000,27.87
5.761284,0.321000,-0.385000,-0.793000,39.145000,81.893000,13.298000,27.78
5.773249,0.427000,-0.283000,-0.687000,32.015000,98.916000,1.389000,27.82
5.780744,1.815000,-0.133000,-0.843000,38.168000,80.870000,25.344000,27.87
5.792655,1.229000,-0.486000,-0.718000,29.542000,17.786000,24.229000,27.82
5.799867,0.684000,-0.357000,-0.934000,19.679000,27.557000,14.107000,27.82
5.811871,0.772000,-0.344000,-0.830000,11.878000,21.771000,10.489000,27.92
5.818954,0.879000,-0.125000,-0.818000,2.733000,16.076000,4.382000,27.87
5.836046,0.750000,-0.058000,-0.756000,-0.153000,15.191000,2.595000,27.82
5.843417,0.673000,-0.106000,-0.769000,1.954000,12.336000,3.542000,27.82
5.851066,0.700000,-0.134000,-0.746000,3.481000,9.893000,4.183000,27.78
5.863178,0.673000,-0.122000,-0.747000,3.206000,7.756000,4.000000,27.87
5.869981,0.650000,-0.112000,-0.747000,0.977000,10.534000,3.038000,27.82
5.882620,0.647000,-0.107000,-0.740000,0.733000,11.206000,3.237000,27.82
5.889590,0.635000,-0.106000,-0.737000,2.656000,11.435000,3.969000,27.78
5.901927,0.603000,-0.102000,-0.702000,5.359000,11.160000,5.145000,27.82
5.909038,0.519000,-0.040000,-0.718000,11.008000,14.870000,7.725000,27.82
5.921336,0.524000,-0.070000,-0.727000,16.031000,21.725000,10.489000,27.87
5.933503,0.658000,-0.073000,-0.735000,19.511000,21.924000,12.641000,27.78
5.940235,0.684000,-0.128000,-0.725000,21.939000,18.031000,13.527000,27.73
5.952453,0.717000,-0.162000,-0.726000,19.374000,14.214000,11.786000,27.78
5.959711,0.722000,-0.170000,-0.716000,14.275000,7.771000,8.916000,27.87
5.972040,0.676000,-0.118000,-0.734000,11.634000,7.802000,7.573000,27.73
5.979278,0.740000,-0.202000,-0.764000,4.366000,6.076000,4.382000,27.82
5.991745,0.669000,-0.151000,-0.717000,2.794000,2.046000,3.863000,27.78
5.999042,0.636000,-0.124000,-0.716000,4.519000,1.603000,4.595000,27.78
6.011447,0.654000,-0.151000,-0.732000,3.771000,0.824000,5.435000,27.82
6.018540,0.665000,-0.170000,-0.724000,3.847000,-0.107000,5.496000,27.97
6.031305,0.696000,-0.185000,-0.780000,1.954000,0.870000,4.901000,27.87
6.043458,0.666000,-0.139000,-0.770000,1.954000,3.206000,5.115000,27.92
6.050871,0.678000,-0.110000,-0.739000,1.206000,6.763000,6.198000,27.73
6.063282,0.616000,-0.087000,-0.739000,1.939000,8.290000,8.824000,27.87
6.070476,0.537000,-0.164000,-0.787000,1.679000,29.847000,11.145000,27.92
6.082697,0.484000,-0.186000,-0.807000,10.840000,20.183000,11.832000,27.82
6.089778,0.568000,-0.195000,-0.769000,11.496000,32.031000,11.817000,27.78
6.102099,0.594000,-0.131000,-0.775000,11.099000,42.504000,9.176000,27.97
6.109081,0.662000,-0.286000,-0.775000,17.359000,55.389000,4.901000,27.73
6.121037,0.538000,-0.164000,-0.964000,11.771000,71.176000,-1.756000,27.82
6.133212,0.347000,0.077000,-1.176000,11.603000,91.710000,2.046000,27.87
6.140489,0.428000,0.069000,-1.200000,7.145000,123.573000,16.580000,27.82
6.152706,0.367000,0.216000,-1.244000,12.733000,148.229000,37.008000,27.82
6.159783,0.749000,0.412000,-1.263000,-0.382000,172.366000,48.641000,27.87
6.172197,0.383000,0.264000,-1.635000,-10.519000,177.069000,55.466000,27.87
6.178923,0.186000,0.550000,-1.978000,-7.191000,164.275000,60.168000,27.82
6.190951,-0.152000,0.873000,-2.138000,-0.366000,125.344000,47.130000,27.82
6.204671,-0.465000,1.005000,-2.304000,4.382000,90.229000,20.046000,27.87
6.238320,-0.660000,1.002000,-2.426000,-0.275000,42.397000,-10.015000,27.82
6.239118,-0.772000,0.902000,-2.467000,-11.603000,-8.916000,-36.916000,27.82
6.242002,-0.739000,0.703000,-2.437000,-27.176000,-54.687000,-52.916000,27.78
6.244228,-0.632000,0.435000,-2.303000,-45.344000,-95.389000,-57.282000,27.92
6.253419,-0.417000,0.203000,-2.171000,-64.427000,-121.282000,-54.718000,27.82
6.263613,-0.227000,0.050000,-1.919000,-75.832000,-143.008000,-44.824000,27.82
6.288332,-0.012000,-0.090000,-1.821000,-82.061000,-154.382000,-32.244000,27.97
6.289199,0.309000,-0.314000,-1.589000,-75.695000,-169.053000,0.672000,27.82
6.290248,0.733000,-0.524000,-1.273000,-82.565000,-161.038000,35.008000,27.92
6.302266,0.779000,-0.729000,1.194000,-22.443000,-98.885000,62.015000,27.87
6.308947,1.735000,-0.975000,1.322000,-18.656000,29.573000,52.595000,27.78
6.321151,1.844000,-0.815000,-0.040000,-27.847000,88.992000,32.397000,27.82
6.333342,1.536000,-0.736000,-1.227000,-82.046000,31.649000,-1.878000,27.87
6.339904,1.280000,-0.182000,-1.434000,-131.511000,-34.473000,-27.695000,27.87
6.351882,0.633000,0.212000,-1.215000,-101.038000,-94.076000,-33.695000,27.82
6.358581,0.286000,0.100000,-0.871000,-45.710000,-117.206000,-25.420000,27.82
6.370588,0.087000,-0.478000,-0.486000,-6.504000,-115.221000,-22.443000,27.87
6.382506,0.296000,-0.723000,-0.278000,4.931000,-87.053000,-23.130000,27.87
6.389352,0.643000,-0.768000,-0.162000,-5.725000,-55.969000,-19.527000,27.82
6.401385,1.010000,-0.763000,-0.147000,-21.221000,-29.649000,-14.809000,27.87
6.413544,1.292000,-0.762000,0.072000,-23.405000,-35.985000,-4.000000,27.92
6.420532,1.618000,-0.903000,0.142000,-22.443000,-30.458000,2.427000,27.82
6.432818,2.193000,-1.115000,0.598000,-33.252000,-45.679000,6.718000,27.92
6.439842,2.290000,-1.168000,1.700000,-26.214000,-57.939000,22.122000,27.78
6.452021,2.591000,-1.472000,3.136000,-14.992000,17.481000,32.580000,27.82
6.458898,3.803000,-1.944000,4.000000,-12.260000,141.618000,42.763000,27.82
6.470869,3.666000,-0.440000,-1.542000,-69.969000,184.275000,-18.870000,27.68
6.482843,2.618000,1.819000,-1.716000,12.076000,-168.580000,6.061000,27.87
6.490114,-1.809000,0.451000,-0.125000,1.008000,-52.870000,22.473000,27.92
6.502454,0.516000,-0.248000,-1.338000,47.847000,188.275000,8.015000,27.73
6.509309,1.057000,-0.787000,-0.652000,61.710000,-26.992000,35.176000,27.87
6.522095,0.797000,0.089000,-0.844000,40.870000,31.939000,22.641000,27.82
6.534385,0.697000,-0.072000,-0.799000,36.718000,36.198000,23.664000,27.82
6.540802,0.898000,-0.592000,-0.846000,29.756000,31.008000,20.168000,27.87
6.553197,0.809000,-0.380000,-0.804000,22.244000,15.237000,9.053000,27.78
6.560202,0.628000,-0.131000,-0.852000,22.000000,2.443000,6.137000,27.82
6.580415,0.629000,-0.127000,-0.804000,15.053000,19.771000,5.130000,27.92
6.581801,0.734000,-0.100000,-0.742000,13.053000,16.977000,4.962000,27.78
6.591983,0.712000,-0.067000,-0.734000,16.427000,12.794000,6.107000,27.87
6.599462,0.683000,-0.040000,-0.734000,22.656000,8.198000,9.206000,27.92
6.611557,0.696000,-0.161000,-0.758000,20.351000,8.687000,9.344000,27.78
6.623711,0.653000,-0.144000,-0.742000,16.824000,9.008000,9.206000,27.68
6.631322,0.695000,-0.215000,-0.806000,10.198000,7.939000,6.153000,27.82
6.643478,0.680000,-0.200000,-0.736000,-9.313000,4.489000,6.061000,27.73
6.650876,0.626000,-0.172000,-0.735000,3.664000,7.802000,5.115000,27.78
6.662818,0.638000,-0.162000,-0.729000,9.008000,10.626000,4.107000,27.87
6.670241,0.639000,-0.169000,-0.737000,-0.107000,11.573000,4.321000,27.82
6.682144,0.647000,-0.084000,-0.750000,0.260000,11.511000,5.588000,27.87
6.689256,0.654000,-0.068000,-0.752000,6.702000,12.305000,8.168000,27.73
6.701397,0.674000,-0.124000,-0.792000,8.351000,16.137000,10.336000,27.82
6.713594,0.637000,-0.120000,-0.783000,6.397000,27.527000,11.191000,27.82
6.720658,0.622000,-0.066000,-0.753000,7.191000,37.771000,14.137000,27.78
6.733078,0.576000,-0.123000,-0.818000,6.275000,37.908000,16.962000,27.87
6.740503,0.460000,-0.139000,-0.827000,9.863000,49.221000,16.504000,27.82
6.753307,0.427000,-0.240000,-0.908000,14.031000,58.015000,10.840000,27.87
6.759921,0.365000,-0.115000,-1.103000,16.870000,85.710000,11.160000,27.87
6.771530,0.338000,-0.039000,-1.280000,6.122000,126.382000,10.443000,27.82
6.783587,0.610000,0.017000,-1.394000,31.634000,182.183000,21.954000,27.92
6.791040,0.876000,0.236000,-1.175000,31.740000,204.076000,22.580000,27.78
6.802824,0.525000,0.188000,-1.341000,51.954000,200.427000,24.931000,27.73
6.810282,-0.010000,0.541000,-1.892000,61.710000,167.679000,4.107000,27.92
6.822169,-0.247000,0.880000,-2.083000,65.771000,128.275000,-22.366000,27.78
6.829218,-0.378000,0.998000,-2.279000,67.618000,77.496000,-48.244000,27.78
6.841283,-0.636000,0.913000,-2.367000,56.305000,24.107000,-70.534000,27.82
6.853278,-0.715000,0.752000,-2.387000,37.221000,-25.069000,-78.122000,27.82
6.861141,-0.659000,0.490000,-2.345000,12.916000,-66.198000,-67.695000,27.87
6.872125,-0.474000,0.208000,-2.197000,-15.634000,-99.389000,-48.626000,27.82
6.884215,-0.256000,0.052000,-1.994000,-40.122000,-120.687000,-29.908000,27.82
6.890351,-0.062000,-0.022000,-1.803000,-57.420000,-135.389000,-14.382000,27.87
6.902314,0.148000,-0.031000,-1.593000,-63.542000,-142.870000,-0.779000,27.87
6.909081,0.191000,-0.200000,-1.520000,-70.107000,-143.130000,13.802000,27.82
6.920997,0.533000,-0.258000,-1.219000,-72.290000,-139.649000,34.092000,27.87
6.932983,0.805000,-0.462000,-0.939000,-77.038000,-112.626000,54.092000,27.87
6.940020,1.393000,-0.529000,-0.089000,-52.840000,-67.099000,62.626000,27.73
6.952032,1.413000,-0.684000,0.869000,-29.313000,7.771000,57.634000,27.82
6.959278,2.023000,-1.040000,0.215000,-43.542000,62.214000,33.450000,27.78
6.974215,1.799000,-0.700000,-0.594000,-79.298000,0.229000,8.947000,27.82
6.983106,0.992000,-0.033000,-1.177000,-117.618000,-28.870000,-22.153000,27.82
6.990179,0.905000,0.359000,-1.109000,-87.313000,-90.931000,-29.450000,27.87
7.001843,0.714000,0.163000,-0.988000,-48.061000,-132.076000,-37.557000,27.87
7.007535,0.797000,-0.078000,-0.652000,-4.992000,-147.008000,-42.153000,27.82
7.020358,0.563000,-0.306000,-0.043000,28.718000,-135.588000,-37.466000,27.82
7.032648,0.953000,-0.745000,0.251000,22.137000,-93.298000,-35.542000,27.87
7.039635,1.517000,-0.917000,0.671000,0.229000,-65.023000,-37.542000,27.78
7.051578,1.887000,-0.747000,1.163000,-4.885000,-35.023000,-34.885000,27.82
7.058791,2.254000,-0.899000,1.629000,7.191000,2.305000,-30.656000,27.87
7.070960,2.696000,-1.049000,2.212000,26.702000,39.160000,-31.908000,27.78
7.083243,3.435000,-1.405000,3.224000,47.649000,86.183000,-24.718000,27.92
7.089991,1.983000,-1.521000,2.224000,31.389000,164.244000,-29.939000,27.82
7.102285,4.000000,-1.019000,-2.461000,36.427000,29.603000,47.160000,27.87
7.109217,0.010000,0.641000,-0.673000,6.595000,-182.947000,61.435000,27.82
7.121295,-0.356000,0.510000,-0.730000,54.229000,105.740000,24.427000,27.82
7.133491,1.258000,-0.458000,-1.072000,60.672000,20.748000,11.969000,27.78
7.140588,0.798000,-0.997000,-0.716000,39.160000,-26.947000,25.053000,27.82
7.152683,0.580000,0.135000,-0.867000,23.771000,27.206000,11.496000,27.92
7.159772,0.525000,-0.236000,-0.809000,24.290000,9.252000,9.130000,27.78
7.172344,0.975000,-0.701000,-0.879000,9.588000,18.458000,4.122000,27.87
7.179234,0.805000,-0.262000,-0.748000,4.595000,-6.809000,-4.840000,27.82
7.191711,0.625000,-0.176000,-0.778000,-2.626000,1.389000,-8.198000,27.82
7.198786,0.680000,-0.121000,-0.777000,-8.748000,7.481000,-8.702000,27.78
7.211123,0.701000,-0.050000,-0.733000,-7.344000,9.832000,-6.198000,27.82
7.223241,0.688000,-0.001000,-0.712000,0.046000,7.649000,-1.542000,27.82
7.230780,0.657000,-0.032000,-0.727000,5.130000,4.901000,3.282000,27.87
7.243206,0.666000,-0.087000,-0.714000,7.557000,6.229000,5.710000,27.87
7.250510,0.643000,-0.168000,-0.735000,6.290000,7.008000,6.031000,27.82
7.263211,0.631000,-0.203000,-0.746000,6.641000,7.389000,3.511000,27.82
7.269848,0.630000,-0.209000,-0.740000,7.878000,0.168000,3.008000,27.87
7.282328,0.653000,-0.160000,-0.723000,0.229000,8.947000,2.000000,27.82
7.289876,0.659000,-0.124000,-0.703000,-0.183000,6.947000,2.595000,27.73
7.302244,0.662000,-0.112000,-0.719000,0.931000,4.748000,4.351000,27.87
7.309676,0.672000,-0.099000,-0.725000,3.237000,0.748000,7.420000,27.82
7.321761,0.639000,-0.111000,-0.775000,5.496000,4.168000,10.107000,27.82
7.328853,0.612000,-0.099000,-0.813000,5.160000,12.809000,12.137000,27.73
7.341055,0.640000,-0.156000,-0.832000,4.595000,24.015000,13.176000,27.78
7.353449,0.616000,-0.047000,-0.820000,4.412000,32.397000,14.534000,27.82
7.360776,0.571000,0.016000,-0.832000,0.794000,49.649000,20.458000,27.82
7.372795,0.535000,-0.192000,-0.847000,14.687000,55.282000,22.122000,27.78
7.380177,0.447000,-0.289000,-0.946000,17.710000,65.939000,16.504000,27.78
7.392123,0.491000,0.055000,-1.119000,21.237000,106.992000,11.771000,27.73
7.399063,0.233000,0.260000,-1.416000,40.168000,147.206000,19.847000,27.82
7.411210,0.504000,0.237000,-1.631000,30.794000,212.580000,40.092000,27.87
7.423204,0.936000,0.556000,-1.668000,51.603000,237.496000,52.702000,27.73
7.430501,0.712000,0.126000,-1.602000,75.756000,237.023000,58.458000,27.82
7.442477,0.272000,1.043000,-2.439000,78.489000,207.481000,19.969000,27.87
7.449564,-0.351000,1.692000,-2.776000,94.000000,146.198000,-39.282000,27.87
7.461452,-0.644000,1.629000,-2.982000,85.237000,80.290000,-104.611000,27.82
7.473469,-1.135000,1.405000,-2.764000,76.244000,7.756000,-146.992000,27.82
7.480435,-1.206000,0.888000,-2.712000,51.435000,-40.809000,-159.832000,27.78
7.492362,-1.063000,0.266000,-2.604000,12.611000,-90.534000,-132.534000,27.82
7.499014,-0.869000,-0.162000,-2.466000,-30.305000,-129.908000,-82.031000,27.82
7.510759,-0.622000,-0.363000,-2.261000,-66.580000,-159.756000,-29.344000,27.78
7.522624,-0.339000,-0.439000,-2.062000,-97.664000,-175.023000,10.580000,27.78
7.529206,0.122000,-0.528000,-1.896000,-125.099000,-178.641000,32.473000,27.82
7.541206,0.436000,-0.297000,-1.613000,-129.069000,-189.084000,49.725000,27.82
7.552880,0.508000,-0.269000,-1.374000,-111.069000,-191.267000,75.969000,27.87
7.559682,1.046000,-0.551000,-1.191000,-121.328000,-151.282000,92.489000,27.82
7.571679,1.364000,-0.665000,1.066000,-66.046000,-92.656000,93.344000,27.82
7.583555,1.799000,-0.922000,1.210000,-45.328000,37.328000,70.015000,27.78
7.590820,2.333000,-1.262000,-0.220000,-88.947000,146.107000,19.817000,27.73
7.602652,2.215000,-1.071000,-0.962000,-158.733000,-35.557000,-26.733000,27.73
7.609582,2.115000,-0.183000,-1.203000,-185.221000,-95.038000,-38.198000,27.78
7.621035,1.322000,0.300000,-0.803000,-144.580000,-161.679000,-38.702000,27.78
7.632889,0.830000,0.274000,-0.473000,-61.221000,-178.382000,-34.366000,27.82
7.640150,0.660000,-0.179000,-0.283000,-8.031000,-156.046000,-51.221000,27.73
7.651967,0.692000,-0.336000,-0.214000,-1.298000,-144.458000,-78.015000,27.78
7.663871,0.921000,-0.265000,-0.192000,4.626000,-124.305000,-91.603000,27.82
7.670739,1.166000,-0.341000,-0.181000,19.099000,-117.435000,-90.702000,27.82
7.682503,1.299000,-0.471000,-0.107000,31.802000,-116.153000,-82.733000,27.87
7.689542,1.299000,-0.642000,0.045000,31.603000,-116.229000,-70.168000,27.87
7.701395,1.253000,-0.721000,0.256000,21.008000,-105.160000,-54.397000,27.92
7.713536,1.458000,-0.879000,0.431000,-4.550000,-81.389000,-38.901000,27.87
7.720512,1.604000,-0.855000,0.753000,-23.603000,-62.122000,-15.237000,27.87
7.732345,1.652000,-0.801000,1.125000,-22.122000,-30.183000,14.611000,27.73
7.739535,1.729000,-0.802000,1.494000,-1.527000,12.107000,38.916000,27.82
7.751806,1.897000,-0.729000,1.990000,34.779000,70.947000,53.237000,27.78
7.757608,2.108000,-0.760000,2.460000,72.977000,158.214000,46.962000,27.82
7.770831,1.917000,-0.410000,-1.446000,16.519000,229.038000,-20.290000,27.82
7.782930,2.172000,0.272000,-2.409000,36.916000,38.382000,0.687000,27.87
7.790358,0.881000,-0.062000,-0.540000,30.595000,65.817000,26.611000,27.78
7.802335,1.240000,-0.621000,-0.916000,48.702000,118.198000,0.641000,27.82
7.809589,1.219000,-0.473000,-1.099000,52.840000,34.305000,0.412000,27.82
7.821812,0.406000,-0.540000,-0.730000,23.298000,67.588000,1.832000,27.68
7.833639,0.784000,0.219000,-1.058000,-3.756000,121.069000,-2.672000,27.73
7.843557,1.506000,0.206000,-0.700000,13.634000,54.534000,9.359000,27.82
7.853185,0.925000,-0.244000,-0.789000,30.046000,31.634000,12.122000,27.87
7.860059,0.824000,-0.251000,-0.878000,25.450000,33.511000,17.969000,27.78
7.876564,0.854000,0.087000,-0.816000,23.878000,19.099000,16.458000,27.92
7.879871,0.770000,0.011000,-0.793000,22.031000,21.038000,12.855000,27.82
7.892195,0.696000,-0.136000,-0.826000,21.695000,18.244000,16.366000,27.78
7.897731,0.683000,-0.082000,-0.796000,24.015000,14.901000,16.855000,27.82
7.910925,0.691000,-0.141000,-0.784000,24.427000,11.756000,14.931000,27.82
7.923123,0.688000,-0.180000,-0.772000,19.405000,13.038000,13.466000,27.78
7.930505,0.665000,-0.151000,-0.770000,14.061000,13.435000,9.939000,27.82
7.942512,0.654000,-0.180000,-0.770000,10.947000,13.954000,7.634000,27.82
7.949755,0.657000,-0.157000,-0.766000,9.344000,11.802000,5.863000,27.82
7.962181,0.661000,-0.259000,-0.774000,3.145000,20.229000,4.198000,27.78
7.969314,0.648000,-0.162000,-0.743000,30.763000,-80.031000,8.534000,27.73
7.981769,0.639000,-0.045000,-0.741000,3.176000,49.969000,4.748000,27.82
7.993691,0.667000,-0.142000,-0.718000,1.145000,2.672000,6.916000,27.78
8.001214,0.647000,-0.123000,-0.694000,5.496000,2.336000,9.695000,27.78
8.013504,0.604000,-0.048000,-0.716000,17.847000,11.527000,12.000000,27.82
8.020311,0.633000,-0.104000,-0.695000,20.550000,20.702000,11.985000,27.82
8.033753,0.623000,-0.156000,-0.734000,6.107000,-15.008000,13.313000,27.78
8.039576,0.609000,-0.118000,-0.769000,10.489000,-1.298000,10.046000,27.82
8.051956,0.601000,-0.085000,-0.734000,16.382000,4.885000,9.710000,27.82
8.060574,0.606000,-0.123000,-0.768000,14.229000,9.695000,9.359000,27.87
8.071202,0.681000,-0.206000,-0.777000,10.550000,11.603000,7.435000,27.87
8.083440,0.598000,-0.188000,-0.760000,4.473000,10.305000,4.748000,27.82
8.090572,0.651000,-0.073000,-0.784000,3.740000,12.137000,5.603000,27.82
8.103142,0.637000,-0.000000,-0.805000,5.908000,25.695000,9.710000,27.78
8.110296,0.560000,-0.068000,-0.795000,8.443000,31.679000,12.565000,27.92
8.122411,0.545000,-0.156000,-0.868000,9.802000,40.275000,13.832000,27.73
8.129766,0.609000,-0.280000,-0.862000,9.038000,55.252000,9.908000,27.78
8.141817,0.501000,-0.133000,-0.946000,9.130000,87.588000,1.817000,27.78
8.149177,0.460000,-0.077000,-1.045000,12.076000,103.542000,-1.099000,27.82
8.161088,0.351000,0.027000,-1.226000,13.008000,132.656000,4.183000,27.82
8.173244,0.209000,0.640000,-1.340000,65.985000,169.985000,18.366000,27.68
8.180731,0.559000,0.093000,-1.384000,60.977000,208.977000,17.878000,27.82
8.192629,0.880000,0.180000,-1.493000,82.366000,226.565000,25.756000,27.92
8.201416,0.804000,-0.047000,-1.640000,98.702000,232.351000,22.305000,27.87
8.211642,0.335000,0.635000,-2.253000,101.450000,202.504000,-6.855000,27.82
8.223713,-0.131000,1.003000,-2.807000,86.351000,144.229000,-53.420000,27.73
8.230591,-0.805000,1.353000,-2.657000,85.053000,77.649000,-95.756000,27.82
8.242552,-1.176000,1.148000,-2.672000,79.542000,18.992000,-123.908000,27.78
8.249408,-1.304000,0.655000,-2.688000,49.389000,-31.176000,-125.344000,27.78
8.261469,-1.186000,0.138000,-2.652000,-0.046000,-78.626000,-94.733000,27.82
8.273191,-0.911000,-0.184000,-2.559000,-48.702000,-120.733000,-45.710000,27.87
8.280047,-0.623000,-0.359000,-2.404000,-90.183000,-156.443000,5.496000,27.87
8.292640,-0.298000,-0.421000,-2.196000,-123.176000,-183.206000,45.115000,27.73
8.303426,0.039000,-0.390000,-2.002000,-148.107000,-199.221000,69.221000,27.82
8.310216,0.317000,-0.303000,-1.796000,-160.672000,-204.809000,79.176000,27.68
8.322289,0.655000,-0.270000,-1.728000,-168.916000,-199.466000,74.794000,27.82
8.333627,1.095000,-0.258000,-1.637000,-178.183000,-199.359000,61.084000,27.82
8.340651,1.319000,-0.149000,-1.517000,-179.405000,-205.099000,43.191000,27.78
8.352627,2.295000,0.710000,-1.336000,-80.305000,-201.252000,47.481000,27.87
8.359947,1.084000,-0.811000,0.092000,-81.206000,-188.046000,53.405000,27.82
8.371448,1.905000,-1.119000,-0.407000,-111.069000,-76.718000,-0.168000,27.82
8.383338,1.986000,-0.307000,-0.542000,-138.947000,-81.420000,-47.466000,27.78
8.390023,1.668000,-0.000000,-0.705000,-112.046000,-152.427000,-74.794000,27.92
8.401575,1.313000,0.175000,-0.748000,-75.450000,-153.069000,-101.405000,27.73
8.413357,1.187000,0.172000,-0.566000,-7.282000,-177.160000,-116.641000,27.78
8.420486,1.052000,-0.205000,-0.223000,33.588000,-159.405000,-123.511000,27.68
8.436544,1.234000,-0.611000,-0.079000,36.687000,-149.573000,-129.435000,27.82
8.438792,1.378000,-0.785000,0.145000,10.015000,-128.962000,-125.298000,27.73
8.454129,1.562000,-1.000000,0.446000,-19.008000,-102.565000,-102.748000,27.78
8.463084,1.618000,-1.155000,0.772000,-32.504000,-89.573000,-65.954000,27.73
8.469848,1.648000,-1.211000,1.009000,-34.412000,-69.176000,-20.794000,27.82
8.481914,1.645000,-1.152000,1.146000,-36.244000,-43.573000,24.473000,27.78
8.487733,1.649000,-0.975000,1.192000,-43.359000,-6.870000,66.809000,27.73
8.500929,1.644000,-0.761000,1.118000,-52.687000,28.840000,96.672000,27.73
8.513167,1.646000,-0.475000,0.995000,-57.985000,58.611000,111.603000,27.82
8.520172,1.681000,-0.180000,0.756000,-50.473000,80.092000,110.733000,27.87
8.532324,1.743000,0.250000,1.228000,71.573000,76.794000,133.924000,27.73
8.539463,0.885000,0.065000,-0.473000,66.366000,159.618000,87.893000,27.82
8.552760,1.113000,0.910000,-1.864000,89.145000,105.450000,35.954000,27.78
8.563337,0.330000,0.739000,-0.725000,116.824000,64.947000,18.229000,27.78
8.570732,0.368000,-0.136000,-0.785000,119.786000,170.733000,2.382000,27.73
8.582783,1.982000,-1.069000,-1.292000,101.557000,164.458000,-6.321000,27.73
8.589868,1.989000,-1.244000,-1.095000,79.954000,92.061000,42.611000,27.78
8.601916,1.261000,-0.949000,-1.080000,43.954000,94.458000,34.046000,27.73
8.609238,1.091000,-0.284000,-1.168000,17.573000,88.763000,5.008000,27.82
8.621256,0.952000,-0.383000,-0.946000,4.061000,61.924000,-10.382000,27.78
8.636983,0.847000,-0.507000,-0.872000,-11.908000,53.282000,-8.687000,27.78
8.640344,0.719000,-0.187000,-0.772000,-19.527000,38.183000,-0.427000,27.73
8.652070,0.950000,0.445000,-0.884000,-9.435000,44.183000,3.634000,27.82
8.668730,1.002000,0.485000,-0.644000,7.893000,18.290000,2.031000,27.78
8.672132,0.700000,-0.155000,-0.814000,21.160000,7.969000,8.076000,27.82
8.681195,0.696000,-0.330000,-0.833000,18.031000,9.435000,13.481000,27.82
8.694844,0.720000,-0.206000,-0.826000,12.061000,0.229000,8.824000,27.78
8.703521,0.615000,-0.201000,-0.821000,3.191000,4.626000,4.443000,27.78
8.710980,0.539000,-0.130000,-0.773000,-0.840000,11.786000,4.840000,27.73
8.723011,0.515000,-0.017000,-0.755000,2.672000,18.779000,4.718000,27.73
8.730262,0.593000,-0.029000,-0.762000,7.221000,19.786000,4.260000,27.68
8.742498,0.621000,-0.049000,-0.748000,10.076000,18.351000,4.931000,27.73
8.749613,0.591000,-0.037000,-0.750000,10.366000,20.382000,5.145000,27.82
8.761718,0.597000,-0.069000,-0.754000,10.595000,22.809000,6.336000,27.87
8.768795,0.626000,-0.087000,-0.739000,13.481000,21.573000,8.748000,27.92
8.781100,0.593000,-0.082000,-0.745000,15.817000,21.740000,10.992000,27.82
8.793207,0.561000,-0.062000,-0.731000,20.855000,23.176000,13.099000,27.82
8.800413,0.568000,-0.047000,-0.722000,24.489000,23.618000,16.427000,27.78
8.812528,0.589000,-0.050000,-0.718000,28.626000,23.664000,18.733000,27.82
8.819265,0.525000,-0.045000,-0.731000,33.496000,24.473000,20.550000,27.73
8.831668,0.665000,-0.063000,-0.793000,35.893000,25.603000,20.336000,27.78
8.838699,0.741000,-0.217000,-0.771000,33.481000,16.718000,17.267000,27.78
8.850815,0.721000,-0.220000,-0.788000,27.908000,10.565000,15.069000,27.82
8.863272,0.723000,-0.186000,-0.778000,20.519000,9.344000,8.901000,27.78
8.870357,0.646000,-0.201000,-0.774000,14.672000,7.084000,6.244000,27.78
8.882894,0.750000,-0.288000,-0.810000,3.832000,7.542000,1.191000,27.73
8.890200,0.632000,-0.139000,-0.773000,3.481000,8.305000,0.107000,27.82
8.902422,0.621000,-0.113000,-0.748000,2.290000,13.069000,0.550000,27.68
8.909855,0.599000,-0.091000,-0.769000,3.725000,13.756000,1.252000,27.78
8.922382,0.637000,-0.168000,-0.770000,4.794000,17.023000,1.924000,27.82
8.929240,0.638000,-0.157000,-0.762000,4.473000,18.977000,1.511000,27.82
8.941722,0.643000,-0.163000,-0.774000,3.511000,21.435000,1.710000,27.87
8.948822,0.668000,-0.167000,-0.769000,2.702000,26.290000,3.359000,27.82
8.961082,0.635000,-0.156000,-0.747000,1.771000,40.473000,3.603000,27.82
8.973416,0.624000,-0.146000,-0.780000,5.969000,29.786000,5.740000,27.87
8.980869,0.612000,-0.120000,-0.779000,8.031000,42.153000,7.756000,27.87
8.992807,0.715000,-0.195000,-0.810000,11.832000,51.420000,10.962000,27.73
9.000068,0.636000,-0.228000,-0.784000,7.130000,61.374000,9.298000,27.82
9.012366,0.596000,-0.190000,-0.895000,12.748000,70.885000,8.718000,27.78
9.019379,0.568000,-0.097000,-0.934000,16.565000,87.237000,11.405000,27.82
9.031631,0.571000,-0.111000,-0.914000,10.763000,99.817000,12.840000,27.82
9.043458,0.537000,0.084000,-0.992000,43.344000,112.427000,17.771000,27.87
9.050301,0.609000,-0.117000,-1.014000,12.962000,132.519000,23.450000,27.82
9.062450,0.865000,-0.136000,-1.063000,20.382000,156.977000,22.534000,27.92
9.069356,0.842000,-0.100000,-1.002000,16.870000,168.092000,24.977000,27.78
9.081539,1.011000,0.015000,-1.075000,28.947000,171.145000,29.267000,27.78
9.087127,0.911000,-0.032000,-1.116000,34.000000,165.008000,32.366000,27.82
9.100488,0.734000,0.242000,-1.386000,39.878000,157.282000,28.076000,27.73
9.113135,-0.080000,0.687000,-1.975000,51.389000,92.076000,3.053000,27.78
9.119893,-0.636000,0.822000,-1.957000,51.695000,51.908000,-35.756000,27.78
9.132116,-0.719000,0.682000,-1.921000,40.794000,13.557000,-58.855000,27.82
9.139124,-0.488000,0.179000,-1.909000,10.672000,-16.519000,-56.855000,27.87
9.150663,-0.369000,-0.079000,-1.763000,-14.397000,-51.634000,-29.298000,27.78
9.163019,-0.315000,-0.231000,-1.520000,-33.008000,-64.748000,3.160000,27.73
9.169560,-0.015000,-0.318000,-1.396000,-56.000000,-70.000000,28.870000,27.73
9.181754,0.328000,-0.241000,-1.299000,-75.542000,-79.267000,45.802000,27.87
9.193557,0.486000,-0.098000,-1.175000,-84.183000,-88.702000,54.046000,27.87
9.200485,0.610000,-0.037000,-1.050000,-85.786000,-93.328000,53.160000,27.82
9.212791,0.693000,0.020000,-0.952000,-85.038000,-97.145000,46.321000,27.78
9.219609,0.727000,0.071000,-0.853000,-80.366000,-93.527000,34.809000,27.82
9.232004,0.723000,0.079000,-0.770000,-72.244000,-89.527000,19.053000,27.82
9.243705,0.708000,0.065000,-0.695000,-59.954000,-77.756000,-0.427000,27.82
9.250736,0.675000,0.042000,-0.627000,-43.176000,-72.763000,-19.603000,27.78
9.262488,0.721000,-0.037000,-0.688000,-31.618000,-59.008000,-41.695000,27.78
9.269398,0.893000,-0.079000,-0.752000,-22.534000,-59.847000,-60.229000,27.73
9.281437,0.987000,-0.038000,-0.806000,-8.763000,-69.740000,-70.427000,27.78
9.293356,0.964000,-0.071000,-0.833000,6.962000,-81.664000,-74.534000,27.87
9.300498,0.910000,-0.184000,-0.804000,16.061000,-89.847000,-75.695000,27.73
9.312289,0.808000,-0.219000,-0.759000,19.023000,-93.450000,-74.947000,27.73
9.319266,0.743000,-0.205000,-0.740000,19.542000,-89.969000,-72.931000,27.78
9.331249,0.732000,-0.221000,-0.761000,17.710000,-84.473000,-70.992000,27.73
9.343394,0.711000,-0.239000,-0.758000,14.611000,-81.634000,-69.099000,27.82
9.349968,0.687000,-0.233000,-0.463000,30.916000,-67.679000,-56.260000,27.78
9.361966,0.864000,-0.495000,-0.369000,26.977000,-44.153000,-48.809000,27.87
9.368975,0.984000,-0.455000,-0.490000,17.450000,-33.603000,-43.313000,27.73
9.381252,1.027000,-0.369000,-0.571000,7.939000,-34.458000,-38.229000,27.73
9.392931,1.144000,-0.402000,-0.694000,-4.458000,-39.206000,-35.618000,27.87
9.399782,1.090000,-0.328000,-0.660000,-8.229000,-58.992000,-28.885000,27.87
9.412042,0.893000,-0.282000,-0.610000,-5.176000,-65.466000,-19.893000,27.82
9.418883,0.710000,-0.314000,-0.592000,-6.382000,-62.092000,-13.450000,27.78
9.430950,0.626000,-0.277000,-0.622000,-11.481000,-53.832000,-9.496000,27.87
9.442604,0.631000,-0.237000,-0.678000,-14.244000,-48.748000,-4.748000,27.82
9.450117,0.650000,-0.237000,-0.676000,-14.992000,-46.137000,1.817000,27.82
9.461855,0.644000,-0.295000,-0.678000,-19.878000,-44.458000,8.611000,27.87
9.467714,0.641000,-0.330000,-0.684000,-29.466000,-41.405000,15.771000,27.73
9.481204,0.643000,-0.345000,-0.672000,-39.099000,-37.344000,24.031000,27.73
9.492672,0.657000,-0.345000,-0.659000,-47.069000,-30.992000,32.611000,27.78
9.501286,0.654000,-0.332000,-0.619000,-51.832000,-28.931000,40.565000,27.73
9.511751,0.651000,-0.281000,-0.604000,-54.153000,-22.702000,47.237000,27.82
9.524611,0.748000,-0.299000,-0.611000,-60.534000,-15.863000,50.198000,27.82
9.530818,0.823000,-0.299000,-0.602000,-69.099000,-14.962000,52.626000,27.78
9.542436,0.894000,-0.296000,-0.530000,-74.275000,-19.634000,55.679000,27.73
9.549525,0.927000,-0.190000,-0.447000,-72.031000,-21.740000,58.626000,27.73
9.561497,0.984000,-0.080000,-0.385000,-60.641000,-24.198000,57.038000,27.87
9.573493,1.014000,-0.056000,-0.305000,-48.153000,-24.641000,47.435000,27.68
9.582025,1.021000,-0.045000,-0.244000,-38.779000,-21.557000,32.076000,27.82
9.592404,1.074000,-0.052000,-0.023000,-26.015000,-10.977000,15.481000,27.73
9.599837,1.060000,-0.031000,0.123000,-9.817000,9.603000,-0.748000,27.78
9.612060,1.164000,-0.058000,0.201000,7.893000,28.992000,-15.679000,27.73
9.617683,1.308000,-0.117000,0.247000,22.244000,43.511000,-29.542000,27.82
9.631221,1.329000,-0.110000,0.301000,34.733000,56.748000,-40.031000,27.78
9.642868,1.418000,-0.234000,0.341000,40.794000,74.275000,-48.015000,27.68
9.650297,1.447000,-0.303000,0.532000,49.069000,86.458000,-49.176000,27.82
9.662065,0.783000,-0.130000,-0.257000,51.252000,106.061000,-48.947000,27.73
9.670912,1.022000,-0.108000,-1.330000,57.939000,66.794000,-21.099000,27.78
9.683397,0.288000,-0.393000,-1.064000,61.069000,38.855000,14.229000,27.82
9.693448,0.114000,-0.557000,-0.659000,53.557000,97.206000,22.198000,27.73
9.700319,0.968000,-0.445000,-0.915000,40.779000,106.229000,11.466000,27.87
9.712483,1.080000,-0.383000,-0.749000,27.313000,81.115000,4.214000,27.78
9.719739,0.685000,-0.250000,-0.710000,16.748000,93.969000,2.840000,27.73
9.732119,1.525000,0.162000,-0.952000,40.366000,81.557000,34.656000,27.78
9.738610,1.029000,-0.168000,-0.615000,52.992000,19.023000,32.137000,27.78
9.750854,0.739000,-0.396000,-0.951000,49.527000,31.786000,24.504000,27.73
9.763276,0.849000,-0.405000,-0.854000,36.809000,-3.328000,20.977000,27.82
9.770327,0.861000,-0.160000,-0.803000,18.366000,0.198000,10.473000,27.68
9.782739,0.710000,-0.200000,-0.817000,9.664000,-0.748000,7.313000,27.73
9.790090,0.737000,-0.191000,-0.766000,7.008000,-3.557000,3.130000,27.82
9.802263,0.714000,-0.210000,-0.810000,4.168000,-6.061000,-1.344000,27.87
9.809354,0.684000,-0.117000,-0.775000,0.198000,-3.405000,-2.504000,27.78
9.821800,0.688000,-0.070000,-0.749000,-2.290000,1.405000,-1.588000,27.73
9.827444,0.666000,-0.086000,-0.762000,-0.885000,2.290000,1.328000,27.82
9.845121,0.665000,-0.133000,-0.757000,1.725000,3.496000,2.458000,27.68
9.854704,0.646000,-0.160000,-0.768000,1.924000,4.443000,1.924000,27.73
9.862541,0.647000,-0.150000,-0.748000,-0.183000,7.847000,1.496000,27.82
9.872909,0.632000,-0.148000,-0.754000,-1.527000,9.969000,0.931000,27.87
9.880180,0.655000,-0.170000,-0.740000,-2.107000,11.542000,0.244000,27.78
9.891996,0.633000,-0.154000,-0.754000,-1.908000,11.374000,-0.397000,27.73
9.899566,0.649000,-0.150000,-0.735000,-1.771000,12.580000,-0.595000,27.78
9.911456,0.643000,-0.129000,-0.734000,-2.092000,12.656000,-0.718000,27.78
9.923900,0.647000,-0.127000,-0.718000,-1.924000,12.076000,-0.183000,27.64
9.932735,0.649000,-0.117000,-0.701000,-1.176000,10.611000,0.321000,27.82
9.942998,0.646000,-0.125000,-0.712000,-0.656000,9.069000,0.748000,27.78
9.953063,0.641000,-0.135000,-0.710000,-0.489000,7.221000,1.176000,27.73
9.964974,0.646000,-0.138000,-0.711000,-0.046000,5.863000,2.244000,27.82
9.969437,0.632000,-0.123000,-0.729000,0.855000,4.947000,2.916000,27.78
9.981952,0.625000,-0.136000,-0.730000,1.649000,5.435000,3.053000,27.78
9.989318,0.613000,-0.112000,-0.767000,1.939000,7.344000,3.221000,27.82
10.002049,0.652000,-0.126000,-0.779000,2.687000,13.176000,3.710000,27.82
