# Gait Analysis Data - MPU6050 IMU
# Duration: 10 seconds
# Format: timestamp(s),ax(g),ay(g),az(g),gx(deg/s),gy(deg/s),gz(deg/s),temp(C)
# Note: Document sensor placement (ankle/wrist) separately
timestamp,ax,ay,az,gx,gy,gz,temp
0.000930,1.208000,-0.216000,-0.907000,-75.664000,-185.573000,2.672000,27.59
0.001723,1.245000,-0.177000,-0.850000,-63.847000,-188.244000,-2.763000,27.49
0.002365,1.290000,-0.157000,-0.748000,-51.756000,-186.656000,-15.649000,27.64
0.002959,1.387000,-0.175000,-0.655000,-41.557000,-180.702000,-35.267000,27.54
0.003710,1.457000,-0.216000,-0.503000,-33.160000,-175.634000,-54.931000,27.49
0.004488,2.109000,-0.229000,0.500000,-45.084000,-114.229000,-103.160000,27.54
0.005114,1.349000,-0.235000,0.692000,-30.702000,-64.977000,-142.550000,27.54
0.005699,2.025000,-0.279000,0.260000,-8.137000,-15.649000,-153.527000,27.49
0.006274,2.494000,-0.649000,0.132000,1.237000,-47.695000,-137.695000,27.49
0.006846,2.284000,-0.772000,0.273000,3.985000,-81.771000,-110.260000,27.45
0.007411,1.941000,-0.867000,0.683000,-4.763000,-85.008000,-74.840000,27.49
0.007991,1.624000,-0.839000,1.110000,-16.672000,-49.496000,-36.366000,27.59
0.008566,1.762000,-0.842000,1.156000,-45.160000,18.427000,-3.802000,27.54
0.009319,2.074000,-0.882000,1.325000,-72.336000,53.954000,36.153000,27.45
0.010610,1.948000,-0.688000,1.344000,-88.550000,90.687000,77.420000,27.49
0.011440,1.324000,0.259000,-0.861000,-89.359000,99.374000,59.023000,27.49
0.012170,1.182000,1.288000,-1.485000,-72.962000,2.885000,31.908000,27.54
0.012808,-0.030000,1.815000,-0.399000,-19.405000,25.466000,-6.427000,27.49
0.013397,0.586000,0.687000,-0.705000,37.634000,127.893000,-42.336000,27.59
0.013973,1.012000,-0.509000,-0.981000,58.779000,68.840000,-24.382000,27.54
0.014582,0.644000,-1.071000,-0.760000,31.756000,63.481000,6.687000,27.49
0.015202,0.470000,-0.615000,-0.731000,-0.916000,78.076000,14.061000,27.49
0.015811,1.080000,0.496000,-0.921000,-6.000000,94.977000,5.878000,27.54
0.016420,1.471000,0.353000,-0.594000,15.405000,42.916000,-5.756000,27.45
0.017040,0.918000,-0.483000,-0.871000,34.855000,21.557000,9.573000,27.59
0.017672,0.582000,-0.496000,-0.843000,26.290000,17.313000,13.649000,27.54
0.018276,0.758000,-0.008000,-0.792000,19.664000,12.382000,3.328000,27.54
0.018878,0.875000,-0.037000,-0.745000,12.290000,9.420000,1.359000,27.49
0.019588,0.716000,-0.188000,-0.757000,9.206000,5.817000,5.756000,27.45
0.020374,0.675000,-0.160000,-0.763000,14.107000,2.412000,6.076000,27.45
0.021008,0.670000,-0.142000,-0.748000,20.122000,-5.924000,6.824000,27.49
0.021615,0.628000,-0.155000,-0.752000,17.084000,-3.008000,7.282000,27.59
0.022229,0.649000,-0.228000,-0.766000,9.099000,-1.252000,5.527000,27.45
0.022841,0.644000,-0.227000,-0.775000,3.267000,1.313000,0.824000,27.54
0.023447,0.689000,-0.183000,-0.762000,2.916000,-0.809000,-1.084000,27.49
0.024056,0.659000,-0.137000,-0.756000,2.015000,-0.824000,-2.412000,27.45
0.024660,0.644000,-0.149000,-0.761000,-0.809000,1.466000,-3.832000,27.45
0.025269,0.677000,-0.153000,-0.769000,-4.534000,3.649000,-5.557000,27.49
0.025875,0.664000,-0.124000,-0.739000,-6.122000,3.557000,-5.969000,27.49
0.026545,0.644000,-0.111000,-0.735000,-4.947000,3.740000,-5.237000,27.54
0.027224,0.663000,-0.121000,-0.733000,-3.740000,4.611000,-3.924000,27.49
0.027897,0.650000,-0.139000,-0.734000,-3.069000,4.489000,-2.931000,27.49
0.028570,0.628000,-0.180000,-0.730000,-3.786000,4.748000,-3.160000,27.54
0.029344,0.625000,-0.160000,-0.761000,-5.008000,5.573000,-3.664000,27.54
0.030126,0.622000,-0.125000,-0.757000,-6.046000,7.328000,-3.817000,27.49
0.030799,0.622000,-0.113000,-0.729000,-4.076000,5.832000,-3.145000,27.54
0.031486,0.539000,-0.090000,-0.754000,-1.863000,6.061000,-1.420000,27.45
0.032100,0.578000,-0.130000,-0.765000,0.015000,9.893000,-0.992000,27.59
0.032712,0.650000,-0.171000,-0.720000,-1.267000,9.527000,-3.344000,27.59
0.033328,0.666000,-0.137000,-0.736000,-3.374000,9.115000,-4.916000,27.45
0.033936,0.627000,-0.115000,-0.740000,-3.817000,8.000000,-5.649000,27.59
0.034546,0.671000,-0.097000,-0.713000,-2.809000,6.534000,-4.366000,27.54
0.035223,0.696000,-0.100000,-0.701000,-1.496000,3.466000,-2.489000,27.54
0.035920,0.676000,-0.105000,-0.713000,-0.672000,1.435000,-0.748000,27.45
0.036531,0.654000,-0.106000,-0.705000,0.229000,0.702000,0.947000,27.40
0.037132,0.633000,-0.111000,-0.748000,1.160000,0.931000,1.710000,27.45
0.037735,0.637000,-0.121000,-0.759000,1.664000,3.008000,2.382000,27.54
0.038335,0.656000,-0.143000,-0.745000,1.969000,4.122000,2.565000,27.59
0.038935,0.652000,-0.129000,-0.760000,1.969000,6.107000,2.885000,27.54
0.039609,0.641000,-0.116000,-0.752000,2.366000,8.321000,3.328000,27.45
0.040283,0.654000,-0.130000,-0.742000,2.489000,10.046000,3.282000,27.59
0.040852,0.657000,-0.156000,-0.747000,2.183000,11.267000,2.962000,27.49
0.041402,0.613000,-0.143000,-0.769000,1.450000,13.038000,2.733000,27.45
0.041943,0.622000,-0.127000,-0.776000,0.427000,16.992000,2.916000,27.54
0.042502,0.634000,-0.139000,-0.764000,-0.534000,21.160000,4.336000,27.59
0.043052,0.624000,-0.153000,-0.771000,-0.504000,25.496000,3.756000,27.45
0.043599,0.635000,-0.130000,-0.765000,0.702000,28.015000,2.656000,27.54
0.044140,0.657000,-0.170000,-0.778000,0.275000,37.130000,1.710000,27.49
0.044693,0.642000,-0.170000,-0.781000,-0.305000,45.176000,0.183000,27.45
0.045247,0.567000,-0.212000,-0.856000,0.977000,52.244000,-1.679000,27.64
0.045801,0.540000,-0.107000,-0.917000,5.450000,68.794000,-1.786000,27.49
0.046349,0.507000,-0.090000,-0.955000,12.321000,90.595000,-2.534000,27.40
0.046902,0.464000,-0.211000,-1.231000,4.718000,121.466000,0.458000,27.54
0.047462,0.434000,-0.138000,-1.071000,34.275000,147.771000,-5.359000,27.49
0.048020,0.787000,-0.276000,-1.009000,33.771000,185.832000,-7.496000,27.54
0.048576,0.564000,-0.211000,-1.009000,40.519000,204.565000,-12.718000,27.64
0.049137,0.889000,-0.173000,-1.060000,44.672000,225.924000,-15.634000,27.54
0.049779,0.844000,0.047000,-0.995000,70.107000,222.687000,-13.481000,27.49
0.050413,0.868000,-0.315000,-0.960000,93.893000,238.046000,-9.359000,27.45
0.050949,1.143000,-0.202000,-1.054000,92.550000,205.115000,-21.359000,27.54
0.051530,0.721000,-0.082000,-1.174000,115.191000,191.878000,-33.313000,27.49
0.052160,0.552000,0.080000,-1.434000,142.000000,147.985000,-52.550000,27.49
0.052759,0.137000,0.285000,-1.401000,162.305000,104.687000,-80.718000,27.45
0.053308,0.377000,-0.007000,-1.344000,169.160000,67.985000,-101.511000,27.54
0.053849,0.311000,-0.224000,-1.481000,167.191000,7.145000,-105.817000,27.49
0.054394,0.061000,-0.307000,-1.271000,162.397000,-20.244000,-99.328000,27.54
0.054939,-0.024000,-0.449000,-1.147000,155.008000,-30.107000,-84.580000,27.54
0.055482,-0.023000,-0.508000,-1.103000,145.344000,-40.061000,-67.756000,27.49
0.056016,0.045000,-0.497000,-1.064000,138.595000,-48.305000,-50.046000,27.45
0.056538,0.108000,-0.477000,-1.032000,135.008000,-60.931000,-33.603000,27.54
0.057056,0.201000,-0.440000,-1.055000,132.153000,-71.038000,-22.458000,27.40
0.057578,0.356000,-0.390000,-1.031000,130.214000,-91.466000,-14.687000,27.54
0.058116,0.413000,-0.361000,-1.023000,130.504000,-115.053000,-13.771000,27.45
0.058647,0.442000,-0.344000,-1.009000,133.359000,-137.130000,-17.405000,27.59
0.059176,0.505000,-0.280000,-0.966000,138.137000,-155.985000,-21.420000,27.59
0.059746,0.523000,-0.234000,-0.910000,144.260000,-172.137000,-23.985000,27.54
0.060446,0.519000,-0.209000,-0.853000,149.328000,-181.771000,-25.740000,27.64
0.060983,0.536000,-0.217000,-0.825000,149.145000,-186.427000,-27.481000,27.49
0.061479,0.622000,-0.154000,-0.813000,145.527000,-189.435000,-28.214000,27.45
0.061971,0.749000,-0.043000,-0.824000,142.885000,-193.496000,-27.878000,27.64
0.062453,0.902000,0.090000,-0.821000,143.939000,-200.733000,-30.733000,27.59
0.062958,1.031000,0.253000,-0.807000,151.939000,-210.397000,-41.176000,27.49
0.063461,1.161000,0.409000,-0.746000,168.397000,-222.336000,-62.458000,27.54
0.063946,1.262000,0.536000,-0.667000,187.725000,-233.252000,-92.504000,27.49
0.064433,1.362000,0.660000,-0.535000,207.786000,-241.038000,-130.107000,27.49
0.064921,1.388000,0.770000,-0.386000,230.015000,-238.458000,-168.107000,27.54
0.065406,1.462000,0.840000,-0.312000,250.168000,-229.084000,-206.198000,27.45
0.065921,1.570000,0.849000,-0.259000,265.206000,-215.939000,-234.550000,27.59
0.066410,1.611000,0.803000,-0.278000,268.656000,-202.305000,-249.939000,27.54
0.066902,1.525000,0.693000,-0.258000,254.519000,-186.214000,-252.550000,27.45
0.067385,1.318000,0.345000,-0.297000,215.557000,-164.733000,-244.412000,27.49
0.067868,1.237000,0.163000,-0.342000,154.977000,-138.015000,-217.939000,27.59
0.068349,1.230000,0.174000,-0.328000,93.725000,-112.290000,-171.710000,27.54
0.068826,1.128000,0.181000,-0.365000,40.427000,-94.382000,-119.038000,27.59
0.069299,1.021000,0.257000,-0.360000,-2.794000,-80.366000,-70.611000,27.45
0.069954,1.107000,-0.182000,0.110000,-116.061000,-22.473000,-74.137000,27.54
0.070464,1.107000,0.940000,0.955000,-153.282000,41.481000,-88.916000,27.54
0.070934,1.860000,1.314000,0.928000,-127.695000,105.389000,-127.664000,27.49
0.071395,1.968000,1.181000,-0.224000,-71.359000,93.603000,-159.847000,27.45
0.071852,2.312000,-0.610000,-1.849000,16.809000,10.305000,-92.046000,27.54
0.072304,0.747000,-0.369000,-1.144000,-10.504000,-58.855000,2.153000,27.49
0.072834,0.454000,-0.243000,-1.218000,-21.145000,30.916000,18.916000,27.49
0.073307,0.948000,0.590000,-0.813000,-26.962000,9.649000,-17.160000,27.45
0.073769,0.848000,-0.266000,-0.757000,-17.634000,18.290000,-20.458000,27.54
0.074225,0.619000,-0.422000,-0.739000,-21.710000,6.351000,-1.832000,27.49
0.074676,0.628000,-0.078000,-0.616000,-15.557000,0.321000,-5.450000,27.54
0.075127,0.770000,-0.221000,-0.619000,-14.977000,1.405000,-6.870000,27.45
0.075580,0.842000,-0.146000,-0.695000,-15.588000,-5.847000,-5.405000,27.49
0.076037,0.752000,-0.140000,-0.779000,-10.305000,-9.069000,-9.634000,27.40
0.076495,0.622000,-0.306000,-0.830000,-12.336000,-10.198000,-10.855000,27.54
0.076966,0.570000,-0.261000,-0.779000,-17.206000,-4.702000,-13.115000,27.54
0.077408,0.591000,-0.196000,-0.728000,-20.458000,0.718000,-16.733000,27.49
0.077854,0.626000,-0.174000,-0.755000,-22.397000,3.664000,-18.076000,27.64
0.078301,0.635000,-0.166000,-0.761000,-21.908000,3.771000,-17.695000,27.45
0.078755,0.651000,-0.146000,-0.755000,-21.099000,4.824000,-16.733000,27.49
0.079197,0.676000,-0.149000,-0.752000,-21.313000,3.954000,-16.473000,27.59
0.079729,0.669000,-0.158000,-0.775000,-22.504000,4.397000,-16.534000,27.54
0.080289,0.698000,-0.153000,-0.759000,-24.473000,1.588000,-17.130000,27.49
0.080759,0.689000,-0.131000,-0.728000,-24.534000,-1.237000,-17.481000,27.59
0.081245,0.653000,-0.074000,-0.730000,-23.664000,-1.573000,-16.901000,27.45
0.081721,0.660000,-0.073000,-0.747000,-22.626000,-0.901000,-17.588000,27.49
0.082166,0.652000,-0.076000,-0.729000,-21.466000,-3.069000,-17.298000,27.49
0.082608,0.636000,-0.021000,-0.721000,-18.198000,-2.580000,-16.015000,27.45
0.083060,0.623000,-0.038000,-0.715000,-14.290000,-2.595000,-13.908000,27.45
0.083507,0.617000,-0.062000,-0.705000,-10.351000,-2.672000,-10.672000,27.49
0.083932,0.638000,-0.073000,-0.718000,-6.931000,-1.969000,-9.634000,27.54
0.084366,0.636000,-0.102000,-0.752000,-5.756000,-2.214000,-9.649000,27.45
0.084814,0.646000,-0.138000,-0.779000,-7.450000,-2.504000,-9.969000,27.49
0.085272,0.650000,-0.135000,-0.768000,-10.076000,-4.076000,-11.588000,27.45
0.085705,0.650000,-0.116000,-0.753000,-11.069000,-4.076000,-12.183000,27.54
0.086144,0.639000,-0.136000,-0.742000,-11.924000,-4.855000,-12.351000,27.45
0.086602,0.578000,-0.088000,-0.732000,-11.527000,-4.122000,-11.924000,27.49
0.087031,0.595000,-0.083000,-0.734000,-9.695000,-0.840000,-10.443000,27.54
0.087454,0.660000,-0.136000,-0.772000,-10.366000,-2.641000,-10.122000,27.45
0.087894,0.587000,-0.117000,-0.749000,-10.580000,-4.198000,-10.412000,27.49
0.088331,0.571000,-0.082000,-0.746000,-10.550000,-0.153000,-9.573000,27.40
0.088746,0.607000,-0.049000,-0.749000,-9.282000,1.710000,-8.107000,27.54
0.089159,0.605000,-0.029000,-0.734000,-6.763000,2.580000,-7.374000,27.59
0.089678,0.606000,-0.048000,-0.742000,-5.115000,3.802000,-6.611000,27.40
0.090230,0.625000,-0.071000,-0.754000,-4.076000,4.947000,-7.618000,27.54
0.090687,0.609000,-0.097000,-0.759000,-4.000000,5.115000,-7.908000,27.45
0.091137,0.600000,-0.111000,-0.742000,-4.183000,6.122000,-6.626000,27.49
0.091620,0.583000,-0.039000,-0.744000,-3.069000,8.244000,-5.344000,27.54
0.092069,0.566000,-0.001000,-0.733000,-0.473000,11.053000,-3.863000,27.45
0.092530,0.612000,-0.014000,-0.756000,1.679000,12.198000,-3.847000,27.59
0.093055,0.627000,-0.034000,-0.732000,4.229000,11.328000,-2.244000,27.45
0.093526,0.630000,-0.067000,-0.736000,5.969000,12.092000,-0.687000,27.54
0.093986,0.630000,-0.083000,-0.744000,7.008000,12.992000,0.336000,27.49
0.094450,0.643000,-0.092000,-0.766000,7.344000,13.145000,0.840000,27.49
0.094898,0.646000,-0.096000,-0.747000,7.679000,12.641000,1.695000,27.54
0.095334,0.633000,-0.093000,-0.756000,8.351000,14.565000,1.634000,27.45
0.095754,0.628000,-0.082000,-0.746000,9.053000,15.282000,2.611000,27.49
0.096190,0.632000,-0.108000,-0.752000,10.321000,16.412000,3.557000,27.45
0.096650,0.635000,-0.122000,-0.762000,11.954000,19.130000,5.618000,27.54
0.097069,0.644000,-0.128000,-0.797000,11.985000,22.031000,6.427000,27.40
0.097488,0.629000,-0.103000,-0.784000,12.595000,26.901000,6.198000,27.59
0.098192,0.667000,-0.131000,-0.709000,0.321000,-11.771000,0.763000,27.49
0.098625,0.681000,-0.142000,-0.711000,1.115000,-11.282000,1.466000,27.54
0.099056,0.667000,-0.153000,-0.726000,1.145000,-11.710000,1.420000,27.54
0.099624,0.654000,-0.160000,-0.741000,0.916000,-10.366000,1.267000,27.45
0.100193,0.621000,-0.167000,-0.751000,0.733000,-8.824000,0.336000,27.49
0.100655,0.638000,-0.160000,-0.737000,0.107000,-6.916000,0.122000,27.54
0.105373,0.555000,-0.113000,-0.779000,0.031000,-4.580000,0.382000,27.45
0.117767,0.635000,-0.190000,-0.770000,-1.038000,0.519000,0.473000,27.59
0.130131,0.621000,-0.167000,-0.747000,-2.198000,0.092000,-1.008000,27.49
0.140363,0.630000,-0.153000,-0.724000,-2.076000,2.519000,-0.641000,27.54
0.149539,0.659000,-0.130000,-0.714000,-1.450000,2.061000,0.107000,27.49
0.156630,0.664000,-0.159000,-0.719000,-0.962000,2.290000,0.397000,27.49
0.169369,0.655000,-0.147000,-0.727000,-0.656000,2.137000,0.321000,27.45
0.176108,0.664000,-0.134000,-0.706000,-0.565000,2.489000,0.656000,27.35
0.188640,0.673000,-0.149000,-0.712000,-0.214000,1.679000,1.053000,27.49
0.195725,0.651000,-0.150000,-0.719000,-0.061000,1.176000,1.053000,27.45
0.208055,0.656000,-0.152000,-0.715000,0.046000,0.412000,1.252000,27.54
0.215390,0.665000,-0.160000,-0.702000,0.061000,-0.229000,1.221000,27.49
0.227631,0.654000,-0.150000,-0.717000,-0.107000,-1.267000,1.740000,27.35
0.240073,0.664000,-0.139000,-0.727000,0.611000,-1.053000,2.107000,27.54
0.247178,0.666000,-0.156000,-0.732000,0.885000,-0.885000,2.580000,27.49
0.259530,0.667000,-0.159000,-0.740000,0.168000,0.046000,2.794000,27.49
0.266682,0.658000,-0.161000,-0.738000,-0.061000,2.427000,2.672000,27.54
0.279323,0.660000,-0.164000,-0.746000,0.137000,3.115000,2.412000,27.49
0.286486,0.655000,-0.153000,-0.738000,0.351000,5.038000,2.168000,27.49
0.298901,0.649000,-0.135000,-0.737000,1.145000,6.763000,2.580000,27.45
0.306205,0.661000,-0.130000,-0.732000,2.122000,7.740000,3.206000,27.45
0.318677,0.643000,-0.124000,-0.766000,3.191000,9.145000,3.588000,27.49
0.325853,0.670000,-0.124000,-0.725000,3.847000,11.008000,4.824000,27.54
0.338443,0.661000,-0.110000,-0.755000,4.458000,12.198000,6.107000,27.45
0.350513,0.649000,-0.143000,-0.772000,4.412000,16.412000,7.099000,27.59
0.358101,0.669000,-0.160000,-0.778000,3.191000,19.740000,6.595000,27.59
0.370440,0.645000,-0.166000,-0.781000,2.244000,22.015000,4.824000,27.45
0.377473,0.619000,-0.131000,-0.785000,0.290000,27.237000,3.542000,27.49
0.389598,0.633000,-0.142000,-0.760000,-0.611000,31.389000,1.527000,27.49
0.396899,0.580000,-0.151000,-0.759000,-0.534000,36.443000,-0.779000,27.45
0.408895,0.558000,-0.154000,-0.760000,-3.069000,45.924000,0.748000,27.45
0.416486,0.541000,-0.018000,-0.853000,-1.313000,57.634000,4.718000,27.49
0.428712,0.640000,-0.003000,-0.777000,0.748000,62.718000,4.336000,27.45
0.440555,0.728000,0.073000,-0.987000,30.458000,67.679000,11.221000,27.54
0.448024,0.522000,0.085000,-1.163000,46.748000,62.962000,4.397000,27.49
0.459857,0.524000,0.451000,-1.207000,46.763000,60.565000,-17.817000,27.45
0.467161,0.451000,0.631000,-1.187000,59.084000,54.595000,-35.954000,27.45
0.479366,0.462000,0.588000,-1.219000,69.099000,49.389000,-57.511000,27.40
0.486347,0.398000,0.568000,-1.201000,76.214000,38.244000,-77.817000,27.49
0.498470,0.467000,0.402000,-1.241000,72.244000,28.947000,-92.412000,27.54
0.510592,0.475000,0.264000,-1.284000,67.832000,14.947000,-94.779000,27.49
0.517941,0.452000,0.148000,-1.237000,63.130000,0.275000,-89.099000,27.49
0.530357,0.420000,0.032000,-1.189000,57.405000,-10.397000,-78.885000,27.54
0.536711,0.418000,-0.026000,-1.121000,51.084000,-16.122000,-68.168000,27.45
0.548672,0.472000,-0.047000,-1.045000,47.145000,-18.382000,-57.679000,27.49
0.560523,0.529000,-0.078000,-0.998000,41.237000,-20.748000,-48.550000,27.40
0.569825,0.575000,-0.063000,-0.945000,34.489000,-23.618000,-40.931000,27.64
0.579659,0.598000,-0.039000,-0.871000,28.290000,-25.771000,-34.504000,27.40
0.586167,0.598000,-0.010000,-0.822000,23.649000,-25.740000,-30.321000,27.49
0.598239,0.603000,0.023000,-0.796000,20.901000,-23.344000,-28.870000,27.54
0.610381,0.639000,0.051000,-0.788000,20.137000,-21.298000,-30.718000,27.45
0.617237,0.698000,0.065000,-0.792000,19.725000,-22.840000,-35.130000,27.49
0.629376,0.714000,0.076000,-0.772000,20.779000,-28.107000,-41.466000,27.45
0.636551,0.686000,0.083000,-0.742000,23.802000,-32.809000,-47.939000,27.54
0.648448,0.657000,0.058000,-0.729000,27.160000,-35.832000,-54.412000,27.49
0.660376,0.630000,0.028000,-0.711000,29.313000,-35.893000,-59.634000,27.49
0.667116,0.619000,-0.011000,-0.700000,30.076000,-36.366000,-63.252000,27.54
0.679403,0.635000,-0.033000,-0.702000,29.374000,-37.511000,-64.550000,27.40
0.686350,0.646000,-0.031000,-0.716000,29.679000,-40.183000,-63.603000,27.45
0.698258,0.633000,-0.028000,-0.708000,30.733000,-42.870000,-62.153000,27.45
0.710079,0.617000,-0.028000,-0.687000,29.420000,-44.733000,-60.198000,27.45
0.716991,0.605000,-0.031000,-0.684000,25.313000,-45.221000,-58.214000,27.49
0.729253,0.633000,-0.050000,-0.684000,18.275000,-47.603000,-54.656000,27.54
0.735972,0.644000,-0.050000,-0.673000,10.229000,-51.878000,-49.878000,27.54
0.748236,0.610000,-0.042000,-0.658000,2.290000,-54.763000,-44.290000,27.49
0.760130,0.589000,-0.045000,-0.637000,-6.718000,-56.260000,-38.931000,27.49
0.766744,0.579000,-0.049000,-0.619000,-17.603000,-55.817000,-33.725000,27.45
0.778619,0.608000,-0.012000,-0.600000,-28.229000,-54.855000,-28.718000,27.59
0.785670,0.637000,0.005000,-0.572000,-35.237000,-55.649000,-24.550000,27.49
0.797642,0.641000,-0.006000,-0.540000,-42.305000,-56.214000,-22.931000,27.45
0.809383,0.676000,-0.033000,-0.505000,-49.924000,-56.534000,-23.481000,27.45
0.816340,0.695000,-0.104000,-0.448000,-57.359000,-56.061000,-26.198000,27.40
0.828283,0.707000,-0.145000,-0.381000,-62.397000,-53.145000,-26.382000,27.54
0.840193,0.715000,-0.216000,-0.328000,-64.687000,-46.504000,-24.519000,27.45
0.847347,0.750000,-0.303000,-0.292000,-66.962000,-38.977000,-22.779000,27.49
0.860398,0.898000,-0.429000,-0.290000,-71.878000,-33.435000,-21.496000,27.45
0.865491,1.009000,-0.473000,-0.254000,-75.573000,-35.756000,-19.115000,27.54
0.877739,1.059000,-0.507000,-0.224000,-74.214000,-39.221000,-14.244000,27.59
0.889718,1.052000,-0.496000,-0.152000,-64.977000,-41.511000,-8.382000,27.49
0.896621,1.641000,-0.573000,1.116000,63.710000,-19.282000,42.366000,27.45
0.908987,1.003000,-1.250000,1.781000,106.275000,75.023000,74.351000,27.49
0.916271,1.362000,-1.302000,1.316000,106.489000,180.595000,74.870000,27.49
0.927886,1.509000,-0.603000,-1.949000,78.763000,157.527000,51.206000,27.54
0.940329,2.442000,0.046000,-1.557000,60.305000,-54.198000,30.107000,27.45
0.947878,0.212000,0.146000,-0.540000,36.061000,8.489000,36.397000,27.59
0.959627,0.177000,-0.559000,-0.963000,63.496000,109.450000,12.443000,27.49
0.968951,1.347000,-0.804000,-1.047000,77.969000,33.374000,21.588000,27.54
0.978890,1.259000,-0.854000,-0.675000,32.427000,23.511000,24.672000,27.49
0.986051,0.888000,0.062000,-0.755000,14.641000,24.351000,11.710000,27.59
0.998259,0.878000,-0.032000,-0.771000,22.779000,5.740000,12.901000,27.54
1.010057,0.824000,-0.239000,-0.780000,30.687000,-4.962000,17.450000,27.45
1.017258,0.786000,-0.181000,-0.772000,32.244000,-9.832000,12.916000,27.40
1.029511,0.802000,-0.273000,-0.780000,19.725000,-14.443000,8.656000,27.45
1.036346,0.681000,-0.272000,-0.778000,3.695000,-9.115000,2.824000,27.54
1.048390,0.679000,-0.224000,-0.781000,-2.443000,-0.794000,-2.336000,27.49
1.055535,0.643000,-0.125000,-0.776000,-5.176000,-4.901000,-4.107000,27.59
1.067589,0.661000,-0.076000,-0.754000,-3.206000,-0.244000,-4.153000,27.45
1.079957,0.650000,-0.049000,-0.739000,-3.313000,4.443000,-2.977000,27.49
1.086826,0.642000,-0.050000,-0.739000,-1.832000,9.282000,-1.511000,27.45
1.099538,0.677000,-0.098000,-0.712000,2.962000,8.122000,-0.427000,27.45
1.106543,0.685000,-0.099000,-0.701000,5.252000,10.229000,0.214000,27.45
1.118938,0.669000,-0.096000,-0.724000,4.595000,10.305000,1.313000,27.49
1.125808,0.696000,-0.111000,-0.711000,5.252000,12.443000,1.664000,27.45
1.138320,0.666000,-0.118000,-0.698000,5.221000,1.481000,3.557000,27.64
1.145297,0.652000,-0.128000,-0.722000,-0.550000,15.954000,3.374000,27.49
1.158093,0.674000,-0.125000,-0.740000,4.519000,8.840000,3.771000,27.49
1.170290,0.668000,-0.132000,-0.699000,7.053000,7.038000,3.435000,27.54
1.177724,0.635000,-0.142000,-0.723000,1.679000,6.107000,3.344000,27.59
1.190192,0.627000,-0.163000,-0.738000,-1.252000,-5.328000,2.702000,27.49
1.197109,0.628000,-0.136000,-0.740000,-5.634000,16.901000,1.802000,27.45
1.209329,0.663000,-0.141000,-0.713000,1.893000,-1.649000,2.656000,27.45
1.216734,0.654000,-0.114000,-0.704000,5.008000,-3.985000,3.405000,27.49
1.228931,0.665000,-0.125000,-0.708000,2.779000,-1.267000,3.618000,27.49
1.236054,0.646000,-0.130000,-0.708000,1.267000,-3.893000,4.000000,27.54
1.248457,0.645000,-0.117000,-0.698000,3.176000,-2.458000,4.412000,27.40
1.255529,0.619000,-0.047000,-0.754000,4.092000,-3.863000,5.237000,27.54
1.267869,0.631000,-0.131000,-0.750000,5.191000,5.115000,6.229000,27.45
1.280357,0.667000,-0.170000,-0.705000,8.366000,-1.206000,6.809000,27.45
1.287441,0.657000,-0.166000,-0.727000,13.145000,-2.260000,6.550000,27.40
1.299824,0.602000,-0.133000,-0.747000,9.145000,1.084000,6.489000,27.45
1.307008,0.599000,-0.129000,-0.762000,3.847000,17.053000,5.679000,27.45
1.319438,0.740000,0.180000,-0.828000,-10.137000,17.649000,8.641000,27.59
1.326446,0.582000,-0.110000,-0.847000,-20.550000,16.718000,7.496000,27.49
1.338541,0.711000,-0.161000,-0.911000,-20.443000,59.481000,4.763000,27.54
1.345620,0.485000,-0.069000,-0.864000,-33.939000,97.481000,6.000000,27.40
1.357975,0.726000,-0.231000,-0.796000,3.282000,20.519000,8.351000,27.59
1.370359,0.584000,-0.163000,-0.882000,3.695000,88.168000,4.275000,27.54
1.377732,0.668000,-0.167000,-0.867000,0.580000,81.282000,4.107000,27.54
1.389981,0.627000,0.265000,-0.985000,22.626000,40.427000,10.580000,27.49
1.396617,0.557000,-0.068000,-1.019000,29.374000,153.802000,10.534000,27.49
1.409011,0.633000,0.103000,-1.085000,51.725000,184.092000,16.748000,27.54
1.416099,0.653000,-0.160000,-1.012000,47.939000,221.817000,22.626000,27.49
1.427840,0.860000,-0.138000,-0.848000,56.137000,238.779000,22.153000,27.45
1.440630,0.867000,-0.251000,-0.776000,61.160000,239.069000,20.305000,27.45
1.446849,0.955000,-0.168000,-0.765000,68.137000,234.916000,19.420000,27.54
1.459157,1.027000,-0.297000,-0.939000,55.771000,209.802000,17.649000,27.49
1.467642,1.389000,-0.342000,-1.070000,40.901000,213.481000,12.534000,27.45
1.478224,1.064000,-0.062000,-1.049000,38.275000,180.901000,13.176000,27.45
1.490240,0.783000,0.122000,-1.270000,54.443000,177.603000,6.473000,27.49
1.497346,0.591000,0.278000,-1.512000,48.458000,109.237000,-2.183000,27.40
1.509633,0.448000,0.102000,-1.471000,32.305000,76.550000,-3.802000,27.54
1.516622,0.617000,0.144000,-1.511000,17.695000,29.267000,-4.198000,27.49
1.529092,0.245000,0.179000,-1.150000,17.206000,-5.863000,-3.038000,27.49
1.535776,0.204000,-0.001000,-1.029000,5.160000,-18.275000,-4.031000,27.54
1.547953,0.215000,-0.088000,-0.950000,-9.267000,-32.382000,-3.511000,27.45
1.559775,0.235000,-0.129000,-0.919000,-16.275000,-42.962000,-0.580000,27.59
1.566836,0.254000,-0.151000,-0.885000,-15.038000,-48.061000,2.718000,27.45
1.578879,0.246000,-0.143000,-0.815000,-14.489000,-57.115000,6.229000,27.45
1.585895,0.359000,-0.191000,-0.759000,-14.687000,-87.099000,9.313000,27.40
1.598002,0.341000,-0.141000,-0.806000,-11.542000,-69.191000,10.397000,27.45
1.610995,0.365000,-0.144000,-0.775000,-6.168000,-80.901000,12.198000,27.45
1.617055,0.405000,-0.111000,-0.795000,-17.298000,-85.099000,12.397000,27.45
1.629216,0.471000,-0.053000,-0.797000,-13.649000,-89.939000,11.023000,27.59
1.638543,0.547000,-0.020000,-0.848000,-10.962000,-91.679000,8.031000,27.45
1.648389,0.682000,0.028000,-0.935000,-7.634000,-99.313000,3.756000,27.54
1.660159,0.848000,0.111000,-0.997000,-4.550000,-106.565000,-1.298000,27.49
1.667567,0.890000,0.165000,-0.973000,-3.695000,-117.099000,-8.885000,27.49
1.679276,0.819000,0.205000,-0.884000,-2.641000,-127.847000,-18.779000,27.45
1.686347,0.757000,0.225000,-0.798000,-3.206000,-126.718000,-30.733000,27.40
1.698267,0.761000,0.232000,-0.773000,-4.641000,-119.542000,-42.153000,27.49
1.710156,0.778000,0.219000,-0.772000,-5.756000,-115.802000,-50.046000,27.45
1.717548,0.751000,0.198000,-0.787000,-9.160000,-112.000000,-54.092000,27.54
1.730693,0.713000,0.148000,-0.794000,-14.779000,-111.832000,-55.939000,27.40
1.735964,0.645000,0.102000,-0.780000,-25.908000,-111.740000,-57.344000,27.54
1.748083,0.579000,0.016000,-0.796000,-38.046000,-110.626000,-59.634000,27.54
1.759625,0.544000,-0.007000,-0.797000,-44.885000,-110.397000,-60.534000,27.59
1.766595,0.546000,-0.087000,-0.839000,-48.198000,-108.870000,-59.908000,27.45
1.778331,0.681000,-0.259000,-0.931000,-56.031000,-114.366000,-58.443000,27.54
1.790127,0.783000,-0.333000,-0.996000,-69.939000,-119.511000,-54.595000,27.45
1.797015,0.801000,-0.321000,-0.997000,-76.626000,-130.076000,-46.763000,27.49
1.809804,0.823000,-0.343000,-0.942000,-77.878000,-137.252000,-36.336000,27.45
1.820352,0.882000,-0.346000,-0.900000,-79.359000,-139.603000,-24.198000,27.45
1.827106,0.956000,-0.388000,-0.883000,-84.092000,-144.137000,-15.267000,27.49
1.839099,1.006000,-0.385000,-0.820000,-89.878000,-147.740000,-7.756000,27.49
1.845674,0.976000,-0.431000,-0.742000,-93.618000,-151.191000,-2.565000,27.54
1.864572,0.990000,-0.427000,-0.622000,-94.229000,-146.595000,0.183000,27.49
1.870072,1.056000,-0.470000,-0.482000,-89.725000,-137.344000,-1.099000,27.49
1.876921,1.189000,-0.499000,-0.325000,-79.634000,-124.168000,-6.702000,27.54
1.888664,1.473000,-0.565000,-0.162000,-70.107000,-113.160000,-13.679000,27.45
1.900378,1.650000,-0.584000,0.034000,-58.244000,-115.496000,-18.580000,27.40
1.907366,1.692000,-0.559000,0.305000,-43.740000,-117.450000,-17.313000,27.45
1.921864,1.691000,-0.710000,0.876000,-10.809000,-73.893000,-15.893000,27.45
1.926511,1.299000,-0.772000,1.401000,12.519000,-20.992000,0.947000,27.59
1.939097,1.910000,-1.150000,1.485000,1.740000,44.641000,-1.084000,27.45
1.945851,2.356000,-1.188000,2.291000,-0.092000,95.588000,12.290000,27.54
1.958276,0.077000,-0.506000,0.923000,9.252000,184.870000,30.840000,27.54
1.970346,1.531000,0.284000,-2.393000,-24.519000,197.008000,17.924000,27.40
1.977575,0.649000,0.796000,-1.562000,-3.038000,42.031000,68.031000,27.45
1.989471,0.335000,0.324000,-0.384000,-6.840000,122.046000,47.527000,27.45
1.996331,2.072000,0.305000,-1.224000,27.771000,162.519000,-15.710000,27.49
2.008380,1.756000,-0.096000,-0.931000,45.359000,92.122000,-0.397000,27.40
2.020300,0.811000,-0.526000,-0.854000,20.305000,93.618000,13.985000,27.54
2.027369,0.518000,-0.336000,-0.853000,-5.023000,79.649000,13.191000,27.40
2.039902,0.693000,0.354000,-0.822000,5.786000,81.969000,9.053000,27.59
2.047011,1.263000,0.312000,-0.705000,36.061000,60.031000,8.046000,27.54
2.059052,0.901000,-0.307000,-0.680000,49.618000,51.130000,16.489000,27.45
2.066389,0.840000,-0.325000,-0.913000,41.298000,43.145000,20.855000,27.59
2.078326,0.786000,0.055000,-0.826000,38.962000,24.947000,21.985000,27.49
2.085472,0.760000,0.055000,-0.780000,50.260000,22.198000,24.122000,27.54
2.097689,0.814000,-0.177000,-0.809000,49.466000,24.107000,22.855000,27.49
2.109877,0.776000,-0.224000,-0.838000,44.656000,18.611000,18.916000,27.54
2.117010,0.801000,-0.120000,-0.838000,33.282000,12.290000,15.511000,27.54
2.129157,0.816000,-0.193000,-0.828000,24.901000,10.519000,11.038000,27.54
2.136326,0.660000,-0.159000,-0.821000,20.687000,12.824000,6.153000,27.40
2.148225,0.622000,-0.178000,-0.763000,7.679000,13.924000,1.695000,27.54
2.155511,0.633000,-0.103000,-0.795000,3.374000,16.412000,-1.099000,27.54
2.167947,0.671000,-0.123000,-0.770000,1.725000,16.122000,-1.389000,27.49
2.180293,0.669000,-0.117000,-0.741000,1.756000,16.046000,-1.695000,27.45
2.187284,0.708000,-0.088000,-0.721000,-1.176000,15.725000,-1.588000,27.45
2.199656,0.701000,-0.094000,-0.732000,-1.863000,14.733000,-0.855000,27.49
2.206792,0.692000,-0.082000,-0.701000,-2.763000,14.153000,-0.382000,27.59
2.218555,0.673000,-0.078000,-0.729000,-3.115000,14.595000,-0.214000,27.54
2.225618,0.667000,-0.088000,-0.720000,-2.656000,14.779000,-0.626000,27.59
2.237820,0.635000,-0.065000,-0.720000,-2.672000,14.794000,-0.336000,27.49
2.249980,0.638000,-0.073000,-0.745000,-2.611000,15.527000,0.565000,27.45
2.258565,0.637000,-0.051000,-0.751000,-1.969000,15.924000,1.649000,27.45
2.269774,0.625000,-0.100000,-0.755000,-1.969000,18.504000,1.252000,27.49
2.276169,0.694000,-0.107000,-0.701000,-1.389000,21.527000,-0.992000,27.45
2.288556,0.645000,-0.081000,-0.729000,-2.031000,21.069000,-2.626000,27.54
2.295438,0.714000,-0.099000,-0.700000,-2.824000,23.069000,-2.504000,27.49
2.307621,0.710000,-0.101000,-0.668000,-2.626000,19.985000,-1.160000,27.49
2.319935,0.716000,-0.067000,-0.660000,-3.405000,16.260000,0.473000,27.45
2.326956,0.729000,-0.062000,-0.654000,-2.611000,11.969000,2.214000,27.45
2.339541,0.726000,-0.070000,-0.681000,-1.756000,9.420000,2.809000,27.59
2.346674,0.703000,-0.103000,-0.693000,-1.588000,7.405000,2.641000,27.54
2.359312,0.706000,-0.084000,-0.702000,-1.511000,6.321000,2.916000,27.54
2.366119,0.677000,-0.087000,-0.724000,-0.870000,6.061000,3.053000,27.49
2.378758,0.677000,-0.080000,-0.685000,-0.870000,6.305000,3.130000,27.49
2.385643,0.677000,-0.107000,-0.698000,-0.855000,6.916000,3.130000,27.45
2.400942,0.697000,-0.090000,-0.697000,-0.076000,6.840000,2.489000,27.49
2.410465,0.670000,-0.065000,-0.689000,0.947000,5.664000,3.008000,27.49
2.417918,0.720000,-0.099000,-0.693000,1.908000,4.885000,3.817000,27.45
2.430255,0.665000,-0.045000,-0.731000,2.580000,6.305000,5.542000,27.54
2.437330,0.707000,-0.035000,-0.712000,4.366000,8.031000,8.427000,27.49
2.449614,0.701000,-0.085000,-0.697000,5.221000,9.252000,10.290000,27.45
2.456850,0.716000,-0.082000,-0.700000,4.779000,10.931000,11.740000,27.54
2.469173,0.737000,-0.122000,-0.699000,5.069000,9.710000,12.794000,27.59
2.476132,0.703000,-0.089000,-0.684000,5.099000,11.328000,11.832000,27.49
2.488403,0.606000,0.019000,-0.728000,5.405000,15.145000,13.069000,27.45
2.495401,0.605000,-0.068000,-0.899000,5.176000,26.763000,18.489000,27.49
2.508018,0.623000,-0.026000,-0.912000,7.252000,44.595000,22.153000,27.45
2.520106,0.528000,-0.170000,-1.065000,26.550000,75.786000,25.221000,27.45
2.526939,0.601000,-0.105000,-1.035000,17.328000,102.397000,23.878000,27.45
2.539323,0.699000,-0.206000,-0.983000,23.954000,128.366000,20.489000,27.49
2.545966,0.685000,-0.150000,-1.027000,34.641000,157.252000,19.511000,27.45
2.558528,0.616000,-0.177000,-1.061000,34.321000,184.656000,19.130000,27.45
2.570651,0.808000,-0.031000,-1.041000,41.588000,201.740000,18.489000,27.49
2.577325,0.881000,-0.057000,-1.050000,48.641000,209.282000,22.321000,27.49
2.589435,0.959000,-0.101000,-1.004000,54.489000,226.595000,24.122000,27.54
2.596225,1.014000,-0.180000,-1.054000,51.725000,229.786000,24.489000,27.49
2.608325,1.082000,-0.242000,-0.902000,30.580000,203.359000,30.870000,27.40
2.620293,0.960000,0.213000,-0.823000,39.634000,186.519000,30.397000,27.45
2.627576,0.578000,0.377000,-1.491000,47.954000,150.840000,23.008000,27.54
2.639919,-0.161000,0.597000,-1.758000,41.954000,83.573000,12.901000,27.59
2.646849,-0.418000,0.370000,-1.806000,19.053000,37.008000,9.756000,27.54
2.658887,-0.241000,0.422000,-1.873000,-15.527000,-18.198000,12.031000,27.45
2.666184,-0.460000,0.441000,-1.641000,-31.649000,-48.489000,17.786000,27.49
2.678007,-0.336000,0.315000,-1.556000,-49.847000,-73.237000,20.931000,27.54
2.690066,-0.140000,0.310000,-1.489000,-67.664000,-101.191000,21.954000,27.54
2.696707,0.015000,0.299000,-1.403000,-76.168000,-125.817000,20.015000,27.49
2.708638,0.140000,0.285000,-1.295000,-80.641000,-144.641000,14.290000,27.49
2.714323,0.259000,0.249000,-1.213000,-81.939000,-153.328000,4.427000,27.54
2.727799,0.387000,0.231000,-1.161000,-80.076000,-152.947000,-7.496000,27.64
2.739657,0.500000,0.241000,-1.110000,-75.527000,-153.160000,-20.305000,27.40
2.746141,0.613000,0.215000,-1.045000,-67.328000,-147.542000,-33.130000,27.45
2.758178,0.663000,0.210000,-1.005000,-58.260000,-142.214000,-45.313000,27.45
2.770257,0.714000,0.168000,-0.974000,-50.748000,-131.634000,-54.489000,27.49
2.776952,0.830000,0.126000,-0.953000,-38.519000,-114.107000,-62.198000,27.45
2.789056,1.108000,0.049000,-1.088000,-37.191000,-101.496000,-68.718000,27.45
2.795789,1.363000,0.011000,-1.134000,-40.977000,-109.710000,-74.565000,27.49
2.807860,1.529000,0.057000,-1.167000,-40.260000,-126.611000,-79.756000,27.49
2.819871,1.637000,0.105000,-1.072000,-32.290000,-154.916000,-87.435000,27.54
2.826310,1.747000,-0.067000,-0.884000,-13.756000,-181.756000,-94.290000,27.49
2.838099,1.205000,-0.386000,0.255000,40.336000,-165.450000,-66.351000,27.49
2.850295,1.584000,-1.047000,0.508000,45.817000,-117.252000,-56.412000,27.54
2.857464,1.825000,-1.394000,0.502000,3.756000,-63.908000,-69.374000,27.45
2.869287,2.088000,-1.169000,0.825000,-21.328000,-67.939000,-67.908000,27.49
2.876358,1.867000,-1.057000,1.234000,-11.527000,-59.969000,-45.038000,27.45
2.888548,1.680000,-1.289000,1.522000,9.221000,-42.794000,-23.420000,27.45
2.900479,1.799000,-1.525000,1.930000,10.168000,0.824000,-0.672000,27.49
2.908093,2.209000,-1.920000,2.729000,7.618000,63.038000,32.061000,27.54
2.919898,1.168000,-1.133000,1.239000,-40.427000,181.496000,27.832000,27.54
2.927024,3.227000,0.586000,-1.972000,-49.573000,100.092000,3.069000,27.49
2.939306,1.314000,2.051000,-0.809000,22.168000,-77.221000,25.511000,27.49
2.946522,-0.240000,0.528000,-0.255000,55.573000,37.466000,45.176000,27.45
2.958547,0.952000,-0.821000,-1.374000,62.885000,26.672000,27.802000,27.54
2.970789,0.959000,-1.115000,-0.886000,42.580000,11.802000,38.153000,27.49
2.977919,0.912000,0.294000,-0.846000,33.069000,0.901000,12.977000,27.45
2.990042,0.688000,-0.297000,-0.856000,31.786000,-10.214000,18.336000,27.54
2.996966,0.895000,-0.403000,-0.819000,12.122000,-34.519000,9.893000,27.59
3.009180,0.697000,-0.260000,-0.830000,-1.206000,-51.771000,0.015000,27.45
3.015865,0.632000,-0.141000,-0.836000,-18.275000,-28.855000,-5.237000,27.54
3.028313,0.722000,0.035000,-0.761000,-6.000000,5.527000,-8.489000,27.49
3.040714,0.737000,-0.027000,-0.699000,3.206000,5.282000,-6.443000,27.59
3.048104,0.695000,0.077000,-0.753000,9.786000,4.534000,0.107000,27.45
3.060007,0.644000,-0.025000,-0.758000,9.588000,18.244000,4.809000,27.40
3.067188,0.653000,-0.106000,-0.738000,8.015000,18.275000,4.626000,27.40
3.079364,0.647000,-0.141000,-0.770000,7.771000,16.763000,3.084000,27.54
3.086723,0.661000,-0.143000,-0.763000,4.672000,15.802000,1.969000,27.49
3.099009,0.647000,-0.109000,-0.753000,1.145000,20.916000,2.076000,27.49
3.106438,0.682000,-0.112000,-0.723000,2.260000,23.588000,2.336000,27.45
3.118509,0.660000,-0.108000,-0.716000,0.870000,22.580000,2.275000,27.54
3.125896,0.682000,-0.105000,-0.713000,2.427000,13.389000,2.580000,27.49
3.138072,0.667000,-0.082000,-0.706000,-0.229000,13.023000,3.466000,27.45
3.150049,0.652000,-0.081000,-0.712000,-1.908000,15.008000,4.473000,27.45
3.157672,0.665000,-0.115000,-0.712000,-0.473000,11.618000,4.763000,27.40
3.169735,0.651000,-0.097000,-0.718000,-0.565000,8.672000,5.313000,27.49
3.176959,0.659000,-0.086000,-0.719000,-0.366000,6.061000,6.565000,27.54
3.189507,0.656000,-0.096000,-0.729000,-1.145000,4.489000,7.252000,27.54
3.196540,0.663000,-0.094000,-0.714000,-0.366000,0.092000,8.000000,27.49
3.209239,0.669000,-0.097000,-0.711000,0.366000,-3.008000,8.519000,27.54
3.216562,0.684000,-0.084000,-0.715000,-0.473000,-4.305000,8.962000,27.45
3.228412,0.672000,-0.075000,-0.720000,0.382000,-3.344000,9.710000,27.49
3.240388,0.647000,-0.057000,-0.739000,1.511000,-2.962000,11.008000,27.40
3.247567,0.703000,-0.104000,-0.735000,2.244000,-1.832000,11.649000,27.45
3.262766,0.699000,-0.125000,-0.689000,-2.931000,-15.634000,13.374000,27.49
3.266706,0.659000,-0.149000,-0.791000,-4.534000,32.550000,11.695000,27.49
3.278669,0.638000,-0.112000,-0.761000,-3.802000,22.824000,13.053000,27.54
3.285960,0.616000,-0.090000,-0.821000,-3.176000,33.771000,14.595000,27.45
3.298122,0.574000,-0.065000,-0.858000,-11.420000,52.916000,18.229000,27.49
3.312625,0.625000,-0.114000,-0.809000,-5.466000,52.473000,17.588000,27.45
3.317311,0.618000,-0.039000,-0.827000,-9.053000,58.244000,19.618000,27.45
3.329468,0.573000,0.160000,-0.940000,-1.267000,71.954000,27.389000,27.49
3.336486,0.619000,-0.038000,-0.963000,15.664000,89.664000,32.763000,27.54
3.348640,0.615000,-0.145000,-0.950000,16.275000,109.893000,35.649000,27.54
3.354520,0.711000,-0.077000,-0.921000,13.740000,130.183000,38.260000,27.49
3.367692,0.716000,-0.022000,-0.983000,19.511000,143.954000,43.573000,27.45
3.379473,0.790000,0.016000,-0.952000,26.031000,146.443000,47.603000,27.54
3.386494,0.761000,-0.004000,-0.928000,32.519000,152.779000,52.962000,27.40
3.398618,0.716000,-0.035000,-0.906000,31.863000,159.344000,58.183000,27.49
3.405738,0.591000,0.285000,-1.334000,33.695000,153.008000,51.328000,27.54
3.417945,0.197000,0.416000,-1.686000,32.702000,114.580000,39.206000,27.45
3.430289,-0.094000,0.447000,-1.819000,-9.527000,97.985000,21.221000,27.49
3.437120,-0.204000,0.530000,-1.691000,-8.626000,38.519000,9.389000,27.54
3.449502,-0.249000,0.528000,-1.697000,9.481000,29.878000,-0.656000,27.45
3.457269,-0.188000,0.436000,-1.673000,1.405000,-19.008000,-0.427000,27.49
3.468379,-0.156000,0.340000,-1.602000,-11.756000,-41.878000,1.053000,27.54
3.475388,-0.062000,0.286000,-1.509000,-31.176000,-44.183000,1.863000,27.54
3.487656,0.092000,0.241000,-1.370000,-38.015000,-60.412000,3.359000,27.49
3.499781,0.213000,0.192000,-1.254000,-40.855000,-70.870000,3.191000,27.59
3.507234,0.371000,0.072000,-1.195000,-48.412000,-77.511000,-0.733000,27.54
3.518933,0.607000,0.057000,-1.044000,-52.748000,-85.511000,-9.679000,27.59
3.525617,0.686000,0.083000,-0.931000,-46.672000,-82.718000,-17.557000,27.49
3.537651,0.820000,0.006000,-0.921000,-35.450000,-83.481000,-22.687000,27.45
3.549639,0.760000,0.071000,-0.881000,-24.382000,-82.992000,-26.000000,27.54
3.556458,0.722000,0.042000,-0.888000,-15.053000,-78.656000,-31.557000,27.49
3.568677,0.682000,0.066000,-0.888000,-12.885000,-78.168000,-37.328000,27.54
3.574537,0.755000,-0.003000,-0.941000,-22.504000,-79.817000,-43.969000,27.45
3.587660,0.851000,0.011000,-0.931000,-26.397000,-87.115000,-52.809000,27.49
3.599611,0.829000,0.073000,-0.907000,-21.160000,-93.817000,-60.061000,27.35
3.606352,0.770000,0.054000,-0.842000,-12.031000,-96.137000,-66.519000,27.54
3.618678,0.756000,0.001000,-0.836000,-6.855000,-92.656000,-73.298000,27.49
3.630670,0.804000,-0.053000,-0.840000,-4.977000,-88.947000,-79.695000,27.49
3.637340,0.851000,-0.027000,-0.866000,-3.618000,-91.008000,-82.443000,27.54
3.651103,0.841000,-0.032000,-0.845000,-1.374000,-93.023000,-81.618000,27.40
3.656314,0.784000,-0.076000,-0.783000,-1.557000,-93.618000,-79.756000,27.40
3.668522,0.712000,-0.102000,-0.753000,-4.550000,-86.947000,-76.015000,27.54
3.680428,0.589000,-0.146000,-0.366000,11.405000,-67.298000,-60.458000,27.54
3.687224,0.811000,-0.464000,-0.502000,9.588000,-37.115000,-56.275000,27.49
3.700285,1.020000,-0.586000,-0.663000,-18.748000,-24.962000,-55.664000,27.49
3.706168,1.245000,-0.528000,-0.759000,-40.443000,-39.542000,-51.176000,27.45
3.718083,1.320000,-0.419000,-0.754000,-48.336000,-63.298000,-37.344000,27.40
3.729795,1.222000,-0.440000,-0.624000,-43.695000,-89.756000,-20.809000,27.49
3.736811,1.024000,-0.541000,-0.459000,-46.305000,-103.832000,-7.405000,27.45
3.748897,0.896000,-0.576000,-0.268000,-54.031000,-98.244000,1.588000,27.54
3.755765,0.886000,-0.562000,-0.130000,-58.229000,-82.672000,8.534000,27.49
3.767643,0.982000,-0.555000,-0.049000,-58.183000,-67.145000,11.496000,27.45
3.779872,1.037000,-0.549000,0.115000,-50.122000,-54.412000,12.015000,27.45
3.786981,0.995000,-0.540000,0.232000,-37.252000,-36.275000,10.718000,27.49
3.799062,1.219000,-0.667000,0.289000,-32.122000,-13.405000,4.214000,27.40
3.806273,1.336000,-0.681000,0.658000,-18.061000,-0.198000,2.443000,27.54
3.818443,1.609000,-0.759000,1.106000,-6.183000,33.328000,5.252000,27.49
3.830686,1.828000,-0.887000,1.777000,2.641000,85.466000,19.069000,27.54
3.837814,1.376000,-0.583000,2.131000,23.939000,157.023000,52.992000,27.45
3.849867,2.240000,0.241000,-2.027000,-11.786000,219.099000,6.076000,27.54
3.857029,2.022000,1.103000,-1.391000,17.725000,21.847000,14.916000,27.40
3.869153,0.427000,0.189000,-0.383000,27.466000,65.557000,20.397000,27.54
3.876636,0.860000,-0.554000,-1.140000,35.221000,92.824000,-1.420000,27.45
3.888458,1.629000,-0.674000,-1.066000,32.397000,76.855000,31.481000,27.49
3.900443,1.312000,-0.014000,-0.701000,27.802000,56.977000,27.969000,27.59
3.907764,0.867000,0.022000,-0.849000,37.863000,22.076000,21.817000,27.45
3.919889,0.827000,-0.251000,-0.861000,30.122000,-0.168000,30.260000,27.49
3.927108,0.838000,-0.075000,-0.790000,28.840000,-2.672000,25.084000,27.40
3.939226,0.822000,-0.043000,-0.820000,31.908000,3.252000,19.908000,27.45
3.946172,0.824000,-0.107000,-0.827000,28.656000,1.710000,19.710000,27.54
3.958682,0.759000,-0.093000,-0.825000,23.359000,1.313000,15.252000,27.59
3.964539,0.709000,-0.147000,-0.832000,15.069000,2.992000,12.000000,27.45
3.977986,0.677000,-0.109000,-0.810000,11.389000,6.031000,9.023000,27.54
3.990415,0.656000,-0.076000,-0.781000,10.137000,8.458000,7.450000,27.40
3.997627,0.650000,-0.089000,-0.766000,7.542000,9.695000,6.840000,27.45
4.009818,0.665000,-0.107000,-0.765000,4.962000,6.672000,5.893000,27.45
4.017293,0.672000,-0.115000,-0.759000,1.664000,5.832000,4.427000,27.40
4.029677,0.656000,-0.104000,-0.751000,-0.397000,6.046000,3.664000,27.49
4.036744,0.639000,-0.083000,-0.751000,-0.504000,5.618000,3.756000,27.45
4.049102,0.608000,-0.052000,-0.723000,1.435000,2.885000,5.145000,27.45
4.056503,0.604000,-0.019000,-0.714000,3.359000,3.649000,5.969000,27.59
4.068842,0.615000,-0.058000,-0.740000,5.053000,2.107000,6.672000,27.35
4.076083,0.625000,-0.058000,-0.726000,6.198000,0.351000,7.527000,27.45
4.088577,0.623000,-0.058000,-0.718000,8.824000,-1.252000,8.916000,27.49
4.100410,0.633000,-0.064000,-0.734000,10.656000,-2.366000,10.382000,27.59
4.107952,0.632000,-0.078000,-0.732000,11.328000,-3.069000,11.053000,27.45
4.119845,0.631000,-0.076000,-0.746000,11.908000,-4.718000,11.344000,27.45
4.127065,0.627000,-0.060000,-0.752000,12.977000,-4.748000,11.649000,27.59
4.138778,0.618000,-0.062000,-0.749000,14.366000,-3.954000,12.076000,27.45
4.146414,0.627000,-0.057000,-0.766000,15.695000,-1.313000,12.244000,27.54
4.158178,0.627000,-0.082000,-0.776000,16.412000,1.221000,11.511000,27.49
4.170649,0.651000,-0.111000,-0.787000,15.313000,5.450000,9.924000,27.45
4.177813,0.659000,-0.117000,-0.791000,12.611000,8.947000,8.672000,27.45
4.190271,0.635000,-0.089000,-0.789000,10.351000,13.542000,7.969000,27.49
4.197265,0.587000,-0.096000,-0.795000,9.374000,18.427000,8.824000,27.49
4.209603,0.607000,-0.101000,-0.784000,8.656000,23.634000,9.374000,27.45
4.217035,0.595000,-0.094000,-0.818000,7.237000,30.855000,9.634000,27.54
4.229096,0.534000,-0.062000,-0.862000,7.725000,40.473000,10.901000,27.49
4.236018,0.533000,-0.124000,-0.892000,2.641000,53.084000,10.885000,27.54
4.250167,0.507000,0.005000,-0.879000,-0.443000,63.496000,14.885000,27.54
4.260371,0.512000,-0.039000,-0.906000,1.023000,75.221000,14.504000,27.49
4.267862,0.557000,0.005000,-0.948000,-0.244000,88.687000,21.817000,27.49
4.279869,0.561000,0.140000,-0.991000,-8.366000,105.053000,33.893000,27.45
4.286849,0.709000,0.001000,-1.044000,-11.008000,127.313000,49.740000,27.49
4.299139,0.729000,0.306000,-1.130000,-11.298000,139.481000,58.580000,27.40
4.306193,0.543000,0.537000,-1.397000,0.244000,136.412000,62.916000,27.45
4.318291,0.192000,0.668000,-1.560000,15.618000,108.137000,51.053000,27.54
4.330325,-0.084000,0.845000,-1.611000,20.260000,82.092000,19.786000,27.49
4.337458,-0.128000,0.880000,-1.636000,24.046000,55.359000,-11.115000,27.45
4.349472,-0.189000,0.760000,-1.688000,32.718000,20.595000,-36.947000,27.54
4.356613,-0.170000,0.594000,-1.582000,25.603000,-3.969000,-51.786000,27.59
4.368605,-0.150000,0.370000,-1.507000,13.618000,-24.473000,-51.954000,27.59
4.380463,-0.074000,0.228000,-1.406000,2.046000,-33.099000,-42.687000,27.45
4.387085,0.106000,0.074000,-1.384000,-10.687000,-41.527000,-26.519000,27.40
4.399147,0.292000,0.021000,-1.261000,-12.305000,-54.122000,-10.198000,27.54
4.406026,0.392000,-0.021000,-1.035000,-20.351000,-53.466000,2.412000,27.45
4.418165,0.518000,-0.037000,-0.942000,-25.664000,-48.198000,8.122000,27.54
4.430244,0.637000,-0.065000,-0.884000,-30.840000,-42.916000,9.313000,27.49
4.437257,0.681000,-0.034000,-0.820000,-29.603000,-41.176000,8.122000,27.45
4.449130,0.701000,-0.014000,-0.811000,-25.359000,-37.145000,5.176000,27.45
4.456374,0.694000,0.006000,-0.773000,-23.206000,-36.550000,0.443000,27.49
4.468201,0.701000,-0.000000,-0.790000,-19.786000,-36.718000,-5.038000,27.49
4.480435,0.771000,-0.025000,-0.773000,-16.550000,-36.840000,-8.779000,27.45
4.486964,0.774000,-0.018000,-0.690000,-12.031000,-33.954000,-12.763000,27.49
4.499065,0.824000,-0.114000,-0.645000,-12.382000,-32.122000,-18.260000,27.49
4.506076,0.991000,-0.159000,-0.170000,10.107000,-23.832000,-23.282000,27.45
4.518052,1.343000,-0.438000,-0.055000,28.840000,-4.137000,-32.305000,27.45
4.530427,1.219000,-0.472000,-0.161000,30.901000,2.794000,-39.053000,27.49
4.537439,0.958000,-0.357000,-0.365000,30.198000,5.389000,-40.015000,27.54
4.549294,0.800000,-0.311000,-0.584000,20.473000,12.137000,-34.137000,27.45
4.556515,0.700000,-0.211000,-0.804000,4.748000,11.359000,-27.924000,27.49
4.568547,0.531000,-0.063000,-0.922000,-11.740000,10.321000,-23.847000,27.45
4.580758,0.484000,0.094000,-1.016000,-22.427000,2.611000,-23.557000,27.35
4.587706,0.469000,0.142000,-1.109000,-29.496000,-8.137000,-27.527000,27.54
4.599694,0.423000,0.192000,-1.177000,-34.611000,-22.565000,-35.557000,27.49
4.606671,0.392000,0.193000,-1.210000,-38.489000,-35.450000,-44.260000,27.45
4.618482,0.499000,0.192000,-1.146000,-30.626000,-44.672000,-45.237000,27.64
4.630626,0.445000,0.043000,-0.988000,-22.015000,-45.954000,-43.069000,27.49
4.637524,0.680000,-0.163000,-0.927000,-25.481000,-47.893000,-39.679000,27.45
4.649265,0.830000,-0.283000,-0.988000,-36.901000,-49.405000,-35.008000,27.45
4.656384,0.889000,-0.386000,-0.984000,-46.504000,-73.435000,-28.076000,27.49
4.668043,0.783000,-0.356000,-0.723000,-41.908000,-86.992000,-16.046000,27.40
4.681639,0.677000,-0.476000,-0.418000,-28.504000,-93.511000,-5.740000,27.45
4.687196,0.831000,-0.761000,0.055000,-9.954000,-79.710000,-2.000000,27.45
4.699332,1.353000,-1.224000,0.750000,4.992000,-46.076000,-5.221000,27.40
4.706710,2.036000,-1.467000,2.070000,20.916000,-3.618000,-23.298000,27.54
4.718605,3.000000,-1.768000,3.221000,49.191000,94.824000,-35.344000,27.54
4.730848,3.796000,-2.159000,4.000000,45.679000,191.374000,-47.649000,27.49
4.737582,4.000000,-0.023000,-1.442000,51.863000,95.084000,7.908000,27.54
4.749595,-0.103000,0.191000,-0.718000,26.107000,-147.282000,34.885000,27.45
4.756405,-1.096000,0.747000,-0.750000,36.427000,-22.611000,52.901000,27.49
4.768586,0.995000,-0.314000,-1.382000,52.824000,-7.008000,31.389000,27.49
4.776009,1.230000,-1.258000,-0.905000,29.496000,-0.534000,24.336000,27.54
4.788384,0.622000,0.066000,-0.949000,23.557000,-4.412000,6.092000,27.45
4.800438,0.559000,-0.082000,-0.870000,27.878000,13.313000,5.008000,27.40
4.807516,0.834000,-0.280000,-0.831000,7.344000,22.336000,-0.565000,27.45
4.819557,0.774000,-0.146000,-0.728000,-4.885000,19.450000,-5.496000,27.45
4.826535,0.678000,0.042000,-0.723000,-5.282000,2.351000,-2.107000,27.49
4.846652,0.719000,0.009000,-0.742000,-1.496000,3.664000,-1.160000,27.40
4.848423,0.674000,-0.009000,-0.745000,-2.061000,-1.389000,0.595000,27.45
4.858714,0.624000,0.042000,-0.736000,2.015000,-2.977000,4.412000,27.49
4.865867,0.616000,-0.062000,-0.757000,-0.412000,8.137000,6.519000,27.49
4.878853,0.628000,-0.068000,-0.737000,2.702000,8.382000,7.130000,27.54
4.890592,0.750000,0.132000,-0.642000,10.595000,-23.740000,9.420000,27.45
4.897558,0.683000,-0.094000,-0.647000,6.061000,-36.046000,10.672000,27.49
4.909931,0.712000,-0.250000,-0.768000,4.702000,15.893000,4.244000,27.45
4.917137,0.655000,-0.091000,-0.712000,1.924000,11.664000,2.305000,27.35
4.929517,0.672000,-0.098000,-0.696000,1.374000,15.878000,2.107000,27.40
4.936693,0.641000,-0.100000,-0.722000,1.084000,10.336000,2.901000,27.49
4.949114,0.637000,-0.039000,-0.727000,2.122000,9.954000,5.405000,27.45
4.956468,0.664000,-0.063000,-0.720000,2.718000,6.290000,8.290000,27.49
4.968541,0.677000,-0.115000,-0.708000,-18.763000,17.695000,13.069000,27.45
4.980705,0.667000,-0.025000,-0.776000,7.420000,19.786000,10.031000,27.45
4.987816,0.582000,0.056000,-0.839000,15.481000,-0.244000,14.275000,27.49
4.999871,0.593000,0.018000,-0.861000,11.817000,16.840000,19.221000,27.40
5.007117,0.617000,-0.090000,-0.830000,9.527000,31.084000,19.588000,27.54
5.019428,0.588000,-0.213000,-0.880000,4.534000,46.595000,17.573000,27.45
5.026643,0.539000,-0.297000,-0.967000,-0.550000,64.809000,8.931000,27.40
5.038820,0.441000,-0.091000,-1.164000,-11.771000,89.710000,6.565000,27.45
5.044687,0.390000,0.391000,-1.332000,15.481000,133.771000,23.878000,27.45
5.058764,0.456000,-0.155000,-1.291000,24.183000,228.473000,25.176000,27.40
5.069934,0.683000,0.195000,-1.156000,25.389000,166.687000,40.427000,27.49
5.076876,0.891000,0.059000,-1.251000,46.809000,221.115000,44.794000,27.54
5.089077,0.545000,0.143000,-1.114000,46.382000,215.969000,46.748000,27.49
5.095669,0.323000,0.699000,-1.875000,55.191000,184.137000,29.130000,27.49
5.108767,-0.288000,0.882000,-2.195000,51.191000,113.298000,5.725000,27.45
5.120419,-0.666000,0.966000,-2.273000,29.328000,69.160000,-24.855000,27.45
5.128718,-0.837000,0.995000,-2.245000,24.229000,7.618000,-48.870000,27.40
5.139401,-0.816000,0.768000,-2.315000,10.672000,-46.412000,-58.305000,27.45
5.146350,-0.698000,0.485000,-2.255000,-11.435000,-84.550000,-55.237000,27.45
5.158782,-0.523000,0.330000,-2.125000,-26.992000,-112.656000,-44.031000,27.49
5.169941,-0.262000,0.223000,-1.956000,-38.260000,-141.893000,-30.748000,27.49
5.176467,0.033000,0.159000,-1.822000,-52.916000,-150.580000,-23.099000,27.45
5.188657,0.351000,0.201000,-1.660000,-58.885000,-158.840000,-24.656000,27.45
5.200396,0.394000,0.358000,-1.379000,-49.817000,-153.206000,-24.687000,27.49
5.207395,0.571000,0.186000,-1.354000,-46.458000,-139.252000,-27.802000,27.35
5.221328,0.756000,0.110000,-1.293000,-56.977000,-118.107000,-38.107000,27.45
5.226170,1.386000,0.085000,-1.254000,-67.618000,-115.160000,-39.252000,27.40
5.238190,1.775000,0.024000,-1.157000,-50.137000,-102.626000,-36.748000,27.45
5.251253,1.449000,-0.151000,-0.095000,-25.878000,-122.779000,-24.290000,27.45
5.258002,2.058000,-0.957000,-0.170000,-54.260000,-89.282000,-37.206000,27.49
5.268300,2.342000,-0.995000,-0.016000,-59.145000,-96.916000,-60.672000,27.49
5.280444,1.938000,-0.728000,0.495000,-55.374000,-119.115000,-56.931000,27.54
5.287430,1.781000,-0.918000,1.026000,-30.076000,-123.832000,-50.824000,27.49
5.299170,1.752000,-1.099000,1.443000,-2.107000,-112.824000,-46.809000,27.40
5.306608,1.885000,-1.268000,2.031000,7.237000,-70.550000,-38.962000,27.54
5.319251,2.164000,-1.341000,2.789000,28.489000,-6.519000,-20.489000,27.45
5.330561,2.594000,-1.808000,3.776000,53.649000,82.931000,11.603000,27.40
5.337407,1.390000,-0.940000,0.594000,21.603000,199.053000,-7.359000,27.54
5.349582,3.293000,-0.144000,-2.471000,11.359000,80.504000,10.137000,27.45
5.358760,0.756000,0.958000,-0.887000,18.504000,-8.122000,52.534000,27.40
5.370572,0.654000,0.370000,-0.592000,36.122000,70.031000,30.779000,27.45
5.378571,1.179000,-0.698000,-1.205000,71.160000,36.809000,24.931000,27.54
5.388421,0.790000,-0.787000,-0.924000,46.595000,27.939000,39.420000,27.49
5.400414,1.007000,0.246000,-0.855000,43.634000,10.107000,17.740000,27.49
5.407606,0.776000,-0.283000,-0.855000,33.954000,-0.550000,18.840000,27.45
5.419625,0.787000,-0.218000,-0.909000,22.977000,-31.893000,13.282000,27.45
5.426904,0.755000,-0.100000,-0.780000,16.885000,-39.130000,8.702000,27.49
5.447240,0.722000,-0.240000,-0.798000,-6.427000,-38.183000,4.580000,27.40
5.448990,0.581000,0.066000,-0.949000,-3.008000,83.618000,-5.374000,27.54
5.458291,0.652000,-0.052000,-0.818000,-3.466000,-2.626000,1.328000,27.49
5.471119,0.654000,-0.057000,-0.769000,9.267000,22.611000,0.855000,27.49
5.481642,0.594000,-0.093000,-0.877000,-0.031000,21.542000,1.466000,27.54
5.490247,0.601000,-0.046000,-0.698000,10.366000,21.252000,1.908000,27.54
5.497173,0.648000,-0.125000,-0.803000,0.824000,20.550000,1.634000,27.49
5.515871,0.627000,-0.105000,-0.763000,3.679000,25.145000,1.344000,27.45
5.517530,0.667000,-0.134000,-0.744000,2.565000,23.542000,0.412000,27.45
5.529256,0.656000,-0.128000,-0.746000,3.298000,18.137000,0.321000,27.40
5.536404,0.660000,-0.079000,-0.718000,4.947000,15.237000,1.786000,27.54
5.549078,0.666000,-0.083000,-0.717000,4.626000,13.557000,3.695000,27.45
5.556197,0.673000,-0.087000,-0.699000,4.427000,8.534000,4.626000,27.49
5.568286,0.644000,-0.091000,-0.715000,5.374000,4.244000,4.794000,27.49
5.584300,0.672000,-0.127000,-0.723000,4.412000,4.504000,4.519000,27.45
5.587985,0.657000,-0.123000,-0.721000,1.954000,5.221000,4.076000,27.45
5.600492,0.674000,-0.132000,-0.722000,1.542000,3.267000,3.603000,27.40
5.607355,0.656000,-0.103000,-0.720000,2.122000,-1.115000,3.878000,27.45
5.619834,0.652000,-0.075000,-0.728000,2.916000,-4.855000,4.489000,27.45
5.627067,0.631000,-0.080000,-0.746000,2.305000,-5.771000,5.985000,27.49
5.639627,0.630000,-0.074000,-0.764000,-1.878000,0.901000,7.389000,27.49
5.646615,0.642000,-0.104000,-0.771000,-1.237000,2.809000,7.786000,27.45
5.659065,0.564000,-0.130000,-0.969000,-1.817000,55.023000,7.115000,27.49
5.666944,0.589000,-0.061000,-0.765000,-4.901000,-17.221000,12.855000,27.49
5.678050,0.579000,-0.056000,-0.801000,-0.092000,29.481000,10.611000,27.45
5.690288,0.580000,-0.083000,-0.821000,-7.618000,34.443000,13.405000,27.40
5.697287,0.635000,-0.161000,-0.808000,-6.168000,44.260000,14.809000,27.40
5.709375,0.641000,-0.151000,-0.736000,-4.229000,42.443000,12.870000,27.45
5.716407,0.547000,-0.083000,-0.893000,-3.145000,51.954000,12.763000,27.45
5.728660,0.604000,-0.129000,-0.872000,-0.779000,74.641000,15.145000,27.40
5.740546,0.661000,-0.035000,-0.843000,-6.137000,82.977000,15.557000,27.45
5.747900,0.628000,-0.024000,-0.973000,23.130000,97.985000,17.740000,27.54
5.759891,0.625000,-0.003000,-0.938000,20.076000,117.756000,25.557000,27.49
5.767066,0.708000,0.031000,-0.990000,26.137000,144.321000,29.344000,27.45
5.779100,0.648000,-0.035000,-1.059000,26.824000,163.038000,35.160000,27.54
5.786158,0.823000,0.061000,-1.085000,39.237000,170.763000,39.725000,27.49
5.798173,0.701000,-0.093000,-1.036000,44.336000,175.313000,42.870000,27.49
5.810942,0.467000,0.242000,-1.218000,42.336000,168.794000,39.695000,27.45
5.817325,0.031000,0.597000,-1.978000,47.115000,119.405000,16.901000,27.49
5.829425,-0.431000,0.584000,-2.153000,40.046000,60.351000,-6.824000,27.35
5.836382,-0.671000,0.674000,-2.035000,27.176000,15.435000,-23.863000,27.54
5.848688,-0.581000,0.547000,-2.014000,18.107000,-25.374000,-29.817000,27.54
5.860479,-0.496000,0.368000,-1.887000,2.321000,-56.824000,-24.565000,27.59
5.869258,-0.318000,0.240000,-1.750000,-14.137000,-77.221000,-14.137000,27.45
5.879286,-0.090000,0.173000,-1.589000,-25.115000,-90.885000,-3.466000,27.45
5.889457,0.249000,0.014000,-1.492000,-40.107000,-96.198000,2.687000,27.49
5.898330,0.491000,0.106000,-1.256000,-47.634000,-101.084000,-0.290000,27.49
5.910273,0.564000,0.126000,-1.056000,-46.565000,-95.237000,-2.336000,27.45
5.917397,0.668000,0.028000,-1.017000,-35.893000,-98.015000,-6.672000,27.40
5.929457,0.629000,0.005000,-0.948000,-29.893000,-82.244000,-13.389000,27.49
5.936195,0.636000,-0.004000,-0.943000,-24.275000,-80.992000,-16.198000,27.35
5.947876,0.604000,-0.039000,-0.904000,-19.573000,-74.733000,-17.282000,27.54
5.962020,0.689000,-0.146000,-0.947000,-27.588000,-73.771000,-20.626000,27.49
5.972191,0.756000,-0.137000,-0.916000,-30.443000,-79.069000,-24.397000,27.35
5.978853,0.756000,-0.109000,-0.879000,-25.924000,-82.595000,-24.992000,27.54
5.990548,0.755000,-0.157000,-0.882000,-20.901000,-85.557000,-23.496000,27.40
5.998010,0.819000,-0.204000,-0.877000,-22.260000,-88.489000,-22.321000,27.45
6.009425,0.984000,-0.294000,-0.816000,-24.702000,-87.191000,-22.947000,27.45
6.016284,0.937000,-0.141000,-0.477000,-14.779000,-78.168000,-26.656000,27.49
6.027932,1.119000,-0.235000,-0.531000,-12.046000,-68.290000,-32.794000,27.40
6.040253,1.050000,-0.125000,-0.488000,-2.656000,-65.954000,-38.626000,27.35
6.047194,0.972000,-0.077000,-0.571000,5.176000,-60.489000,-42.794000,27.35
6.059000,0.956000,-0.083000,-0.640000,11.130000,-64.824000,-46.351000,27.40
6.066204,0.873000,-0.070000,-0.637000,12.550000,-64.061000,-47.450000,27.45
6.078130,0.840000,-0.098000,-0.648000,12.397000,-61.191000,-46.229000,27.45
6.089929,0.802000,-0.086000,-0.692000,10.947000,-60.046000,-44.290000,27.40
6.096969,0.787000,-0.082000,-0.789000,7.267000,-63.115000,-41.130000,27.45
6.108989,0.789000,-0.081000,-0.802000,-1.191000,-67.298000,-36.870000,27.35
6.115981,0.751000,-0.057000,-0.770000,-6.382000,-67.649000,-32.107000,27.40
6.128028,0.727000,-0.083000,-0.774000,-11.786000,-67.802000,-27.466000,27.40
6.144053,0.752000,-0.099000,-0.748000,-17.893000,-68.321000,-24.473000,27.54
6.148537,0.741000,-0.097000,-0.716000,-24.519000,-65.466000,-20.626000,27.45
6.158163,0.731000,-0.072000,-0.688000,-27.420000,-63.969000,-16.947000,27.40
6.170043,0.707000,-0.078000,-0.711000,-27.573000,-55.832000,-15.878000,27.45
6.177229,0.729000,-0.091000,-0.643000,-31.466000,-52.992000,-15.908000,27.45
6.189362,0.793000,-0.091000,-0.606000,-35.313000,-51.939000,-17.725000,27.49
6.196195,0.840000,-0.078000,-0.629000,-39.130000,-46.519000,-20.504000,27.40
6.208217,0.964000,-0.130000,-0.644000,-45.313000,-46.427000,-23.176000,27.45
6.219795,1.008000,-0.144000,-0.618000,-50.504000,-51.863000,-25.710000,27.49
6.225872,0.968000,-0.120000,-0.562000,-49.313000,-62.031000,-25.389000,27.54
6.237830,0.918000,-0.159000,-0.484000,-46.153000,-67.282000,-24.000000,27.45
6.249815,0.874000,-0.198000,-0.410000,-44.473000,-68.611000,-22.305000,27.40
6.256722,0.845000,-0.220000,-0.374000,-42.824000,-63.328000,-18.092000,27.40
6.268544,0.824000,-0.245000,-0.323000,-40.321000,-55.084000,-12.473000,27.45
6.275295,0.842000,-0.289000,-0.289000,-40.397000,-44.885000,-6.870000,27.54
6.287354,0.904000,-0.299000,-0.260000,-40.656000,-39.313000,-2.168000,27.40
6.299770,0.949000,-0.298000,-0.218000,-43.145000,-30.534000,1.435000,27.54
6.307163,0.900000,-0.290000,-0.177000,-42.702000,-23.313000,4.519000,27.45
6.318633,0.859000,-0.316000,-0.164000,-41.771000,-13.389000,6.840000,27.59
6.325688,0.821000,-0.320000,-0.172000,-38.015000,-4.443000,8.733000,27.40
6.337925,0.835000,-0.345000,-0.228000,-37.313000,6.473000,9.115000,27.45
6.350030,0.947000,-0.412000,-0.314000,-41.832000,8.305000,5.893000,27.49
6.357368,0.929000,-0.123000,0.221000,10.168000,16.183000,12.153000,27.49
6.369881,0.734000,-0.661000,0.615000,29.038000,63.664000,15.221000,27.45
6.376799,0.431000,-0.289000,0.054000,31.710000,107.237000,16.519000,27.54
6.389018,0.890000,-0.129000,-1.364000,9.038000,117.359000,5.908000,27.49
6.396246,0.478000,0.052000,-1.312000,12.061000,43.466000,26.794000,27.45
6.408407,-0.049000,0.180000,-0.636000,31.160000,75.160000,47.099000,27.45
6.420490,0.599000,-0.021000,-0.931000,25.588000,128.840000,36.992000,27.49
6.429808,1.496000,0.101000,-1.090000,15.023000,114.718000,17.206000,27.40
6.439540,1.536000,0.077000,-0.897000,20.855000,96.412000,15.267000,27.45
6.446714,1.088000,-0.026000,-0.989000,30.458000,72.794000,15.038000,27.49
6.459078,0.579000,-0.204000,-0.914000,16.992000,73.069000,12.733000,27.45
6.467068,0.483000,-0.400000,-0.897000,12.763000,93.298000,-0.626000,27.45
6.478109,0.606000,-0.400000,-0.929000,4.870000,103.344000,-2.687000,27.45
6.490608,0.683000,-0.233000,-0.875000,-3.740000,111.160000,5.008000,27.59
6.497398,1.600000,0.605000,-0.890000,16.260000,77.756000,11.374000,27.40
6.509611,1.074000,0.269000,-0.659000,31.664000,58.321000,5.206000,27.45
6.516730,0.754000,-0.255000,-0.921000,29.817000,39.817000,11.221000,27.40
6.528695,0.733000,-0.099000,-0.836000,21.664000,34.992000,19.145000,27.49
6.535594,0.869000,0.169000,-0.794000,23.130000,29.679000,13.481000,27.54
6.547964,0.756000,-0.097000,-0.833000,26.427000,21.145000,14.321000,27.45
6.560023,0.695000,-0.187000,-0.843000,21.282000,13.634000,15.725000,27.40
6.567217,0.705000,-0.069000,-0.800000,16.534000,9.573000,11.893000,27.45
6.579375,0.678000,-0.083000,-0.816000,10.000000,17.832000,6.901000,27.45
6.586691,0.672000,-0.148000,-0.811000,5.664000,16.137000,4.916000,27.40
6.598973,0.664000,-0.118000,-0.785000,3.817000,11.328000,3.099000,27.59
6.606256,0.650000,-0.081000,-0.797000,-0.916000,10.031000,0.260000,27.54
6.618530,0.665000,-0.093000,-0.781000,-3.893000,8.763000,-1.237000,27.45
6.625568,0.629000,-0.053000,-0.763000,-4.504000,6.565000,-0.809000,27.40
6.637761,0.613000,-0.012000,-0.749000,-3.817000,7.542000,0.229000,27.54
6.650044,0.579000,0.034000,-0.720000,-1.588000,7.191000,2.855000,27.45
6.657643,0.592000,0.056000,-0.694000,2.870000,7.893000,6.260000,27.49
6.670077,0.596000,0.036000,-0.683000,7.618000,7.206000,10.153000,27.49
6.677505,0.569000,0.055000,-0.690000,13.878000,7.130000,14.641000,27.45
6.689710,0.590000,-0.006000,-0.715000,19.023000,6.840000,17.924000,27.49
6.696885,0.637000,-0.047000,-0.726000,21.282000,4.840000,19.847000,27.40
6.708959,0.585000,-0.008000,-0.709000,23.221000,3.511000,20.229000,27.45
6.716315,0.589000,0.021000,-0.732000,26.443000,5.496000,20.000000,27.35
6.728554,0.643000,-0.046000,-0.763000,28.275000,7.832000,20.290000,27.40
6.740536,0.650000,-0.031000,-0.793000,28.992000,8.198000,19.802000,27.45
6.747771,0.658000,-0.051000,-0.793000,29.176000,10.534000,18.473000,27.45
6.759950,0.698000,-0.129000,-0.802000,26.809000,8.931000,16.336000,27.49
6.767043,0.647000,-0.109000,-0.800000,24.351000,9.908000,14.656000,27.40
6.779186,0.599000,-0.070000,-0.765000,25.405000,12.458000,14.183000,27.45
6.786090,0.636000,-0.072000,-0.779000,25.389000,16.489000,14.046000,27.40
6.798530,0.634000,-0.125000,-0.781000,23.954000,19.450000,12.641000,27.45
6.810424,0.622000,-0.132000,-0.793000,22.260000,23.130000,11.557000,27.45
6.817888,0.704000,-0.225000,-0.829000,15.725000,26.977000,9.023000,27.45
6.830192,0.579000,-0.123000,-0.883000,8.748000,36.489000,5.893000,27.40
6.837239,0.551000,-0.113000,-0.825000,7.542000,47.679000,5.023000,27.45
6.849583,0.552000,-0.108000,-0.891000,7.084000,55.878000,8.046000,27.45
6.856739,0.543000,-0.001000,-0.917000,3.023000,68.840000,8.214000,27.59
6.871108,0.495000,-0.033000,-0.948000,0.122000,88.809000,11.359000,27.40
6.881462,0.537000,-0.072000,-0.974000,-14.916000,106.748000,18.565000,27.35
6.887936,0.469000,0.413000,-1.140000,-1.649000,126.336000,34.794000,27.40
6.900552,0.695000,0.165000,-1.105000,3.969000,150.733000,37.008000,27.40
6.907355,0.675000,0.057000,-1.182000,-8.214000,164.687000,46.550000,27.45
6.919711,0.668000,0.560000,-1.389000,8.550000,145.634000,53.481000,27.54
6.926612,0.232000,0.602000,-1.587000,35.145000,116.168000,43.176000,27.40
6.938466,-0.064000,0.597000,-1.647000,36.718000,86.855000,19.069000,27.45
6.945702,-0.164000,0.723000,-1.721000,30.809000,54.397000,-5.817000,27.45
6.957792,-0.251000,0.765000,-1.793000,19.481000,25.221000,-26.779000,27.49
6.970119,-0.270000,0.637000,-1.800000,8.443000,-7.191000,-43.008000,27.45
6.976860,-0.156000,0.406000,-1.698000,-3.237000,-19.023000,-51.405000,27.45
6.993628,-0.134000,0.295000,-1.633000,-10.916000,-53.924000,-45.924000,27.40
6.995166,-0.152000,0.189000,-1.477000,-17.069000,-61.496000,-35.496000,27.49
7.011739,-0.084000,0.081000,-1.378000,-26.840000,-66.519000,-25.191000,27.45
7.019483,0.042000,0.049000,-1.301000,-35.618000,-76.947000,-16.611000,27.35
7.026289,0.178000,0.074000,-1.245000,-42.107000,-87.420000,-11.924000,27.49
7.038261,0.327000,0.093000,-1.228000,-42.214000,-83.664000,-13.389000,27.45
7.050119,0.504000,0.100000,-1.274000,-52.412000,-88.137000,-19.649000,27.45
7.057112,0.674000,0.079000,-1.262000,-48.183000,-107.557000,-28.641000,27.40
7.069066,0.689000,0.035000,-1.256000,-53.679000,-109.130000,-35.023000,27.59
7.075940,0.666000,-0.042000,-1.176000,-45.527000,-112.076000,-38.534000,27.54
7.087699,1.020000,-0.089000,-1.107000,-55.740000,-99.008000,-33.527000,27.40
7.102725,0.540000,-0.187000,-0.054000,13.679000,-91.924000,-2.580000,27.49
7.107130,1.418000,-1.090000,-0.047000,2.443000,-28.885000,-0.672000,27.54
7.118805,1.450000,-0.748000,-0.255000,-20.092000,-13.084000,-14.366000,27.45
7.128196,1.304000,-0.374000,-0.538000,-22.473000,-17.618000,-7.588000,27.40
7.137813,0.968000,-0.252000,-0.600000,-19.389000,-24.916000,-5.099000,27.54
7.150154,0.664000,-0.233000,-0.618000,-16.931000,7.466000,-14.855000,27.45
7.156872,0.532000,-0.151000,-0.507000,-11.954000,11.725000,-17.511000,27.49
7.168741,0.526000,-0.186000,-0.669000,-17.420000,-33.038000,-14.748000,27.49
7.180714,0.612000,-0.214000,-0.756000,-26.000000,-41.969000,-16.855000,27.35
7.216581,0.648000,-0.213000,-0.806000,-26.153000,-46.351000,-15.328000,27.40
7.217579,0.676000,-0.246000,-0.873000,-21.359000,-52.122000,-12.489000,27.35
7.218477,0.699000,-0.294000,-0.805000,-25.634000,-52.351000,-10.244000,27.35
7.219096,0.794000,-0.279000,-0.862000,-26.244000,-69.191000,-7.954000,27.45
7.234198,0.887000,-0.286000,-0.860000,-34.977000,-82.275000,-6.519000,27.49
7.236812,0.901000,-0.280000,-0.681000,-37.771000,-90.397000,-1.496000,27.45
7.248566,0.814000,-0.306000,-0.535000,-36.656000,-81.099000,2.214000,27.45
7.255339,0.884000,-0.377000,-0.292000,-37.740000,-72.962000,-1.466000,27.40
7.267752,0.884000,-0.340000,-0.169000,-34.824000,-41.389000,2.443000,27.49
7.280164,1.015000,-0.337000,0.103000,-29.023000,-43.496000,-1.527000,27.54
7.288537,1.099000,-0.317000,0.225000,-13.374000,-44.901000,-4.763000,27.49
7.299112,1.262000,-0.366000,0.434000,-7.603000,-21.389000,-14.183000,27.49
7.310048,1.461000,-0.329000,0.888000,3.053000,16.809000,-21.405000,27.45
7.318344,1.527000,-0.510000,1.565000,19.573000,49.618000,-21.053000,27.45
7.330928,1.686000,-0.731000,2.278000,38.321000,111.756000,-6.656000,27.40
7.337360,0.498000,-0.238000,0.924000,42.076000,190.153000,12.718000,27.40
7.350693,3.539000,-0.426000,-2.094000,19.969000,170.992000,-7.420000,27.45
7.356348,1.544000,0.432000,-0.989000,35.435000,1.771000,61.130000,27.40
7.370565,0.367000,-0.251000,-0.624000,15.710000,102.763000,52.931000,27.45
7.375479,1.014000,-0.199000,-1.190000,9.557000,112.443000,7.267000,27.45
7.392221,1.651000,-0.224000,-0.764000,46.595000,85.344000,28.779000,27.45
7.400151,1.241000,-0.523000,-0.860000,34.382000,69.099000,16.565000,27.40
7.407003,0.846000,-0.066000,-0.393000,57.924000,185.588000,-24.916000,27.45
7.419027,1.002000,-0.131000,-0.363000,14.931000,-66.641000,26.275000,27.45
7.485574,1.136000,0.071000,-0.748000,37.710000,69.695000,-6.107000,27.49
7.486474,0.954000,-0.094000,-0.642000,7.069000,16.122000,9.252000,27.49
7.487169,0.818000,-0.067000,-0.726000,7.130000,-21.756000,10.824000,27.35
7.487759,0.828000,-0.125000,-0.761000,3.573000,-28.733000,7.908000,27.40
7.488331,0.721000,-0.137000,-0.783000,4.382000,-4.702000,0.992000,27.49
7.488862,0.724000,-0.071000,-0.743000,2.229000,-5.710000,-0.595000,27.54
7.489464,0.739000,-0.129000,-0.701000,-0.595000,-9.863000,-0.870000,27.45
7.496328,0.681000,-0.126000,-0.730000,-3.893000,1.603000,-1.954000,27.49
7.508506,0.653000,-0.088000,-0.692000,-5.542000,5.176000,-0.458000,27.45
7.515823,0.665000,-0.048000,-0.695000,-2.779000,6.351000,0.534000,27.45
7.528106,0.675000,-0.047000,-0.669000,-2.702000,6.382000,1.893000,27.49
7.535448,0.656000,-0.012000,-0.659000,-1.221000,5.008000,4.015000,27.45
7.547869,0.648000,-0.009000,-0.658000,-0.427000,5.664000,6.443000,27.45
7.563197,0.636000,-0.004000,-0.670000,2.321000,7.405000,9.145000,27.49
7.567493,0.639000,-0.022000,-0.663000,7.115000,9.664000,12.000000,27.40
7.579638,0.624000,0.007000,-0.682000,12.656000,11.695000,15.435000,27.35
7.586828,0.641000,-0.012000,-0.685000,19.664000,13.817000,16.931000,27.54
7.599005,0.704000,-0.083000,-0.665000,26.611000,-11.618000,19.221000,27.49
7.606058,0.723000,-0.089000,-0.690000,24.137000,-13.130000,19.588000,27.54
7.618157,0.676000,-0.066000,-0.788000,19.756000,17.557000,17.084000,27.45
7.630468,0.743000,-0.072000,-0.719000,22.153000,-4.916000,16.489000,27.40
7.637485,0.712000,-0.068000,-0.741000,19.328000,7.588000,14.504000,27.49
7.649516,0.629000,-0.066000,-0.689000,25.420000,0.321000,16.443000,27.45
7.657062,0.651000,-0.130000,-0.763000,26.687000,17.130000,15.954000,27.49
7.671837,0.614000,-0.231000,-0.716000,22.122000,24.046000,11.527000,27.31
7.679485,0.629000,-0.104000,-0.921000,15.527000,28.931000,9.405000,27.35
7.688262,0.581000,-0.047000,-0.994000,4.885000,46.473000,4.550000,27.54
7.700860,0.478000,0.107000,-0.987000,-8.061000,71.084000,11.206000,27.40
7.707369,0.460000,0.048000,-1.021000,-10.275000,76.122000,19.740000,27.45
7.720637,0.551000,0.495000,-1.291000,-3.359000,113.695000,46.473000,27.35
7.729076,0.705000,0.281000,-1.316000,-18.290000,163.252000,59.191000,27.40
7.744331,0.596000,0.365000,-1.450000,-25.954000,169.878000,71.069000,27.40
7.746068,0.251000,0.791000,-1.786000,-15.496000,150.870000,65.588000,27.35
7.762414,-0.097000,0.938000,-1.970000,-1.511000,125.145000,40.855000,27.49
7.770163,-0.227000,0.981000,-2.086000,-3.191000,82.962000,9.481000,27.45
7.777013,-0.402000,1.003000,-2.119000,-1.786000,39.710000,-18.809000,27.45
7.794341,-0.471000,0.890000,-2.052000,-0.397000,-0.137000,-37.557000,27.49
7.795576,-0.443000,0.698000,-1.949000,-5.221000,-31.008000,-46.168000,27.49
7.807713,-0.322000,0.509000,-1.885000,-19.359000,-52.672000,-47.725000,27.45
7.819897,-0.162000,0.454000,-1.694000,-28.519000,-82.214000,-43.954000,27.45
7.826691,0.018000,0.424000,-1.567000,-31.985000,-82.901000,-40.519000,27.40
7.838745,0.188000,0.295000,-1.468000,-35.756000,-99.786000,-34.000000,27.45
7.850921,0.175000,0.286000,-1.249000,-35.267000,-11.420000,-40.061000,27.45
7.857666,0.376000,0.240000,-1.146000,-33.038000,-79.634000,-36.382000,27.40
7.871000,0.696000,0.163000,-1.260000,-26.489000,-96.015000,-29.573000,27.40
7.876777,0.950000,-0.229000,-1.018000,-17.176000,-55.786000,-12.641000,27.45
7.888583,0.989000,-0.305000,-0.804000,-11.405000,-46.214000,-8.214000,27.45
7.900263,1.098000,-0.303000,0.018000,-10.565000,-0.748000,-11.786000,27.49
7.913748,1.480000,-0.437000,0.260000,3.313000,21.908000,-12.260000,27.54
7.919906,1.518000,-0.514000,-0.219000,5.481000,2.534000,-37.053000,27.45
7.926898,1.284000,-0.201000,-0.583000,-16.962000,12.580000,-56.458000,27.40
7.938864,0.956000,-0.010000,-0.750000,-29.115000,-10.046000,-62.718000,27.35
7.950476,0.599000,0.090000,-0.754000,-14.229000,-38.031000,-70.168000,27.45
7.957741,0.643000,0.012000,-0.754000,2.885000,-44.382000,-78.565000,27.40
7.969691,0.677000,-0.100000,-0.760000,20.840000,-53.405000,-79.053000,27.40
7.976914,0.709000,-0.257000,-0.664000,29.573000,-49.328000,-77.939000,27.45
7.988379,0.849000,-0.374000,-0.657000,27.160000,-64.534000,-74.550000,27.54
8.000329,0.909000,-0.343000,-0.642000,40.046000,-57.817000,-72.718000,27.40
8.006979,0.900000,-0.417000,-0.643000,23.634000,-100.137000,-57.359000,27.49
8.019178,0.876000,-0.454000,-0.588000,10.305000,-76.107000,-48.931000,27.45
8.028786,0.894000,-0.459000,-0.523000,-3.176000,-69.924000,-34.214000,27.49
8.037976,0.968000,-0.492000,-0.451000,-15.649000,-68.244000,-20.611000,27.49
8.050517,0.997000,-0.421000,-0.339000,-28.366000,-60.824000,-7.389000,27.45
8.056887,1.037000,-0.392000,-0.237000,-35.191000,-57.527000,3.374000,27.45
8.069052,1.083000,-0.375000,-0.052000,-34.198000,-54.321000,9.145000,27.49
8.078421,1.117000,-0.356000,0.134000,-35.420000,-46.748000,13.725000,27.35
8.088113,1.138000,-0.385000,0.349000,-23.710000,-32.779000,15.023000,27.45
8.100082,1.145000,-0.473000,0.674000,-18.962000,-6.412000,14.672000,27.40
8.108210,1.282000,-0.586000,1.152000,-3.038000,26.427000,17.603000,27.45
8.120645,1.723000,-0.874000,1.943000,27.053000,55.435000,28.076000,27.45
8.128936,2.433000,-1.328000,3.104000,54.244000,109.802000,43.145000,27.54
8.143064,1.566000,-0.434000,1.292000,10.534000,256.611000,9.053000,27.49
8.146043,4.000000,0.531000,-2.148000,21.893000,139.084000,17.939000,27.45
8.159929,1.912000,0.525000,-0.712000,69.344000,-48.702000,68.000000,27.45
8.170229,0.011000,-0.266000,-0.738000,54.916000,40.183000,61.832000,27.49
8.177111,0.870000,-0.568000,-1.215000,61.939000,11.023000,39.893000,27.49
8.189761,0.916000,-0.837000,-0.805000,48.397000,-1.313000,46.779000,27.54
8.196785,1.113000,0.059000,-0.751000,42.000000,-0.916000,23.206000,27.59
8.208857,0.821000,-0.296000,-0.756000,42.901000,3.771000,16.870000,27.49
8.216225,0.767000,-0.287000,-0.621000,8.061000,20.626000,6.962000,27.45
8.228999,0.790000,-0.160000,-0.749000,11.603000,3.069000,-0.015000,27.45
8.246622,0.696000,-0.105000,-0.814000,-2.321000,11.588000,-1.527000,27.49
8.248052,0.697000,-0.049000,-0.771000,-0.916000,13.435000,-1.466000,27.45
8.259844,0.697000,-0.044000,-0.729000,-3.893000,4.733000,2.611000,27.45
8.266699,0.664000,-0.011000,-0.709000,4.779000,-4.351000,5.771000,27.49
8.279075,0.733000,-0.147000,-0.740000,6.885000,-5.786000,4.458000,27.45
8.286254,0.704000,-0.079000,-0.706000,5.756000,-1.771000,2.931000,27.45
8.298705,0.689000,-0.078000,-0.709000,5.206000,4.427000,3.191000,27.45
8.306364,0.705000,-0.107000,-0.689000,5.160000,7.679000,2.504000,27.49
8.318362,0.707000,-0.110000,-0.702000,5.115000,11.008000,1.557000,27.54
8.327330,0.705000,-0.047000,-0.699000,5.099000,24.580000,2.305000,27.45
8.337743,0.674000,-0.055000,-0.711000,2.473000,25.878000,3.786000,27.40
8.350117,0.706000,-0.081000,-0.716000,0.534000,24.885000,5.588000,27.45
8.357172,0.668000,-0.097000,-0.756000,-0.275000,22.824000,6.947000,27.45
8.369574,0.647000,-0.005000,-0.785000,0.763000,26.031000,7.145000,27.40
8.376807,0.612000,0.053000,-0.858000,3.145000,24.183000,9.237000,27.40
8.389138,0.562000,-0.046000,-1.235000,2.550000,115.176000,3.924000,27.35
8.396100,0.613000,-0.082000,-0.861000,0.046000,72.962000,9.863000,27.40
8.408251,0.626000,-0.343000,-0.899000,-21.511000,58.504000,14.534000,27.49
8.415360,0.529000,-0.115000,-0.893000,-6.458000,58.916000,20.336000,27.54
8.427548,0.532000,-0.383000,-0.984000,0.870000,148.382000,10.824000,27.45
8.439838,0.779000,-0.041000,-1.012000,3.405000,146.687000,13.985000,27.49
8.446510,0.649000,-0.010000,-1.154000,2.076000,164.351000,17.053000,27.35
8.458714,0.680000,0.144000,-1.442000,-1.634000,170.122000,26.412000,27.35
8.466161,-0.139000,0.647000,-2.129000,9.099000,159.160000,16.779000,27.49
8.478106,-0.731000,0.748000,-2.564000,18.794000,111.344000,2.962000,27.49
8.490309,-0.971000,0.830000,-2.813000,12.229000,52.840000,-11.252000,27.45
8.497223,-1.094000,0.796000,-2.885000,9.527000,-9.649000,-20.641000,27.35
8.509027,-1.186000,0.615000,-2.757000,-35.389000,-99.298000,-12.626000,27.40
8.515899,-0.927000,0.395000,-2.687000,-35.786000,-108.931000,-11.939000,27.45
8.527924,-0.525000,0.268000,-2.452000,-68.870000,-178.962000,-0.763000,27.54
8.539853,-0.338000,0.218000,-2.148000,-77.038000,-183.435000,3.527000,27.40
8.546758,-0.008000,0.090000,-1.855000,-74.229000,-180.168000,12.595000,27.45
8.558588,0.391000,-0.220000,-1.765000,-76.656000,-160.397000,23.038000,27.35
8.564719,0.369000,-0.420000,-1.394000,-83.344000,-139.374000,34.366000,27.40
8.577090,1.030000,-0.319000,-1.239000,-85.664000,-128.290000,51.649000,27.49
8.589349,1.313000,-0.398000,0.409000,-48.275000,-52.244000,51.282000,27.45
8.596264,1.835000,-0.740000,0.486000,-37.863000,53.542000,36.305000,27.49
8.608608,1.884000,-0.710000,-0.500000,-46.397000,64.656000,8.000000,27.40
8.620273,1.494000,-0.377000,-1.990000,341.481000,500.260000,-222.947000,27.45
8.627249,1.873000,-0.210000,-1.162000,-134.748000,111.420000,-39.099000,27.45
8.639025,0.487000,-0.097000,-2.009000,-158.748000,-161.099000,16.260000,27.40
8.645514,0.657000,-0.342000,-0.552000,-109.252000,-215.573000,10.870000,27.40
8.657492,0.601000,-0.274000,-0.486000,-55.588000,-305.740000,7.802000,27.35
8.669561,0.655000,-0.201000,-0.726000,-33.832000,-275.160000,-8.412000,27.40
8.675987,0.652000,-0.064000,-0.179000,-19.023000,-148.977000,-20.061000,27.45
8.688060,1.144000,-0.440000,0.100000,-11.588000,-119.069000,-33.740000,27.45
8.700097,1.352000,-0.488000,0.286000,-12.733000,-102.321000,-40.702000,27.45
8.707425,1.515000,-0.550000,0.605000,-16.458000,-106.916000,-35.679000,27.40
8.718867,1.824000,-0.702000,0.957000,-24.824000,-107.359000,-29.893000,27.45
8.725598,1.428000,-0.925000,1.232000,-98.290000,91.664000,-18.412000,27.45
8.737753,1.673000,-1.223000,0.834000,-79.237000,118.672000,-7.405000,27.49
8.753172,3.289000,-1.161000,3.876000,-3.115000,1.420000,35.237000,27.31
8.757977,2.715000,-1.069000,1.497000,-130.000000,184.855000,58.458000,27.45
8.770901,3.325000,0.259000,-2.793000,-101.191000,84.351000,29.893000,27.40
8.776004,-0.251000,0.934000,-0.749000,8.794000,62.870000,55.176000,27.40
8.788703,0.086000,-0.414000,-0.949000,66.885000,118.855000,3.649000,27.45
8.795235,0.873000,-0.622000,-0.908000,32.168000,128.336000,9.328000,27.35
8.809037,2.315000,-0.285000,-0.911000,35.359000,119.069000,48.672000,27.49
8.819727,1.447000,0.480000,-0.888000,19.740000,175.481000,19.725000,27.40
8.828163,0.334000,-0.314000,-0.967000,42.824000,121.435000,9.527000,27.35
8.838807,0.864000,-0.479000,-0.950000,61.344000,158.794000,-2.840000,27.49
8.846847,1.267000,0.204000,-0.756000,25.679000,114.504000,12.137000,27.45
8.858101,0.858000,-0.010000,-0.399000,19.725000,16.733000,16.794000,27.35
8.870274,0.822000,-0.134000,-0.631000,14.656000,22.855000,19.160000,27.35
8.877634,0.843000,0.038000,-0.694000,17.252000,-3.099000,18.809000,27.49
8.890279,0.760000,-0.041000,-0.835000,13.847000,-2.809000,16.947000,27.45
8.896869,0.781000,-0.102000,-0.747000,18.855000,-21.832000,15.588000,27.45
8.909671,0.723000,-0.085000,-0.699000,15.237000,-8.336000,12.763000,27.40
8.915599,0.693000,-0.067000,-0.666000,8.382000,-4.855000,12.092000,27.40
8.929582,0.625000,-0.039000,-0.672000,15.450000,-9.496000,11.664000,27.45
8.940138,0.642000,-0.031000,-0.688000,7.710000,-9.817000,14.519000,27.49
8.947080,0.662000,-0.083000,-0.656000,13.985000,-0.763000,13.725000,27.49
8.962544,0.670000,-0.079000,-0.638000,15.466000,-3.969000,14.702000,27.45
8.966277,0.655000,0.030000,-0.609000,14.076000,5.832000,17.405000,27.40
8.978792,0.684000,0.018000,-0.650000,15.115000,16.198000,20.550000,27.31
8.985617,0.766000,-0.075000,-0.669000,15.649000,14.672000,22.382000,27.35
9.007194,0.788000,-0.075000,-0.675000,26.626000,12.214000,17.878000,27.45
9.010048,0.762000,-0.131000,-0.702000,17.802000,12.168000,14.504000,27.40
9.017015,0.723000,-0.106000,-0.740000,16.519000,21.695000,11.817000,27.45
9.029340,0.847000,-0.099000,-0.266000,36.565000,28.336000,1.618000,27.35
9.036327,0.685000,-0.126000,-0.763000,26.779000,37.115000,-0.336000,27.31
9.050092,0.677000,-0.125000,-0.735000,13.145000,19.786000,2.656000,27.40
9.058357,0.724000,-0.097000,-0.604000,-0.672000,8.733000,5.695000,27.45
9.070903,0.731000,-0.132000,-0.654000,8.855000,-18.336000,5.313000,27.35
9.080475,0.782000,-0.139000,-0.335000,7.771000,-26.931000,5.878000,27.49
9.087462,0.613000,-0.151000,-0.951000,13.282000,16.931000,-7.313000,27.35
9.101595,0.453000,0.107000,-1.075000,-10.534000,54.580000,2.702000,27.45
9.160243,0.490000,0.105000,-1.138000,-29.176000,56.595000,21.649000,27.40
9.160994,0.554000,0.381000,-1.153000,24.000000,148.840000,41.954000,27.49
9.161569,0.690000,-0.116000,-1.110000,-1.634000,186.031000,50.947000,27.45
9.162021,0.980000,0.364000,-1.030000,1.099000,214.122000,67.191000,27.49
9.162473,0.946000,-0.038000,-1.153000,10.427000,219.985000,75.756000,27.31
9.162927,0.626000,0.353000,-1.352000,3.954000,219.420000,79.130000,27.35
9.169311,0.417000,0.746000,-1.942000,16.122000,177.863000,58.672000,27.40
9.176406,0.061000,0.923000,-2.281000,19.771000,124.824000,24.244000,27.40
9.188683,-0.231000,1.089000,-2.152000,18.366000,66.641000,-11.389000,27.45
9.195392,-0.395000,0.959000,-2.021000,29.145000,16.931000,-37.847000,27.35
9.207279,-0.306000,0.595000,-1.930000,19.664000,-13.466000,-58.336000,27.31
9.219681,-0.108000,0.435000,-1.897000,4.779000,-50.336000,-55.389000,27.54
9.229388,-0.210000,0.248000,-1.636000,-3.527000,-74.260000,-42.458000,27.45
9.238308,-0.093000,0.045000,-1.514000,-16.947000,-77.191000,-28.336000,27.40
9.250475,0.097000,-0.006000,-1.400000,-35.542000,-83.817000,-15.130000,27.45
9.258207,0.260000,-0.039000,-1.291000,-42.260000,-91.863000,-3.969000,27.26
9.269860,0.322000,-0.063000,-1.172000,-46.382000,-95.847000,4.015000,27.49
9.276048,0.409000,-0.070000,-1.081000,-47.786000,-94.458000,8.260000,27.49
9.288387,0.597000,-0.091000,-1.085000,-51.649000,-87.603000,8.244000,27.35
9.300235,0.738000,-0.053000,-1.051000,-54.321000,-96.015000,6.244000,27.35
9.307375,0.760000,-0.026000,-0.983000,-54.382000,-89.756000,0.641000,27.40
9.319334,0.830000,-0.020000,-0.964000,-51.573000,-96.718000,-6.168000,27.35
9.325797,0.865000,-0.010000,-0.897000,-45.145000,-102.198000,-15.603000,27.45
9.337775,0.866000,0.009000,-0.848000,-37.893000,-107.069000,-26.901000,27.40
9.349797,0.863000,0.010000,-0.769000,-26.366000,-112.198000,-38.260000,27.40
9.356605,0.845000,-0.010000,-0.767000,-16.916000,-104.748000,-50.885000,27.45
9.368542,0.834000,-0.022000,-0.745000,-5.603000,-103.221000,-61.832000,27.49
9.375247,0.826000,-0.035000,-0.824000,0.305000,-93.191000,-71.420000,27.49
9.387410,0.899000,-0.071000,-0.777000,10.840000,-98.183000,-78.718000,27.45
9.399359,0.890000,-0.094000,-0.776000,16.595000,-100.412000,-82.595000,27.45
9.406237,0.840000,-0.094000,-0.805000,19.313000,-100.763000,-82.305000,27.40
9.418081,0.826000,-0.140000,-0.771000,18.504000,-95.832000,-81.130000,27.45
9.430682,0.837000,-0.196000,-0.829000,6.275000,-61.649000,-77.756000,27.45
9.437225,0.857000,-0.221000,-0.784000,19.756000,-86.687000,-72.076000,27.40
9.449067,0.838000,-0.252000,-0.776000,16.565000,-83.069000,-61.313000,27.49
9.456373,0.801000,-0.312000,-0.781000,6.809000,-89.496000,-48.366000,27.45
9.468130,0.794000,-0.345000,-0.760000,0.061000,-92.870000,-36.550000,27.31
9.480132,0.797000,-0.324000,-0.756000,-13.725000,-84.321000,-24.992000,27.45
9.486879,0.890000,-0.327000,-0.760000,-27.847000,-76.458000,-14.153000,27.45
9.498798,1.022000,-0.326000,-0.735000,-41.924000,-80.412000,-5.405000,27.45
9.505863,1.052000,-0.304000,-0.700000,-51.710000,-90.733000,1.695000,27.40
9.518105,0.987000,-0.273000,-0.546000,-55.145000,-101.542000,6.412000,27.35
9.529710,0.909000,-0.229000,-0.422000,-52.427000,-103.878000,6.687000,27.45
9.538910,0.905000,-0.187000,-0.309000,-47.099000,-95.511000,0.809000,27.40
9.548753,0.974000,-0.158000,-0.236000,-36.244000,-86.733000,-11.237000,27.40
9.555473,1.045000,-0.136000,-0.158000,-23.588000,-76.656000,-24.992000,27.45
9.567234,1.167000,-0.166000,-0.096000,-10.855000,-74.794000,-37.573000,27.49
9.579571,1.178000,-0.157000,-0.004000,0.916000,-73.679000,-46.534000,27.40
9.594992,1.082000,-0.182000,0.113000,13.603000,-69.053000,-50.748000,27.45
9.599511,1.028000,-0.239000,0.166000,20.748000,-54.977000,-53.450000,27.45
9.605384,1.036000,-0.283000,0.124000,18.748000,-40.656000,-52.687000,27.31
9.617565,1.044000,-0.315000,0.029000,7.069000,-29.191000,-49.969000,27.45
9.629485,1.160000,-0.393000,-0.091000,-12.870000,-29.740000,-46.198000,27.35
9.650557,0.757000,-0.150000,0.467000,-9.313000,-13.969000,-31.634000,27.31
9.651135,0.891000,-0.450000,1.014000,-21.450000,91.374000,-4.382000,27.45
9.655789,1.453000,-0.575000,1.468000,2.183000,142.076000,22.290000,27.35
9.667963,0.723000,-0.006000,1.145000,31.557000,208.550000,50.840000,27.49
9.680547,1.502000,0.313000,-1.958000,16.763000,242.977000,29.053000,27.40
9.686988,1.042000,0.528000,-1.384000,14.153000,151.740000,41.221000,27.35
9.704591,1.015000,-0.038000,-0.707000,-37.374000,232.840000,15.481000,27.40
9.706190,2.521000,-0.225000,-1.229000,18.550000,221.542000,-4.351000,27.49
9.718337,1.615000,-0.645000,-0.935000,22.947000,142.718000,11.298000,27.45
9.723923,0.575000,-0.493000,-0.960000,3.847000,128.076000,19.679000,27.35
9.737496,1.135000,0.596000,-1.024000,10.611000,88.015000,34.382000,27.40
9.750806,1.863000,0.534000,-0.068000,-93.084000,179.542000,41.038000,27.45
9.759063,1.208000,0.191000,-0.699000,88.244000,11.573000,21.313000,27.45
9.769360,1.041000,0.061000,-0.755000,54.855000,-9.725000,42.397000,27.40
9.776904,1.010000,0.036000,-0.699000,49.313000,18.763000,36.611000,27.49
9.788765,0.951000,-0.217000,-0.821000,59.084000,-3.588000,29.878000,27.35
9.794089,0.811000,-0.149000,-0.851000,47.924000,-3.267000,22.885000,27.45
9.812047,0.826000,-0.114000,-0.862000,22.824000,14.687000,17.405000,27.31
9.822243,0.827000,-0.122000,-0.764000,16.962000,12.580000,11.588000,27.45
9.828553,0.757000,-0.080000,-0.770000,5.176000,10.382000,7.237000,27.35
9.840932,0.715000,-0.096000,-0.712000,7.802000,26.504000,3.313000,27.40
9.846625,0.746000,-0.077000,-0.733000,3.496000,12.076000,2.061000,27.40
9.859994,0.710000,-0.077000,-0.731000,1.176000,8.916000,0.611000,27.35
9.867994,0.717000,-0.077000,-0.712000,0.504000,15.527000,-1.725000,27.31
9.878322,0.728000,-0.079000,-0.694000,-2.092000,12.153000,-3.481000,27.35
9.900430,0.696000,-0.054000,-0.680000,-3.435000,8.275000,-3.924000,27.54
9.902092,0.690000,-0.003000,-0.682000,-2.458000,6.824000,-3.328000,27.45
9.909764,0.684000,0.023000,-0.703000,-1.786000,2.183000,-2.779000,27.31
9.916926,0.683000,-0.043000,-0.674000,-0.916000,0.321000,-1.863000,27.45
9.929186,0.632000,-0.009000,-0.679000,-2.870000,-3.527000,0.794000,27.45
9.936655,0.627000,0.037000,-0.648000,0.718000,-1.221000,3.374000,27.40
9.949342,0.631000,0.072000,-0.647000,5.511000,-1.725000,7.435000,27.40
9.956297,0.640000,0.034000,-0.660000,12.336000,-2.260000,11.695000,27.45
9.968523,0.623000,0.018000,-0.675000,16.733000,-4.779000,16.962000,27.31
9.980636,0.608000,0.031000,-0.674000,21.664000,-8.947000,22.366000,27.40
9.988015,0.666000,0.033000,-0.698000,4.046000,8.076000,26.809000,27.45
10.000120,0.712000,0.004000,-0.742000,29.298000,-1.878000,25.939000,27.35
