# Gait Analysis Data - MPU6050 IMU
# Duration: 10 seconds
# Format: timestamp(s),ax(g),ay(g),az(g),gx(deg/s),gy(deg/s),gz(deg/s),temp(C)
# Note: Document sensor placement (ankle/wrist) separately
timestamp,ax,ay,az,gx,gy,gz,temp
0.000776,0.555000,-0.142000,-0.809000,1.435000,1.588000,1.542000,29.38
0.001543,0.546000,-0.128000,-0.804000,1.145000,-2.992000,1.450000,29.38
0.002232,0.549000,-0.089000,-0.757000,3.115000,-4.183000,1.206000,29.33
0.002991,0.494000,-0.097000,-0.844000,3.939000,-2.122000,2.076000,29.38
0.003733,0.540000,-0.101000,-0.856000,5.176000,3.893000,4.443000,29.38
0.004494,0.545000,-0.164000,-0.842000,4.458000,12.076000,5.084000,29.47
0.005253,0.501000,-0.143000,-0.854000,3.206000,15.985000,3.908000,29.42
0.005986,0.529000,-0.139000,-0.875000,4.168000,12.687000,3.603000,29.42
0.006837,0.451000,-0.122000,-0.857000,10.031000,-2.534000,2.870000,29.47
0.007686,0.550000,-0.186000,-0.892000,11.740000,4.031000,3.344000,29.38
0.008537,0.479000,-0.148000,-0.857000,0.885000,45.344000,5.649000,29.38
0.009339,0.508000,-0.229000,-0.892000,2.763000,30.366000,5.740000,29.33
0.010432,0.300000,0.142000,-0.804000,12.443000,31.664000,2.855000,29.42
0.011408,0.493000,-0.189000,-1.076000,-4.427000,62.489000,3.847000,29.38
0.012303,0.518000,-0.005000,-1.053000,11.405000,71.969000,10.092000,29.38
0.013035,0.389000,0.261000,-1.220000,63.847000,99.924000,22.656000,29.42
0.013587,0.501000,0.131000,-1.098000,50.824000,176.092000,46.519000,29.52
0.014171,0.599000,0.114000,-1.201000,76.901000,174.840000,52.458000,29.38
0.014949,0.769000,-0.056000,-1.205000,76.046000,214.198000,64.336000,29.38
0.015725,0.771000,-0.115000,-1.092000,87.573000,215.695000,66.763000,29.38
0.016497,0.831000,-0.062000,-1.208000,85.954000,242.733000,67.847000,29.42
0.017257,0.892000,-0.077000,-1.372000,73.313000,249.466000,62.885000,29.42
0.018009,0.770000,0.249000,-1.867000,54.244000,205.695000,54.000000,29.28
0.018762,0.006000,0.972000,-2.021000,55.145000,140.748000,22.672000,29.38
0.019498,-0.478000,0.962000,-1.872000,40.733000,96.992000,-15.038000,29.42
0.020121,-0.380000,0.547000,-1.870000,-0.412000,52.305000,-26.153000,29.42
0.020680,-0.643000,0.450000,-1.680000,-21.328000,6.214000,-14.931000,29.47
0.021231,-0.638000,0.214000,-1.604000,-36.885000,-13.115000,11.771000,29.47
0.021802,-0.520000,0.063000,-1.537000,-60.046000,-33.359000,41.679000,29.33
0.022601,-0.379000,0.071000,-1.448000,-80.916000,-49.481000,66.076000,29.42
0.023380,-0.245000,0.085000,-1.326000,-95.557000,-70.061000,82.733000,29.38
0.024104,-0.162000,0.093000,-1.170000,-102.763000,-72.107000,89.435000,29.38
0.024828,-0.032000,0.096000,-1.163000,-110.244000,-93.282000,86.351000,29.33
0.025552,0.079000,0.108000,-1.085000,-113.252000,-84.290000,79.878000,29.33
0.026278,0.164000,0.092000,-1.135000,-107.771000,-69.267000,73.267000,29.28
0.027025,0.341000,-0.025000,-1.230000,-121.374000,-66.260000,59.099000,29.38
0.027731,0.463000,-0.024000,-1.250000,-126.015000,-76.168000,42.260000,29.38
0.028693,0.542000,-0.034000,-1.220000,-120.718000,-83.282000,25.924000,29.42
0.029557,0.625000,-0.066000,-1.173000,-113.908000,-91.496000,8.824000,29.33
0.030230,0.668000,-0.091000,-1.133000,-107.618000,-103.786000,-9.969000,29.38
0.030882,0.713000,-0.074000,-1.064000,-99.466000,-95.511000,-29.267000,29.38
0.031531,0.809000,-0.085000,-1.111000,-82.443000,-114.626000,-51.527000,29.42
0.032206,0.844000,-0.103000,-1.104000,-69.695000,-120.626000,-72.305000,29.33
0.032858,0.859000,-0.144000,-1.084000,-59.344000,-123.038000,-92.550000,29.38
0.033520,0.845000,-0.164000,-1.051000,-46.504000,-128.656000,-109.481000,29.47
0.034185,0.784000,-0.205000,-0.883000,-37.954000,-115.908000,-121.893000,29.38
0.034839,0.801000,-0.287000,-0.904000,-27.389000,-121.695000,-131.664000,29.42
0.035488,0.808000,-0.323000,-0.862000,-12.382000,-125.145000,-134.992000,29.42
0.036134,0.763000,-0.354000,-0.823000,-3.176000,-114.214000,-132.015000,29.38
0.036773,0.421000,-0.357000,-0.013000,30.733000,-54.473000,-109.542000,29.38
0.037463,0.969000,-0.951000,-0.290000,35.573000,-22.137000,-92.046000,29.33
0.038064,1.153000,-0.791000,-0.625000,20.580000,-17.008000,-83.634000,29.33
0.038664,1.349000,-0.611000,-0.855000,9.038000,-25.023000,-74.412000,29.47
0.039210,1.421000,-0.385000,-1.035000,6.305000,-88.992000,-58.137000,29.47
0.039869,1.132000,-0.330000,-0.924000,4.244000,-76.458000,-43.649000,29.38
0.040575,0.900000,-0.326000,-0.708000,-4.183000,-84.702000,-37.099000,29.42
0.041172,0.780000,-0.221000,-0.521000,-11.374000,-83.969000,-34.321000,29.42
0.041739,0.838000,-0.194000,-0.471000,-11.237000,-79.466000,-37.359000,29.38
0.042300,0.934000,-0.091000,-0.432000,-6.611000,-73.588000,-41.634000,29.38
0.042848,0.942000,-0.121000,-0.400000,-2.748000,-59.191000,-46.763000,29.42
0.043396,0.980000,-0.204000,-0.281000,4.733000,-58.305000,-55.527000,29.38
0.043994,0.930000,-0.222000,-0.159000,16.916000,-53.359000,-66.718000,29.38
0.044582,0.955000,-0.328000,-0.039000,23.985000,-24.275000,-78.672000,29.38
0.045137,1.115000,-0.426000,0.021000,25.908000,-15.267000,-92.626000,29.33
0.045679,1.272000,-0.529000,0.155000,13.603000,7.771000,-108.214000,29.42
0.046233,1.458000,-0.697000,0.470000,-6.336000,35.969000,-117.237000,29.38
0.046808,1.552000,-0.858000,1.235000,-22.046000,79.908000,-97.893000,29.38
0.047374,1.519000,-1.379000,1.841000,-12.168000,130.458000,-51.130000,29.47
0.047886,1.397000,-1.134000,2.384000,-31.450000,250.000000,23.435000,29.52
0.048399,1.453000,0.131000,-1.304000,10.275000,321.130000,69.145000,29.42
0.049029,2.686000,0.986000,-2.456000,-60.947000,153.695000,32.290000,29.38
0.049733,2.710000,1.273000,-0.360000,58.473000,151.863000,73.176000,29.28
0.050258,2.752000,-0.527000,-1.351000,147.374000,132.779000,83.588000,29.42
0.050768,0.584000,-1.104000,-1.154000,147.496000,-168.046000,66.947000,29.33
0.051275,-0.245000,-0.186000,-1.626000,225.588000,-38.840000,66.718000,29.38
0.051814,0.998000,-0.672000,-0.802000,18.656000,-96.092000,14.443000,29.38
0.052309,0.808000,-0.229000,-0.972000,25.542000,-60.305000,-0.870000,29.42
0.052796,0.654000,-0.198000,-0.786000,9.847000,-1.359000,-2.244000,29.42
0.053317,0.612000,-0.193000,-0.845000,4.809000,-3.191000,-8.824000,29.42
0.054027,0.562000,-0.021000,-0.841000,3.221000,-14.489000,-10.901000,29.38
0.054544,0.582000,-0.006000,-0.842000,2.382000,-7.634000,-7.435000,29.38
0.055034,0.494000,0.064000,-0.938000,0.443000,15.389000,-4.947000,29.33
0.055544,0.600000,-0.066000,-0.852000,-4.198000,-8.092000,-3.542000,29.42
0.056033,0.586000,-0.075000,-0.840000,0.595000,-3.084000,-0.763000,29.47
0.056518,0.569000,-0.063000,-0.831000,4.229000,13.389000,2.809000,29.38
0.057003,0.572000,-0.081000,-0.823000,2.382000,1.634000,3.313000,29.33
0.057464,0.548000,-0.104000,-0.856000,5.939000,8.473000,2.702000,29.47
0.057913,0.529000,-0.150000,-0.851000,5.817000,6.168000,2.290000,29.38
0.058354,0.552000,-0.159000,-0.822000,3.191000,9.588000,0.962000,29.28
0.058799,0.534000,-0.166000,-0.839000,4.321000,4.641000,-1.206000,29.33
0.059244,0.516000,-0.151000,-0.842000,1.847000,9.664000,-3.435000,29.33
0.059699,0.514000,-0.167000,-0.844000,-0.076000,13.771000,-5.359000,29.38
0.060154,0.536000,-0.119000,-0.807000,-1.603000,12.412000,-5.756000,29.38
0.060604,0.529000,-0.072000,-0.814000,-2.763000,11.496000,-2.947000,29.38
0.061064,0.536000,-0.057000,-0.805000,-1.710000,9.405000,-1.634000,29.33
0.061518,0.569000,-0.104000,-0.791000,-1.298000,6.992000,-0.809000,29.33
0.062051,0.561000,-0.082000,-0.796000,-0.534000,3.756000,-0.519000,29.38
0.062594,0.546000,-0.075000,-0.804000,0.916000,-0.244000,1.069000,29.47
0.063055,0.561000,-0.104000,-0.810000,1.939000,-2.687000,2.122000,29.33
0.063515,0.555000,-0.132000,-0.823000,1.924000,-4.046000,2.504000,29.52
0.064097,0.550000,-0.128000,-0.837000,2.672000,-5.954000,3.191000,29.38
0.064622,0.569000,-0.127000,-0.832000,4.580000,-6.015000,3.756000,29.47
0.065104,0.553000,-0.114000,-0.843000,5.603000,-4.321000,4.458000,29.24
0.065564,0.502000,-0.106000,-0.886000,5.847000,-0.702000,5.435000,29.33
0.066018,0.497000,-0.101000,-0.876000,5.908000,4.779000,6.565000,29.38
0.066467,0.560000,-0.142000,-0.838000,5.252000,10.687000,7.313000,29.38
0.066919,0.560000,-0.167000,-0.845000,3.863000,13.817000,5.786000,29.28
0.067406,0.543000,-0.126000,-0.868000,3.389000,16.718000,3.893000,29.42
0.067832,0.521000,-0.104000,-0.836000,3.710000,18.473000,3.237000,29.42
0.068270,0.554000,-0.151000,-0.837000,6.290000,18.168000,3.099000,29.38
0.068711,0.513000,-0.165000,-0.886000,8.275000,22.031000,2.931000,29.38
0.069146,0.506000,-0.150000,-0.954000,7.634000,31.466000,1.344000,29.33
0.069579,0.467000,-0.139000,-0.936000,10.214000,41.389000,1.084000,29.38
0.070019,0.520000,-0.120000,-0.891000,11.817000,51.954000,3.008000,29.47
0.070464,0.535000,-0.154000,-0.869000,12.122000,60.840000,1.588000,29.47
0.070902,0.480000,0.043000,-0.942000,28.412000,65.557000,-0.489000,29.42
0.071343,0.477000,-0.232000,-0.911000,26.840000,76.168000,-3.008000,29.42
0.071853,0.554000,-0.171000,-0.871000,29.710000,76.260000,0.427000,29.38
0.072408,0.588000,-0.131000,-0.896000,34.901000,77.374000,-6.351000,29.47
0.072883,0.582000,-0.192000,-0.802000,36.794000,73.466000,-11.924000,29.33
0.073363,0.676000,-0.225000,-0.759000,43.527000,67.130000,-17.298000,29.33
0.073803,0.688000,-0.220000,-0.683000,46.947000,59.817000,-26.473000,29.33
0.074246,0.635000,-0.257000,-0.682000,48.183000,53.328000,-32.901000,29.38
0.074688,0.639000,-0.240000,-0.677000,47.481000,45.053000,-35.389000,29.38
0.075118,0.656000,-0.172000,-0.655000,45.237000,36.840000,-36.412000,29.42
0.075543,0.634000,-0.195000,-0.676000,39.374000,31.038000,-34.901000,29.42
0.075976,0.562000,-0.240000,-0.789000,25.466000,26.183000,-30.336000,29.28
0.076403,0.397000,-0.156000,-0.866000,12.901000,15.771000,-18.473000,29.38
0.076838,0.269000,-0.224000,-0.982000,2.748000,2.366000,2.855000,29.33
0.077299,0.258000,-0.330000,-1.038000,-13.847000,-6.855000,31.817000,29.42
0.077758,0.303000,-0.198000,-0.970000,-34.260000,-18.000000,53.313000,29.38
0.078320,0.356000,-0.100000,-0.931000,-51.176000,-26.656000,68.000000,29.38
0.078887,0.468000,-0.038000,-0.875000,-62.916000,-27.405000,77.786000,29.42
0.079336,0.625000,-0.020000,-0.899000,-75.389000,-36.275000,79.557000,29.33
0.079760,0.684000,0.051000,-0.790000,-77.878000,-39.145000,77.069000,29.38
0.080184,0.691000,0.078000,-0.710000,-75.557000,-32.718000,67.069000,29.38
0.080608,0.688000,0.052000,-0.651000,-67.008000,-30.351000,51.832000,29.33
0.081031,0.695000,0.037000,-0.620000,-56.046000,-17.206000,33.588000,29.42
0.081450,0.719000,0.000000,-0.617000,-38.244000,-10.550000,14.947000,29.38
0.081875,0.798000,-0.068000,-0.699000,-21.863000,-8.885000,-2.489000,29.28
0.082300,0.830000,-0.156000,-0.730000,-7.374000,-12.611000,-15.664000,29.38
0.082721,0.767000,-0.264000,-0.718000,-1.908000,-16.458000,-24.718000,29.42
0.083132,0.670000,-0.304000,-0.642000,4.168000,-19.282000,-28.519000,29.33
0.083543,0.616000,-0.353000,-0.626000,9.725000,-11.466000,-27.954000,29.47
0.083987,0.618000,-0.361000,-0.651000,13.573000,-2.885000,-26.229000,29.47
0.084423,0.616000,-0.337000,-0.716000,18.443000,3.282000,-26.702000,29.33
0.084836,0.609000,-0.314000,-0.758000,24.336000,7.969000,-30.000000,29.33
0.085243,0.611000,-0.282000,-0.797000,32.565000,8.519000,-35.710000,29.47
0.085654,0.592000,-0.269000,-0.830000,40.702000,7.450000,-42.229000,29.38
0.086071,0.582000,-0.277000,-0.844000,46.763000,4.672000,-49.160000,29.42
0.086489,0.556000,-0.241000,-0.844000,54.260000,-0.061000,-58.275000,29.33
0.086910,0.514000,-0.219000,-0.820000,65.099000,-3.893000,-68.885000,29.38
0.087352,0.492000,-0.217000,-0.787000,76.748000,-5.511000,-80.366000,29.28
0.087788,0.507000,-0.213000,-0.825000,86.183000,-5.893000,-91.298000,29.38
0.088304,0.545000,-0.212000,-0.861000,90.962000,-9.771000,-100.076000,29.42
0.088876,0.563000,-0.223000,-0.881000,93.237000,-17.573000,-109.481000,29.42
0.089324,0.541000,-0.223000,-0.855000,95.450000,-25.221000,-116.382000,29.28
0.089746,0.517000,-0.233000,-0.812000,98.321000,-29.618000,-119.985000,29.38
0.090198,0.521000,-0.244000,-0.785000,100.504000,-31.969000,-122.153000,29.33
0.090661,0.540000,-0.230000,-0.792000,104.076000,-33.237000,-123.817000,29.38
0.091113,0.572000,-0.191000,-0.788000,108.641000,-35.344000,-125.939000,29.28
0.091549,0.614000,-0.164000,-0.810000,112.275000,-37.435000,-129.710000,29.38
0.092023,0.645000,-0.131000,-0.816000,114.794000,-38.595000,-133.634000,29.42
0.092462,0.672000,-0.116000,-0.810000,116.855000,-39.939000,-137.084000,29.42
0.092890,0.696000,-0.125000,-0.777000,117.237000,-41.084000,-140.198000,29.38
0.093317,0.649000,-0.168000,-0.724000,115.359000,-44.916000,-141.450000,29.38
0.093765,0.557000,-0.252000,-0.661000,108.901000,-41.679000,-140.214000,29.38
0.094201,0.498000,-0.348000,-0.620000,99.710000,-37.832000,-134.809000,29.33
0.094623,0.465000,-0.397000,-0.630000,92.977000,-34.137000,-125.053000,29.42
0.095066,0.455000,-0.413000,-0.682000,89.496000,-30.977000,-110.137000,29.38
0.095512,0.492000,-0.412000,-0.778000,84.519000,-24.443000,-92.473000,29.38
0.095973,0.541000,-0.322000,-0.851000,82.244000,-21.832000,-75.252000,29.33
0.096441,0.605000,-0.221000,-0.936000,78.000000,-21.221000,-64.763000,29.42
0.096879,0.621000,-0.083000,-0.944000,75.786000,-26.137000,-63.160000,29.38
0.097296,0.577000,-0.017000,-0.906000,72.244000,-28.702000,-69.084000,29.47
0.097713,0.574000,-0.008000,-0.876000,67.603000,-31.786000,-78.565000,29.33
0.098231,0.560000,-0.009000,-0.831000,64.107000,-38.107000,-85.649000,29.33
0.099113,0.578000,-0.123000,-0.787000,-5.969000,-8.733000,1.573000,29.33
0.099543,0.573000,-0.105000,-0.803000,-4.031000,-12.397000,1.527000,29.38
0.099951,0.576000,-0.100000,-0.806000,-2.260000,-14.000000,1.573000,29.28
0.100360,0.568000,-0.107000,-0.823000,-0.794000,-14.626000,1.298000,29.33
0.100767,0.539000,-0.100000,-0.829000,0.198000,-14.931000,1.191000,29.33
0.101186,0.547000,-0.130000,-0.832000,1.191000,-14.656000,0.519000,29.24
0.110160,0.527000,-0.137000,-0.853000,1.756000,-13.038000,-0.718000,29.28
0.117219,0.529000,-0.117000,-0.868000,1.664000,-10.412000,-1.191000,29.38
0.129642,0.517000,-0.125000,-0.867000,1.679000,-6.473000,-1.069000,29.33
0.135289,0.517000,-0.097000,-0.882000,2.137000,0.565000,-0.794000,29.38
0.149187,0.519000,-0.103000,-0.860000,2.641000,2.260000,-0.779000,29.28
0.161622,0.531000,-0.097000,-0.839000,2.122000,6.031000,-0.672000,29.28
0.168864,0.541000,-0.073000,-0.840000,2.840000,9.588000,-0.046000,29.33
0.181400,0.542000,-0.110000,-0.874000,3.496000,10.672000,0.122000,29.24
0.188403,0.544000,-0.129000,-0.900000,1.084000,15.084000,-0.198000,29.28
0.200905,0.523000,-0.102000,-0.893000,-0.580000,22.931000,-0.534000,29.28
0.208080,0.500000,-0.082000,-0.864000,-0.443000,29.908000,0.000000,29.38
0.220492,0.440000,-0.118000,-0.921000,-5.481000,44.366000,1.679000,29.42
0.227504,0.369000,-0.138000,-0.910000,-1.740000,42.321000,1.954000,29.33
0.239908,0.405000,-0.129000,-0.934000,-5.176000,57.847000,2.076000,29.38
0.246955,0.455000,-0.138000,-0.918000,-8.733000,66.260000,5.588000,29.28
0.259295,0.491000,-0.090000,-0.894000,-8.122000,76.092000,10.992000,29.33
0.271654,0.515000,-0.117000,-1.073000,-6.168000,88.061000,23.786000,29.33
0.279035,0.432000,0.068000,-1.031000,-4.198000,97.542000,30.290000,29.33
0.291135,0.415000,0.073000,-1.218000,-8.229000,102.977000,32.168000,29.38
0.298330,0.315000,0.374000,-1.399000,6.595000,87.634000,29.389000,29.28
0.310539,-0.041000,0.505000,-1.505000,20.031000,66.198000,13.038000,29.33
0.317749,0.156000,0.355000,-1.589000,10.626000,25.084000,-6.672000,29.33
0.329978,0.038000,0.314000,-1.460000,3.557000,-6.427000,-19.756000,29.28
0.336982,-0.055000,0.229000,-1.314000,1.557000,-24.168000,-25.740000,29.28
0.349209,-0.042000,0.107000,-1.209000,-0.748000,-29.023000,-25.832000,29.42
0.361540,0.066000,0.019000,-1.195000,-6.458000,-33.985000,-23.573000,29.33
0.368445,0.188000,-0.003000,-1.169000,-10.229000,-41.695000,-20.824000,29.24
0.380252,0.255000,-0.044000,-1.094000,-11.588000,-47.756000,-18.489000,29.28
0.387058,0.289000,-0.070000,-0.973000,-12.595000,-49.115000,-17.176000,29.38
0.398993,0.335000,-0.094000,-0.860000,-13.893000,-43.496000,-15.389000,29.24
0.411118,0.396000,-0.115000,-0.789000,-13.237000,-37.969000,-12.519000,29.33
0.417929,0.507000,-0.156000,-0.807000,-15.435000,-34.427000,-8.473000,29.28
0.430164,0.587000,-0.183000,-0.814000,-20.137000,-39.359000,-3.267000,29.28
0.436884,0.594000,-0.152000,-0.765000,-23.069000,-45.771000,2.794000,29.33
0.449292,0.543000,-0.130000,-0.684000,-24.626000,-45.191000,8.076000,29.28
0.461393,0.532000,-0.104000,-0.644000,-25.634000,-37.618000,11.527000,29.28
0.468464,0.549000,-0.075000,-0.640000,-25.847000,-28.840000,12.458000,29.28
0.480455,0.590000,-0.061000,-0.696000,-23.023000,-23.603000,9.603000,29.28
0.487510,0.605000,0.024000,-0.740000,-15.267000,-19.634000,4.153000,29.33
0.500056,0.607000,0.062000,-0.723000,-4.580000,-17.313000,-2.641000,29.28
0.507079,0.552000,0.078000,-0.735000,4.214000,-12.214000,-10.198000,29.28
0.519384,0.469000,0.086000,-0.723000,10.565000,-7.206000,-17.969000,29.28
0.531764,0.462000,0.062000,-0.774000,11.115000,4.137000,-24.458000,29.33
0.538839,0.492000,0.008000,-0.887000,7.374000,7.863000,-27.405000,29.33
0.551251,0.512000,-0.032000,-0.989000,0.260000,3.191000,-27.817000,29.28
0.558112,0.576000,-0.100000,-1.060000,-10.718000,-7.237000,-25.893000,29.19
0.570314,0.578000,-0.144000,-1.040000,-22.168000,-22.870000,-22.031000,29.42
0.577211,0.551000,-0.139000,-0.955000,-28.046000,-34.809000,-16.656000,29.33
0.589213,0.540000,-0.144000,-0.823000,-30.565000,-38.534000,-10.366000,29.24
0.601124,0.614000,-0.158000,-0.715000,-32.427000,-36.901000,-5.450000,29.28
0.608073,0.692000,-0.169000,-0.605000,-35.130000,-33.221000,-4.061000,29.28
0.620227,0.774000,-0.187000,-0.492000,-37.389000,-26.229000,-4.580000,29.33
0.627382,0.863000,-0.228000,-0.399000,-37.649000,-18.595000,-6.534000,29.24
0.639164,0.881000,-0.272000,-0.268000,-34.931000,-9.695000,-8.214000,29.38
0.651482,0.869000,-0.323000,-0.198000,-30.244000,-2.611000,-11.023000,29.28
0.658239,0.848000,-0.381000,-0.155000,-31.634000,14.336000,-12.977000,29.24
0.670346,0.902000,-0.365000,-0.180000,-35.252000,17.359000,-16.824000,29.33
0.677319,1.305000,-0.125000,-1.430000,24.748000,73.282000,-16.443000,29.38
0.689661,0.687000,-0.457000,0.944000,21.160000,45.802000,26.809000,29.38
0.702214,1.297000,-1.220000,1.159000,33.924000,178.305000,51.817000,29.33
0.709052,1.173000,-0.395000,-0.849000,58.534000,227.573000,73.954000,29.33
0.721312,2.235000,0.338000,-1.640000,56.244000,236.397000,22.534000,29.24
0.728520,0.741000,0.580000,-0.391000,35.282000,4.366000,46.260000,29.28
0.740818,0.711000,0.094000,-0.848000,89.679000,-40.336000,63.802000,29.28
0.747838,0.915000,-1.315000,-1.178000,75.374000,-118.092000,20.595000,29.33
0.759796,0.774000,-0.435000,-1.064000,23.389000,-115.298000,18.183000,29.28
0.765843,0.672000,-0.105000,-0.845000,6.412000,-65.191000,-0.305000,29.28
0.779247,0.587000,-0.278000,-0.927000,2.031000,-38.565000,1.939000,29.38
0.791576,0.618000,-0.134000,-0.777000,-14.947000,-41.405000,0.275000,29.33
0.798840,0.638000,-0.215000,-0.768000,-5.206000,-30.748000,-1.924000,29.33
0.810841,0.615000,-0.127000,-0.863000,-3.542000,-30.962000,-3.893000,29.38
0.818182,0.557000,-0.051000,-0.830000,-5.847000,-8.718000,-1.557000,29.19
0.830150,0.573000,-0.090000,-0.793000,-10.183000,4.916000,-1.344000,29.33
0.837755,0.573000,-0.101000,-0.826000,-5.832000,3.069000,-1.069000,29.33
0.849889,0.556000,-0.103000,-0.843000,-0.931000,0.351000,-0.214000,29.33
0.861941,0.543000,-0.097000,-0.844000,3.542000,-3.435000,-0.015000,29.28
0.869302,0.535000,-0.126000,-0.822000,0.015000,4.122000,-0.412000,29.28
0.881864,0.535000,-0.129000,-0.838000,-1.847000,9.389000,-0.931000,29.24
0.888940,0.532000,-0.127000,-0.826000,-0.580000,5.191000,-1.160000,29.33
0.901316,0.525000,-0.111000,-0.833000,1.679000,-1.634000,-0.962000,29.28
0.908515,0.543000,-0.134000,-0.824000,2.336000,-4.290000,-0.397000,29.38
0.920328,0.525000,-0.125000,-0.917000,-24.321000,27.115000,-0.427000,29.24
0.927731,0.559000,-0.111000,-0.863000,-1.954000,-14.046000,-0.260000,29.24
0.939775,0.573000,-0.061000,-0.752000,-2.885000,-4.458000,-0.962000,29.24
0.952009,0.529000,-0.121000,-0.925000,-1.191000,-34.870000,-2.305000,29.38
0.959360,0.526000,-0.095000,-0.861000,1.206000,-20.214000,0.076000,29.28
0.971641,0.525000,-0.148000,-0.779000,4.031000,-22.794000,-0.473000,29.33
0.979071,0.514000,-0.094000,-0.833000,-2.122000,3.466000,1.435000,29.33
0.991564,0.523000,-0.095000,-0.835000,-1.725000,4.672000,2.321000,29.38
0.998284,0.511000,-0.102000,-0.848000,-2.916000,9.603000,3.099000,29.28
1.010386,0.526000,-0.073000,-0.862000,-5.298000,12.458000,3.649000,29.24
1.017569,0.510000,-0.110000,-0.816000,-9.924000,36.504000,5.359000,29.33
1.029926,0.484000,-0.068000,-0.908000,-9.954000,56.824000,7.084000,29.38
1.036928,0.431000,-0.107000,-0.959000,-13.008000,33.267000,11.863000,29.38
1.049239,0.506000,-0.125000,-0.899000,-22.458000,39.053000,12.321000,29.28
1.061444,0.297000,-0.029000,-0.913000,-10.305000,24.397000,15.008000,29.33
1.068260,0.377000,-0.114000,-0.968000,-23.191000,54.198000,15.756000,29.28
1.080635,0.439000,-0.174000,-1.094000,-7.313000,23.389000,8.168000,29.38
1.087928,0.402000,-0.070000,-1.107000,2.504000,65.176000,9.969000,29.28
1.100224,0.305000,0.499000,-1.233000,22.275000,127.969000,15.221000,29.33
1.107489,0.215000,0.160000,-1.198000,48.046000,159.573000,23.817000,29.33
1.119372,0.804000,-0.148000,-1.242000,35.695000,186.076000,38.718000,29.38
1.131709,0.742000,0.128000,-1.222000,69.023000,226.901000,44.519000,29.28
1.138647,0.520000,-0.157000,-1.079000,81.267000,230.824000,48.580000,29.24
1.150995,0.561000,0.052000,-1.274000,106.534000,185.237000,42.122000,29.42
1.157933,0.443000,0.087000,-1.374000,92.290000,230.504000,40.244000,29.42
1.170143,0.296000,0.332000,-2.320000,70.397000,203.847000,22.382000,29.38
1.177138,-0.628000,0.942000,-2.259000,66.809000,130.443000,-7.634000,29.28
1.189363,-0.995000,1.014000,-2.230000,56.718000,85.084000,-36.611000,29.24
1.201693,-0.989000,0.820000,-2.316000,29.405000,11.176000,-48.855000,29.42
1.208530,-0.833000,0.503000,-2.156000,-5.924000,-37.817000,-36.595000,29.28
1.220404,-0.811000,0.368000,-2.018000,-18.779000,-124.565000,-15.145000,29.28
1.227639,-0.639000,0.298000,-1.509000,-26.534000,-188.305000,4.977000,29.24
1.239506,-0.375000,0.275000,-1.421000,-51.221000,-111.557000,28.107000,29.24
1.251722,-0.109000,0.302000,-1.179000,-77.908000,-68.916000,34.595000,29.28
1.258599,0.157000,0.355000,-1.227000,-65.985000,-84.656000,35.405000,29.28
1.270847,0.403000,0.355000,-1.008000,-56.687000,-129.191000,25.130000,29.24
1.278136,0.504000,0.313000,-0.992000,-68.809000,-91.298000,12.901000,29.24
1.289837,0.576000,0.241000,-0.885000,-68.183000,-101.573000,-3.160000,29.28
1.302032,0.735000,0.080000,-0.903000,-75.573000,-57.237000,-14.550000,29.28
1.308837,0.842000,-0.034000,-0.915000,-78.855000,-56.595000,-25.725000,29.28
1.320782,0.852000,-0.102000,-0.829000,-78.840000,-49.603000,-34.916000,29.33
1.327631,0.788000,-0.117000,-0.741000,-65.695000,-69.695000,-42.626000,29.28
1.340043,0.717000,-0.117000,-0.709000,-51.695000,-63.496000,-42.473000,29.28
1.351851,0.646000,-0.128000,-0.733000,-41.160000,-57.267000,-42.763000,29.28
1.358998,0.605000,-0.075000,-0.734000,-41.496000,-49.084000,-44.931000,29.24
1.370492,0.481000,-0.026000,-0.764000,-38.534000,-53.237000,-50.519000,29.33
1.377585,0.745000,-0.025000,-0.977000,-36.031000,-47.130000,-54.809000,29.28
1.389881,1.123000,-0.092000,-1.244000,-37.649000,-71.511000,-55.557000,29.28
1.403259,1.149000,-0.762000,0.043000,30.046000,-78.397000,-18.901000,29.28
1.409045,2.066000,-1.368000,0.510000,31.878000,-16.748000,-3.130000,29.33
1.422672,2.196000,-1.296000,0.507000,0.321000,-6.504000,-5.786000,29.24
1.430618,2.148000,-1.032000,0.067000,-8.107000,-2.718000,-7.435000,29.28
1.442423,1.476000,-0.487000,-1.234000,14.137000,172.092000,-18.656000,29.28
1.451357,1.090000,-0.112000,-0.998000,51.710000,165.603000,-23.115000,29.24
1.459921,0.496000,0.175000,-0.929000,-93.985000,-81.450000,-13.817000,29.24
1.471692,0.328000,0.282000,-1.010000,-63.237000,30.046000,-38.336000,29.33
1.478480,0.340000,0.032000,-0.946000,-53.771000,-113.237000,-27.206000,29.28
1.490427,0.448000,-0.205000,-1.155000,-37.634000,-43.893000,-36.580000,29.28
1.497130,0.543000,-0.235000,-1.160000,-10.473000,-49.588000,-32.305000,29.24
1.509135,0.482000,-0.307000,-1.158000,65.817000,-200.183000,-24.168000,29.24
1.521525,0.390000,-0.358000,-0.801000,-42.534000,-97.511000,4.153000,29.38
1.528482,0.388000,-0.444000,-0.862000,-77.435000,-65.649000,20.275000,29.28
1.540514,0.564000,-0.422000,-0.757000,-80.550000,-47.939000,42.168000,29.28
1.547606,0.507000,-0.461000,-0.531000,-75.985000,-37.863000,66.489000,29.24
1.559498,0.696000,-0.543000,-0.497000,-81.939000,-23.496000,82.351000,29.24
1.571609,0.951000,-0.610000,-0.446000,-100.809000,-1.084000,89.573000,29.28
1.578678,1.041000,-0.640000,-0.254000,-102.565000,6.458000,90.137000,29.28
1.591092,0.979000,-0.688000,0.157000,-84.382000,15.557000,87.313000,29.33
1.598087,1.155000,-0.883000,0.556000,-52.076000,32.962000,76.321000,29.33
1.610267,1.203000,-1.086000,1.039000,-21.237000,65.695000,65.939000,29.24
1.617679,1.740000,-1.515000,1.513000,3.466000,124.137000,67.084000,29.28
1.629987,2.611000,-2.296000,2.504000,10.534000,215.786000,112.198000,29.28
1.641859,2.624000,-0.908000,0.070000,-43.145000,401.252000,104.992000,29.33
1.649060,4.000000,1.912000,-2.264000,10.794000,325.466000,71.969000,29.33
1.661245,0.285000,0.175000,-0.294000,73.496000,-123.481000,50.397000,29.28
1.667963,-0.310000,-0.931000,-1.209000,145.832000,-156.992000,51.008000,29.28
1.679943,1.154000,-0.932000,-1.052000,121.038000,-193.191000,23.511000,29.28
1.692221,0.902000,-0.452000,-1.053000,204.214000,-164.198000,-9.130000,29.33
1.699388,0.713000,-0.262000,-1.114000,45.313000,-300.672000,-2.168000,29.24
1.711090,0.859000,-0.292000,-1.528000,-14.733000,-115.588000,-2.641000,29.28
1.718172,0.536000,-0.336000,-0.756000,-17.679000,-30.397000,-3.954000,29.19
1.730224,0.555000,-0.090000,-0.867000,-2.870000,-25.053000,-7.023000,29.33
1.737445,0.441000,0.085000,-0.776000,-4.168000,-8.061000,-5.756000,29.33
1.749493,0.519000,-0.119000,-0.876000,-2.076000,11.496000,-1.511000,29.28
1.761698,0.538000,-0.031000,-0.888000,0.183000,11.695000,1.527000,29.28
1.768963,0.537000,-0.019000,-0.805000,-1.771000,32.580000,5.450000,29.28
1.781222,0.583000,-0.026000,-0.788000,-7.695000,45.328000,6.198000,29.24
1.788588,0.541000,-0.100000,-0.813000,-5.847000,37.893000,7.679000,29.38
1.800667,0.519000,-0.150000,-0.852000,-7.206000,35.023000,6.870000,29.28
1.808199,0.521000,-0.158000,-0.830000,-2.718000,21.542000,4.672000,29.28
1.820546,0.497000,-0.139000,-0.843000,1.344000,8.122000,3.313000,29.24
1.827874,0.531000,-0.119000,-0.850000,-0.183000,6.382000,3.084000,29.24
1.840136,0.454000,-0.122000,-1.054000,33.023000,-120.412000,0.870000,29.38
1.847117,0.543000,-0.055000,-0.757000,-13.420000,34.687000,5.359000,29.38
1.859416,0.540000,-0.086000,-0.722000,-10.962000,10.962000,5.069000,29.24
1.871965,0.550000,-0.137000,-0.706000,1.069000,-0.168000,4.458000,29.33
1.878827,0.568000,-0.115000,-0.830000,-1.832000,-39.008000,3.450000,29.24
1.891261,0.549000,-0.111000,-0.773000,-5.237000,-12.809000,5.695000,29.28
1.898215,0.528000,-0.064000,-0.927000,-5.542000,-57.710000,5.176000,29.38
1.910596,0.462000,-0.079000,-0.962000,-0.137000,-75.466000,7.008000,29.24
1.918126,0.497000,-0.104000,-0.705000,-30.748000,6.168000,11.985000,29.33
1.929979,0.411000,-0.091000,-0.794000,-30.366000,46.916000,16.550000,29.19
1.942495,0.395000,-0.036000,-0.865000,-38.198000,76.198000,23.939000,29.28
1.948932,-4.000000,-4.000000,-4.000000,-284.489000,500.260000,175.176000,29.24
1.960851,0.691000,-0.656000,-1.928000,213.908000,-160.137000,21.374000,29.24
1.968044,0.625000,0.030000,-0.696000,-24.626000,180.656000,21.435000,29.28
1.980465,0.519000,0.051000,-0.991000,10.046000,10.595000,4.794000,29.19
1.987266,0.660000,-0.118000,-1.592000,27.863000,5.618000,-6.244000,29.33
2.000148,0.487000,0.279000,-1.321000,80.015000,74.458000,15.084000,29.24
2.011947,0.663000,0.240000,-1.200000,83.618000,172.427000,36.031000,29.24
2.018911,0.596000,0.242000,-1.113000,97.038000,149.832000,53.038000,29.28
2.030914,0.804000,-0.007000,-1.104000,92.107000,218.366000,68.550000,29.38
2.038026,0.893000,-0.258000,-0.966000,103.649000,232.351000,65.206000,29.33
2.049971,0.808000,-0.267000,-0.927000,103.817000,231.237000,61.252000,29.28
2.057065,0.697000,0.005000,-1.209000,104.107000,216.885000,55.847000,29.28
2.069207,0.390000,0.331000,-1.668000,100.076000,154.855000,42.733000,29.19
2.081424,-0.094000,1.191000,-2.528000,56.870000,65.374000,-18.351000,29.42
2.088241,-1.106000,1.836000,-2.347000,43.618000,-13.206000,-75.069000,29.24
2.100775,-1.331000,1.442000,-2.361000,8.977000,-26.366000,-104.779000,29.19
2.107584,-1.126000,0.964000,-2.366000,-24.336000,-65.496000,-107.130000,29.38
2.119416,-0.618000,0.510000,-2.142000,-38.412000,-107.695000,-80.702000,29.28
2.131174,-0.197000,0.104000,-1.699000,-49.282000,-123.710000,-36.534000,29.33
2.138055,0.285000,-0.106000,-1.259000,-62.672000,-121.847000,3.374000,29.24
2.150068,0.858000,-0.181000,-0.924000,-71.450000,-114.733000,31.969000,29.38
2.156075,1.355000,-0.297000,-0.717000,-79.557000,-107.435000,44.702000,29.28
2.169212,1.385000,-0.309000,-0.293000,-72.824000,-83.176000,45.634000,29.24
2.181301,1.377000,-0.435000,-0.181000,-55.298000,-39.084000,39.298000,29.24
2.188329,1.280000,-0.445000,-0.206000,-50.427000,-41.939000,28.015000,29.28
2.200830,1.101000,-0.379000,-0.335000,-38.046000,-14.214000,17.008000,29.28
2.207522,0.948000,-0.322000,-0.580000,-22.962000,-15.496000,4.336000,29.33
2.219512,0.750000,-0.171000,-0.756000,-12.260000,-24.947000,-8.031000,29.24
2.231774,0.466000,0.025000,-0.839000,-6.229000,20.412000,-22.046000,29.33
2.238909,0.321000,0.211000,-1.059000,-5.496000,-35.863000,-38.031000,29.19
2.251080,0.326000,0.136000,-1.330000,-20.412000,-24.183000,-48.992000,29.28
2.259248,0.236000,0.184000,-1.017000,7.634000,-57.435000,-54.061000,29.33
2.270187,0.220000,0.142000,-1.128000,-1.069000,-68.275000,-56.962000,29.24
2.276017,0.314000,0.186000,-1.146000,-5.969000,-64.702000,-57.603000,29.28
2.289313,0.364000,0.207000,-1.173000,-7.267000,-68.382000,-57.786000,29.38
2.301300,0.421000,0.213000,-1.183000,-8.092000,-81.298000,-61.115000,29.33
2.308555,0.506000,0.226000,-1.162000,-8.305000,-86.779000,-65.328000,29.33
2.320589,0.549000,0.217000,-1.147000,-11.908000,-88.046000,-69.267000,29.24
2.327764,0.570000,0.184000,-1.101000,-13.771000,-81.771000,-72.000000,29.19
2.339866,0.587000,0.152000,-1.075000,-18.275000,-75.985000,-72.275000,29.28
2.351641,0.600000,0.100000,-1.050000,-20.473000,-77.237000,-71.267000,29.33
2.359007,0.567000,0.044000,-1.015000,-24.824000,-75.618000,-68.763000,29.28
2.370676,0.571000,0.003000,-1.002000,-29.099000,-69.176000,-64.916000,29.28
2.377830,0.611000,-0.021000,-1.005000,-32.641000,-66.183000,-59.725000,29.28
2.389749,0.641000,-0.083000,-1.015000,-36.122000,-69.450000,-52.885000,29.24
2.401723,0.661000,-0.114000,-1.005000,-40.412000,-73.664000,-44.641000,29.24
2.408656,0.499000,-0.149000,-0.446000,-23.298000,-61.863000,-22.336000,29.28
2.420380,0.881000,-0.505000,-0.711000,-36.397000,-39.802000,-11.405000,29.19
2.427794,0.922000,-0.229000,-0.799000,-52.137000,-37.557000,-7.832000,29.28
2.439457,0.781000,-0.056000,-0.827000,-55.160000,-52.687000,-5.405000,29.24
2.451505,0.657000,0.028000,-0.751000,-56.931000,-54.244000,-4.611000,29.33
2.458833,0.677000,-0.020000,-0.672000,-53.725000,-39.771000,-4.534000,29.19
2.470585,0.835000,-0.139000,-0.756000,-58.183000,-35.344000,-7.985000,29.28
2.477494,0.925000,-0.160000,-0.754000,-58.458000,-42.061000,-12.595000,29.38
2.489570,0.904000,-0.176000,-0.686000,-54.626000,-54.198000,-16.168000,29.24
2.501585,0.859000,-0.198000,-0.536000,-47.389000,-52.977000,-19.069000,29.33
2.508556,0.875000,-0.254000,-0.421000,-45.008000,-45.908000,-23.893000,29.28
2.520332,0.970000,-0.358000,-0.378000,-44.672000,-44.550000,-31.099000,29.28
2.527493,1.029000,-0.385000,-0.328000,-46.351000,-41.191000,-37.588000,29.24
2.539770,1.066000,-0.379000,-0.263000,-41.710000,-35.618000,-39.817000,29.33
2.551451,1.065000,-0.417000,-0.200000,-35.603000,-28.565000,-40.611000,29.19
2.558358,1.082000,-0.474000,-0.200000,-33.191000,-20.046000,-41.649000,29.28
2.570093,1.157000,-0.571000,-0.243000,-33.603000,-18.183000,-42.275000,29.24
2.577191,1.302000,-0.693000,0.042000,-5.634000,-5.954000,-38.458000,29.24
2.589720,1.056000,-0.707000,0.258000,22.733000,8.534000,-16.870000,29.33
2.602073,1.102000,-1.012000,0.249000,31.985000,37.878000,-4.092000,29.28
2.609397,1.310000,-1.119000,0.516000,41.405000,65.069000,13.328000,29.19
2.621358,1.664000,-1.231000,0.951000,50.198000,110.595000,35.573000,29.33
2.628731,1.808000,-1.310000,1.553000,68.779000,174.076000,56.626000,29.24
2.640970,0.997000,-0.727000,0.693000,79.282000,254.290000,79.603000,29.38
2.647736,2.041000,-0.164000,-2.209000,83.389000,259.939000,46.992000,29.28
2.661118,1.668000,0.663000,-1.330000,83.924000,131.313000,39.435000,29.24
2.672082,0.651000,-0.170000,-0.574000,110.443000,134.366000,37.069000,29.33
2.680539,2.119000,-0.483000,-1.393000,84.015000,109.374000,36.351000,29.33
2.692144,1.814000,-1.121000,-1.130000,72.046000,46.321000,35.710000,29.28
2.698616,0.699000,-0.194000,-0.675000,79.710000,-106.061000,22.656000,29.28
2.710811,0.889000,0.168000,-1.025000,22.550000,-116.779000,36.702000,29.33
2.717576,0.740000,-0.349000,-0.839000,24.351000,-71.328000,24.565000,29.28
2.730010,0.887000,-0.295000,-0.916000,16.443000,-30.641000,8.290000,29.38
2.741959,0.622000,-0.167000,-0.875000,9.786000,-24.947000,5.817000,29.28
2.749532,0.623000,-0.121000,-0.879000,8.000000,-24.687000,3.221000,29.24
2.761522,0.616000,-0.111000,-0.848000,-0.321000,-7.817000,0.931000,29.24
2.768967,0.582000,-0.082000,-0.848000,-0.015000,-3.588000,0.443000,29.38
2.781454,0.570000,-0.092000,-0.857000,0.550000,1.420000,1.527000,29.28
2.788613,0.553000,-0.103000,-0.856000,0.733000,11.878000,1.771000,29.28
2.800778,0.558000,-0.095000,-0.831000,-0.473000,13.435000,1.374000,29.24
2.808190,0.562000,-0.095000,-0.827000,-0.641000,13.115000,1.527000,29.33
2.820404,0.557000,-0.093000,-0.812000,1.359000,11.344000,1.344000,29.19
2.827528,0.576000,-0.092000,-0.795000,2.183000,11.863000,1.023000,29.19
2.840145,0.565000,-0.097000,-0.814000,1.695000,11.725000,0.885000,29.24
2.847101,0.579000,-0.106000,-0.809000,0.031000,11.237000,1.496000,29.33
2.859694,0.567000,-0.075000,-0.802000,-0.809000,9.160000,2.351000,29.24
2.866789,0.579000,-0.093000,-0.800000,-0.183000,6.229000,2.214000,29.28
2.879380,0.582000,-0.093000,-0.770000,0.656000,1.252000,2.366000,29.28
2.891812,0.580000,-0.087000,-0.784000,2.794000,-3.191000,2.931000,29.24
2.899059,0.561000,-0.075000,-0.778000,5.023000,-4.962000,3.634000,29.24
2.911624,0.549000,-0.083000,-0.775000,6.931000,-6.809000,3.740000,29.28
2.918893,0.505000,-0.049000,-0.805000,8.519000,-6.153000,4.748000,29.28
2.931062,0.497000,-0.043000,-0.816000,10.427000,-5.038000,6.794000,29.33
2.940107,0.591000,-0.144000,-0.877000,8.962000,-1.282000,5.359000,29.24
2.953530,0.527000,-0.091000,-0.852000,5.313000,-0.534000,5.252000,29.24
2.961551,0.556000,-0.062000,-0.857000,5.893000,3.878000,6.931000,29.28
2.970665,0.542000,-0.126000,-0.842000,7.374000,5.130000,7.023000,29.28
2.977845,0.507000,-0.136000,-0.874000,4.824000,7.496000,6.672000,29.24
2.990372,0.508000,-0.135000,-0.869000,3.588000,11.160000,6.336000,29.33
2.997563,0.504000,-0.123000,-0.883000,-0.137000,16.901000,6.595000,29.28
3.009794,0.456000,-0.106000,-0.905000,-1.023000,21.191000,8.168000,29.28
3.017035,0.508000,-0.135000,-0.944000,2.076000,25.115000,9.328000,29.24
3.029378,0.502000,-0.111000,-0.924000,0.809000,35.863000,10.779000,29.28
3.041809,0.492000,-0.013000,-1.094000,8.214000,48.626000,13.710000,29.28
3.049053,0.352000,0.160000,-1.173000,4.840000,78.321000,26.458000,29.28
3.061299,0.383000,0.308000,-1.275000,59.893000,124.305000,41.863000,29.24
3.074113,0.670000,0.036000,-1.126000,56.153000,171.618000,54.076000,29.33
3.080983,0.616000,-0.033000,-1.145000,74.305000,199.802000,60.275000,29.28
3.088216,0.739000,0.064000,-1.268000,84.794000,230.366000,67.893000,29.19
3.102897,0.727000,-0.062000,-1.327000,101.008000,244.351000,69.313000,29.28
3.111911,0.764000,-0.052000,-1.316000,113.130000,268.672000,69.618000,29.24
3.118942,0.885000,-0.046000,-1.516000,116.183000,269.527000,66.000000,29.24
3.131127,1.073000,-0.021000,-1.955000,92.260000,244.489000,53.206000,29.28
3.138228,0.265000,1.053000,-2.289000,86.260000,185.527000,15.374000,29.19
3.150163,-0.400000,1.336000,-2.293000,74.992000,103.237000,-40.580000,29.14
3.157157,-0.693000,0.972000,-1.990000,42.992000,53.221000,-80.397000,29.24
3.169358,-0.391000,0.641000,-2.223000,15.710000,-9.603000,-73.893000,29.19
3.181668,-0.628000,0.415000,-1.782000,0.962000,-43.328000,-44.443000,29.38
3.189650,-0.535000,0.126000,-1.660000,-25.481000,-65.817000,-8.702000,29.33
3.200605,-0.344000,0.106000,-1.542000,-54.015000,-69.053000,28.000000,29.24
3.210517,-0.210000,0.141000,-1.435000,-73.893000,-80.076000,55.802000,29.33
3.223080,-0.093000,0.164000,-1.270000,-89.420000,-78.305000,72.580000,29.19
3.231587,-0.007000,0.175000,-1.113000,-102.260000,-72.351000,80.412000,29.28
3.238587,0.137000,0.176000,-1.047000,-112.733000,-63.298000,83.771000,29.24
3.250654,0.258000,0.203000,-1.035000,-117.099000,-64.000000,82.427000,29.33
3.257721,0.311000,0.219000,-1.031000,-118.473000,-62.427000,77.969000,29.38
3.269606,0.410000,0.197000,-1.063000,-116.031000,-62.885000,68.198000,29.19
3.281990,0.561000,0.163000,-1.085000,-115.023000,-72.977000,52.427000,29.24
3.288587,0.663000,0.159000,-1.109000,-113.603000,-84.840000,31.466000,29.28
3.301197,0.871000,0.053000,-1.195000,-109.603000,-96.305000,5.847000,29.28
3.307624,0.992000,0.039000,-1.213000,-124.947000,-118.275000,-23.725000,29.38
3.319612,0.941000,0.081000,-1.099000,-119.664000,-136.122000,-55.130000,29.24
3.331617,0.864000,0.094000,-0.979000,-103.084000,-141.878000,-83.817000,29.33
3.339213,0.853000,0.033000,-0.942000,-84.061000,-140.458000,-110.061000,29.19
3.350090,0.909000,-0.031000,-0.945000,-68.977000,-135.344000,-135.084000,29.28
3.358928,0.978000,-0.100000,-0.945000,-53.649000,-131.191000,-157.496000,29.14
3.368711,1.041000,-0.167000,-0.934000,-35.954000,-130.321000,-174.382000,29.33
3.384637,1.041000,-0.255000,-0.867000,-15.695000,-126.885000,-184.595000,29.19
3.387562,1.627000,-0.129000,-0.516000,46.504000,-100.962000,-162.458000,29.19
3.399535,1.467000,-1.235000,0.404000,82.137000,-41.069000,-121.176000,29.28
3.411628,1.559000,-1.652000,-0.205000,51.878000,-19.099000,-103.115000,29.24
3.418715,1.717000,-1.242000,-0.390000,16.611000,-25.939000,-84.840000,29.14
3.430785,1.530000,-0.922000,-0.511000,2.595000,-38.595000,-60.412000,29.19
3.441809,1.204000,-0.771000,-0.589000,-11.954000,-46.427000,-41.618000,29.28
3.449830,0.830000,-0.663000,-0.495000,-32.290000,-39.206000,-26.519000,29.33
3.461889,0.684000,-0.588000,-0.426000,-42.076000,-35.542000,-10.626000,29.14
3.469445,0.679000,-0.536000,-0.448000,-40.931000,-44.000000,2.580000,29.28
3.482918,0.706000,-0.524000,-0.419000,-44.794000,-43.511000,17.725000,29.19
3.487482,0.787000,-0.560000,-0.361000,-45.695000,-42.763000,30.427000,29.24
3.499634,0.821000,-0.621000,-0.237000,-46.214000,-31.847000,41.405000,29.19
3.511900,0.868000,-0.680000,-0.005000,-37.374000,-17.435000,49.847000,29.19
3.519086,0.895000,-0.698000,0.172000,-26.962000,8.824000,57.557000,29.28
3.531225,1.282000,-1.037000,0.406000,-24.870000,34.931000,62.061000,29.24
3.538395,1.628000,-1.325000,0.841000,-17.954000,82.122000,73.008000,29.24
3.550505,2.054000,-1.664000,1.456000,-15.710000,214.809000,95.206000,29.19
3.557869,3.316000,-2.522000,2.961000,-5.588000,282.305000,139.740000,29.28
3.569738,3.807000,0.274000,-0.523000,26.611000,338.321000,75.252000,29.28
3.575683,3.489000,1.704000,-1.965000,46.855000,150.137000,11.618000,29.14
3.589652,0.020000,0.595000,-1.040000,76.031000,146.366000,34.031000,29.33
3.601450,0.597000,-1.198000,-1.164000,41.069000,-125.649000,71.634000,29.28
3.612952,0.974000,-1.121000,-0.987000,79.298000,-175.847000,31.771000,29.28
3.620561,1.114000,0.155000,-0.651000,97.832000,-197.863000,8.214000,29.14
3.627533,0.885000,-0.153000,-0.958000,71.511000,-220.916000,6.885000,29.24
3.639331,0.514000,-0.097000,-0.321000,16.763000,-131.511000,10.061000,29.28
3.651855,0.631000,-0.234000,-0.992000,8.382000,-39.084000,3.908000,29.28
3.659247,0.491000,-0.192000,-0.810000,-23.603000,53.618000,1.756000,29.33
3.671746,0.543000,-0.091000,-0.849000,2.489000,-0.473000,0.947000,29.33
3.679037,0.544000,-0.170000,-0.880000,7.038000,7.038000,-0.321000,29.28
3.691002,0.607000,-0.066000,-0.858000,0.763000,11.542000,-0.076000,29.28
3.698307,0.608000,-0.048000,-0.813000,-1.191000,-0.672000,2.305000,29.24
3.710752,0.595000,-0.092000,-0.802000,2.260000,6.366000,2.260000,29.24
3.718105,0.607000,-0.095000,-0.838000,2.458000,6.031000,1.573000,29.24
3.730644,0.578000,-0.108000,-0.851000,2.916000,5.847000,1.603000,29.28
3.737905,0.575000,-0.131000,-0.834000,2.519000,6.977000,2.489000,29.28
3.753032,0.545000,-0.164000,-0.843000,2.046000,7.374000,2.672000,29.24
3.757576,0.538000,-0.167000,-0.832000,-0.031000,13.313000,2.260000,29.28
3.770229,0.544000,-0.143000,-0.833000,-1.695000,18.015000,2.061000,29.28
3.777707,0.558000,-0.143000,-0.818000,-2.015000,19.908000,2.183000,29.19
3.789976,0.538000,-0.129000,-0.808000,-1.359000,15.939000,2.733000,29.24
3.802039,0.546000,-0.140000,-0.789000,-1.176000,10.794000,2.611000,29.14
3.809560,0.544000,-0.146000,-0.788000,-1.435000,5.847000,2.076000,29.28
3.821758,0.539000,-0.135000,-0.785000,-1.405000,2.626000,1.725000,29.19
3.829186,0.559000,-0.105000,-0.780000,-0.855000,-0.122000,1.771000,29.24
3.841403,0.560000,-0.084000,-0.773000,0.443000,-4.321000,2.061000,29.24
3.848383,0.554000,-0.110000,-0.799000,2.244000,-8.870000,2.168000,29.28
3.861192,0.500000,-0.141000,-0.849000,3.252000,-10.809000,1.786000,29.28
3.867948,0.519000,-0.083000,-0.847000,2.504000,-9.084000,2.168000,29.19
3.880786,0.516000,-0.065000,-0.857000,2.229000,-4.443000,3.725000,29.24
3.887802,0.488000,-0.108000,-0.863000,2.702000,-2.565000,5.481000,29.24
3.900201,0.457000,-0.177000,-0.859000,1.557000,-2.992000,6.336000,29.28
3.907186,0.447000,-0.153000,-0.882000,-2.397000,-1.206000,8.061000,29.28
3.919672,0.516000,-0.149000,-0.932000,-0.550000,7.038000,11.115000,29.24
3.931890,0.479000,-0.142000,-0.936000,-0.809000,19.786000,12.885000,29.33
3.938905,0.508000,-0.184000,-0.962000,-2.702000,37.313000,11.069000,29.28
3.951268,0.229000,0.132000,-1.120000,1.817000,53.099000,12.855000,29.28
3.958761,0.387000,0.094000,-1.062000,4.779000,67.847000,23.649000,29.24
3.970874,0.378000,0.525000,-1.215000,24.290000,113.802000,36.977000,29.24
3.978216,0.478000,0.319000,-1.577000,67.786000,93.115000,48.977000,29.19
3.990692,0.702000,0.002000,-1.245000,52.885000,206.244000,65.206000,29.28
3.997616,0.604000,0.258000,-1.261000,83.389000,209.954000,75.160000,29.19
4.009738,0.654000,-0.045000,-1.264000,110.718000,220.901000,84.137000,29.33
4.021596,0.736000,-0.435000,-1.091000,126.153000,232.412000,84.550000,29.28
4.028844,0.797000,-0.352000,-1.064000,140.947000,232.046000,76.550000,29.28
4.041040,0.878000,-0.144000,-1.331000,141.282000,242.748000,67.878000,29.28
4.047864,0.760000,0.044000,-2.015000,111.878000,213.878000,46.595000,29.24
4.060060,0.269000,0.746000,-2.071000,89.695000,127.069000,14.061000,29.24
4.072150,-0.141000,1.169000,-2.149000,65.542000,75.206000,-20.137000,29.19
4.079278,-0.424000,1.278000,-1.976000,39.481000,10.015000,-55.221000,29.28
4.091297,-0.169000,0.772000,-1.780000,2.458000,-36.611000,-73.771000,29.28
4.098305,-0.364000,0.630000,-1.544000,-13.313000,-75.863000,-71.389000,29.24
4.112915,-0.402000,0.393000,-1.367000,-24.244000,-84.595000,-56.412000,29.24
4.115819,-0.319000,0.170000,-1.260000,-40.733000,-84.443000,-37.038000,29.28
4.129206,-0.149000,0.020000,-1.240000,-59.038000,-95.542000,-15.527000,29.28
4.141106,-0.076000,-0.066000,-1.166000,-75.786000,-99.221000,5.115000,29.33
4.148166,0.005000,-0.089000,-1.072000,-90.519000,-93.069000,23.069000,29.24
4.160228,0.128000,-0.094000,-1.037000,-94.687000,-99.008000,37.878000,29.19
4.167457,0.285000,-0.061000,-1.009000,-98.977000,-78.092000,50.229000,29.19
4.179121,0.431000,-0.007000,-0.987000,-97.527000,-76.656000,56.947000,29.24
4.191542,0.491000,0.022000,-0.947000,-102.611000,-70.290000,56.229000,29.24
4.198162,0.518000,0.067000,-0.903000,-103.252000,-74.198000,49.618000,29.24
4.210668,0.543000,0.105000,-0.875000,-102.366000,-65.695000,39.191000,29.28
4.217556,0.535000,0.110000,-0.864000,-94.031000,-63.176000,26.137000,29.19
4.233727,0.615000,0.101000,-0.979000,-83.863000,-56.122000,10.351000,29.24
4.243695,0.769000,0.075000,-1.113000,-70.031000,-61.252000,-4.015000,29.33
4.249649,0.848000,0.143000,-1.136000,-57.924000,-65.069000,-17.496000,29.28
4.261287,0.810000,0.175000,-1.086000,-46.626000,-71.939000,-32.672000,29.38
4.267450,0.740000,0.184000,-1.057000,-39.985000,-70.351000,-50.015000,29.24
4.279800,0.760000,0.163000,-1.106000,-38.336000,-70.046000,-66.641000,29.28
4.291707,0.776000,0.128000,-1.153000,-36.534000,-70.641000,-80.336000,29.19
4.298696,0.749000,0.066000,-1.162000,-34.168000,-76.000000,-91.649000,29.19
4.310631,0.708000,-0.003000,-1.146000,-35.038000,-78.885000,-99.985000,29.28
4.317581,0.662000,-0.052000,-1.126000,-35.863000,-79.496000,-105.374000,29.33
4.329533,0.639000,-0.106000,-1.117000,-36.229000,-78.015000,-108.885000,29.28
4.341512,0.628000,-0.166000,-1.117000,-34.901000,-75.969000,-111.618000,29.28
4.347943,0.698000,-0.215000,-1.151000,-29.954000,-79.557000,-110.061000,29.19
4.360074,0.684000,-0.281000,-1.117000,-21.908000,-86.275000,-105.053000,29.24
4.365863,0.670000,-0.346000,-1.067000,-15.206000,-89.389000,-98.260000,29.24
4.378969,0.742000,-0.420000,-1.016000,-14.901000,-90.458000,-91.374000,29.28
4.390962,0.834000,-0.493000,-0.971000,-20.641000,-95.695000,-86.092000,29.28
4.397693,0.903000,-0.496000,-0.900000,-26.809000,-102.748000,-81.176000,29.24
4.409819,0.951000,-0.496000,-0.783000,-31.038000,-107.588000,-78.275000,29.24
4.421746,0.966000,-0.517000,-0.614000,-30.336000,-108.779000,-76.962000,29.24
4.428148,0.989000,-0.508000,-0.421000,-24.931000,-102.840000,-76.443000,29.19
4.440526,0.967000,-0.521000,-0.244000,-16.702000,-91.710000,-76.977000,29.38
4.447397,0.948000,-0.523000,-0.170000,-10.092000,-77.328000,-78.412000,29.24
4.459309,1.054000,-0.488000,-0.042000,-5.221000,-51.191000,-79.588000,29.24
4.471767,1.257000,-0.510000,-0.121000,-8.366000,-25.176000,-74.229000,29.28
4.478619,1.232000,-0.628000,0.007000,11.038000,16.443000,-67.664000,29.28
4.490863,1.348000,-0.712000,-0.003000,-19.344000,15.985000,-63.573000,29.24
4.497607,1.672000,-0.716000,0.001000,-18.641000,-28.992000,-56.763000,29.24
4.509783,1.717000,-0.601000,0.275000,-26.748000,149.908000,-38.611000,29.24
4.522317,1.765000,-0.524000,0.450000,4.687000,-60.260000,-11.084000,29.28
4.529026,1.585000,-0.590000,0.648000,-0.916000,-52.336000,6.794000,29.28
4.541363,1.489000,-0.556000,0.482000,-13.237000,-77.450000,16.427000,29.24
4.548857,1.573000,-0.184000,-0.418000,54.137000,2.916000,5.832000,29.14
4.561131,0.948000,0.032000,1.737000,49.924000,125.649000,32.046000,29.19
4.568335,0.006000,-0.185000,0.779000,68.656000,192.702000,22.458000,29.19
4.580512,1.113000,0.339000,-1.795000,88.565000,189.237000,3.450000,29.24
4.587696,0.775000,0.100000,-1.704000,63.160000,86.321000,15.649000,29.14
4.599950,0.467000,-0.632000,-0.756000,79.893000,45.435000,-0.763000,29.33
4.612009,1.946000,-0.627000,-1.130000,75.893000,182.137000,24.382000,29.28
4.619349,3.183000,0.639000,-1.510000,37.359000,300.992000,41.908000,29.28
4.631486,2.573000,-0.051000,-1.019000,79.328000,302.000000,50.718000,29.24
4.638196,1.014000,-0.142000,-2.036000,172.397000,-175.053000,48.107000,29.28
4.650541,0.289000,-0.483000,-0.882000,99.053000,-35.237000,44.702000,29.28
4.658446,1.030000,-0.111000,-0.929000,36.748000,-82.305000,31.771000,29.19
4.669708,0.899000,-0.148000,-0.834000,32.565000,-71.206000,26.931000,29.14
4.681880,0.701000,-0.152000,-0.906000,26.153000,-47.664000,21.252000,29.24
4.688758,0.690000,-0.235000,-0.903000,17.557000,-29.237000,11.710000,29.28
4.701059,0.597000,-0.109000,-0.871000,11.847000,-43.740000,8.137000,29.09
4.708438,0.573000,-0.065000,-0.861000,15.038000,-37.282000,8.229000,29.19
4.720338,0.547000,-0.139000,-0.862000,9.710000,-16.275000,7.435000,29.24
4.727789,0.538000,-0.160000,-0.849000,7.053000,-8.229000,5.939000,29.24
4.740309,0.540000,-0.125000,-0.852000,3.466000,4.443000,5.679000,29.19
4.747737,0.533000,-0.116000,-0.830000,1.603000,13.206000,4.687000,29.19
4.759950,0.536000,-0.130000,-0.838000,1.847000,12.870000,3.664000,29.33
4.767476,0.542000,-0.110000,-0.807000,2.153000,11.359000,2.947000,29.24
4.779750,0.536000,-0.094000,-0.799000,4.031000,10.565000,2.992000,29.28
4.791947,0.532000,-0.065000,-0.802000,4.748000,12.198000,4.031000,29.28
4.799223,0.551000,-0.084000,-0.810000,5.924000,14.870000,4.336000,29.33
4.811598,0.542000,-0.124000,-0.814000,5.924000,11.023000,4.244000,29.24
4.819119,0.551000,-0.088000,-0.811000,5.863000,6.580000,4.168000,29.28
4.831347,0.551000,-0.132000,-0.803000,5.252000,-2.748000,2.656000,29.28
4.838805,0.570000,-0.143000,-0.807000,5.634000,-7.130000,1.466000,29.19
4.851260,0.549000,-0.155000,-0.823000,3.252000,-1.145000,0.992000,29.24
4.858759,0.537000,-0.080000,-0.794000,2.611000,3.008000,2.076000,29.33
4.870870,0.544000,-0.092000,-0.797000,2.870000,1.634000,3.389000,29.28
4.878449,0.522000,-0.122000,-0.813000,3.725000,2.763000,4.794000,29.28
4.894872,0.527000,-0.137000,-0.853000,5.618000,2.351000,6.046000,29.24
4.897812,0.533000,-0.183000,-0.819000,3.557000,7.817000,8.305000,29.28
4.910496,0.502000,-0.163000,-0.852000,2.870000,3.985000,7.603000,29.28
4.917699,0.510000,-0.135000,-0.884000,0.076000,12.260000,7.740000,29.28
4.929989,0.496000,-0.111000,-0.919000,-0.397000,17.359000,7.908000,29.14
4.937414,0.426000,-0.154000,-1.004000,2.061000,14.412000,7.817000,29.24
4.950018,0.439000,-0.190000,-0.965000,-5.664000,40.794000,8.092000,29.19
4.957462,0.362000,0.035000,-1.191000,7.832000,59.771000,6.626000,29.19
4.969875,0.277000,0.076000,-1.162000,5.008000,96.458000,21.282000,29.28
4.982097,0.290000,0.294000,-1.300000,79.664000,144.046000,26.672000,29.24
4.989104,0.461000,0.004000,-1.219000,75.221000,193.359000,47.252000,29.24
5.001211,0.557000,0.296000,-1.164000,78.611000,226.763000,61.756000,29.19
5.008503,0.804000,-0.125000,-1.268000,96.885000,232.702000,71.893000,29.28
5.020824,0.773000,-0.285000,-1.156000,102.000000,252.397000,77.221000,29.24
5.027402,0.828000,-0.166000,-1.196000,101.191000,255.008000,69.710000,29.24
5.039666,0.619000,0.126000,-1.855000,97.557000,221.466000,55.573000,29.19
5.051872,0.155000,0.500000,-2.208000,67.725000,136.641000,27.237000,29.19
5.059432,-0.388000,0.924000,-2.162000,56.595000,60.534000,1.115000,29.28
5.071176,-0.618000,0.537000,-1.979000,21.649000,17.099000,-14.519000,29.24
5.078059,-0.351000,0.508000,-2.050000,-10.076000,-21.038000,-5.649000,29.24
5.090183,-0.476000,0.444000,-1.609000,-23.099000,-53.786000,8.565000,29.19
5.097337,-0.358000,0.359000,-1.469000,-38.031000,-50.626000,24.351000,29.28
5.109307,-0.181000,0.357000,-1.373000,-51.130000,-59.221000,36.519000,29.24
5.121454,-0.069000,0.373000,-1.285000,-60.534000,-62.809000,43.420000,29.24
5.128291,0.008000,0.368000,-1.205000,-68.794000,-64.443000,43.908000,29.19
5.140900,0.090000,0.356000,-1.149000,-74.275000,-59.496000,40.473000,29.19
5.147587,0.135000,0.331000,-1.080000,-78.000000,-52.885000,38.824000,29.19
5.159747,0.183000,0.260000,-1.067000,-79.725000,-45.511000,30.672000,29.24
5.171896,0.382000,0.162000,-1.171000,-86.412000,-46.275000,21.496000,29.24
5.179032,0.496000,0.141000,-1.226000,-90.214000,-61.160000,9.969000,29.19
5.191132,0.509000,0.135000,-1.210000,-86.855000,-79.053000,-3.435000,29.19
5.198439,0.524000,0.147000,-1.141000,-78.031000,-89.252000,-17.649000,29.24
5.210310,0.514000,0.143000,-1.043000,-66.794000,-90.412000,-31.893000,29.19
5.217319,0.500000,0.149000,-0.993000,-57.618000,-90.153000,-45.542000,29.19
5.229060,0.504000,0.059000,-0.993000,-57.817000,-77.344000,-55.893000,29.19
5.241727,0.514000,0.033000,-0.999000,-54.519000,-82.305000,-63.878000,29.24
5.248227,0.514000,-0.004000,-0.982000,-52.366000,-80.718000,-67.038000,29.24
5.260190,0.476000,-0.050000,-0.988000,-50.534000,-78.931000,-68.061000,29.19
5.266040,0.495000,-0.104000,-1.037000,-48.229000,-76.443000,-67.573000,29.19
5.279072,0.604000,-0.200000,-1.156000,-51.023000,-82.519000,-66.565000,29.19
5.290952,0.691000,-0.233000,-1.200000,-55.527000,-88.061000,-63.588000,29.14
5.297671,0.714000,-0.227000,-1.172000,-57.588000,-98.061000,-59.359000,29.24
5.309682,0.698000,-0.232000,-1.107000,-61.313000,-105.924000,-55.008000,29.19
5.321668,0.699000,-0.240000,-1.052000,-65.420000,-105.893000,-51.221000,29.19
5.329142,0.701000,-0.240000,-1.034000,-66.504000,-108.870000,-47.664000,29.24
5.340421,0.686000,-0.243000,-0.973000,-69.313000,-103.710000,-44.626000,29.24
5.346845,0.668000,-0.250000,-0.929000,-68.550000,-101.634000,-42.366000,29.19
5.359099,0.616000,-0.338000,-0.880000,-72.244000,-99.939000,-40.779000,29.28
5.371237,0.636000,-0.316000,-0.823000,-71.954000,-91.893000,-39.588000,29.19
5.377822,0.651000,-0.312000,-0.787000,-64.794000,-81.557000,-37.023000,29.24
5.389933,0.655000,-0.332000,-0.787000,-60.672000,-59.542000,-35.618000,29.14
5.395701,0.716000,-0.347000,-0.770000,-50.885000,-59.863000,-36.107000,29.28
5.408944,0.739000,-0.353000,-0.690000,-44.962000,-57.511000,-37.206000,29.28
5.420935,0.769000,-0.348000,-0.656000,-33.924000,-54.031000,-38.290000,29.14
5.427726,0.837000,-0.373000,-0.525000,-26.260000,-56.992000,-39.802000,29.24
5.439648,0.896000,-0.369000,-0.448000,-21.252000,-39.496000,-41.573000,29.28
5.451837,0.966000,-0.448000,-0.424000,-17.145000,-33.527000,-47.176000,29.28
5.458661,1.227000,-0.593000,-0.430000,-25.191000,-31.496000,-53.893000,29.28
5.470670,1.314000,-0.589000,-0.293000,-31.374000,-36.229000,-60.580000,29.24
5.477420,1.277000,-0.547000,-0.036000,-31.008000,-28.458000,-59.176000,29.24
5.489918,1.135000,-0.591000,0.648000,15.420000,1.206000,-51.847000,29.19
5.496936,1.272000,-0.868000,0.791000,31.023000,47.649000,-30.260000,29.28
5.509327,1.539000,-1.139000,0.883000,24.260000,96.076000,-7.908000,29.14
5.521730,2.070000,-1.410000,1.136000,28.244000,179.527000,17.603000,29.24
5.528828,2.474000,-1.365000,2.287000,73.954000,189.557000,40.061000,29.14
5.541072,2.472000,-1.424000,2.197000,55.237000,277.374000,108.626000,29.28
5.547737,2.246000,-0.169000,-1.236000,45.374000,362.809000,132.336000,29.19
5.559961,2.733000,0.114000,-2.723000,52.214000,368.458000,68.656000,29.14
5.567218,1.047000,0.961000,-0.140000,64.672000,100.427000,71.756000,29.28
5.579265,2.433000,0.568000,-0.962000,114.550000,190.000000,73.145000,29.19
5.591575,2.844000,-1.113000,-1.522000,210.427000,64.382000,60.504000,29.19
5.598714,0.941000,-1.052000,-0.757000,243.939000,-65.176000,74.382000,29.24
5.610534,1.264000,-0.478000,-1.420000,209.588000,-367.481000,57.802000,29.33
5.617572,0.635000,-0.648000,-0.520000,-6.916000,-171.878000,30.168000,29.19
5.629715,0.834000,-0.497000,-0.891000,-30.489000,-81.145000,8.458000,29.19
5.642214,0.633000,-0.182000,-0.683000,-41.710000,-9.038000,4.290000,29.28
5.649360,0.581000,-0.195000,-0.857000,-9.725000,-21.481000,1.786000,29.14
5.661184,0.506000,-0.150000,-0.845000,-11.374000,5.160000,-1.298000,29.14
5.668439,0.572000,-0.099000,-0.857000,-8.473000,-1.481000,-1.573000,29.19
5.680679,0.571000,-0.101000,-0.846000,1.389000,-1.115000,-0.656000,29.19
5.687776,0.570000,-0.073000,-0.840000,-0.916000,9.115000,-0.779000,29.24
5.700255,0.562000,-0.092000,-0.827000,-3.069000,15.527000,0.382000,29.33
5.707466,0.571000,-0.072000,-0.827000,-1.282000,16.198000,0.504000,29.19
5.719638,0.546000,-0.121000,-0.826000,-1.298000,17.511000,1.038000,29.19
5.731934,0.554000,-0.127000,-0.802000,-1.603000,15.786000,1.389000,29.33
5.739290,0.556000,-0.131000,-0.805000,-1.084000,12.153000,1.557000,29.24
5.751482,0.522000,-0.120000,-0.831000,-1.237000,10.916000,1.267000,29.24
5.758883,0.528000,-0.112000,-0.834000,-2.015000,12.534000,1.832000,29.19
5.771012,0.547000,-0.106000,-0.864000,-9.344000,42.489000,1.802000,29.19
5.778231,0.547000,-0.098000,-0.780000,2.565000,3.160000,0.519000,29.24
5.790947,0.519000,-0.043000,-0.749000,-0.947000,8.473000,1.435000,29.14
5.797739,0.410000,-0.444000,-0.802000,218.183000,187.756000,56.626000,29.19
5.809705,-0.259000,-0.614000,-0.531000,-241.588000,381.115000,111.206000,29.19
5.821804,0.925000,0.074000,-0.070000,-284.153000,-484.916000,70.992000,29.24
5.828868,0.792000,-0.067000,-0.548000,-16.153000,-23.221000,-0.214000,29.24
5.840927,0.499000,-0.098000,-0.763000,51.038000,-53.237000,-9.313000,29.24
5.848116,0.575000,-0.192000,-0.873000,32.198000,-22.107000,-5.603000,29.28
5.860305,0.792000,-0.235000,-1.289000,-3.176000,19.053000,3.664000,29.28
5.867615,0.696000,-0.065000,-0.769000,36.611000,-1.450000,3.099000,29.24
5.879925,0.499000,0.015000,-0.815000,17.786000,37.802000,8.718000,29.19
5.892172,0.566000,0.004000,-0.915000,24.336000,66.947000,12.092000,29.19
5.899476,0.448000,-0.370000,-1.032000,67.069000,-8.092000,12.275000,29.28
5.911741,0.492000,-0.194000,-1.038000,21.847000,99.847000,9.588000,29.14
5.918933,0.503000,-0.264000,-0.920000,48.275000,89.756000,0.229000,29.33
5.931051,0.453000,-0.295000,-0.823000,10.031000,219.847000,1.740000,29.19
5.937783,0.488000,-0.247000,-1.168000,42.198000,196.214000,-1.527000,29.19
5.950280,0.585000,-0.057000,-1.214000,74.977000,139.328000,-9.435000,29.28
5.957260,0.554000,0.100000,-1.199000,78.962000,259.099000,-2.870000,29.14
5.969883,0.804000,0.210000,-1.328000,99.740000,266.687000,3.832000,29.14
5.981971,0.501000,0.142000,-0.695000,71.573000,500.260000,14.412000,29.19
5.988937,0.892000,-0.044000,-1.119000,154.870000,286.076000,8.107000,29.19
6.001459,1.495000,-0.292000,-2.102000,98.916000,288.046000,18.397000,29.24
6.008305,0.585000,0.066000,-1.377000,104.015000,260.137000,12.962000,29.33
6.020360,0.646000,0.499000,-2.490000,82.916000,266.687000,0.107000,29.14
6.027266,-0.336000,0.836000,-2.923000,112.397000,4.260000,-32.580000,29.19
6.039533,-1.283000,0.554000,-2.087000,91.969000,-83.985000,-41.237000,29.28
6.051735,-1.358000,0.318000,-2.260000,19.710000,-79.588000,-25.740000,29.14
6.058840,-1.170000,0.370000,-2.538000,-7.084000,-5.359000,10.427000,29.14
6.070807,-0.919000,0.213000,-1.859000,-38.092000,-97.725000,35.786000,29.38
6.077885,-0.554000,0.255000,-1.830000,-59.649000,-189.282000,50.977000,29.09
6.089616,-0.268000,0.298000,-1.535000,-78.733000,-195.405000,54.046000,29.24
6.101842,0.074000,0.290000,-1.458000,-82.977000,-256.244000,46.092000,29.24
6.108811,0.373000,0.256000,-1.336000,-98.412000,-202.229000,36.885000,29.14
6.120773,0.585000,0.228000,-1.191000,-96.183000,-205.374000,24.931000,29.19
6.127657,0.713000,0.154000,-1.039000,-91.481000,-178.718000,13.740000,29.19
6.139951,0.820000,0.070000,-0.965000,-86.244000,-162.626000,3.435000,29.14
6.151963,0.942000,-0.005000,-0.958000,-79.786000,-133.740000,-4.580000,29.24
6.159064,1.111000,-0.104000,-1.024000,-71.863000,-123.511000,-9.008000,29.19
6.170753,1.166000,-0.133000,-0.980000,-61.527000,-127.084000,-12.580000,29.19
6.177569,1.157000,-0.194000,-0.879000,-53.099000,-128.626000,-15.573000,29.14
6.189586,1.125000,-0.210000,-0.721000,-44.718000,-133.496000,-17.069000,29.14
6.201349,1.063000,-0.126000,-0.540000,-35.878000,-121.191000,-16.809000,29.19
6.208326,1.046000,-0.168000,-0.590000,-41.374000,-96.015000,-19.038000,29.09
6.220434,1.012000,-0.144000,-0.576000,-46.672000,-72.183000,-25.878000,29.19
6.227204,0.972000,-0.075000,-0.621000,-32.870000,-87.038000,-37.115000,29.24
6.239242,0.950000,-0.074000,-0.613000,-29.817000,31.740000,-38.595000,29.19
6.251417,0.969000,-0.119000,-0.746000,-23.603000,-13.023000,-50.229000,29.19
6.258250,1.009000,-0.023000,-0.694000,-28.824000,-9.160000,-57.527000,29.19
6.270374,0.974000,-0.009000,-0.664000,-6.519000,-45.084000,-67.573000,29.14
6.277725,0.894000,0.031000,-0.759000,7.786000,-46.840000,-74.672000,29.24
6.289466,0.886000,-0.005000,-0.792000,13.405000,-78.275000,-83.954000,29.19
6.301558,0.821000,-0.054000,-0.865000,18.061000,-96.992000,-88.015000,29.28
6.308561,0.740000,-0.068000,-0.930000,20.595000,-96.885000,-87.756000,29.24
6.320726,0.643000,-0.149000,-0.898000,16.336000,-81.786000,-81.603000,29.14
6.327703,0.587000,-0.181000,-0.836000,12.153000,-80.168000,-73.878000,29.24
6.339854,0.539000,-0.202000,-0.765000,10.595000,-66.305000,-62.718000,29.19
6.351922,0.494000,-0.226000,-0.748000,9.053000,-44.565000,-50.824000,29.28
6.359209,0.525000,-0.206000,-0.757000,4.885000,-54.702000,-39.817000,29.24
6.370881,0.595000,-0.219000,-0.838000,-8.458000,-38.885000,-31.053000,29.24
6.377865,0.634000,-0.186000,-0.747000,-19.405000,-36.733000,-26.855000,29.19
6.389973,0.615000,-0.129000,-0.688000,-24.382000,-39.008000,-26.550000,29.19
6.401799,0.620000,-0.118000,-0.637000,-26.840000,-36.763000,-28.229000,29.14
6.409180,0.663000,-0.167000,-0.645000,-30.183000,-40.504000,-30.382000,29.14
6.420623,0.915000,-0.302000,-0.675000,-37.221000,-44.840000,-34.962000,29.19
6.427603,1.127000,-0.451000,-0.808000,-48.336000,-44.656000,-39.023000,29.28
6.439863,1.177000,-0.414000,-0.427000,-63.496000,-69.298000,-36.519000,29.19
6.451626,1.075000,-0.453000,-0.107000,-58.321000,-73.786000,-33.160000,29.24
6.458630,1.062000,-0.557000,0.105000,-40.947000,-74.137000,-31.634000,29.24
6.470535,1.192000,-0.963000,0.739000,-29.847000,-25.176000,-53.511000,29.19
6.477967,1.265000,-0.592000,1.164000,-53.756000,49.313000,-61.573000,29.19
6.489856,1.884000,-0.737000,1.442000,-57.160000,147.756000,-42.580000,29.14
6.501965,2.243000,-1.006000,1.900000,-21.298000,216.031000,-7.588000,29.33
6.509484,2.666000,-2.126000,3.123000,1.176000,228.122000,54.977000,29.19
6.521401,1.440000,-0.238000,0.678000,64.824000,340.534000,63.710000,29.19
6.528288,4.000000,0.863000,-3.081000,5.023000,500.260000,13.664000,29.19
6.541425,2.047000,1.229000,-0.539000,-1.786000,120.321000,95.053000,29.24
6.547686,2.303000,-0.338000,-1.011000,115.466000,63.939000,103.053000,29.19
6.560020,1.222000,-1.702000,-1.450000,168.397000,-44.748000,75.893000,29.28
6.571928,0.562000,-0.188000,-0.992000,116.595000,-114.000000,58.534000,29.19
6.579025,0.694000,0.571000,-0.785000,306.824000,-322.992000,33.954000,29.14
6.591080,0.657000,-0.495000,-0.588000,-2.427000,-115.908000,13.954000,29.14
6.598090,0.660000,-0.239000,-0.932000,-14.305000,-79.435000,1.603000,29.28
6.610428,0.613000,-0.157000,-0.828000,-8.962000,-0.885000,2.977000,29.19
6.617457,0.593000,-0.155000,-0.920000,-6.794000,-26.611000,0.214000,29.19
6.629407,0.560000,-0.165000,-0.885000,-0.153000,-14.153000,-2.198000,29.24
6.641930,0.542000,-0.126000,-0.870000,-1.756000,4.748000,-2.122000,29.24
6.649383,0.802000,-0.090000,-0.939000,-8.687000,42.962000,-5.511000,29.19
6.661474,0.579000,-0.142000,-0.891000,6.229000,-5.191000,-1.771000,29.19
6.668486,0.574000,-0.109000,-0.825000,-3.221000,10.733000,-1.023000,29.24
6.680800,0.567000,-0.113000,-0.876000,-0.611000,47.282000,1.008000,29.24
6.688422,0.599000,-0.128000,-0.840000,2.977000,18.275000,-1.115000,29.24
6.700334,0.578000,-0.153000,-0.817000,-2.031000,17.847000,-1.099000,29.09
6.707382,0.532000,-0.109000,-0.801000,0.031000,21.221000,-1.664000,29.19
6.719744,0.568000,-0.176000,-0.853000,-0.855000,22.794000,-0.443000,29.33
6.731964,0.551000,-0.125000,-0.879000,-0.473000,23.160000,-1.771000,29.24
6.738925,0.591000,-0.089000,-0.761000,3.466000,-4.153000,-1.084000,29.19
6.751747,0.568000,-0.012000,-0.732000,3.237000,-12.046000,1.679000,29.28
6.758573,0.583000,-0.102000,-0.806000,6.244000,-11.023000,2.534000,29.19
6.770812,0.595000,-0.115000,-0.830000,5.008000,-14.351000,2.290000,29.14
6.778151,0.513000,-0.091000,-0.786000,4.794000,-12.473000,2.718000,29.14
6.790410,0.531000,-0.109000,-0.806000,-4.321000,2.794000,2.672000,29.19
6.797853,0.503000,-0.149000,-0.677000,10.183000,4.733000,3.145000,29.19
6.810196,0.523000,-0.164000,-0.803000,3.389000,1.435000,3.405000,29.14
6.817641,0.503000,-0.079000,-0.797000,-0.183000,15.313000,3.679000,29.14
6.829841,0.545000,-0.026000,-0.829000,2.275000,4.733000,7.099000,29.19
6.835609,0.564000,-0.064000,-0.883000,5.282000,11.786000,11.924000,29.28
6.849539,0.433000,-0.074000,-0.945000,10.427000,17.847000,15.435000,29.14
6.861523,0.447000,-0.043000,-0.946000,10.580000,26.336000,21.099000,29.09
6.868788,0.497000,-0.264000,-0.916000,14.336000,28.901000,17.130000,29.19
6.881098,0.506000,-0.194000,-0.974000,-7.130000,64.992000,12.366000,29.09
6.888402,0.388000,-0.091000,-0.952000,11.573000,67.267000,7.191000,29.14
6.900616,0.427000,-0.053000,-1.103000,-6.763000,130.779000,10.260000,29.24
6.907731,0.255000,0.092000,-1.411000,82.168000,115.710000,10.168000,29.19
6.919757,0.672000,0.271000,-1.210000,85.618000,212.366000,32.916000,29.19
6.931906,0.535000,0.060000,-1.149000,81.450000,216.000000,41.420000,29.19
6.939238,0.778000,0.047000,-1.303000,109.878000,197.573000,53.466000,29.24
6.951391,0.871000,-0.141000,-1.345000,105.023000,231.939000,54.336000,29.24
6.958133,0.726000,-0.071000,-1.356000,112.137000,265.588000,53.740000,29.09
6.970379,0.663000,0.434000,-2.069000,108.595000,246.183000,43.618000,29.19
6.979232,-0.062000,0.971000,-2.732000,57.053000,187.099000,11.191000,29.24
6.989520,-0.776000,1.566000,-2.496000,61.038000,49.695000,-40.412000,29.14
7.002548,-1.024000,1.138000,-2.415000,33.145000,-31.893000,-69.924000,29.24
7.008176,-0.767000,0.752000,-2.413000,-3.328000,-64.794000,-63.160000,29.19
7.020170,-0.788000,0.457000,-1.916000,-24.458000,-103.344000,-38.870000,29.19
7.027056,-0.512000,0.232000,-1.703000,-48.198000,-95.481000,-6.855000,29.24
7.038898,-0.206000,0.121000,-1.715000,-71.176000,-124.672000,23.954000,29.14
7.051046,-0.015000,0.132000,-1.439000,-81.053000,-151.832000,46.366000,29.19
7.058010,-0.108000,0.165000,-1.271000,-93.740000,-177.527000,63.664000,29.19
7.069943,0.252000,0.165000,-0.880000,-119.221000,-103.237000,70.427000,29.14
7.075607,0.366000,0.192000,-0.858000,-113.023000,-57.939000,77.557000,29.14
7.089023,0.482000,0.141000,-0.881000,-118.458000,-54.321000,75.008000,29.28
7.101288,0.568000,0.168000,-0.920000,-122.580000,-54.214000,67.344000,29.09
7.107949,0.541000,0.041000,-0.885000,-121.786000,-38.916000,55.954000,29.14
7.119874,0.576000,-0.018000,-0.870000,-119.099000,-44.672000,41.069000,29.33
7.125894,0.575000,-0.060000,-0.893000,-108.137000,-50.321000,25.511000,29.24
7.138960,0.638000,-0.125000,-0.969000,-96.641000,-70.076000,11.588000,29.28
7.151132,0.616000,-0.121000,-0.967000,-85.893000,-77.374000,0.046000,29.19
7.158044,0.562000,-0.127000,-0.911000,-73.450000,-83.084000,-7.786000,29.14
7.170195,0.534000,-0.127000,-0.918000,-68.550000,-68.061000,-13.832000,29.19
7.177181,0.589000,-0.098000,-0.954000,-68.061000,-60.015000,-23.496000,29.19
7.189039,0.594000,-0.056000,-0.971000,-52.015000,-78.733000,-31.176000,29.19
7.201057,0.584000,-0.063000,-0.962000,-49.145000,-67.969000,-40.076000,29.14
7.207868,0.607000,-0.094000,-1.007000,-46.061000,-64.366000,-50.183000,29.14
7.220103,0.640000,-0.071000,-1.024000,-39.130000,-72.351000,-57.908000,29.19
7.232050,0.650000,-0.068000,-1.009000,-44.885000,-51.130000,-62.382000,29.28
7.238858,0.668000,-0.073000,-1.016000,-43.466000,-63.053000,-70.275000,29.24
7.250686,0.693000,-0.066000,-1.051000,-38.366000,-71.863000,-74.443000,29.14
7.257736,0.707000,-0.094000,-1.021000,-34.107000,-79.298000,-78.275000,29.24
7.270453,0.682000,-0.100000,-0.979000,-30.321000,-83.435000,-81.557000,29.28
7.281948,0.703000,-0.134000,-0.965000,-28.260000,-84.305000,-81.603000,29.19
7.288872,0.716000,-0.158000,-0.908000,-30.031000,-80.504000,-82.229000,29.24
7.300742,0.727000,-0.157000,-0.932000,-28.458000,-84.672000,-81.908000,29.33
7.307898,0.671000,-0.086000,-0.896000,-23.450000,-76.351000,-80.412000,29.09
7.319693,0.703000,-0.158000,-0.771000,-17.695000,-66.244000,-76.809000,29.28
7.331595,0.758000,-0.162000,-0.872000,-19.069000,-56.519000,-79.527000,29.24
7.338562,1.097000,-0.309000,-1.001000,-29.237000,-54.107000,-78.779000,29.24
7.350501,1.235000,-0.362000,-1.054000,-40.244000,-82.275000,-76.519000,29.19
7.357173,1.113000,-0.350000,-0.853000,-47.710000,-104.076000,-73.069000,29.19
7.369352,0.937000,-0.364000,-0.538000,-45.053000,-104.870000,-67.389000,29.24
7.381174,0.850000,-0.430000,-0.337000,-36.366000,-105.267000,-63.481000,29.14
7.387961,0.919000,-0.494000,-0.214000,-36.519000,-77.130000,-60.427000,29.24
7.400161,0.827000,-0.529000,-0.305000,-42.840000,59.863000,-61.008000,29.19
7.412087,1.153000,-0.607000,-0.120000,-21.053000,-41.969000,-55.817000,29.19
7.418932,1.107000,-0.561000,0.055000,-20.443000,-47.221000,-48.763000,29.14
7.431133,1.134000,-0.566000,0.112000,-12.580000,-33.038000,-46.000000,29.19
7.438212,1.272000,-0.555000,0.167000,-2.198000,-14.427000,-42.031000,29.28
7.450471,1.175000,-0.546000,-0.012000,30.214000,17.878000,-43.344000,29.19
7.457584,1.117000,-0.508000,0.831000,19.817000,67.771000,-13.481000,29.24
7.469724,1.481000,-0.855000,0.746000,36.885000,123.985000,3.771000,29.24
7.481976,1.782000,-0.898000,1.315000,52.443000,175.023000,15.908000,29.19
7.489049,1.293000,-0.888000,1.902000,99.863000,334.427000,35.710000,29.19
7.501125,1.552000,0.015000,-1.389000,101.359000,362.122000,32.443000,29.19
7.508140,1.756000,-0.321000,-2.156000,100.672000,261.878000,37.893000,29.14
7.520321,1.225000,-0.284000,-0.846000,107.557000,240.992000,53.618000,29.14
7.527133,1.953000,-0.923000,-1.118000,108.824000,288.336000,40.580000,29.09
7.539275,3.356000,-0.552000,-2.141000,81.664000,261.328000,85.435000,29.28
7.551467,2.423000,-0.576000,-0.791000,122.107000,158.031000,61.221000,29.14
7.558242,1.115000,-0.130000,-0.522000,172.000000,77.557000,68.214000,29.14
7.570405,1.688000,-0.885000,-0.265000,118.611000,-453.634000,90.595000,29.19
7.577552,1.101000,-0.042000,-0.578000,20.092000,-104.687000,44.183000,29.09
7.589651,0.719000,-0.358000,-0.949000,-2.321000,-65.221000,28.931000,29.28
7.601756,0.631000,-0.313000,-0.851000,-1.679000,-66.351000,17.328000,29.14
7.608975,0.611000,-0.217000,-0.885000,-1.527000,-24.489000,7.756000,29.14
7.621276,0.570000,-0.109000,-0.868000,5.878000,-16.458000,3.634000,29.09
7.628410,0.623000,-0.114000,-0.844000,1.099000,-17.679000,2.366000,29.19
7.641044,0.554000,-0.098000,-0.833000,5.542000,-15.954000,2.305000,29.14
7.648142,0.560000,-0.111000,-0.825000,2.748000,0.641000,2.626000,29.14
7.660483,0.571000,-0.139000,-0.806000,-0.092000,10.672000,2.718000,29.19
7.667783,0.568000,-0.107000,-0.793000,0.183000,14.412000,2.794000,29.19
7.680237,0.579000,-0.099000,-0.846000,-2.107000,12.412000,3.053000,29.24
7.687373,0.572000,-0.095000,-0.810000,-0.443000,11.115000,2.855000,29.14
7.699712,0.572000,-0.084000,-0.791000,2.366000,8.702000,2.733000,29.24
7.705639,0.565000,-0.070000,-0.808000,3.420000,6.901000,3.038000,29.19
7.719537,0.569000,-0.071000,-0.808000,5.481000,11.863000,3.221000,29.19
7.732265,0.564000,-0.059000,-0.795000,9.344000,5.069000,4.168000,29.24
7.739496,0.569000,-0.098000,-0.798000,9.527000,0.702000,4.534000,29.19
7.751892,0.584000,-0.124000,-0.765000,8.244000,-8.809000,4.275000,29.09
7.759042,0.547000,-0.137000,-0.801000,7.710000,-13.084000,2.489000,29.09
7.771281,0.559000,-0.158000,-0.833000,5.786000,-16.168000,1.115000,29.24
7.778419,0.499000,-0.149000,-0.660000,0.504000,10.550000,0.763000,29.14
7.794535,0.531000,-0.128000,-0.807000,2.656000,-8.397000,-0.046000,29.19
7.797865,0.559000,-0.125000,-0.811000,0.260000,4.015000,0.015000,29.09
7.810384,0.575000,-0.114000,-0.817000,2.962000,1.557000,0.794000,29.14
7.817704,0.558000,-0.067000,-0.833000,2.000000,3.053000,2.565000,29.24
7.830239,0.564000,-0.116000,-0.846000,1.481000,-6.931000,4.244000,29.24
7.837521,0.530000,-0.067000,-0.868000,-0.458000,8.565000,5.695000,29.28
7.849968,0.509000,-0.061000,-0.883000,4.763000,6.733000,7.725000,29.28
7.860179,0.499000,-0.163000,-0.869000,4.305000,17.954000,9.710000,29.14
7.869744,0.559000,-0.198000,-0.886000,3.038000,22.733000,11.649000,29.24
7.881938,0.498000,-0.141000,-0.915000,2.229000,21.740000,10.427000,29.19
7.889185,0.449000,-0.182000,-0.924000,10.916000,14.992000,8.061000,29.09
7.901863,0.343000,-0.097000,-1.070000,0.092000,40.534000,3.740000,29.14
7.908828,0.320000,0.074000,-1.141000,11.130000,67.252000,5.786000,29.24
7.921197,0.417000,0.215000,-1.211000,7.282000,104.504000,19.160000,29.24
7.928368,0.404000,0.133000,-1.190000,71.527000,136.321000,35.160000,29.19
7.940604,0.727000,0.207000,-1.192000,69.603000,180.733000,55.313000,29.19
7.947768,0.615000,-0.106000,-1.139000,71.878000,218.641000,67.252000,29.24
7.959860,0.789000,0.011000,-1.246000,74.305000,241.588000,77.542000,29.24
7.966127,0.705000,0.030000,-1.321000,79.420000,249.618000,84.107000,29.28
7.979431,0.672000,0.174000,-1.428000,74.595000,261.496000,86.397000,29.19
7.991593,0.710000,0.319000,-1.860000,60.901000,263.588000,76.122000,29.14
7.998816,0.144000,1.088000,-2.730000,64.229000,145.405000,42.519000,29.19
8.011237,-0.638000,1.523000,-2.587000,58.565000,64.656000,-19.038000,29.19
8.017977,-0.946000,1.219000,-2.277000,41.542000,-5.160000,-74.672000,29.19
8.029911,-0.674000,0.782000,-2.278000,12.885000,-33.450000,-87.893000,29.14
8.042530,-0.815000,0.482000,-1.868000,-4.198000,-81.115000,-78.992000,29.14
8.049117,-0.626000,0.147000,-1.734000,-20.855000,-107.511000,-53.450000,29.19
8.061027,-0.325000,0.015000,-1.585000,-42.183000,-112.992000,-20.275000,29.09
8.067990,-0.113000,-0.007000,-1.417000,-57.557000,-111.008000,7.511000,29.19
8.079624,0.067000,0.031000,-1.256000,-68.794000,-118.870000,25.634000,29.14
8.091861,0.216000,0.072000,-1.108000,-75.756000,-117.893000,36.550000,29.24
8.099275,0.338000,0.091000,-0.989000,-83.924000,-97.557000,41.588000,29.19
8.111217,0.449000,0.142000,-0.896000,-85.786000,-89.298000,41.527000,29.19
8.118204,0.481000,0.146000,-0.853000,-86.855000,-74.305000,37.603000,29.24
8.130254,0.531000,0.153000,-0.859000,-77.603000,-75.160000,27.252000,29.24
8.137249,0.560000,0.127000,-0.814000,-68.198000,-56.366000,16.443000,29.09
8.149623,0.580000,0.095000,-0.853000,-58.427000,-50.336000,1.634000,29.19
8.161375,0.769000,0.000000,-1.061000,-50.076000,-54.458000,-14.504000,29.14
8.168247,0.937000,-0.081000,-1.172000,-59.252000,-70.260000,-30.504000,29.14
8.180333,0.875000,-0.052000,-1.106000,-57.496000,-90.000000,-42.992000,29.19
8.187054,0.766000,-0.085000,-1.017000,-55.435000,-93.985000,-52.763000,29.09
8.199003,0.673000,-0.149000,-0.923000,-53.084000,-100.901000,-61.542000,29.14
8.211066,0.650000,-0.224000,-0.899000,-52.718000,-98.611000,-65.618000,29.14
8.217897,0.698000,-0.274000,-0.998000,-52.611000,-94.779000,-65.160000,29.24
8.229909,0.694000,-0.304000,-1.019000,-49.756000,-103.038000,-60.504000,29.19
8.241853,0.606000,-0.380000,-0.992000,-48.672000,-98.748000,-52.214000,29.19
8.248669,0.549000,-0.450000,-0.934000,-53.008000,-95.313000,-41.954000,29.24
8.260580,0.533000,-0.484000,-0.925000,-55.084000,-91.924000,-28.000000,29.19
8.267345,0.553000,-0.499000,-0.929000,-60.672000,-82.397000,-14.168000,29.19
8.279644,0.543000,-0.480000,-0.913000,-65.756000,-75.679000,-2.168000,29.19
8.291938,0.585000,-0.463000,-0.926000,-68.473000,-68.794000,8.076000,29.05
8.298544,0.732000,-0.482000,-0.981000,-75.435000,-67.344000,15.786000,29.14
8.310790,0.801000,-0.506000,-0.786000,-74.992000,-69.756000,21.252000,29.19
8.317784,0.704000,-0.476000,-0.739000,-70.962000,-74.687000,20.870000,29.09
8.330045,0.750000,-0.445000,-0.713000,-71.542000,-71.573000,15.664000,29.19
8.335478,0.746000,-0.403000,-0.649000,-70.885000,-61.588000,10.885000,29.24
8.348897,0.826000,-0.469000,-0.670000,-79.084000,-55.481000,6.489000,29.24
8.361031,0.932000,-0.576000,-0.375000,-58.870000,-49.008000,-3.435000,29.19
8.368330,1.073000,-0.642000,-0.195000,-44.153000,-55.206000,-9.252000,29.19
8.380193,1.183000,-0.658000,0.038000,-34.626000,-28.031000,-11.710000,29.14
8.387635,1.348000,-0.709000,0.403000,-14.489000,-7.771000,-10.763000,29.14
8.400166,1.484000,-0.799000,0.787000,0.061000,17.374000,-18.229000,29.19
8.411905,1.815000,-0.817000,1.345000,6.992000,81.527000,-35.466000,29.19
8.422827,2.338000,-0.848000,1.950000,25.038000,151.420000,-37.557000,29.14
8.431196,2.903000,-1.419000,2.650000,60.931000,197.588000,-17.420000,29.24
8.438377,1.581000,-1.040000,2.604000,143.802000,252.504000,4.931000,29.14
8.450475,2.637000,-0.867000,-2.911000,117.099000,446.000000,13.084000,29.19
8.457779,1.836000,-0.413000,-1.393000,137.282000,189.725000,57.542000,29.19
8.469768,0.087000,-1.070000,-0.468000,108.641000,58.107000,72.580000,29.24
8.481857,3.182000,-0.008000,-1.743000,92.565000,136.779000,71.908000,29.14
8.488728,1.286000,-1.300000,-1.032000,140.855000,-23.954000,65.863000,29.19
8.501082,-0.208000,1.503000,1.213000,-0.641000,-199.359000,61.130000,29.19
8.508229,0.391000,-0.166000,-0.387000,-3.084000,-76.626000,25.420000,29.14
8.520068,0.874000,-0.380000,-0.984000,-18.412000,-121.557000,7.817000,29.14
8.526087,0.726000,0.021000,-0.850000,-13.237000,-66.351000,7.313000,29.24
8.539528,0.625000,-0.114000,-0.816000,-6.427000,-5.618000,3.191000,29.19
8.551781,0.594000,-0.090000,-0.859000,-2.122000,0.718000,2.885000,29.19
8.559200,0.583000,-0.023000,-0.835000,5.618000,-5.023000,4.260000,29.14
8.571784,0.571000,-0.009000,-0.823000,7.588000,6.489000,6.427000,29.19
8.579215,0.568000,-0.091000,-0.815000,8.824000,10.748000,8.000000,29.09
8.591400,0.525000,-0.088000,-0.825000,6.901000,15.954000,8.702000,29.19
8.598541,0.526000,-0.124000,-0.790000,6.931000,19.298000,8.092000,29.24
8.610928,0.558000,-0.153000,-0.841000,8.779000,12.366000,6.229000,29.24
8.618266,0.542000,-0.148000,-0.827000,6.641000,14.061000,4.336000,29.19
8.630678,0.575000,-0.130000,-0.834000,4.473000,13.023000,2.107000,29.09
8.637712,0.539000,-0.123000,-0.781000,-6.275000,31.145000,2.870000,29.19
8.650535,0.579000,-0.119000,-0.784000,6.840000,3.389000,1.786000,29.14
8.657592,0.617000,-0.111000,-0.774000,5.649000,-2.244000,2.061000,29.24
8.669993,0.585000,-0.126000,-0.771000,7.450000,-8.992000,2.107000,29.09
8.677657,0.583000,-0.123000,-0.745000,6.031000,-11.802000,3.069000,29.28
8.689502,0.579000,-0.144000,-0.788000,5.618000,-22.076000,3.832000,29.14
8.701833,0.545000,-0.134000,-0.867000,10.229000,-17.038000,4.137000,29.24
8.708840,0.540000,-0.123000,-0.765000,13.527000,-8.076000,4.351000,29.19
8.721431,0.517000,-0.160000,-0.873000,9.939000,-11.252000,5.756000,29.09
8.728644,0.552000,-0.099000,-0.946000,5.511000,-7.893000,7.802000,29.09
8.741070,0.506000,-0.150000,-0.812000,7.756000,6.687000,9.542000,29.14
8.748230,0.531000,-0.187000,-0.801000,0.595000,20.901000,9.435000,29.14
8.760634,0.494000,-0.180000,-0.818000,-0.183000,15.939000,8.763000,29.19
8.768173,0.517000,-0.183000,-0.895000,-1.649000,24.412000,7.130000,29.09
8.780226,0.509000,-0.194000,-0.931000,-2.595000,20.672000,3.557000,29.24
8.787418,0.439000,-0.102000,-1.010000,-7.954000,38.733000,2.550000,29.33
8.799895,0.372000,0.134000,-1.017000,-3.511000,66.443000,9.695000,29.19
8.812289,0.367000,0.281000,-1.083000,3.832000,99.542000,25.099000,29.19
8.819373,0.445000,0.659000,-1.271000,15.634000,114.901000,49.527000,29.14
8.831733,0.598000,0.359000,-1.189000,58.718000,149.328000,74.641000,29.14
8.838559,0.794000,0.162000,-1.018000,65.618000,152.198000,99.069000,29.14
8.850903,0.842000,0.329000,-1.426000,59.924000,202.351000,122.611000,29.19
8.858091,0.828000,0.057000,-1.362000,64.504000,203.939000,136.901000,29.19
8.870114,0.748000,0.090000,-1.240000,84.656000,202.198000,142.992000,29.14
8.882275,0.831000,-0.035000,-1.190000,77.313000,212.183000,145.634000,29.19
8.889200,0.464000,0.609000,-2.021000,57.725000,193.008000,128.473000,29.19
8.901604,0.149000,0.960000,-2.429000,25.206000,78.885000,76.137000,29.09
8.908937,-0.363000,1.446000,-2.097000,4.519000,17.832000,27.603000,29.14
8.920658,-0.092000,1.012000,-1.914000,-38.718000,-24.947000,-16.321000,29.14
8.927615,-0.283000,0.815000,-1.654000,-49.282000,-48.962000,-24.824000,29.09
8.939617,-0.244000,0.447000,-1.466000,-44.611000,-81.328000,-17.817000,29.19
8.951417,-0.150000,0.177000,-1.328000,-76.275000,-74.122000,-2.458000,29.19
8.958569,-0.021000,0.037000,-1.275000,-96.031000,-54.214000,14.534000,29.05
8.970543,0.041000,-0.015000,-1.152000,-94.015000,-67.389000,29.115000,29.24
8.977633,0.077000,-0.045000,-0.979000,-98.046000,-58.809000,38.809000,29.09
8.989851,0.155000,-0.073000,-0.933000,-102.382000,-68.229000,43.450000,29.19
9.001671,0.250000,-0.053000,-0.906000,-102.916000,-49.374000,46.412000,29.14
9.008575,0.336000,-0.057000,-0.915000,-101.267000,-41.496000,46.626000,29.24
9.020299,0.407000,-0.118000,-0.924000,-103.160000,-42.412000,43.771000,29.09
9.027241,0.456000,-0.082000,-0.883000,-105.359000,-21.756000,37.679000,29.09
9.039445,0.455000,-0.078000,-0.878000,-95.344000,-43.237000,29.252000,29.24
9.051566,0.475000,-0.092000,-0.875000,-89.863000,-33.832000,20.092000,29.14
9.058550,0.537000,-0.078000,-0.904000,-83.359000,-41.664000,10.565000,29.09
9.070594,0.530000,-0.018000,-0.923000,-75.191000,-45.618000,0.962000,29.09
9.077558,0.517000,-0.010000,-0.952000,-68.702000,-49.603000,-9.206000,29.09
9.089958,0.514000,0.026000,-0.981000,-65.405000,-58.153000,-20.458000,29.24
9.101854,0.437000,0.052000,-0.987000,-63.359000,-58.427000,-31.298000,29.14
9.108956,0.417000,0.033000,-1.005000,-62.748000,-56.672000,-40.687000,29.00
9.120855,0.417000,0.036000,-1.025000,-59.282000,-55.145000,-45.969000,29.09
9.127745,0.427000,-0.020000,-1.090000,-60.168000,-52.824000,-49.038000,29.14
9.139954,0.438000,-0.060000,-1.092000,-62.489000,-52.626000,-50.916000,29.19
9.151785,0.433000,-0.060000,-1.094000,-63.878000,-50.580000,-51.191000,29.19
9.158607,0.407000,-0.120000,-1.041000,-65.099000,-48.641000,-48.718000,29.19
9.170827,0.417000,-0.097000,-1.023000,-67.053000,-50.748000,-47.832000,29.09
9.177697,0.479000,-0.095000,-1.051000,-64.366000,-48.031000,-45.115000,29.14
9.189584,0.562000,-0.081000,-1.099000,-57.832000,-53.389000,-42.595000,29.19
9.201238,0.598000,-0.125000,-1.117000,-55.420000,-59.542000,-41.252000,29.28
9.208230,0.592000,-0.160000,-1.101000,-58.565000,-66.137000,-42.504000,29.19
9.220708,0.598000,-0.168000,-1.069000,-62.687000,-70.672000,-44.611000,29.14
9.227175,0.625000,-0.156000,-1.038000,-66.824000,-73.298000,-47.328000,29.24
9.239331,0.634000,-0.158000,-1.005000,-68.290000,-75.817000,-50.290000,29.19
9.251179,0.645000,-0.164000,-0.985000,-69.359000,-76.565000,-51.802000,29.28
9.258096,0.657000,-0.222000,-0.942000,-68.779000,-78.718000,-52.794000,29.14
9.270064,0.615000,-0.270000,-0.865000,-68.748000,-78.763000,-51.389000,29.05
9.282206,0.601000,-0.331000,-0.784000,-69.206000,-74.336000,-48.992000,29.19
9.288950,0.630000,-0.388000,-0.757000,-71.588000,-47.176000,-45.038000,29.19
9.301140,0.684000,-0.368000,-0.724000,-66.962000,-62.656000,-41.313000,29.14
9.308134,0.709000,-0.370000,-0.731000,-61.481000,-55.649000,-37.038000,29.05
9.320022,0.730000,-0.400000,-0.707000,-56.107000,-62.458000,-33.847000,29.14
9.331913,0.749000,-0.394000,-0.640000,-51.924000,-56.733000,-31.206000,29.19
9.338705,0.813000,-0.401000,-0.593000,-47.985000,-48.580000,-30.824000,29.19
9.350808,0.907000,-0.450000,-0.536000,-48.901000,-40.382000,-31.725000,29.14
9.357752,0.938000,-0.469000,-0.473000,-47.069000,-45.084000,-35.573000,29.14
9.369782,0.946000,-0.468000,-0.357000,-40.290000,-47.985000,-40.046000,29.09
9.381695,0.923000,-0.471000,-0.208000,-24.000000,-47.221000,-45.221000,29.19
9.388614,0.911000,-0.504000,-0.063000,-2.718000,-37.786000,-51.481000,29.24
9.400849,1.025000,-0.580000,-0.082000,4.137000,-24.229000,-59.908000,29.14
9.407940,0.926000,-0.149000,-0.590000,24.534000,2.687000,-70.901000,29.09
9.420200,0.985000,-0.351000,0.624000,75.527000,36.702000,-52.397000,29.19
9.425995,1.514000,-1.368000,0.779000,96.733000,125.954000,-34.214000,29.19
9.439452,1.990000,-1.277000,1.308000,93.511000,183.176000,-3.863000,29.14
9.451646,1.193000,-0.963000,0.868000,126.397000,255.710000,20.916000,29.09
9.458430,1.730000,-0.584000,-2.697000,151.130000,224.214000,6.137000,29.09
9.470566,0.418000,-0.308000,-1.531000,133.511000,72.336000,40.092000,29.09
9.477729,0.712000,-0.673000,-0.868000,139.237000,116.733000,41.176000,29.14
9.489820,2.170000,-0.917000,-1.591000,102.611000,205.496000,19.359000,29.05
9.501841,1.263000,-1.022000,-1.143000,69.405000,146.519000,22.809000,29.19
9.509141,0.676000,-0.774000,-1.135000,38.031000,126.504000,27.710000,29.19
9.521054,1.707000,-0.218000,-1.459000,29.893000,21.420000,49.573000,29.14
9.528412,1.406000,0.123000,-0.650000,43.954000,20.443000,24.000000,29.14
9.540918,0.922000,-0.295000,-1.053000,21.298000,9.878000,34.656000,29.14
9.547920,0.915000,0.002000,-0.812000,12.351000,2.626000,35.069000,29.09
9.560061,0.875000,0.137000,-0.879000,30.122000,-11.557000,24.916000,29.09
9.567341,0.590000,-0.087000,-0.946000,33.359000,-4.824000,28.229000,29.05
9.579709,0.650000,0.013000,-0.881000,35.084000,-30.061000,25.313000,29.24
9.591940,0.670000,-0.099000,-0.888000,36.519000,-29.298000,21.069000,29.19
9.598841,0.578000,-0.185000,-0.885000,36.977000,-2.656000,18.641000,29.09
9.611322,0.512000,-0.134000,-0.868000,29.313000,6.794000,16.962000,29.14
9.618562,0.633000,-0.226000,-0.910000,19.573000,10.962000,12.626000,29.14
9.630714,0.651000,-0.261000,-0.848000,7.710000,14.076000,7.252000,29.19
9.638059,0.542000,-0.101000,-0.803000,1.466000,12.198000,4.550000,29.19
9.650593,0.632000,-0.111000,-0.823000,0.595000,6.534000,1.969000,29.19
9.658088,0.644000,-0.196000,-0.829000,-4.015000,4.076000,-0.901000,29.14
9.670046,0.522000,-0.101000,-0.802000,-4.611000,0.702000,-1.160000,29.24
9.677367,0.536000,-0.005000,-0.813000,2.504000,-5.588000,0.718000,29.09
9.689960,0.565000,-0.032000,-0.796000,4.718000,-5.710000,3.939000,29.09
9.702086,0.537000,-0.041000,-0.769000,8.763000,-8.076000,7.664000,29.05
9.709477,0.448000,0.061000,-0.727000,12.321000,-12.427000,12.611000,29.19
9.721364,0.492000,-0.019000,-0.784000,19.573000,-11.176000,16.473000,29.19
9.728674,0.517000,-0.137000,-0.837000,24.382000,5.008000,18.244000,29.19
9.741156,0.531000,-0.083000,-0.864000,27.038000,-2.824000,17.969000,29.09
9.748046,0.560000,-0.071000,-0.845000,24.962000,0.931000,16.702000,29.14
9.760425,0.569000,-0.074000,-0.804000,26.550000,6.321000,16.794000,29.09
9.767731,0.528000,-0.053000,-0.886000,28.076000,9.115000,17.985000,29.19
9.779723,0.534000,-0.088000,-0.881000,25.695000,17.389000,18.305000,29.19
9.792296,0.526000,-0.208000,-0.905000,27.038000,17.405000,17.557000,29.14
9.801898,0.487000,-0.160000,-0.929000,19.420000,34.473000,16.962000,29.05
9.811411,0.477000,-0.088000,-1.075000,17.695000,25.084000,16.672000,29.09
9.818951,0.279000,0.014000,-1.018000,15.817000,54.809000,17.435000,29.09
9.830548,0.344000,-0.046000,-0.941000,12.473000,74.916000,25.206000,29.14
9.838469,0.574000,-0.103000,-0.982000,6.702000,86.641000,35.282000,29.14
9.852012,0.560000,0.191000,-1.044000,26.992000,91.557000,50.244000,29.14
9.859842,0.739000,0.077000,-0.994000,27.863000,103.588000,58.015000,29.09
9.869390,0.704000,0.108000,-1.095000,28.763000,107.832000,62.748000,29.09
9.881558,0.511000,0.254000,-1.295000,37.634000,117.771000,72.473000,29.14
9.888857,0.315000,0.461000,-1.494000,50.992000,74.290000,74.641000,29.14
9.901100,0.137000,0.663000,-1.540000,43.603000,67.099000,68.992000,29.09
9.913143,0.092000,0.631000,-1.625000,25.221000,48.351000,54.397000,29.09
9.920798,0.159000,0.740000,-1.667000,11.313000,4.901000,41.908000,29.24
9.927889,0.053000,0.722000,-1.527000,-11.450000,-1.618000,31.115000,29.24
9.939882,-0.019000,0.661000,-1.389000,-26.885000,-10.198000,24.229000,29.14
9.946955,-0.020000,0.553000,-1.354000,-42.763000,-21.282000,21.359000,29.09
9.959178,0.015000,0.448000,-1.340000,-60.580000,-26.580000,19.267000,29.09
9.971414,0.050000,0.315000,-1.310000,-76.824000,-38.427000,16.977000,29.14
9.978073,0.038000,0.240000,-1.243000,-86.718000,-52.412000,14.290000,29.24
9.990546,0.028000,0.152000,-1.193000,-92.443000,-58.855000,10.931000,29.19
9.997427,0.080000,0.077000,-1.203000,-92.794000,-68.595000,8.916000,29.19
10.010059,0.135000,0.011000,-1.185000,-91.252000,-69.527000,7.313000,29.14
