# Gait Analysis Data - MPU6050 IMU
# Duration: 10 seconds
# Format: timestamp(s),ax(g),ay(g),az(g),gx(deg/s),gy(deg/s),gz(deg/s),temp(C)
# Note: Document sensor placement (ankle/wrist) separately
timestamp,ax,ay,az,gx,gy,gz,temp
0.001068,1.007000,-0.125000,-0.228000,-68.733000,-4.198000,13.298000,28.95
0.002037,1.123000,-0.143000,-0.230000,-25.191000,-4.687000,-11.649000,29.05
0.002895,1.548000,-0.461000,0.060000,1.328000,-22.336000,-31.466000,29.14
0.003784,2.076000,-0.750000,0.859000,25.756000,-34.519000,-40.534000,29.09
0.004496,3.272000,-1.400000,1.894000,36.031000,-20.153000,-26.718000,29.09
0.005442,4.000000,-1.574000,2.643000,15.969000,-3.435000,-3.191000,29.05
0.006379,1.715000,0.371000,-0.821000,5.786000,-91.893000,-27.252000,29.05
0.007308,-0.570000,0.500000,-1.164000,16.031000,-52.901000,1.038000,29.00
0.008428,0.494000,0.422000,-0.959000,34.794000,-76.962000,25.939000,29.00
0.009566,0.690000,-0.483000,-0.876000,28.382000,-34.534000,7.466000,29.05
0.010308,0.254000,-0.584000,-1.130000,-11.099000,-21.282000,3.206000,29.05
0.010988,0.474000,0.186000,-0.925000,-5.191000,-8.076000,-1.939000,29.00
0.011655,0.548000,-0.115000,-0.888000,0.198000,-5.664000,-2.504000,29.00
0.012396,0.589000,-0.171000,-0.843000,-8.901000,5.908000,-5.695000,28.95
0.013211,0.616000,-0.086000,-0.816000,-8.718000,-0.244000,-10.718000,28.95
0.014014,0.582000,0.037000,-0.817000,-10.687000,4.458000,-10.473000,29.09
0.014696,0.555000,0.067000,-0.838000,-6.351000,3.542000,-8.290000,29.14
0.015343,0.582000,0.027000,-0.849000,-4.687000,5.176000,-5.282000,29.05
0.016031,0.600000,0.038000,-0.828000,-4.305000,6.931000,-2.290000,29.14
0.016830,0.602000,0.049000,-0.814000,-1.740000,6.809000,0.702000,29.00
0.017619,0.593000,0.011000,-0.811000,0.748000,5.985000,3.084000,29.00
0.018470,0.561000,-0.023000,-0.805000,1.756000,5.969000,4.366000,28.95
0.019468,0.560000,-0.056000,-0.814000,1.557000,6.275000,3.939000,29.05
0.020361,0.551000,-0.048000,-0.818000,0.702000,5.695000,2.931000,29.00
0.021094,0.541000,-0.036000,-0.817000,0.687000,4.748000,1.679000,29.09
0.021823,0.529000,-0.042000,-0.824000,-0.198000,5.817000,0.122000,29.05
0.022562,0.554000,-0.029000,-0.826000,-1.878000,7.618000,0.046000,29.05
0.023284,0.561000,-0.015000,-0.813000,-0.153000,5.557000,0.473000,29.00
0.023937,0.565000,-0.018000,-0.822000,-0.168000,5.664000,1.053000,29.00
0.024510,0.567000,0.001000,-0.815000,-0.214000,6.855000,1.573000,29.05
0.025120,0.567000,0.011000,-0.807000,0.458000,6.122000,2.244000,28.95
0.025748,0.562000,0.029000,-0.813000,1.038000,8.458000,3.374000,29.00
0.027288,0.571000,-0.006000,-0.833000,1.908000,8.092000,3.313000,29.00
0.028318,0.553000,-0.030000,-0.831000,1.939000,6.611000,3.206000,28.95
0.029287,0.559000,-0.026000,-0.824000,0.992000,8.840000,3.084000,29.05
0.030103,0.565000,-0.022000,-0.820000,2.214000,9.053000,3.603000,29.00
0.030708,0.563000,-0.038000,-0.813000,3.145000,9.695000,4.092000,29.00
0.031274,0.563000,-0.032000,-0.824000,4.260000,9.420000,3.908000,29.14
0.031884,0.546000,-0.048000,-0.872000,2.931000,14.809000,3.466000,29.05
0.032541,0.555000,-0.027000,-0.897000,3.756000,15.740000,3.267000,29.09
0.033224,0.534000,-0.007000,-0.913000,1.267000,30.824000,3.542000,29.00
0.033984,0.495000,0.044000,-0.909000,4.168000,38.092000,4.504000,28.95
0.034815,0.501000,-0.001000,-0.872000,8.107000,42.305000,5.588000,29.05
0.035854,0.427000,0.082000,-0.904000,7.802000,54.458000,7.435000,29.00
0.036481,0.441000,0.079000,-0.936000,14.550000,60.870000,7.298000,29.00
0.037042,0.530000,0.152000,-0.947000,19.588000,75.237000,9.130000,28.95
0.037635,0.611000,-0.022000,-0.846000,25.481000,87.802000,12.015000,29.14
0.038254,0.613000,0.009000,-0.913000,17.008000,106.626000,23.573000,29.00
0.038917,0.739000,-0.090000,-0.838000,18.092000,96.397000,25.282000,29.09
0.039615,0.765000,0.015000,-0.834000,13.939000,109.359000,32.427000,28.95
0.040279,0.784000,-0.019000,-0.847000,23.053000,105.481000,33.160000,29.14
0.041077,0.606000,0.066000,-0.899000,25.420000,98.168000,36.137000,29.05
0.041832,0.526000,0.089000,-0.860000,27.496000,89.237000,35.008000,29.00
0.042427,0.354000,0.264000,-1.068000,22.870000,85.344000,28.931000,29.05
0.043059,0.164000,0.344000,-1.200000,21.420000,56.870000,15.664000,29.05
0.043636,0.025000,0.402000,-1.257000,11.664000,34.382000,-0.214000,29.05
0.044213,-0.015000,0.448000,-1.260000,1.038000,15.008000,-14.321000,29.00
0.044805,-0.003000,0.449000,-1.256000,-3.023000,-6.153000,-25.939000,28.95
0.045388,0.071000,0.390000,-1.231000,-4.275000,-27.237000,-35.084000,29.05
0.045911,0.167000,0.323000,-1.153000,-6.534000,-39.542000,-39.573000,28.95
0.046518,0.273000,0.255000,-1.082000,-8.305000,-49.099000,-40.840000,29.00
0.047113,0.342000,0.185000,-1.036000,-10.412000,-58.641000,-39.221000,29.00
0.047661,0.409000,0.117000,-0.946000,-12.885000,-60.794000,-36.137000,29.05
0.048200,0.490000,0.080000,-0.891000,-14.107000,-60.153000,-32.779000,28.95
0.048741,0.628000,0.032000,-0.843000,-14.000000,-57.634000,-29.252000,29.00
0.049281,0.705000,0.000000,-0.792000,-12.748000,-59.649000,-26.412000,29.00
0.049826,0.709000,-0.019000,-0.753000,-11.344000,-56.534000,-24.565000,29.05
0.050364,0.751000,-0.027000,-0.750000,-12.550000,-49.221000,-25.313000,29.05
0.050905,0.847000,-0.053000,-0.747000,-14.733000,-44.641000,-27.298000,29.09
0.051456,0.842000,-0.029000,-0.711000,-12.779000,-45.679000,-32.321000,29.05
0.051991,0.887000,-0.039000,-0.702000,-9.420000,-41.557000,-37.435000,29.05
0.052525,0.871000,-0.079000,-0.654000,-2.137000,-41.878000,-41.771000,29.00
0.053058,0.851000,-0.119000,-0.613000,4.092000,-40.244000,-45.573000,29.00
0.053587,0.841000,-0.111000,-0.575000,10.702000,-34.214000,-50.840000,29.05
0.054126,0.882000,-0.083000,-0.599000,19.053000,-25.939000,-57.267000,29.05
0.054661,0.961000,-0.051000,-0.597000,30.687000,-22.214000,-67.084000,29.14
0.055194,0.994000,-0.035000,-0.573000,43.603000,-19.954000,-79.069000,29.00
0.055684,0.985000,-0.051000,-0.531000,56.382000,-17.237000,-89.542000,29.00
0.056351,0.971000,-0.082000,-0.501000,67.435000,-11.466000,-101.863000,28.95
0.056854,0.977000,-0.124000,-0.496000,74.885000,-5.496000,-110.702000,29.14
0.057346,1.006000,-0.138000,-0.531000,81.298000,-1.725000,-118.122000,29.09
0.057840,0.993000,-0.146000,-0.519000,88.763000,-2.504000,-123.542000,29.09
0.058334,0.953000,-0.156000,-0.494000,94.137000,-0.870000,-127.237000,29.05
0.058819,0.920000,-0.152000,-0.480000,97.969000,2.870000,-128.672000,29.05
0.059312,0.905000,-0.145000,-0.496000,100.962000,6.168000,-128.824000,29.00
0.059797,0.900000,-0.127000,-0.473000,103.740000,7.450000,-127.908000,29.05
0.060301,0.899000,-0.118000,-0.478000,103.710000,10.153000,-127.573000,29.05
0.060794,0.913000,-0.133000,-0.488000,103.389000,11.939000,-126.794000,29.05
0.061285,0.911000,-0.145000,-0.502000,99.206000,13.115000,-123.847000,28.91
0.061775,0.923000,-0.169000,-0.520000,92.672000,12.840000,-119.359000,29.00
0.062264,0.910000,-0.189000,-0.547000,84.840000,11.176000,-112.489000,28.95
0.062747,0.850000,-0.188000,-0.513000,78.412000,9.924000,-103.466000,29.05
0.063233,0.797000,-0.194000,-0.494000,71.206000,13.695000,-93.557000,29.09
0.063719,0.779000,-0.203000,-0.496000,62.351000,18.351000,-82.641000,29.00
0.064209,0.776000,-0.205000,-0.518000,53.740000,21.084000,-72.153000,29.05
0.064739,0.815000,-0.191000,-0.572000,46.153000,22.107000,-61.725000,29.05
0.065267,0.880000,-0.202000,-0.617000,38.015000,16.992000,-52.122000,29.00
0.065767,0.869000,-0.178000,-0.573000,30.779000,11.176000,-42.962000,29.00
0.066353,0.846000,-0.159000,-0.507000,25.679000,12.061000,-35.038000,28.95
0.067012,0.849000,-0.135000,-0.467000,20.885000,17.389000,-29.191000,29.05
0.067500,0.862000,-0.094000,-0.470000,19.023000,23.145000,-26.565000,29.00
0.067969,0.900000,-0.066000,-0.507000,19.344000,27.893000,-26.366000,29.05
0.068439,0.918000,-0.063000,-0.533000,20.626000,28.611000,-27.954000,29.05
0.068910,0.887000,-0.050000,-0.528000,23.023000,29.542000,-31.298000,29.05
0.069380,0.887000,-0.060000,-0.545000,26.076000,33.466000,-36.336000,29.09
0.069853,0.900000,-0.081000,-0.562000,29.740000,34.061000,-41.725000,29.00
0.070339,0.888000,-0.107000,-0.574000,34.443000,32.611000,-47.878000,28.95
0.070810,0.873000,-0.124000,-0.591000,40.733000,33.557000,-55.466000,28.95
0.071304,0.879000,-0.140000,-0.608000,50.718000,31.496000,-63.817000,29.09
0.071769,0.867000,-0.156000,-0.631000,60.947000,29.115000,-71.374000,29.09
0.072242,0.817000,-0.154000,-0.618000,70.687000,27.908000,-79.588000,29.05
0.072710,0.795000,-0.154000,-0.633000,76.779000,30.198000,-86.595000,29.05
0.073180,0.763000,-0.135000,-0.646000,81.130000,31.634000,-91.557000,29.09
0.073685,0.716000,-0.119000,-0.647000,86.305000,31.176000,-99.099000,29.00
0.074207,0.828000,-0.084000,-1.023000,96.641000,20.809000,-104.641000,29.05
0.074705,0.444000,-0.160000,-0.715000,93.496000,11.756000,-110.107000,29.05
0.075198,0.545000,-0.120000,-0.879000,95.771000,7.344000,-110.748000,29.09
0.075704,0.510000,-0.230000,-0.916000,91.237000,-1.282000,-111.267000,28.95
0.076316,0.417000,-0.054000,-0.940000,87.282000,-15.038000,-109.282000,29.05
0.076906,0.385000,0.032000,-1.003000,82.855000,-12.519000,-111.618000,29.05
0.077382,0.417000,0.109000,-1.002000,80.412000,-24.519000,-112.046000,29.00
0.077842,0.375000,0.158000,-0.982000,83.130000,-35.542000,-115.847000,29.09
0.078319,0.362000,0.188000,-1.010000,80.229000,-44.687000,-115.634000,28.95
0.078794,0.369000,-0.002000,-0.927000,67.649000,-51.374000,-107.435000,29.05
0.079257,0.488000,0.014000,-0.832000,50.031000,-54.443000,-86.260000,29.09
0.079711,0.653000,0.205000,-0.826000,35.069000,-52.412000,-67.573000,29.09
0.080172,0.598000,0.226000,-0.723000,26.153000,-59.511000,-48.809000,29.14
0.080617,0.528000,0.121000,-0.790000,16.595000,-67.481000,-27.756000,28.95
0.081051,0.543000,0.099000,-0.966000,0.916000,-62.916000,7.985000,29.09
0.081507,0.490000,0.402000,-0.668000,23.725000,-73.160000,34.672000,29.00
0.081976,0.553000,0.124000,-0.689000,27.130000,-54.046000,28.611000,28.95
0.082434,0.613000,-0.097000,-0.936000,27.344000,-45.359000,27.435000,28.95
0.082880,0.523000,-0.087000,-0.904000,17.756000,-32.214000,23.282000,29.00
0.083335,0.502000,-0.020000,-0.965000,14.137000,-24.183000,13.695000,29.14
0.083774,0.543000,-0.189000,-0.883000,-1.649000,-10.031000,9.771000,29.05
0.084209,0.562000,-0.142000,-0.863000,-1.634000,-13.191000,2.092000,29.00
0.084654,0.554000,-0.131000,-0.848000,-6.611000,-7.389000,-2.458000,29.00
0.085104,0.606000,-0.047000,-0.806000,-7.588000,-9.099000,-5.542000,29.09
0.085551,0.596000,0.030000,-0.782000,-8.061000,-10.046000,-5.206000,29.05
0.085984,0.583000,0.107000,-0.805000,-6.550000,-5.954000,-2.183000,28.95
0.086518,0.587000,0.065000,-0.818000,-3.221000,-3.893000,0.672000,29.09
0.087122,0.583000,0.009000,-0.825000,-0.794000,-5.771000,1.160000,29.00
0.087607,0.575000,-0.021000,-0.833000,-1.206000,-2.015000,0.794000,29.05
0.088113,0.581000,-0.024000,-0.829000,-1.252000,-0.733000,-0.214000,28.95
0.088600,0.599000,-0.024000,-0.814000,-1.328000,0.748000,-1.328000,29.00
0.089088,0.612000,-0.017000,-0.792000,-1.939000,0.489000,-1.588000,28.91
0.089582,0.597000,-0.005000,-0.806000,-1.985000,0.336000,-1.786000,29.14
0.090080,0.594000,0.014000,-0.801000,-1.649000,0.916000,-0.824000,28.95
0.090554,0.594000,-0.014000,-0.803000,-0.382000,0.183000,0.092000,29.09
0.091016,0.584000,0.009000,-0.812000,-0.504000,0.947000,0.733000,28.95
0.091472,0.586000,0.009000,-0.813000,0.992000,0.046000,1.099000,29.05
0.091923,0.592000,-0.011000,-0.801000,1.359000,0.427000,1.603000,29.05
0.092355,0.589000,-0.025000,-0.807000,0.626000,0.382000,0.977000,29.00
0.092823,0.573000,-0.012000,-0.810000,0.947000,0.229000,0.916000,29.00
0.093268,0.581000,-0.032000,-0.807000,1.527000,-0.550000,0.595000,28.95
0.093699,0.585000,-0.045000,-0.819000,0.260000,0.427000,0.366000,28.95
0.094131,0.604000,-0.010000,-0.792000,-0.305000,0.534000,0.214000,29.00
0.094761,0.593000,-0.021000,-0.825000,-0.076000,-0.947000,0.779000,29.09
0.095348,0.596000,-0.039000,-0.794000,-0.031000,-1.450000,0.519000,29.05
0.095827,0.580000,-0.021000,-0.805000,-2.046000,0.412000,0.046000,28.95
0.096299,0.588000,-0.009000,-0.816000,-1.511000,-0.779000,-0.061000,29.09
0.096758,0.587000,-0.010000,-0.808000,-2.870000,0.611000,0.290000,29.09
0.097226,0.585000,-0.015000,-0.816000,-1.542000,-0.305000,0.305000,29.05
0.097682,0.570000,-0.033000,-0.811000,-2.840000,0.458000,0.534000,29.05
0.098166,0.588000,-0.029000,-0.820000,-2.351000,-1.985000,-0.427000,29.09
0.098642,0.593000,0.010000,-0.795000,-2.611000,-3.603000,0.397000,29.05
0.099150,0.592000,-0.015000,-0.821000,-3.176000,-0.137000,0.794000,28.95
0.099625,0.585000,-0.015000,-0.826000,-2.397000,0.733000,0.427000,29.05
0.100239,0.579000,-0.023000,-0.819000,-2.076000,0.702000,0.198000,29.00
0.100771,0.581000,-0.026000,-0.819000,-1.649000,0.382000,-0.122000,29.00
0.101241,0.572000,-0.009000,-0.811000,-1.084000,0.824000,-0.458000,29.05
0.101709,0.589000,-0.006000,-0.810000,-0.153000,0.565000,-0.458000,29.05
0.102168,0.556000,0.044000,-0.796000,0.931000,-0.809000,-0.046000,29.09
0.102621,0.550000,0.007000,-0.822000,2.687000,-0.824000,0.626000,29.00
0.103097,0.571000,-0.002000,-0.823000,3.099000,0.550000,1.618000,29.05
0.103571,0.576000,-0.001000,-0.829000,4.611000,1.634000,1.069000,29.05
0.104032,0.588000,-0.032000,-0.821000,5.237000,4.947000,1.084000,29.00
0.104717,0.593000,-0.034000,-0.800000,-2.122000,4.901000,-1.802000,28.91
0.105174,0.604000,-0.023000,-0.792000,-2.015000,4.718000,-1.847000,28.95
0.105636,0.598000,-0.027000,-0.803000,-1.695000,4.824000,-1.771000,28.95
0.106089,0.602000,-0.028000,-0.794000,-1.466000,4.366000,-1.878000,29.00
0.106542,0.609000,-0.035000,-0.793000,-1.557000,3.374000,-2.214000,28.91
0.107063,0.612000,-0.035000,-0.784000,-1.420000,2.107000,-2.397000,28.86
0.108201,0.612000,-0.038000,-0.778000,-1.573000,0.458000,-2.504000,28.95
0.121026,0.610000,-0.040000,-0.785000,-1.634000,-0.641000,-2.672000,29.00
0.133034,0.612000,-0.030000,-0.789000,-1.618000,-1.267000,-2.855000,29.05
0.139823,0.588000,-0.007000,-0.797000,-1.389000,-1.634000,-2.824000,28.95
0.152028,0.583000,-0.005000,-0.798000,-1.267000,-0.885000,-2.473000,28.95
0.159077,0.593000,-0.011000,-0.801000,-0.595000,-0.977000,-2.229000,28.91
0.171368,0.596000,-0.024000,-0.801000,-0.580000,-0.397000,-2.092000,29.00
0.176954,0.587000,-0.022000,-0.798000,-0.626000,-0.260000,-1.817000,28.95
0.190520,0.582000,-0.024000,-0.795000,-0.351000,0.580000,-1.863000,28.95
0.202714,0.590000,-0.032000,-0.805000,-0.351000,0.260000,-1.939000,29.00
0.209701,0.594000,-0.029000,-0.807000,-1.008000,0.672000,-2.443000,28.91
0.221968,0.592000,-0.014000,-0.803000,-0.519000,0.733000,-2.412000,28.95
0.228992,0.587000,-0.018000,-0.800000,-0.550000,1.511000,-2.336000,29.05
0.241511,0.592000,-0.023000,-0.794000,-0.351000,1.649000,-2.061000,28.91
0.248618,0.582000,-0.013000,-0.798000,0.092000,2.137000,-1.725000,29.00
0.261503,0.594000,-0.017000,-0.807000,0.153000,2.031000,-1.863000,28.95
0.273194,0.584000,-0.016000,-0.812000,0.092000,2.489000,-1.618000,28.95
0.280472,0.583000,-0.020000,-0.805000,0.183000,3.420000,-1.573000,28.91
0.292802,0.584000,-0.037000,-0.816000,-0.275000,3.985000,-1.908000,28.95
0.303619,0.588000,-0.038000,-0.804000,-1.160000,3.817000,-2.137000,28.95
0.312024,0.571000,-0.038000,-0.817000,-0.962000,3.252000,-2.366000,28.95
0.319072,0.584000,-0.037000,-0.798000,-1.298000,2.977000,-2.366000,29.00
0.331498,0.590000,-0.038000,-0.807000,-1.832000,2.321000,-3.313000,29.00
0.338844,0.593000,-0.024000,-0.798000,-1.908000,1.924000,-3.374000,28.95
0.350844,0.578000,-0.023000,-0.807000,-1.450000,0.748000,-3.771000,28.86
0.363331,0.591000,-0.026000,-0.792000,-1.450000,0.580000,-3.511000,29.00
0.370913,0.592000,-0.015000,-0.794000,-0.855000,-0.458000,-3.481000,28.91
0.382309,0.583000,-0.015000,-0.803000,-0.336000,-1.053000,-3.069000,28.95
0.389541,0.596000,-0.023000,-0.796000,-0.519000,-1.099000,-3.267000,29.05
0.401546,0.597000,-0.020000,-0.799000,0.061000,-2.840000,-3.496000,28.91
0.408820,0.597000,-0.032000,-0.797000,-0.260000,-2.626000,-3.511000,29.05
0.420914,0.581000,-0.026000,-0.794000,-0.168000,-3.267000,-4.031000,28.86
0.433049,0.584000,-0.022000,-0.796000,0.061000,-5.084000,-4.290000,28.95
0.440205,0.584000,-0.000000,-0.802000,0.931000,-8.153000,-3.740000,29.00
0.452401,0.578000,-0.017000,-0.799000,0.931000,-7.359000,-3.496000,28.95
0.459497,0.596000,-0.018000,-0.791000,1.557000,-9.328000,-3.374000,29.05
0.471862,0.582000,-0.012000,-0.796000,2.321000,-11.771000,-3.374000,29.00
0.479028,0.593000,-0.031000,-0.800000,2.565000,-11.878000,-3.191000,29.00
0.490967,0.575000,-0.042000,-0.801000,2.641000,-13.145000,-3.237000,29.00
0.503394,0.581000,-0.062000,-0.801000,1.573000,-13.496000,-3.466000,28.95
0.510170,0.548000,-0.047000,-0.815000,-0.122000,-13.344000,-4.260000,28.95
0.522382,0.534000,-0.045000,-0.842000,-1.740000,-11.084000,-4.931000,29.00
0.529753,0.542000,-0.058000,-0.852000,-3.756000,-8.427000,-6.260000,28.95
0.541762,0.501000,-0.015000,-0.852000,-5.893000,-6.412000,-6.779000,28.86
0.547405,0.511000,-0.017000,-0.868000,-6.763000,-0.962000,-6.763000,28.95
0.560586,0.574000,-0.032000,-0.847000,-6.702000,1.221000,-6.947000,29.00
0.573073,0.566000,-0.010000,-0.847000,-6.824000,3.817000,-6.321000,28.91
0.580160,0.565000,0.016000,-0.834000,-6.198000,7.221000,-5.221000,29.05
0.592645,0.554000,0.006000,-0.827000,-5.542000,8.947000,-3.740000,28.86
0.604333,0.565000,0.021000,-0.833000,-5.252000,12.153000,-2.076000,28.91
0.611993,0.561000,0.016000,-0.827000,-3.603000,11.756000,-1.008000,28.95
0.618791,0.577000,-0.010000,-0.811000,-3.282000,12.794000,-0.275000,28.95
0.630816,0.578000,-0.012000,-0.820000,-3.130000,12.031000,-0.565000,28.95
0.642991,0.552000,-0.004000,-0.818000,-3.389000,13.374000,-0.672000,28.91
0.650039,0.569000,-0.013000,-0.821000,-3.099000,13.618000,-0.855000,29.00
0.662259,0.584000,-0.021000,-0.808000,-2.870000,14.473000,-0.824000,28.95
0.669431,0.576000,-0.016000,-0.810000,-2.260000,13.542000,-1.115000,28.95
0.681206,0.594000,-0.021000,-0.798000,-1.771000,12.305000,-1.038000,28.91
0.688284,0.589000,-0.021000,-0.795000,-1.359000,9.130000,-1.298000,28.91
0.700826,0.588000,-0.009000,-0.799000,-1.389000,9.069000,-0.962000,28.86
0.713047,0.576000,-0.024000,-0.786000,-0.427000,5.847000,-0.779000,28.91
0.720146,0.574000,-0.021000,-0.804000,-0.947000,6.427000,-0.626000,28.91
0.732271,0.570000,-0.010000,-0.810000,-0.153000,5.618000,-0.443000,28.95
0.739639,0.565000,0.006000,-0.802000,0.687000,6.321000,-0.061000,28.95
0.752222,0.572000,-0.003000,-0.811000,1.832000,7.740000,0.779000,29.00
0.759365,0.566000,0.007000,-0.819000,2.779000,10.214000,0.947000,28.91
0.771527,0.593000,-0.022000,-0.846000,4.672000,11.435000,0.031000,28.95
0.778715,0.570000,-0.031000,-0.821000,4.870000,17.252000,-0.229000,28.95
0.790988,0.593000,-0.044000,-0.828000,5.679000,17.710000,-1.038000,29.00
0.803754,0.611000,-0.047000,-0.820000,6.519000,20.031000,-1.740000,28.91
0.810329,0.555000,-0.036000,-0.860000,5.618000,24.321000,-2.214000,28.95
0.822487,0.546000,-0.019000,-0.879000,6.901000,30.443000,-2.473000,28.95
0.829882,0.701000,0.037000,-0.810000,4.809000,39.802000,-1.038000,28.91
0.842144,0.472000,0.013000,-0.933000,10.748000,47.603000,1.405000,28.91
0.849477,0.496000,0.019000,-0.910000,14.137000,69.878000,2.779000,29.00
0.862054,0.524000,-0.054000,-0.919000,15.832000,78.534000,5.603000,28.95
0.868686,0.474000,-0.015000,-0.965000,22.031000,92.931000,12.107000,28.86
0.880875,0.607000,0.028000,-0.892000,12.779000,114.840000,17.221000,29.00
0.893215,0.694000,0.055000,-0.903000,15.252000,121.771000,20.412000,29.00
0.900117,0.613000,-0.154000,-0.941000,16.519000,120.198000,21.221000,29.05
0.912423,0.702000,-0.076000,-0.844000,10.046000,127.176000,21.481000,28.95
0.919113,0.689000,-0.127000,-0.824000,15.740000,127.191000,18.275000,28.91
0.931333,0.688000,-0.079000,-0.902000,12.672000,136.504000,13.954000,28.95
0.943282,0.642000,-0.071000,-0.856000,21.176000,126.489000,11.817000,28.95
0.950368,0.645000,-0.008000,-0.971000,18.275000,129.695000,10.809000,29.05
0.962695,0.295000,0.334000,-1.156000,18.947000,116.214000,12.473000,29.00
0.969806,-0.104000,0.465000,-1.917000,7.954000,84.672000,2.656000,28.91
0.981781,-0.735000,0.633000,-1.859000,10.595000,19.847000,-5.618000,28.95
0.988868,-0.740000,0.520000,-2.001000,-0.229000,-22.031000,-11.053000,28.95
1.000736,-0.691000,0.459000,-1.958000,-17.053000,-50.641000,-5.053000,28.91
1.013271,-0.518000,0.374000,-1.867000,-25.588000,-90.198000,6.397000,28.91
1.019679,-0.362000,0.320000,-1.685000,-35.939000,-118.824000,18.870000,28.95
1.031506,-0.053000,0.309000,-1.512000,-52.977000,-118.183000,27.573000,28.95
1.043247,0.248000,0.374000,-1.381000,-60.000000,-125.053000,30.504000,28.91
1.050056,0.333000,0.378000,-1.124000,-54.977000,-130.885000,27.023000,29.00
1.062210,0.416000,0.355000,-0.971000,-57.878000,-110.397000,21.099000,28.95
1.069122,0.466000,0.342000,-0.897000,-57.130000,-89.557000,13.939000,28.95
1.081231,0.478000,0.310000,-0.833000,-48.473000,-75.008000,5.130000,29.00
1.093235,0.416000,0.285000,-0.852000,-42.840000,-50.779000,-3.893000,28.86
1.100247,1.108000,0.125000,-1.106000,-38.916000,-28.153000,-3.542000,28.86
1.112263,0.785000,-0.018000,-0.806000,-5.313000,-82.229000,-0.794000,28.95
1.119257,0.660000,-0.102000,-0.708000,-3.939000,-57.649000,5.344000,29.00
1.131436,0.932000,-0.156000,-0.205000,2.824000,-12.672000,7.099000,28.91
1.138787,1.353000,-0.305000,-0.211000,16.947000,5.084000,7.771000,28.95
1.151033,1.485000,-0.465000,-0.266000,10.824000,-7.618000,-2.885000,28.95
1.163431,1.254000,-0.343000,-0.311000,0.412000,-6.672000,-11.053000,28.91
1.170101,1.119000,-0.289000,-0.287000,-1.802000,-1.985000,-17.420000,29.00
1.182339,1.125000,-0.213000,-0.360000,-4.779000,-0.748000,-21.115000,28.95
1.189022,1.183000,-0.277000,-0.369000,-0.260000,-9.603000,-25.282000,29.05
1.201338,1.187000,-0.225000,-0.252000,5.496000,-4.443000,-32.046000,28.91
1.206860,1.247000,-0.241000,-0.254000,15.160000,-1.313000,-37.099000,29.00
1.220283,1.182000,-0.242000,-0.291000,20.397000,0.595000,-41.237000,28.95
1.232606,1.054000,-0.186000,-0.478000,19.573000,6.672000,-41.298000,28.95
1.239611,0.756000,0.037000,-0.811000,5.405000,13.725000,-38.870000,28.91
1.251780,0.425000,0.311000,-1.090000,-12.626000,14.137000,-35.511000,28.95
1.258556,0.107000,0.493000,-1.301000,-29.206000,11.756000,-32.305000,28.95
1.270885,-0.143000,0.474000,-1.531000,-52.809000,3.435000,-27.099000,28.86
1.282934,-0.248000,0.307000,-1.577000,-74.275000,-0.626000,-18.626000,28.91
1.289581,-0.154000,0.071000,-1.440000,-83.695000,-12.168000,-0.260000,28.91
1.301929,0.048000,-0.208000,-1.356000,-89.008000,-20.046000,21.298000,28.95
1.308713,0.199000,-0.373000,-1.078000,-99.344000,-28.656000,44.611000,28.95
1.320898,0.653000,-0.465000,-0.950000,-105.282000,-32.260000,66.260000,28.91
1.332706,1.041000,-0.564000,-0.997000,-120.244000,-46.595000,74.901000,29.00
1.339137,1.357000,-0.570000,-0.803000,-135.252000,-76.519000,76.840000,28.95
1.351064,1.433000,-0.501000,-0.429000,-124.427000,-107.069000,71.359000,28.95
1.363266,1.321000,-0.456000,0.176000,-84.565000,-116.153000,61.084000,28.91
1.370211,1.419000,-0.573000,0.691000,-48.260000,-90.962000,39.359000,28.91
1.382037,1.836000,-0.799000,1.299000,-14.916000,-50.290000,12.794000,28.95
1.389306,2.512000,-1.302000,2.245000,27.695000,6.656000,-20.901000,28.95
1.401483,2.918000,-1.769000,3.218000,64.366000,103.115000,-37.069000,28.91
1.413297,2.422000,-0.407000,-2.386000,-52.137000,193.038000,15.511000,28.95
1.420543,0.886000,0.091000,-1.477000,15.847000,-110.046000,18.748000,28.95
1.432492,-0.665000,0.653000,-0.269000,116.198000,-155.939000,33.221000,28.95
1.439671,1.076000,0.171000,-1.351000,19.389000,99.145000,-4.489000,28.91
1.451831,0.965000,-0.896000,-1.033000,20.748000,32.427000,20.183000,29.00
1.459000,0.703000,0.316000,-0.857000,41.756000,-57.191000,12.275000,28.95
1.472059,0.512000,0.190000,-0.832000,43.466000,7.374000,8.092000,28.95
1.483323,0.748000,-0.326000,-0.939000,23.878000,22.885000,12.427000,28.91
1.490843,0.712000,-0.156000,-0.885000,27.282000,-24.580000,2.290000,28.91
1.505015,0.566000,-0.057000,-0.912000,8.626000,3.115000,-1.023000,28.95
1.509904,0.585000,-0.062000,-0.914000,2.046000,7.649000,-3.023000,28.95
1.524452,0.617000,-0.015000,-0.850000,1.603000,-0.443000,-5.634000,28.95
1.529071,0.596000,0.057000,-0.818000,-3.420000,10.153000,-4.061000,29.00
1.541448,0.586000,0.128000,-0.784000,1.206000,7.252000,-1.160000,29.00
1.551139,0.589000,0.076000,-0.818000,4.260000,6.595000,1.649000,28.95
1.561422,0.612000,0.055000,-0.786000,4.656000,7.374000,3.115000,28.86
1.569105,0.600000,0.034000,-0.816000,6.076000,4.824000,2.855000,28.91
1.581229,0.584000,-0.011000,-0.825000,4.321000,5.374000,2.214000,28.91
1.589986,0.575000,-0.027000,-0.821000,2.137000,5.282000,0.763000,29.05
1.600789,0.583000,-0.019000,-0.809000,1.099000,4.916000,-0.092000,29.05
1.613133,0.584000,-0.007000,-0.802000,0.427000,4.015000,-0.031000,29.00
1.620688,0.577000,-0.003000,-0.807000,-0.061000,3.176000,0.382000,29.05
1.632781,0.598000,0.027000,-0.781000,0.550000,0.641000,-0.092000,28.95
1.639946,0.575000,0.016000,-0.798000,2.763000,-1.634000,0.916000,28.95
1.652392,0.584000,0.025000,-0.792000,3.084000,-2.885000,1.802000,28.91
1.659917,0.583000,-0.005000,-0.803000,5.954000,-4.046000,2.412000,29.00
1.672067,0.572000,-0.008000,-0.807000,4.870000,-2.794000,2.061000,28.95
1.691242,0.546000,0.031000,-0.802000,5.771000,-3.954000,2.595000,28.95
1.691979,0.537000,0.024000,-0.827000,6.397000,-2.275000,3.191000,28.91
1.698653,0.571000,0.005000,-0.812000,7.008000,-2.611000,3.786000,29.00
1.711156,0.509000,0.041000,-0.821000,7.176000,-2.427000,4.855000,28.95
1.718366,0.550000,0.018000,-0.817000,7.985000,1.176000,5.725000,28.95
1.731048,0.612000,-0.013000,-0.801000,7.893000,1.802000,4.305000,28.91
1.744188,0.585000,-0.004000,-0.818000,7.710000,1.710000,3.313000,28.91
1.750909,0.591000,-0.016000,-0.838000,6.626000,3.481000,3.206000,28.95
1.763041,0.592000,-0.017000,-0.823000,5.466000,5.130000,3.237000,28.95
1.771549,0.565000,-0.003000,-0.831000,4.687000,7.328000,3.145000,28.91
1.782691,0.581000,-0.019000,-0.816000,4.366000,9.542000,3.237000,28.95
1.790597,0.567000,0.014000,-0.818000,4.458000,11.511000,3.969000,28.86
1.802602,0.558000,0.013000,-0.844000,4.473000,15.069000,5.313000,28.95
1.810172,0.566000,0.012000,-0.847000,3.725000,18.519000,6.397000,28.91
1.822395,0.580000,0.024000,-0.813000,5.527000,21.115000,8.290000,28.81
1.829545,0.521000,0.035000,-0.838000,9.420000,22.595000,10.947000,28.86
1.841631,0.493000,-0.006000,-0.866000,10.947000,25.145000,12.031000,28.95
1.848974,0.522000,-0.025000,-0.947000,14.656000,31.145000,10.718000,28.91
1.861307,0.592000,-0.147000,-0.907000,18.321000,42.198000,-0.473000,28.91
1.873155,0.445000,0.069000,-1.003000,24.366000,54.015000,-7.099000,28.95
1.881206,0.429000,0.227000,-1.062000,32.382000,68.183000,-5.985000,28.95
1.892415,0.423000,0.110000,-0.993000,34.718000,85.160000,-5.038000,29.00
1.899521,0.595000,0.047000,-1.018000,34.916000,101.069000,21.695000,29.00
1.911895,0.662000,0.085000,-0.927000,20.107000,134.809000,35.771000,28.95
1.918572,0.721000,0.070000,-0.997000,25.908000,138.550000,42.916000,28.86
1.931082,0.307000,0.435000,-1.255000,14.534000,147.420000,47.649000,29.00
1.949082,-0.212000,0.802000,-1.750000,25.069000,111.924000,28.031000,28.86
1.950545,-0.707000,1.029000,-1.946000,22.443000,70.214000,-4.687000,28.95
1.961895,-0.861000,1.015000,-2.011000,12.748000,24.015000,-35.924000,28.86
1.968746,-0.741000,0.878000,-1.993000,-5.389000,-0.198000,-48.702000,28.91
1.980626,-0.517000,0.820000,-1.906000,-8.595000,-32.626000,-44.565000,29.00
1.992786,-0.378000,0.703000,-1.730000,-9.893000,-61.832000,-35.435000,28.95
1.999439,-0.200000,0.613000,-1.502000,-25.481000,-64.412000,-27.496000,28.86
2.011902,0.013000,0.519000,-1.350000,-39.176000,-59.511000,-22.641000,28.91
2.018323,0.254000,0.377000,-1.241000,-44.473000,-61.878000,-16.198000,28.91
2.030363,0.407000,0.193000,-1.146000,-44.092000,-67.084000,-8.748000,28.86
2.042547,0.457000,0.065000,-0.964000,-44.870000,-66.779000,3.679000,28.86
2.049390,0.531000,-0.096000,-0.807000,-40.947000,-58.198000,21.588000,28.91
2.061648,0.704000,-0.319000,-0.698000,-37.053000,-44.229000,42.214000,28.91
2.068355,0.805000,-0.356000,-0.568000,-34.092000,-30.107000,57.298000,28.95
2.080411,0.980000,-0.427000,-0.578000,-37.679000,-15.893000,61.588000,28.95
2.092601,1.033000,-0.370000,-0.608000,-49.435000,-1.573000,55.527000,28.91
2.099492,0.979000,-0.168000,-0.522000,-52.962000,4.992000,42.504000,29.05
2.111696,0.927000,0.004000,-0.625000,-48.809000,11.435000,20.641000,28.95
2.118666,0.796000,0.184000,-0.723000,-44.580000,12.855000,-3.847000,28.95
2.131040,0.743000,0.274000,-0.821000,-33.099000,3.008000,-28.916000,28.91
2.142947,0.633000,0.360000,-0.837000,-21.466000,-11.038000,-55.023000,28.91
2.150128,0.545000,0.358000,-0.865000,-6.275000,-19.771000,-78.397000,28.95
2.162043,0.569000,0.283000,-0.860000,10.885000,-18.229000,-91.069000,28.95
2.168914,0.586000,0.140000,-0.713000,35.267000,-25.542000,-96.092000,28.91
2.180868,0.821000,-0.100000,-0.751000,38.122000,-21.191000,-94.015000,28.81
2.192823,1.168000,-0.132000,-0.870000,29.267000,-20.061000,-92.748000,28.86
2.199786,1.370000,-0.163000,-1.021000,19.115000,-48.519000,-95.511000,28.95
2.211855,1.268000,-0.045000,-1.011000,13.954000,-96.885000,-91.908000,28.91
2.218862,0.903000,0.002000,-0.721000,17.221000,-115.710000,-84.046000,29.00
2.230701,0.781000,-0.100000,-0.467000,19.252000,-100.611000,-72.672000,28.86
2.242670,0.785000,-0.187000,-0.447000,5.069000,-75.511000,-65.389000,28.86
2.249582,0.879000,-0.180000,-0.509000,-11.496000,-60.656000,-59.908000,28.91
2.261608,0.924000,-0.117000,-0.554000,-15.588000,-59.664000,-55.847000,28.95
2.273279,0.862000,-0.129000,-0.528000,-13.298000,-60.137000,-52.809000,28.95
2.280458,0.777000,-0.186000,-0.501000,-12.443000,-54.672000,-48.962000,28.86
2.292219,0.801000,-0.291000,-0.512000,-14.641000,-46.168000,-44.168000,28.81
2.298839,0.875000,-0.365000,-0.499000,-17.679000,-45.328000,-36.595000,28.91
2.314315,0.868000,-0.436000,-0.423000,-14.779000,-45.969000,-26.656000,29.05
2.322832,0.845000,-0.553000,-0.227000,-10.611000,-40.183000,-15.954000,28.86
2.329639,0.825000,-0.600000,-0.043000,-9.374000,-24.519000,-6.290000,28.91
2.342009,0.854000,-0.576000,0.119000,-5.252000,-1.481000,4.641000,28.91
2.349456,0.923000,-0.609000,0.321000,5.344000,26.260000,16.260000,28.95
2.361647,1.039000,-0.669000,0.491000,12.412000,55.328000,33.145000,28.95
2.368731,1.406000,-0.890000,0.676000,9.481000,87.649000,47.267000,28.91
2.381143,1.519000,-0.994000,1.119000,4.885000,121.191000,88.366000,29.00
2.392834,1.803000,-0.343000,-1.141000,-77.237000,241.282000,84.702000,28.86
2.399687,2.102000,1.213000,-1.393000,-76.687000,128.275000,60.840000,28.91
2.412134,1.093000,0.912000,-0.700000,91.725000,-12.565000,17.206000,28.91
2.419460,1.595000,-0.030000,-0.977000,111.176000,-10.336000,34.458000,28.95
2.430963,1.017000,-0.643000,-1.167000,56.214000,23.588000,31.206000,28.95
2.451969,0.538000,-0.096000,-0.949000,57.863000,-26.122000,30.000000,28.91
2.452875,0.639000,0.098000,-0.967000,49.466000,-7.069000,13.954000,29.00
2.464177,0.750000,-0.228000,-0.927000,43.053000,-5.267000,12.901000,28.95
2.469814,0.732000,-0.220000,-0.901000,28.947000,-22.901000,3.939000,28.86
2.482095,0.646000,-0.226000,-0.947000,7.618000,-8.916000,-1.557000,28.91
2.489088,0.561000,-0.047000,-0.871000,-2.809000,-0.840000,-4.672000,28.91
2.500807,0.628000,0.012000,-0.841000,-3.176000,-1.023000,-6.779000,28.95
2.513769,0.609000,0.035000,-0.833000,-3.511000,1.817000,-5.344000,28.95
2.520310,0.631000,0.020000,-0.802000,-4.412000,3.832000,-3.511000,28.91
2.532756,0.613000,0.062000,-0.797000,-2.534000,2.519000,-1.511000,28.95
2.539693,0.602000,0.073000,-0.813000,-0.443000,4.534000,0.748000,28.86
2.552538,0.587000,0.042000,-0.815000,1.496000,5.191000,2.458000,28.95
2.559798,0.578000,0.021000,-0.824000,2.260000,5.466000,3.252000,28.81
2.572288,0.575000,-0.018000,-0.831000,2.412000,7.176000,3.282000,28.91
2.579336,0.577000,-0.015000,-0.829000,2.000000,7.527000,2.855000,28.95
2.591968,0.567000,0.002000,-0.823000,1.221000,7.588000,2.229000,28.86
2.599245,0.572000,-0.016000,-0.823000,0.015000,9.511000,1.603000,28.91
2.611791,0.569000,-0.005000,-0.807000,-0.534000,8.061000,1.069000,29.00
2.618812,0.546000,0.022000,-0.810000,-0.168000,7.252000,1.527000,28.95
2.631271,0.565000,0.012000,-0.805000,-0.107000,8.763000,2.061000,28.86
2.638880,0.589000,0.005000,-0.790000,1.527000,5.145000,2.214000,28.81
2.651079,0.578000,0.020000,-0.783000,2.137000,3.588000,2.000000,28.91
2.658529,0.586000,0.019000,-0.797000,4.336000,0.962000,2.366000,28.95
2.670851,0.583000,0.017000,-0.801000,5.756000,-0.489000,2.870000,28.86
2.683561,0.578000,0.026000,-0.817000,7.771000,0.580000,4.168000,28.81
2.690679,0.578000,0.011000,-0.810000,9.252000,4.183000,5.130000,28.86
2.703375,0.595000,-0.002000,-0.836000,10.076000,5.023000,5.740000,28.95
2.710334,0.564000,0.011000,-0.860000,11.313000,7.969000,6.595000,28.95
2.722849,0.569000,0.041000,-0.872000,11.328000,16.198000,7.664000,29.00
2.729957,0.572000,0.108000,-0.885000,14.718000,22.947000,11.282000,28.95
2.742297,0.542000,0.089000,-0.878000,21.374000,32.260000,15.496000,28.95
2.748932,0.569000,-0.094000,-0.911000,26.947000,34.489000,13.878000,29.00
2.761638,0.380000,0.020000,-1.023000,25.511000,53.359000,11.328000,28.91
2.768480,0.397000,0.011000,-1.094000,28.443000,69.099000,7.893000,28.86
2.780671,0.199000,0.082000,-1.191000,18.366000,103.359000,8.305000,28.86
2.792771,0.300000,0.006000,-1.267000,31.008000,136.565000,26.595000,28.91
2.799911,0.448000,0.096000,-1.277000,17.405000,202.565000,46.427000,28.81
2.812054,0.572000,0.303000,-1.348000,23.527000,210.916000,66.260000,28.95
2.819371,0.581000,0.438000,-1.503000,15.115000,224.992000,81.817000,28.95
2.831266,-0.077000,1.203000,-1.891000,14.641000,219.939000,77.954000,29.00
2.843315,-0.599000,1.459000,-2.440000,29.557000,154.366000,35.359000,28.91
2.850387,-0.961000,1.591000,-2.519000,18.870000,71.267000,-13.985000,28.86
2.862504,-1.259000,1.684000,-2.284000,15.389000,5.786000,-61.664000,28.95
2.869646,-1.257000,1.457000,-2.212000,5.908000,-24.275000,-95.221000,28.91
2.881607,-1.113000,1.016000,-2.113000,-7.649000,-77.740000,-110.992000,29.00
2.893139,-0.828000,0.688000,-2.012000,-31.679000,-117.328000,-108.626000,28.86
2.899628,-0.595000,0.438000,-1.871000,-46.595000,-146.382000,-95.328000,28.86
2.911829,-0.347000,0.256000,-1.617000,-50.412000,-164.519000,-79.618000,28.91
2.917480,-0.079000,0.176000,-1.439000,-57.191000,-153.924000,-65.481000,28.91
2.930206,1.386000,-0.229000,-1.660000,-39.756000,-137.802000,-17.282000,28.86
2.942298,0.688000,-0.441000,-1.189000,-10.122000,-218.855000,0.656000,28.95
2.949100,1.209000,-0.291000,-1.247000,-61.847000,-146.931000,9.496000,28.91
2.961845,1.770000,-0.557000,0.843000,-24.443000,-103.893000,7.527000,28.86
2.976398,2.584000,-0.734000,0.689000,-28.046000,5.252000,-4.015000,28.95
2.981333,2.817000,-0.923000,-0.021000,-75.832000,19.298000,-39.863000,28.95
2.992399,2.759000,-0.601000,-0.266000,-79.176000,-45.115000,-65.267000,28.91
2.999359,2.155000,-0.507000,-0.058000,-10.687000,-145.557000,-90.244000,28.91
3.011044,1.507000,-0.858000,0.774000,33.863000,-148.718000,-93.466000,28.95
3.023236,1.490000,-1.560000,1.946000,50.794000,-85.588000,-90.382000,28.86
3.030482,2.318000,-1.963000,3.080000,34.687000,53.756000,-84.015000,29.00
3.042410,3.994000,-2.564000,4.000000,28.992000,221.756000,-51.985000,28.91
3.049444,4.000000,0.782000,-2.216000,-67.969000,286.244000,127.878000,28.95
3.061726,0.910000,0.217000,-1.448000,34.687000,-179.664000,0.779000,28.86
3.073141,-2.040000,0.483000,-0.668000,191.649000,-243.023000,79.496000,28.91
3.080331,1.310000,-0.404000,-1.353000,21.618000,48.427000,16.183000,28.91
3.092990,0.952000,-0.872000,-1.110000,6.153000,8.702000,6.840000,28.95
3.099831,0.399000,-0.047000,-1.017000,22.763000,-76.061000,-3.405000,28.95
3.111923,0.677000,-0.067000,-0.873000,-5.359000,13.863000,-6.244000,29.00
3.118787,0.692000,-0.107000,-0.859000,-15.679000,20.611000,-10.366000,28.86
3.130937,0.525000,0.072000,-0.875000,-2.321000,-9.038000,-10.214000,28.95
3.143159,0.551000,0.079000,-0.834000,-7.282000,19.466000,-5.038000,28.95
3.150215,0.615000,0.038000,-0.808000,-6.275000,16.351000,-2.748000,28.91
3.162893,0.598000,0.146000,-0.777000,2.000000,7.954000,1.679000,28.91
3.170045,0.578000,0.070000,-0.807000,2.611000,15.176000,5.893000,28.86
3.182620,0.595000,0.041000,-0.784000,6.656000,9.328000,6.519000,28.95
3.189705,0.565000,-0.006000,-0.812000,8.046000,9.023000,5.237000,29.00
3.205157,0.558000,-0.006000,-0.818000,5.206000,13.328000,4.626000,28.91
3.209240,0.547000,-0.007000,-0.821000,7.725000,9.420000,3.832000,28.86
3.221638,0.575000,-0.003000,-0.835000,5.893000,13.145000,3.527000,28.91
3.229335,0.580000,-0.003000,-0.836000,4.702000,15.298000,2.763000,28.91
3.241248,0.578000,-0.012000,-0.824000,3.924000,15.344000,2.000000,28.95
3.253530,0.599000,-0.032000,-0.804000,3.237000,13.893000,1.374000,28.95
3.260659,0.604000,-0.020000,-0.820000,1.221000,14.260000,1.221000,28.91
3.273767,0.625000,0.025000,-0.818000,2.336000,15.084000,1.466000,28.91
3.280217,0.573000,0.065000,-0.837000,6.046000,17.924000,3.176000,28.95
3.293572,0.616000,0.062000,-0.852000,9.359000,22.122000,3.710000,28.95
3.300132,0.539000,0.049000,-0.861000,14.870000,29.511000,2.031000,28.91
3.312566,0.483000,-0.000000,-0.903000,21.420000,35.084000,0.687000,28.91
3.319600,0.410000,-0.036000,-0.933000,23.924000,43.130000,-4.473000,28.95
3.331552,0.363000,0.023000,-1.048000,18.992000,60.489000,-4.702000,28.86
3.345147,0.275000,0.062000,-1.063000,19.176000,83.786000,-5.603000,28.91
3.351040,0.185000,0.001000,-1.257000,5.954000,116.382000,10.290000,28.91
3.363496,0.435000,0.082000,-1.092000,-2.168000,139.695000,22.779000,28.86
3.369857,0.453000,0.230000,-1.174000,-8.977000,148.779000,35.237000,28.95
3.382182,0.112000,0.545000,-1.498000,-18.718000,154.885000,40.870000,28.81
3.393892,-0.330000,0.764000,-1.862000,3.679000,121.634000,37.527000,28.95
3.401565,-0.853000,0.729000,-2.040000,5.511000,78.626000,24.076000,28.95
3.413695,-1.059000,0.803000,-2.128000,-8.656000,37.069000,14.015000,28.86
3.420832,-1.072000,0.725000,-2.181000,-24.855000,-2.565000,10.076000,28.91
3.432593,-1.005000,0.533000,-2.123000,-41.649000,-53.618000,10.519000,28.81
3.447034,-0.802000,0.406000,-2.020000,-61.145000,-85.435000,16.183000,28.86
3.451164,-0.490000,0.261000,-1.838000,-73.405000,-110.626000,24.458000,28.86
3.463315,0.193000,0.115000,-1.741000,-73.557000,-134.214000,34.412000,28.91
3.469949,0.017000,-0.079000,-1.447000,-59.466000,-167.771000,51.802000,28.91
3.481908,0.623000,-0.339000,-1.189000,-77.237000,-118.473000,73.176000,28.86
3.488965,1.670000,-0.410000,-0.455000,-59.817000,-65.069000,78.840000,28.86
3.504627,1.918000,-0.750000,0.941000,-7.557000,-44.443000,75.435000,28.91
3.513319,2.800000,-1.166000,0.427000,-51.893000,28.580000,53.771000,28.91
3.522356,1.979000,-0.474000,-0.157000,-85.008000,12.107000,20.534000,28.86
3.532293,1.248000,0.006000,-0.319000,-66.977000,-10.122000,-7.725000,28.95
3.538882,0.898000,0.187000,-0.387000,-35.969000,-22.687000,-37.496000,28.91
3.551064,0.883000,0.088000,-0.335000,-13.740000,-16.641000,-60.382000,28.95
3.563452,1.036000,-0.406000,-0.090000,12.779000,-22.427000,-68.031000,28.86
3.570193,1.347000,-0.943000,0.358000,33.618000,-15.466000,-48.779000,28.86
3.583066,1.986000,-1.559000,1.032000,34.305000,12.046000,-4.931000,28.81
3.589673,3.052000,-1.715000,1.683000,27.710000,35.466000,52.687000,28.81
3.601698,4.000000,-0.457000,1.444000,-2.565000,48.137000,43.115000,28.86
3.610973,0.715000,0.126000,-0.668000,51.679000,-70.122000,-36.870000,28.86
3.632481,-0.192000,-0.320000,-1.435000,33.160000,-53.542000,17.939000,28.91
3.633189,0.353000,0.194000,-0.663000,15.328000,-60.321000,16.779000,28.91
3.639778,0.698000,-0.440000,-0.988000,3.771000,-21.908000,2.718000,28.86
3.652008,0.258000,-0.027000,-1.070000,-2.702000,-36.611000,0.412000,28.95
3.659108,0.681000,-0.019000,-0.833000,-1.176000,-5.359000,-2.092000,29.00
3.671271,0.597000,-0.207000,-0.893000,-4.260000,-10.748000,-9.298000,28.91
3.686500,0.534000,-0.024000,-0.898000,-12.061000,5.618000,-12.366000,28.86
3.690633,0.621000,-0.018000,-0.857000,-8.015000,4.168000,-11.756000,28.86
3.703059,0.584000,0.066000,-0.848000,-9.527000,11.466000,-8.122000,28.81
3.709568,0.673000,0.148000,-0.781000,-2.611000,11.542000,-1.786000,28.86
3.722600,0.612000,0.019000,-0.813000,1.725000,8.565000,0.626000,28.86
3.734865,0.601000,0.013000,-0.822000,0.641000,13.542000,2.427000,28.86
3.742381,0.612000,0.008000,-0.815000,2.855000,12.763000,4.427000,28.91
3.748780,0.579000,-0.054000,-0.814000,1.771000,14.763000,4.031000,28.81
3.770387,0.578000,-0.023000,-0.816000,0.595000,16.366000,2.733000,28.86
3.771095,0.583000,-0.020000,-0.811000,0.779000,16.046000,2.336000,28.86
3.780838,0.590000,0.010000,-0.785000,0.626000,16.534000,2.351000,28.91
3.793303,0.602000,0.014000,-0.775000,1.710000,14.779000,3.435000,28.91
3.800328,0.601000,0.013000,-0.779000,2.473000,14.611000,4.427000,28.86
3.812954,0.609000,0.002000,-0.771000,4.122000,11.878000,4.962000,28.95
3.820080,0.605000,-0.014000,-0.784000,4.489000,10.183000,4.824000,28.81
3.832605,0.607000,-0.027000,-0.800000,4.229000,9.710000,4.489000,28.91
3.840003,0.601000,0.004000,-0.808000,4.427000,9.496000,4.794000,28.86
3.852600,0.597000,-0.012000,-0.798000,5.130000,9.160000,5.725000,28.86
3.859423,0.599000,-0.007000,-0.821000,4.855000,12.305000,7.084000,28.91
3.872168,0.597000,-0.012000,-0.815000,5.298000,15.374000,8.229000,28.95
3.878871,0.609000,0.020000,-0.828000,5.969000,20.015000,9.450000,28.95
3.891274,0.598000,-0.008000,-0.828000,6.168000,23.954000,11.588000,28.86
3.898306,0.563000,-0.007000,-0.843000,4.321000,28.290000,12.809000,28.91
3.910654,0.615000,-0.004000,-0.810000,5.374000,34.534000,13.985000,28.86
3.922751,0.560000,-0.024000,-0.855000,4.534000,36.275000,12.931000,28.86
3.930034,0.579000,0.063000,-0.885000,4.534000,44.015000,13.939000,28.91
3.942276,0.589000,-0.095000,-0.848000,6.137000,47.939000,12.885000,28.91
3.949257,0.541000,0.002000,-0.904000,11.359000,60.168000,13.450000,28.86
3.965920,0.520000,-0.017000,-0.960000,12.611000,77.466000,12.000000,28.95
3.968482,0.432000,0.056000,-1.072000,19.893000,104.519000,15.191000,29.00
3.980953,0.488000,0.106000,-1.098000,25.588000,139.618000,20.412000,28.91
3.993040,0.536000,0.054000,-1.051000,32.504000,162.336000,28.061000,28.86
3.999924,0.624000,0.195000,-1.121000,45.832000,173.359000,31.634000,28.95
4.012072,0.747000,0.036000,-1.069000,58.427000,183.130000,38.641000,28.91
4.019277,0.785000,-0.182000,-0.952000,62.351000,179.206000,36.748000,28.91
4.031067,0.817000,-0.114000,-0.880000,52.489000,182.534000,40.672000,28.86
4.043485,0.840000,-0.103000,-0.793000,51.496000,184.550000,35.542000,28.95
4.050565,0.927000,0.163000,-1.021000,38.321000,183.420000,36.473000,28.91
4.064151,0.611000,0.313000,-1.242000,40.962000,141.710000,32.015000,28.91
4.069782,0.091000,0.622000,-1.550000,41.191000,90.107000,21.069000,29.05
4.082065,-0.265000,0.755000,-1.664000,26.183000,55.252000,7.282000,28.86
4.089675,-0.414000,0.890000,-1.787000,8.931000,24.855000,-4.733000,28.81
4.100832,-0.436000,0.842000,-1.785000,-0.015000,-21.527000,-14.565000,29.00
4.113056,-0.405000,0.747000,-1.720000,-9.130000,-64.046000,-20.229000,28.95
4.119629,-0.304000,0.614000,-1.594000,-26.641000,-86.840000,-22.443000,28.95
4.131549,-0.120000,0.511000,-1.475000,-42.092000,-103.588000,-23.847000,29.00
4.138652,0.123000,0.415000,-1.353000,-50.397000,-120.931000,-26.489000,28.86
4.150283,0.356000,0.303000,-1.230000,-54.870000,-131.618000,-28.977000,28.86
4.162418,0.544000,0.208000,-1.141000,-56.901000,-132.397000,-29.954000,28.86
4.168873,0.656000,0.139000,-1.096000,-54.641000,-140.321000,-27.847000,28.91
4.180841,0.850000,0.016000,-1.039000,-63.130000,-134.107000,-30.992000,28.81
4.192794,0.764000,0.082000,-0.822000,-56.076000,-134.641000,-31.710000,28.86
4.199742,0.899000,0.006000,-0.796000,-53.939000,-114.504000,-28.092000,28.86
4.211814,0.801000,-0.066000,-0.765000,-45.221000,-117.908000,-23.359000,28.81
4.223416,0.714000,-0.108000,-0.763000,-45.817000,-102.214000,-16.214000,28.91
4.230348,0.745000,-0.111000,-0.779000,-50.550000,-87.130000,-9.160000,28.86
4.242489,0.814000,-0.136000,-0.842000,-54.687000,-75.664000,-4.198000,29.05
4.249388,0.822000,-0.037000,-0.850000,-56.656000,-75.160000,-4.947000,28.91
4.261666,0.886000,-0.077000,-0.883000,-59.145000,-67.420000,-12.046000,28.81
4.273549,0.830000,0.010000,-0.831000,-52.794000,-76.046000,-18.122000,28.95
4.280147,0.850000,0.040000,-0.857000,-47.496000,-76.336000,-26.443000,28.86
4.292142,0.955000,0.135000,-0.576000,-29.588000,-43.618000,-25.832000,28.91
4.299977,0.978000,-0.112000,-0.426000,4.672000,-51.420000,-31.466000,28.86
4.311305,1.024000,-0.326000,-0.583000,-11.542000,-32.473000,-38.977000,28.86
4.323195,0.989000,-0.227000,-0.718000,-21.496000,-31.679000,-46.656000,28.95
4.329725,0.982000,-0.139000,-0.835000,-23.985000,-37.450000,-48.718000,28.91
4.341696,0.888000,-0.052000,-0.838000,-17.893000,-50.672000,-52.137000,28.81
4.347652,0.816000,-0.047000,-0.828000,-9.725000,-57.359000,-55.237000,28.86
4.360645,0.789000,-0.078000,-0.820000,-5.603000,-60.763000,-59.191000,28.95
4.372490,0.751000,-0.065000,-0.781000,-0.718000,-63.252000,-60.305000,28.91
4.379868,0.772000,-0.045000,-0.781000,2.092000,-63.160000,-61.252000,28.81
4.393331,0.757000,0.017000,-0.742000,9.282000,-64.107000,-60.137000,28.95
4.399045,0.736000,0.004000,-0.704000,13.130000,-62.626000,-59.634000,28.86
4.411163,0.727000,-0.013000,-0.694000,10.244000,-57.588000,-59.405000,28.81
4.426252,0.719000,-0.012000,-0.671000,7.389000,-56.534000,-58.351000,28.91
4.429949,0.690000,-0.027000,-0.633000,4.794000,-56.656000,-56.779000,28.86
4.441961,0.660000,-0.066000,-0.604000,2.031000,-54.779000,-54.031000,28.81
4.449043,0.640000,-0.070000,-0.586000,-0.763000,-49.985000,-49.344000,28.91
4.460709,0.645000,-0.082000,-0.581000,-3.649000,-45.298000,-43.450000,28.86
4.472971,0.647000,-0.077000,-0.637000,-10.489000,-36.641000,-38.015000,28.86
4.488247,0.716000,-0.106000,-0.685000,-19.145000,-35.313000,-33.252000,28.91
4.491184,0.740000,-0.062000,-0.677000,-26.534000,-39.740000,-28.840000,28.91
4.503173,0.749000,-0.043000,-0.687000,-30.947000,-43.038000,-24.855000,28.86
4.509741,0.735000,-0.050000,-0.636000,-35.359000,-48.992000,-23.282000,28.95
4.522119,0.677000,0.093000,-0.674000,-36.947000,-35.588000,-17.527000,28.81
4.529253,0.581000,0.041000,-0.176000,-22.092000,-34.168000,-15.282000,28.91
4.541148,0.764000,-0.230000,-0.148000,-17.863000,-0.366000,-15.466000,28.95
4.553019,0.867000,-0.238000,-0.090000,-20.763000,23.924000,-11.664000,28.95
4.568357,0.903000,-0.287000,0.012000,-7.405000,41.878000,-14.992000,28.81
4.572122,1.204000,-0.516000,0.153000,-0.137000,63.099000,-21.008000,28.81
4.579395,1.551000,-0.760000,0.583000,9.710000,76.427000,-11.573000,28.86
4.591414,1.830000,-1.084000,1.065000,36.763000,97.313000,17.542000,28.86
4.603437,0.743000,-0.492000,0.161000,11.130000,170.885000,88.305000,28.91
4.610554,2.095000,-0.318000,-2.501000,-80.183000,231.130000,89.145000,28.81
4.622845,1.162000,0.688000,-0.721000,22.779000,0.550000,74.611000,28.86
4.630003,0.656000,0.224000,-0.609000,113.450000,-8.885000,28.595000,28.86
4.641839,1.958000,-0.013000,-1.945000,13.481000,190.183000,37.817000,28.81
4.649438,1.491000,-0.355000,-0.970000,55.435000,53.542000,24.931000,28.81
4.661246,0.651000,-0.140000,-0.908000,66.947000,-43.832000,28.168000,28.86
4.673178,0.649000,0.230000,-0.897000,49.115000,36.275000,20.122000,28.77
4.681984,0.738000,-0.029000,-0.833000,56.702000,24.794000,18.321000,28.91
4.692564,0.852000,-0.169000,-0.929000,63.160000,-29.206000,15.069000,29.00
4.699581,0.736000,-0.114000,-0.895000,38.977000,-7.740000,15.038000,28.95
4.711687,0.672000,-0.117000,-0.915000,26.397000,-7.893000,7.664000,28.77
4.718825,0.632000,-0.116000,-0.917000,17.710000,-12.580000,2.763000,28.91
4.733628,0.580000,-0.054000,-0.894000,7.008000,-5.206000,-1.069000,28.95
4.743166,0.580000,-0.042000,-0.873000,1.878000,-0.397000,-2.870000,28.86
4.751566,0.568000,-0.007000,-0.851000,-1.191000,0.580000,-4.061000,28.86
4.763451,0.553000,0.041000,-0.838000,-2.702000,4.214000,-3.969000,28.81
4.770817,0.566000,0.059000,-0.821000,-1.969000,6.000000,-2.763000,28.81
4.781805,0.576000,0.048000,-0.818000,-0.168000,6.244000,-1.649000,28.86
4.792464,0.562000,0.033000,-0.828000,0.046000,7.786000,-0.473000,28.77
4.801933,0.549000,0.038000,-0.823000,0.870000,8.198000,0.794000,28.81
4.808859,0.565000,0.010000,-0.823000,1.466000,7.969000,1.237000,28.91
4.821613,0.564000,0.024000,-0.810000,1.634000,7.725000,1.771000,28.86
4.828836,0.548000,0.041000,-0.809000,2.885000,6.824000,2.305000,28.95
4.841197,0.557000,0.036000,-0.794000,4.565000,6.290000,2.931000,28.81
4.848912,0.532000,0.046000,-0.794000,6.595000,4.305000,3.664000,28.81
4.868940,0.512000,0.088000,-0.790000,11.038000,2.947000,5.725000,28.86
4.870862,0.586000,0.012000,-0.828000,12.550000,5.069000,5.664000,28.95
4.886489,0.588000,-0.009000,-0.804000,10.916000,1.863000,4.672000,28.91
4.893168,0.542000,0.036000,-0.802000,9.130000,1.939000,3.588000,28.86
4.900505,0.550000,0.013000,-0.870000,5.221000,5.969000,2.733000,28.95
4.912712,0.584000,-0.008000,-0.830000,3.939000,11.893000,2.779000,28.86
4.920132,0.602000,-0.036000,-0.824000,6.779000,2.931000,0.824000,28.91
4.932557,0.513000,0.043000,-0.831000,6.931000,3.710000,0.336000,28.81
4.943238,0.515000,0.010000,-0.833000,8.931000,5.557000,-1.725000,28.86
4.954280,0.508000,0.040000,-0.843000,10.076000,7.420000,-2.534000,28.86
4.959692,0.551000,-0.011000,-0.847000,13.038000,8.611000,-3.710000,28.81
4.971667,0.566000,-0.010000,-0.839000,12.611000,10.992000,-3.099000,28.91
4.979301,0.551000,0.008000,-0.821000,12.626000,12.275000,-1.878000,28.86
4.993297,0.552000,-0.008000,-0.831000,13.344000,11.771000,-0.656000,28.86
5.003175,0.554000,-0.009000,-0.831000,11.481000,16.595000,0.763000,28.81
5.010558,0.562000,0.012000,-0.868000,13.649000,22.015000,-0.122000,28.81
5.022536,0.584000,-0.024000,-0.867000,11.954000,25.969000,-0.718000,28.95
5.029628,0.546000,-0.006000,-0.879000,11.832000,30.382000,-1.969000,28.77
5.045592,0.475000,-0.004000,-0.896000,10.366000,39.115000,0.076000,28.81
5.054093,0.542000,-0.050000,-0.872000,11.954000,51.588000,-0.901000,28.86
5.061174,0.524000,0.001000,-0.917000,12.382000,58.901000,-0.901000,28.86
5.075226,0.566000,-0.054000,-0.935000,10.962000,79.679000,-5.893000,28.91
5.083046,0.370000,-0.113000,-1.215000,33.756000,118.641000,4.779000,28.81
5.092649,0.463000,0.198000,-1.138000,21.313000,168.412000,12.412000,28.95
5.101262,0.473000,0.095000,-1.135000,48.397000,191.817000,19.023000,28.86
5.111838,0.433000,-0.122000,-1.032000,56.901000,230.931000,-3.924000,28.91
5.118991,0.766000,0.142000,-1.112000,48.137000,254.061000,42.931000,28.91
5.134545,0.867000,0.045000,-1.150000,59.756000,258.672000,47.725000,28.86
5.142786,0.854000,-0.046000,-1.017000,63.237000,264.534000,52.962000,28.95
5.165666,0.834000,-0.078000,-1.003000,69.893000,258.687000,50.733000,29.00
5.166527,1.174000,-0.237000,-1.378000,28.260000,255.634000,51.740000,28.86
5.168808,0.862000,0.278000,-1.256000,18.473000,219.618000,55.496000,28.86
5.181024,0.428000,0.588000,-1.724000,34.550000,176.397000,50.977000,28.86
5.193201,-0.017000,0.466000,-1.881000,30.656000,94.489000,45.450000,28.91
5.201196,-0.547000,0.284000,-1.713000,22.901000,16.656000,47.832000,28.91
5.212232,-0.276000,0.350000,-1.710000,-37.725000,27.359000,53.695000,28.86
5.252185,-0.401000,0.516000,-1.468000,-42.565000,-25.435000,52.321000,28.86
5.252963,-0.351000,0.543000,-1.343000,-45.313000,-47.450000,48.763000,28.91
5.253573,-0.276000,0.533000,-1.252000,-50.046000,-60.687000,36.870000,28.91
5.254162,-0.168000,0.525000,-1.191000,-60.916000,-62.443000,19.924000,28.86
5.262247,-0.003000,0.501000,-1.193000,-60.214000,-77.496000,0.855000,28.86
5.269085,0.219000,0.461000,-1.272000,-61.450000,-88.244000,-17.405000,28.81
5.280783,0.431000,0.376000,-1.359000,-60.611000,-114.366000,-31.924000,28.81
5.292822,0.518000,0.321000,-1.344000,-57.664000,-145.389000,-43.466000,28.86
5.301568,0.701000,0.295000,-1.297000,-62.000000,-157.802000,-53.878000,28.77
5.311593,0.634000,0.323000,-1.202000,-49.863000,-182.977000,-62.305000,28.81
5.323346,0.708000,0.232000,-1.128000,-48.702000,-174.076000,-68.641000,28.86
5.331162,0.833000,0.175000,-1.132000,-46.351000,-176.366000,-77.237000,28.86
5.342313,0.919000,0.148000,-1.111000,-43.282000,-173.924000,-83.008000,28.86
5.352499,0.953000,0.087000,-1.035000,-34.733000,-177.802000,-84.962000,28.81
5.360661,0.999000,-0.013000,-1.002000,-36.687000,-168.183000,-80.733000,28.81
5.372719,1.050000,-0.090000,-0.957000,-45.756000,-162.336000,-70.443000,28.86
5.387548,1.052000,-0.095000,-0.932000,-56.321000,-155.939000,-56.092000,28.86
5.391342,1.060000,-0.096000,-0.912000,-66.489000,-145.817000,-42.550000,28.81
5.408162,1.089000,-0.087000,-0.903000,-74.534000,-138.489000,-33.008000,28.91
5.411316,1.075000,-0.104000,-0.847000,-78.015000,-132.916000,-28.397000,28.86
5.422282,1.048000,-0.115000,-0.774000,-78.336000,-124.656000,-26.962000,28.86
5.433259,1.024000,-0.159000,-0.699000,-75.389000,-114.550000,-26.275000,28.81
5.440076,1.011000,-0.204000,-0.651000,-74.366000,-99.511000,-25.573000,28.81
5.452130,1.045000,-0.246000,-0.615000,-73.603000,-90.015000,-26.366000,28.86
5.458761,1.160000,-0.263000,-0.570000,-68.321000,-86.885000,-28.397000,28.77
5.470850,1.169000,-0.289000,-0.476000,-58.779000,-86.992000,-34.626000,28.91
5.482755,1.178000,-0.232000,-0.333000,-44.656000,-82.351000,-40.275000,28.95
5.489273,1.178000,-0.263000,-0.220000,-29.130000,-68.977000,-48.244000,28.86
5.501367,1.246000,-0.221000,-0.170000,-17.344000,-54.901000,-56.992000,28.86
5.513246,1.431000,-0.361000,-0.183000,-13.542000,-44.733000,-68.382000,28.91
5.520123,1.523000,-0.388000,-0.132000,-10.687000,-51.069000,-73.771000,28.81
5.532262,1.377000,-0.384000,-0.006000,3.878000,-57.740000,-73.420000,28.86
5.539085,1.226000,-0.442000,0.126000,18.702000,-49.511000,-68.412000,28.86
5.551344,1.146000,-0.527000,0.155000,23.038000,-31.924000,-61.695000,28.81
5.563180,1.158000,-0.568000,0.083000,20.321000,-15.756000,-54.412000,28.91
5.570427,1.509000,-0.802000,0.421000,23.710000,25.069000,-28.840000,28.86
5.582649,1.232000,-0.719000,0.551000,44.397000,24.137000,-3.282000,28.86
5.589675,1.355000,-0.834000,0.562000,24.305000,85.634000,22.534000,28.91
5.601859,1.395000,-0.687000,0.852000,30.290000,135.420000,53.237000,28.91
5.608879,0.679000,0.008000,-0.643000,2.794000,184.260000,102.366000,28.86
5.621171,1.261000,0.225000,-1.951000,-15.099000,158.015000,94.397000,28.77
5.633415,0.541000,0.152000,-1.061000,63.435000,6.443000,61.298000,28.91
5.640337,0.808000,0.095000,-0.601000,58.443000,90.076000,51.878000,28.95
5.652578,1.677000,0.065000,-1.064000,22.427000,188.382000,33.725000,28.86
5.659761,1.344000,-0.360000,-1.153000,50.427000,85.817000,19.863000,28.81
5.671857,0.683000,-0.364000,-0.907000,57.649000,35.038000,20.092000,28.81
5.679054,1.378000,0.094000,-1.081000,29.634000,86.641000,28.733000,28.86
5.691298,0.990000,-0.141000,-0.776000,51.160000,18.763000,10.687000,28.86
5.703352,0.637000,-0.242000,-0.990000,54.550000,-10.351000,13.160000,28.91
5.710343,0.832000,-0.079000,-0.945000,28.672000,28.702000,11.405000,28.91
5.722591,0.808000,0.061000,-0.774000,37.710000,-9.160000,1.817000,28.77
5.729714,0.774000,-0.104000,-0.873000,37.817000,-27.496000,2.901000,28.86
5.741747,0.654000,-0.060000,-0.842000,20.382000,-11.634000,3.786000,28.91
5.748667,0.648000,-0.073000,-0.865000,13.954000,-13.481000,0.412000,28.91
5.760839,0.559000,-0.046000,-0.888000,7.817000,-10.718000,-2.870000,28.86
5.773262,0.574000,-0.049000,-0.861000,2.748000,-1.527000,-4.763000,28.86
5.780518,0.573000,-0.024000,-0.846000,-0.931000,2.229000,-5.893000,28.91
5.792554,0.607000,0.014000,-0.846000,-3.420000,4.824000,-6.061000,28.81
5.800001,0.589000,0.038000,-0.821000,-3.450000,8.137000,-4.733000,28.95
5.812049,0.591000,0.040000,-0.811000,-2.198000,8.550000,-2.916000,28.86
5.819484,0.590000,0.028000,-0.822000,-1.053000,8.550000,-1.817000,28.81
5.831689,0.583000,0.001000,-0.838000,-1.771000,9.282000,-0.809000,28.81
5.838943,0.565000,0.026000,-0.831000,-1.206000,9.008000,-0.534000,28.95
5.851351,0.572000,0.031000,-0.817000,-0.519000,8.840000,0.061000,28.86
5.858661,0.553000,0.011000,-0.821000,-0.214000,9.389000,0.763000,28.91
5.871059,0.569000,0.001000,-0.820000,-0.672000,10.504000,0.656000,28.81
5.882987,0.562000,-0.000000,-0.823000,-0.656000,8.702000,-0.046000,28.86
5.890786,0.568000,-0.008000,-0.805000,-0.885000,8.931000,-0.229000,28.86
5.902594,0.574000,0.013000,-0.795000,-1.008000,8.779000,-0.076000,28.91
5.910037,0.584000,0.015000,-0.784000,-0.321000,8.809000,0.458000,28.86
5.922540,0.569000,0.025000,-0.792000,0.626000,8.198000,1.191000,28.77
5.929987,0.579000,0.022000,-0.788000,1.328000,6.489000,1.527000,28.86
5.943518,0.549000,0.038000,-0.794000,2.382000,5.649000,2.336000,28.91
5.952096,0.552000,0.026000,-0.822000,2.916000,7.405000,2.305000,28.81
5.962258,0.562000,0.024000,-0.819000,3.786000,6.626000,2.244000,28.86
5.969966,0.571000,0.006000,-0.821000,5.496000,5.557000,1.344000,28.86
5.985016,0.576000,-0.004000,-0.797000,4.992000,5.374000,-0.214000,28.81
5.989090,0.587000,-0.001000,-0.808000,5.847000,5.176000,-0.519000,28.81
6.001631,0.535000,0.015000,-0.831000,7.008000,7.328000,-0.427000,28.86
6.010702,0.586000,-0.025000,-0.825000,6.947000,7.908000,-0.855000,28.86
6.021111,0.590000,0.021000,-0.821000,7.374000,12.214000,-0.336000,28.81
6.033296,0.604000,-0.004000,-0.841000,10.000000,13.359000,0.076000,28.81
6.040565,0.600000,-0.019000,-0.841000,12.458000,16.733000,0.290000,28.86
6.052534,0.572000,0.007000,-0.863000,13.084000,22.244000,-0.763000,28.86
6.059648,0.535000,-0.005000,-0.895000,16.473000,27.084000,-2.916000,28.81
6.071881,0.485000,0.104000,-0.935000,16.885000,39.878000,0.412000,28.77
6.079774,0.517000,-0.034000,-0.909000,19.939000,51.832000,1.496000,28.86
6.091535,0.614000,-0.134000,-0.881000,18.015000,62.229000,-3.405000,28.86
6.112783,0.507000,-0.090000,-0.915000,18.550000,77.985000,-9.145000,28.72
6.113513,0.383000,-0.067000,-1.058000,32.366000,102.473000,-5.420000,28.91
6.122319,0.429000,0.034000,-1.100000,24.000000,138.550000,-6.718000,28.95
6.129152,0.394000,-0.011000,-1.131000,45.908000,171.511000,-27.573000,28.86
6.141470,0.377000,0.122000,-1.242000,35.084000,195.267000,21.481000,28.81
6.148710,0.650000,0.018000,-1.077000,25.679000,220.519000,31.771000,28.91
6.160528,0.957000,-0.027000,-1.060000,27.527000,221.252000,38.794000,28.86
6.172647,0.674000,-0.095000,-0.974000,20.702000,223.466000,40.977000,28.95
6.179863,0.346000,0.413000,-1.363000,6.046000,224.443000,43.206000,28.91
6.192263,-0.027000,0.614000,-2.239000,0.229000,162.198000,28.641000,28.81
6.199082,-0.846000,0.845000,-2.153000,16.366000,66.947000,21.603000,28.86
6.211232,-0.959000,0.836000,-2.248000,4.916000,10.931000,8.916000,28.86
6.223214,-1.032000,0.844000,-2.234000,-9.145000,-31.344000,2.931000,28.81
6.230345,-0.951000,0.766000,-2.138000,-18.122000,-85.359000,0.351000,28.81
6.242329,-0.729000,0.616000,-1.990000,-33.557000,-128.840000,-1.405000,28.86
6.248806,-0.482000,0.531000,-1.835000,-51.374000,-149.802000,-1.069000,28.86
6.260869,-0.227000,0.396000,-1.657000,-63.710000,-170.092000,-0.809000,28.91
6.273060,0.230000,0.101000,-1.625000,-83.298000,-173.450000,-5.221000,28.91
6.280041,0.450000,0.305000,-1.338000,-82.962000,-183.511000,-12.351000,28.86
6.291567,0.646000,0.086000,-1.226000,-67.344000,-186.244000,-14.504000,28.77
6.298258,0.901000,-0.105000,-1.106000,-66.443000,-178.718000,-6.733000,28.91
6.310332,0.989000,-0.608000,-0.873000,-62.382000,-164.122000,8.656000,28.91
6.322286,1.106000,-0.504000,-0.703000,-70.107000,-132.519000,30.366000,28.86
6.329522,1.773000,-0.498000,0.104000,-48.565000,-47.618000,34.229000,28.86
6.341712,2.026000,-0.830000,0.701000,-11.802000,-5.588000,32.855000,28.81
6.350704,2.088000,-0.781000,-0.107000,-49.618000,44.794000,15.802000,28.91
6.368421,1.374000,-0.183000,-0.662000,-60.504000,6.153000,-12.534000,28.86
6.372453,0.978000,0.220000,-0.869000,-38.397000,-34.962000,-30.214000,28.86
6.379235,0.652000,0.075000,-0.861000,-11.176000,-67.786000,-43.160000,28.81
6.391485,0.375000,-0.013000,-0.660000,-8.397000,-62.565000,-43.145000,28.86
6.403758,0.559000,-0.226000,-0.548000,-16.870000,-43.435000,-37.115000,28.86
6.410269,0.873000,-0.528000,-0.382000,-26.168000,-33.481000,-29.786000,28.77
6.422238,1.346000,-0.679000,-0.153000,-40.855000,-24.427000,-14.046000,28.81
6.429619,1.549000,-0.761000,0.347000,-35.176000,-25.053000,1.450000,28.91
6.441347,1.849000,-0.782000,0.836000,-20.275000,5.176000,11.695000,28.86
6.448738,2.182000,-0.921000,1.481000,2.580000,43.359000,9.450000,28.86
6.460817,2.480000,-1.173000,2.348000,35.313000,89.542000,-11.802000,28.81
6.472964,4.000000,-1.720000,2.520000,58.443000,164.260000,55.679000,28.81
6.480230,4.000000,-0.297000,-1.904000,-22.260000,-7.710000,-18.702000,28.86
6.517263,-1.309000,0.476000,-0.088000,64.550000,-262.198000,26.427000,28.86
6.519139,0.161000,0.782000,-1.737000,46.061000,-5.298000,22.351000,28.91
6.519722,0.758000,-0.889000,-1.043000,10.305000,-9.939000,17.450000,28.81
6.523201,0.661000,-0.432000,-0.883000,2.870000,-21.359000,1.527000,28.77
6.530573,0.325000,0.011000,-1.018000,8.382000,-32.580000,-3.053000,28.77
6.542541,0.757000,-0.123000,-0.843000,-13.038000,19.954000,-1.740000,28.81
6.549335,0.680000,-0.193000,-0.844000,-2.000000,-12.763000,-9.450000,28.86
6.561833,0.534000,0.018000,-0.869000,-11.221000,6.153000,-10.641000,28.86
6.568948,0.607000,0.073000,-0.818000,-7.008000,7.557000,-9.359000,28.77
6.581502,0.598000,0.079000,-0.832000,-2.214000,4.244000,-5.618000,28.91
6.588337,0.650000,0.133000,-0.766000,2.580000,5.328000,0.153000,28.91
6.603894,0.623000,0.137000,-0.791000,10.290000,5.786000,4.321000,28.77
6.614074,0.620000,0.031000,-0.795000,13.786000,3.328000,7.282000,28.86
6.620653,0.581000,-0.041000,-0.835000,13.115000,4.916000,7.924000,28.81
6.636113,0.569000,-0.042000,-0.841000,9.817000,6.763000,8.504000,28.91
6.640065,0.580000,-0.045000,-0.828000,10.061000,6.092000,8.137000,28.86
6.652543,0.584000,-0.047000,-0.806000,8.244000,8.458000,7.588000,28.86
6.659624,0.581000,-0.027000,-0.814000,6.153000,11.527000,6.504000,28.81
6.672193,0.587000,-0.025000,-0.838000,6.290000,13.084000,6.947000,28.72
6.684909,0.578000,0.021000,-0.827000,5.786000,16.595000,7.893000,28.81
6.692464,0.584000,0.016000,-0.835000,7.130000,21.099000,8.916000,28.77
6.702481,0.555000,0.016000,-0.841000,8.244000,26.870000,9.679000,28.86
6.713191,0.551000,0.038000,-0.829000,13.908000,35.038000,8.305000,28.81
6.718316,0.532000,0.043000,-0.888000,16.031000,36.962000,10.351000,28.72
6.731473,0.478000,0.006000,-0.898000,21.450000,45.435000,5.710000,28.86
6.743074,0.476000,0.145000,-0.999000,22.366000,47.481000,-1.527000,28.86
6.751160,0.435000,0.061000,-1.015000,18.122000,60.382000,3.969000,28.81
6.762540,0.377000,0.020000,-1.042000,16.641000,80.763000,6.290000,28.86
6.777180,0.566000,-0.183000,-0.996000,0.931000,99.618000,27.924000,28.77
6.781768,0.442000,0.362000,-1.223000,-30.382000,148.458000,63.038000,28.86
6.788540,0.460000,0.981000,-1.525000,-15.084000,161.664000,76.153000,28.81
6.800906,-0.065000,1.136000,-1.866000,23.771000,128.641000,60.061000,28.81
6.813316,-0.633000,1.251000,-1.941000,32.870000,90.061000,24.458000,28.86
6.820021,-0.786000,1.452000,-2.075000,18.931000,76.275000,-16.855000,28.86
6.832923,-0.950000,1.474000,-2.139000,9.985000,38.412000,-53.649000,28.72
6.838722,-1.044000,1.219000,-2.159000,2.427000,-15.298000,-79.557000,28.72
6.851607,-0.890000,0.796000,-2.171000,-33.466000,-47.298000,-85.496000,28.86
6.862918,-0.717000,0.513000,-2.124000,-67.069000,-74.702000,-74.366000,28.86
6.869830,-0.598000,0.261000,-1.945000,-77.954000,-114.519000,-55.496000,28.81
6.881653,-0.400000,-0.003000,-1.766000,-87.206000,-133.557000,-30.962000,28.81
6.893363,-0.235000,-0.139000,-1.607000,-97.237000,-133.939000,-7.160000,28.86
6.905954,-0.072000,-0.161000,-1.469000,-100.015000,-128.840000,10.595000,28.91
6.911985,1.642000,-0.642000,-1.358000,-91.725000,-105.389000,49.817000,28.91
6.918540,1.758000,-0.869000,-0.515000,-29.573000,-125.328000,72.763000,28.86
6.930972,2.437000,-1.368000,0.539000,-50.962000,-72.626000,59.008000,28.86
6.947192,2.538000,-1.066000,0.315000,-100.779000,-5.679000,47.374000,28.72
6.950445,2.321000,-0.603000,-0.102000,-94.534000,-0.901000,26.519000,28.81
6.961733,1.518000,-0.338000,-0.243000,-39.924000,-98.412000,-3.466000,28.77
6.968786,1.039000,-0.271000,-0.061000,-21.252000,-81.527000,-22.672000,28.86
6.981296,1.230000,-0.623000,0.486000,-0.290000,-45.221000,-36.183000,28.91
6.993007,1.746000,-1.070000,1.104000,29.145000,-32.519000,-52.489000,28.91
6.999956,2.467000,-1.431000,1.854000,51.847000,19.176000,-63.420000,28.77
7.012263,3.378000,-1.834000,2.671000,63.603000,101.328000,-59.511000,28.86
7.018975,3.417000,-1.571000,0.491000,34.153000,181.466000,38.092000,28.81
7.031149,2.377000,-0.049000,-2.010000,-11.450000,-36.137000,19.160000,28.77
7.043100,-1.117000,0.897000,-0.224000,107.435000,-176.519000,37.664000,28.86
7.050215,0.475000,0.319000,-1.499000,81.405000,26.397000,26.733000,28.86
7.062365,0.874000,-1.178000,-0.977000,40.901000,9.359000,16.595000,28.81
7.069516,0.549000,-0.497000,-1.119000,20.687000,-46.244000,2.351000,28.91
7.081739,0.288000,0.189000,-0.868000,21.802000,-26.870000,-2.229000,28.86
7.088874,0.746000,-0.117000,-0.892000,4.153000,10.870000,-1.603000,28.86
7.101055,0.659000,-0.273000,-0.859000,5.542000,-18.733000,-7.802000,28.81
7.112992,0.578000,-0.016000,-0.848000,-5.725000,-7.847000,-10.626000,28.81
7.120073,0.543000,0.077000,-0.850000,-7.542000,6.137000,-9.618000,28.86
7.132207,0.561000,0.026000,-0.866000,-3.084000,-0.443000,-7.221000,28.86
7.139528,0.603000,0.074000,-0.832000,-2.519000,2.641000,-3.725000,28.91
7.151910,0.590000,0.044000,-0.824000,-2.183000,7.344000,-1.038000,28.81
7.159257,0.581000,0.032000,-0.831000,-0.412000,6.153000,0.779000,28.86
7.171598,0.560000,0.045000,-0.831000,0.916000,7.389000,2.290000,28.86
7.179130,0.547000,0.041000,-0.820000,2.641000,8.198000,2.702000,28.91
7.191264,0.553000,-0.003000,-0.823000,4.183000,5.756000,2.107000,28.86
7.198742,0.552000,-0.009000,-0.820000,3.084000,7.069000,1.511000,28.77
7.211368,0.529000,0.013000,-0.801000,3.908000,6.611000,1.405000,28.77
7.223497,0.541000,-0.008000,-0.819000,4.595000,6.672000,1.053000,28.91
7.230983,0.575000,-0.033000,-0.800000,2.779000,6.534000,1.817000,28.81
7.243355,0.561000,-0.023000,-0.816000,3.588000,3.282000,1.786000,28.77
7.250689,0.563000,0.021000,-0.836000,2.947000,3.115000,3.069000,28.77
7.262902,0.564000,-0.031000,-0.840000,2.824000,2.962000,3.359000,28.81
7.270641,0.551000,0.008000,-0.840000,2.183000,5.435000,3.466000,28.91
7.282803,0.562000,0.007000,-0.811000,3.634000,4.183000,3.588000,28.77
7.290291,0.573000,-0.020000,-0.814000,2.824000,4.336000,3.496000,28.86
7.302976,0.553000,0.020000,-0.836000,2.534000,6.641000,4.137000,28.81
7.310086,0.539000,0.024000,-0.857000,4.168000,10.122000,5.374000,28.72
7.322309,0.538000,0.007000,-0.847000,4.809000,15.053000,7.130000,28.95
7.329907,0.525000,0.007000,-0.854000,5.374000,18.305000,8.977000,28.86
7.341905,0.524000,0.009000,-0.845000,6.015000,20.443000,10.748000,28.81
7.349038,0.520000,0.031000,-0.865000,7.878000,26.565000,13.038000,28.86
7.361204,0.536000,-0.035000,-0.922000,11.374000,31.939000,12.901000,28.77
7.373405,0.474000,0.043000,-0.990000,10.260000,48.748000,11.115000,28.72
7.380770,0.357000,0.106000,-1.075000,12.611000,68.000000,13.481000,28.91
7.392879,0.351000,0.127000,-1.098000,18.198000,99.649000,14.641000,28.86
7.400050,0.430000,0.099000,-1.064000,23.023000,140.702000,29.634000,28.77
7.412600,0.456000,0.288000,-1.117000,20.275000,178.473000,47.710000,28.72
7.419079,0.743000,0.062000,-1.189000,38.382000,185.191000,54.260000,28.81
7.431103,0.638000,0.154000,-1.143000,46.076000,201.603000,64.198000,28.77
7.443155,0.768000,0.101000,-1.201000,57.435000,201.145000,73.053000,28.86
7.450439,0.718000,0.212000,-1.123000,63.374000,205.084000,72.351000,28.81
7.462598,0.642000,0.259000,-1.242000,59.603000,216.595000,75.969000,28.81
7.470017,0.121000,0.789000,-1.792000,56.275000,189.069000,50.504000,28.86
7.481650,-0.201000,0.887000,-2.029000,36.031000,125.435000,15.985000,28.77
7.489085,-0.568000,1.189000,-1.913000,29.115000,61.588000,-16.366000,28.81
7.500817,-0.739000,1.114000,-1.975000,10.489000,29.496000,-43.130000,28.81
7.513103,-0.795000,0.938000,-1.895000,-9.771000,-12.962000,-58.275000,28.77
7.522649,-0.738000,0.671000,-1.829000,-27.786000,-58.153000,-60.748000,28.95
7.531345,-0.496000,0.480000,-1.796000,-55.710000,-77.160000,-50.962000,28.81
7.543321,-0.323000,0.364000,-1.691000,-66.076000,-111.954000,-38.611000,28.91
7.550240,-0.119000,0.271000,-1.622000,-72.748000,-133.313000,-27.985000,28.95
7.561773,0.195000,0.210000,-1.599000,-83.603000,-147.160000,-24.427000,28.77
7.568757,0.481000,0.220000,-1.522000,-85.695000,-167.481000,-24.244000,28.81
7.580652,0.606000,0.187000,-1.378000,-80.321000,-190.305000,-27.313000,28.81
7.592792,0.708000,0.142000,-1.235000,-81.618000,-190.366000,-31.145000,28.77
7.599599,0.820000,0.102000,-1.114000,-83.954000,-183.618000,-35.145000,28.86
7.611616,0.900000,0.073000,-1.024000,-82.153000,-177.679000,-37.985000,28.81
7.623116,0.962000,0.049000,-0.974000,-80.260000,-164.672000,-41.725000,28.81
7.629949,0.989000,0.034000,-0.909000,-76.733000,-151.435000,-47.481000,28.77
7.642040,0.992000,0.048000,-0.828000,-67.603000,-138.412000,-54.901000,28.86
7.648655,0.782000,1.113000,-1.278000,-49.924000,-75.893000,-44.718000,28.81
7.661179,0.903000,-0.259000,0.012000,14.962000,-90.809000,-45.542000,28.81
7.672791,1.256000,-0.635000,-0.299000,-6.412000,-18.947000,-57.191000,28.86
7.686849,1.399000,-0.353000,-0.602000,-38.702000,4.779000,-73.069000,28.86
7.691596,1.559000,-0.205000,-0.804000,-47.863000,-21.084000,-83.634000,28.81
7.697248,1.417000,-0.038000,-0.804000,-27.740000,-65.893000,-90.397000,28.81
7.710349,1.234000,-0.038000,-0.758000,-12.870000,-84.656000,-90.504000,28.77
7.722397,1.043000,-0.119000,-0.617000,0.962000,-97.557000,-89.817000,28.95
7.729620,0.832000,-0.209000,-0.426000,8.611000,-84.565000,-83.206000,28.81
7.741765,0.844000,-0.291000,-0.425000,7.603000,-62.092000,-76.183000,28.72
7.747601,0.901000,-0.308000,-0.462000,6.565000,-52.427000,-67.908000,28.86
7.760579,0.936000,-0.302000,-0.482000,6.504000,-49.160000,-57.527000,28.86
7.772924,0.916000,-0.311000,-0.456000,6.015000,-47.069000,-46.779000,28.81
7.780648,0.868000,-0.317000,-0.422000,3.130000,-41.053000,-35.481000,28.81
7.791371,0.846000,-0.293000,-0.385000,-1.282000,-32.534000,-24.702000,28.77
7.797612,0.836000,-0.246000,-0.389000,-4.031000,-24.611000,-14.198000,28.77
7.810512,0.863000,-0.197000,-0.433000,-7.481000,-20.168000,-6.702000,28.81
7.825736,0.889000,-0.160000,-0.464000,-12.092000,-20.962000,-0.977000,28.91
7.829449,0.880000,-0.099000,-0.443000,-15.664000,-22.702000,3.099000,28.86
7.842933,0.844000,-0.065000,-0.398000,-18.733000,-22.504000,5.756000,28.77
7.848619,0.807000,-0.057000,-0.367000,-23.618000,-18.611000,6.931000,28.91
7.860527,0.780000,-0.036000,-0.348000,-26.595000,-11.908000,7.237000,28.81
7.873096,0.344000,0.198000,0.093000,8.260000,14.580000,17.969000,28.86
7.880249,0.992000,-0.324000,0.296000,20.718000,48.015000,18.824000,28.86
7.900956,1.382000,-0.220000,0.347000,3.634000,117.298000,23.344000,28.81
7.902596,1.631000,-0.364000,0.575000,50.061000,114.779000,10.046000,28.81
7.911811,0.812000,-0.286000,0.317000,65.053000,132.321000,6.092000,28.86
7.919035,1.263000,0.019000,-1.502000,2.336000,214.305000,30.718000,28.77
7.939394,1.167000,-0.216000,-1.808000,31.954000,103.450000,42.809000,28.72
7.942867,0.900000,-0.703000,-0.945000,79.206000,16.992000,48.748000,28.81
7.950043,0.968000,-0.339000,-0.849000,46.824000,78.748000,52.092000,28.86
7.962277,1.270000,0.129000,-1.135000,4.641000,140.458000,44.672000,28.77
7.971348,0.814000,0.150000,-0.855000,50.962000,38.885000,17.221000,28.81
7.982192,0.688000,0.291000,-0.880000,37.542000,75.908000,18.000000,28.81
7.989242,1.145000,0.167000,-0.975000,42.534000,62.366000,20.565000,28.86
8.001343,0.784000,-0.115000,-0.763000,66.107000,-1.145000,25.969000,28.86
8.013707,0.790000,0.020000,-0.988000,60.168000,4.137000,25.038000,28.81
8.020479,0.782000,-0.105000,-0.904000,52.458000,-6.443000,19.237000,28.72
8.032585,0.888000,-0.174000,-0.920000,50.763000,-31.649000,13.099000,28.77
8.042940,0.672000,-0.288000,-0.921000,20.840000,-18.733000,6.672000,28.77
8.051947,0.531000,-0.104000,-0.886000,7.817000,-11.832000,2.275000,28.81
8.058800,0.537000,-0.115000,-0.905000,2.015000,-11.191000,-3.954000,28.81
8.070991,0.548000,-0.067000,-0.870000,-4.595000,-5.832000,-7.053000,28.86
8.082958,0.567000,-0.023000,-0.853000,-7.237000,-1.725000,-9.328000,28.77
8.090630,0.546000,0.043000,-0.836000,-8.641000,1.725000,-9.863000,28.81
8.102683,0.567000,0.083000,-0.834000,-6.244000,3.527000,-7.588000,28.72
8.110166,0.583000,0.061000,-0.826000,-4.366000,8.397000,-4.672000,28.86
8.122078,0.587000,0.056000,-0.835000,-1.221000,6.977000,-2.015000,28.77
8.129592,0.576000,0.035000,-0.827000,0.107000,8.351000,-0.229000,28.81
8.141824,0.583000,0.014000,-0.820000,0.809000,7.985000,1.069000,28.81
8.149346,0.573000,0.011000,-0.830000,1.557000,8.076000,1.847000,28.77
8.161550,0.550000,-0.020000,-0.831000,0.641000,9.099000,1.389000,28.77
8.169175,0.572000,-0.033000,-0.812000,-0.977000,9.786000,0.504000,28.81
8.181412,0.542000,0.012000,-0.820000,-1.374000,9.969000,0.366000,28.81
8.193555,0.544000,0.022000,-0.822000,-0.763000,10.412000,1.115000,28.77
8.201054,0.567000,0.019000,-0.818000,0.321000,9.573000,1.511000,28.86
8.213468,0.588000,0.023000,-0.812000,1.008000,8.641000,1.939000,28.72
8.221043,0.589000,0.010000,-0.788000,2.427000,6.244000,2.427000,28.81
8.233231,0.573000,0.006000,-0.801000,2.947000,6.061000,2.611000,28.86
8.240621,0.568000,-0.006000,-0.814000,3.145000,6.534000,2.489000,28.86
8.253064,0.567000,-0.016000,-0.814000,3.664000,6.443000,1.893000,28.91
8.260261,0.560000,-0.011000,-0.785000,2.641000,8.809000,1.710000,28.86
8.272598,0.561000,-0.003000,-0.819000,3.252000,4.718000,1.435000,28.77
8.279829,0.555000,0.012000,-0.823000,2.992000,7.466000,1.542000,28.77
8.293213,0.566000,0.018000,-0.817000,4.504000,6.351000,1.878000,28.91
8.301856,0.554000,0.026000,-0.813000,5.588000,7.298000,2.137000,28.81
8.313358,0.593000,0.011000,-0.818000,7.725000,9.282000,3.328000,28.95
8.321348,0.573000,0.010000,-0.841000,10.321000,11.008000,4.061000,28.77
8.331654,0.578000,-0.003000,-0.834000,10.260000,13.450000,4.382000,28.81
8.340961,0.546000,-0.007000,-0.853000,12.366000,16.733000,2.656000,28.81
8.350742,0.503000,0.000000,-0.869000,12.580000,21.511000,2.382000,28.86
8.362929,0.563000,-0.067000,-0.872000,12.275000,28.168000,-1.069000,28.67
8.370223,0.516000,0.069000,-0.903000,11.206000,33.344000,0.427000,28.72
8.382467,0.523000,-0.027000,-0.872000,11.344000,43.573000,-0.412000,28.62
8.389574,0.546000,-0.045000,-0.931000,6.962000,52.107000,1.649000,28.77
8.401773,0.485000,-0.021000,-0.965000,5.466000,64.336000,-1.679000,28.86
8.408851,0.371000,0.357000,-1.119000,17.557000,107.008000,13.710000,28.81
8.421170,0.358000,-0.002000,-1.149000,11.817000,144.412000,27.634000,28.86
8.433310,0.587000,0.110000,-0.993000,18.397000,172.794000,36.412000,28.77
8.440056,0.586000,-0.141000,-1.162000,24.947000,206.885000,36.931000,28.77
8.452401,0.606000,0.084000,-1.077000,29.817000,236.611000,38.137000,28.81
8.459437,0.667000,0.018000,-1.092000,51.008000,223.145000,42.977000,28.81
8.471575,0.696000,-0.089000,-1.093000,57.237000,226.046000,41.939000,28.86
8.478716,0.879000,-0.031000,-0.932000,52.687000,237.649000,42.290000,28.77
8.490648,0.935000,-0.098000,-1.011000,56.885000,230.214000,34.656000,28.91
8.503358,1.109000,-0.168000,-1.180000,33.069000,214.748000,36.702000,28.72
8.509883,0.983000,0.103000,-0.944000,16.519000,205.298000,39.725000,28.77
8.522108,0.791000,0.221000,-0.887000,46.733000,167.756000,39.878000,28.86
8.528953,0.435000,0.442000,-1.852000,12.718000,147.374000,27.939000,28.81
8.541652,-0.608000,0.758000,-2.120000,4.382000,45.099000,16.580000,28.81
8.553625,-1.054000,0.634000,-2.179000,-10.641000,-12.107000,23.817000,28.77
8.560102,-0.814000,0.584000,-2.104000,-48.977000,-44.290000,35.145000,28.77
8.572067,-0.685000,0.687000,-1.991000,-67.389000,-99.481000,38.687000,28.81
8.578957,-0.476000,0.744000,-1.787000,-74.015000,-133.023000,38.824000,28.77
8.591024,-0.196000,0.756000,-1.640000,-77.191000,-162.336000,31.924000,28.77
8.602860,0.040000,0.758000,-1.518000,-81.924000,-180.107000,21.130000,28.67
8.610199,0.193000,0.727000,-1.401000,-81.435000,-201.435000,6.183000,28.72
8.621820,0.322000,0.666000,-1.315000,-87.160000,-203.374000,-9.817000,28.72
8.628877,0.477000,0.601000,-1.268000,-91.542000,-202.550000,-24.519000,28.86
8.640615,0.656000,0.523000,-1.223000,-92.076000,-205.084000,-37.206000,28.77
8.652768,0.787000,0.462000,-1.181000,-93.328000,-201.832000,-46.885000,28.72
8.659376,0.869000,0.404000,-1.115000,-92.321000,-192.473000,-55.237000,28.81
8.671239,0.945000,0.360000,-1.077000,-90.382000,-178.076000,-62.611000,28.77
8.683128,1.058000,0.348000,-1.102000,-88.198000,-156.626000,-69.908000,28.77
8.689942,1.164000,0.315000,-1.067000,-81.237000,-146.260000,-80.336000,28.72
8.702285,1.052000,0.106000,-0.974000,-72.489000,-141.985000,-93.786000,28.81
8.708742,2.100000,0.528000,-0.890000,-36.947000,-40.611000,-71.924000,28.86
8.720972,1.443000,-0.666000,0.035000,41.405000,-90.427000,-77.573000,28.77
8.732831,1.963000,-1.191000,-0.199000,-29.557000,-17.115000,-78.565000,28.81
8.744243,1.857000,-0.668000,-0.627000,-53.344000,-16.489000,-67.878000,28.67
8.751448,1.353000,-0.296000,-0.721000,-52.840000,-61.130000,-59.756000,28.86
8.763358,0.928000,-0.142000,-0.655000,-44.061000,-85.344000,-58.382000,28.77
8.770297,0.713000,-0.127000,-0.679000,-59.985000,-57.771000,-58.885000,28.72
8.781889,0.621000,-0.115000,-0.657000,-56.672000,-70.092000,-64.214000,28.81
8.788834,0.625000,-0.107000,-0.618000,-44.901000,-69.496000,-69.359000,28.77
8.803055,0.649000,-0.198000,-0.516000,-25.481000,-64.947000,-71.267000,28.77
8.812913,0.674000,-0.388000,-0.415000,-8.473000,-68.458000,-68.641000,28.81
8.820296,0.746000,-0.553000,-0.311000,-6.962000,-55.511000,-62.962000,28.72
8.831609,0.937000,-0.577000,-0.259000,-8.260000,-39.679000,-49.252000,28.77
8.838803,1.289000,-0.670000,-0.059000,1.634000,-42.458000,-30.321000,28.77
8.850551,1.463000,-0.798000,0.268000,12.076000,-36.779000,-14.214000,28.81
8.862961,1.645000,-0.903000,0.622000,20.275000,-15.634000,5.924000,28.81
8.870019,2.032000,-1.055000,0.997000,28.824000,21.328000,25.191000,28.77
8.882140,2.543000,-1.303000,1.450000,49.557000,53.847000,43.847000,28.77
8.889005,2.448000,-1.772000,1.511000,74.947000,111.435000,72.962000,28.81
8.901002,2.563000,-0.422000,-2.237000,-78.397000,270.870000,68.992000,28.77
8.913229,1.308000,0.695000,-1.455000,-18.718000,29.527000,86.641000,28.77
8.920087,-0.181000,0.117000,-0.379000,151.298000,-130.733000,27.954000,28.86
8.932194,0.522000,-0.173000,-1.276000,31.420000,115.649000,1.664000,28.81
8.939186,0.686000,-0.514000,-1.028000,-19.542000,177.679000,17.145000,28.81
8.951346,0.688000,-0.301000,-0.869000,19.069000,48.290000,19.588000,28.67
8.964876,1.356000,0.692000,-0.835000,32.229000,21.084000,11.069000,28.77
8.971692,0.722000,0.157000,-0.685000,48.748000,29.344000,3.740000,28.72
8.982744,0.587000,-0.295000,-0.969000,44.275000,15.969000,12.824000,28.81
8.989948,0.661000,-0.152000,-0.841000,31.267000,13.771000,17.679000,28.86
9.002147,0.757000,0.093000,-0.857000,27.115000,11.298000,10.229000,28.77
9.009063,0.654000,-0.041000,-0.896000,32.336000,-6.489000,8.321000,28.81
9.021617,0.644000,-0.092000,-0.912000,24.122000,-5.756000,7.420000,28.81
9.028797,0.609000,-0.013000,-0.872000,16.076000,-0.992000,3.893000,28.77
9.041156,0.560000,0.042000,-0.854000,14.534000,0.824000,1.206000,28.67
9.053564,0.581000,-0.000000,-0.863000,12.580000,4.153000,-0.336000,28.81
9.061084,0.612000,0.020000,-0.840000,9.771000,4.290000,-0.534000,28.67
9.073183,0.646000,0.030000,-0.835000,7.603000,3.740000,-1.313000,28.77
9.080501,0.598000,0.006000,-0.838000,5.023000,3.038000,-1.267000,28.77
9.092865,0.585000,0.006000,-0.835000,3.038000,4.702000,-0.748000,28.81
9.100236,0.573000,0.011000,-0.833000,1.985000,5.450000,-0.351000,28.72
9.112624,0.576000,-0.014000,-0.826000,0.748000,6.885000,-0.061000,28.77
9.119846,0.579000,-0.021000,-0.821000,-0.443000,7.084000,-0.519000,28.72
9.131961,0.573000,-0.003000,-0.804000,-0.992000,7.786000,-0.305000,28.81
9.138806,0.572000,0.009000,-0.794000,-0.626000,6.947000,-0.092000,28.77
9.151326,0.566000,-0.001000,-0.796000,0.519000,5.496000,0.336000,28.77
9.158763,0.568000,0.010000,-0.806000,0.901000,4.977000,1.008000,28.72
9.171297,0.565000,0.028000,-0.794000,2.992000,3.206000,1.557000,28.77
9.178790,0.573000,0.041000,-0.781000,5.542000,1.740000,2.504000,28.77
9.191083,0.566000,0.042000,-0.787000,9.099000,-0.244000,4.031000,28.77
9.203396,0.575000,0.019000,-0.800000,10.901000,-0.656000,4.641000,28.81
9.210692,0.578000,0.014000,-0.796000,11.817000,-2.626000,4.763000,28.72
9.222861,0.531000,0.037000,-0.813000,12.489000,-2.382000,5.206000,28.67
9.230181,0.542000,0.046000,-0.785000,13.176000,-1.588000,4.809000,28.77
9.242383,0.532000,0.022000,-0.828000,14.214000,-0.153000,4.351000,28.81
9.249844,0.614000,-0.080000,-0.874000,9.588000,2.427000,1.634000,28.81
9.262229,0.550000,0.008000,-0.844000,5.771000,4.397000,0.397000,28.77
9.269784,0.562000,-0.045000,-0.835000,7.191000,2.672000,-0.656000,28.77
9.281515,0.583000,-0.043000,-0.808000,4.870000,5.023000,-2.183000,28.81
9.289184,0.582000,0.015000,-0.834000,6.687000,6.290000,-2.183000,28.81
9.301787,0.552000,-0.003000,-0.848000,8.382000,8.214000,-2.366000,28.77
9.313560,0.503000,0.019000,-0.825000,8.489000,10.626000,-2.489000,28.86
9.320629,0.446000,0.037000,-0.862000,11.481000,16.687000,-4.626000,28.72
9.332730,0.526000,-0.009000,-0.839000,13.939000,18.305000,-2.824000,28.77
9.340007,0.513000,-0.022000,-0.890000,14.672000,26.244000,-4.977000,28.77
9.352258,0.501000,0.022000,-0.904000,14.321000,32.000000,-3.496000,28.77
9.359440,0.535000,-0.083000,-0.872000,14.092000,39.847000,-7.191000,28.72
9.371393,0.626000,-0.101000,-0.903000,12.840000,52.229000,-12.626000,28.81
9.377360,0.553000,0.085000,-0.957000,8.947000,62.794000,0.611000,28.77
9.390860,0.572000,0.070000,-0.993000,7.664000,84.427000,9.466000,28.77
9.403131,0.202000,0.267000,-1.209000,31.115000,136.458000,26.733000,28.81
9.410141,0.442000,0.121000,-1.083000,16.718000,198.397000,38.382000,28.81
9.422375,0.468000,-0.004000,-1.241000,45.863000,216.901000,38.733000,28.77
9.430027,0.557000,0.070000,-1.177000,36.260000,246.977000,44.550000,28.77
9.441550,0.776000,-0.024000,-1.021000,56.061000,238.672000,48.443000,28.81
9.459661,0.768000,-0.165000,-1.044000,53.099000,246.992000,49.374000,28.81
9.461179,0.799000,-0.065000,-1.024000,44.305000,264.351000,50.137000,28.67
9.472623,0.781000,-0.049000,-1.142000,41.084000,248.534000,47.130000,28.77
9.479593,1.232000,-0.030000,-1.402000,-5.221000,235.603000,45.954000,28.72
9.491850,0.355000,0.581000,-1.438000,-3.527000,194.275000,51.405000,28.77
9.503591,-0.295000,0.870000,-2.271000,-13.344000,125.466000,38.748000,28.77
9.510851,-1.022000,1.025000,-2.260000,-8.183000,25.603000,28.351000,28.67
9.522439,-1.214000,0.946000,-2.282000,-25.756000,-28.870000,25.435000,28.72
9.529680,-1.119000,0.901000,-2.245000,-58.275000,-60.458000,21.405000,28.72
9.541483,-0.903000,0.921000,-2.140000,-71.954000,-111.389000,12.031000,28.77
9.553209,-0.534000,0.834000,-1.970000,-78.870000,-158.702000,-3.908000,28.86
9.559756,-0.162000,0.722000,-1.748000,-85.389000,-190.794000,-24.183000,28.81
9.571671,0.172000,0.543000,-1.492000,-85.053000,-215.649000,-40.718000,28.77
9.586520,0.454000,0.329000,-1.325000,-84.672000,-224.977000,-48.382000,28.86
9.589558,1.034000,-0.032000,-1.309000,-105.527000,-214.489000,-57.420000,28.72
9.601860,1.188000,0.063000,-0.878000,-79.878000,-229.740000,-57.573000,28.81
9.613434,1.288000,-0.056000,-0.716000,-60.153000,-210.565000,-54.962000,28.77
9.620107,1.432000,-0.146000,-0.778000,-50.748000,-194.412000,-41.863000,28.77
9.632063,1.640000,-0.596000,-0.488000,-38.153000,-172.931000,-26.092000,28.81
9.638927,1.449000,-0.450000,-0.266000,-38.137000,-136.168000,-9.252000,28.81
9.651065,1.980000,-0.360000,0.648000,8.565000,-36.046000,-8.962000,28.67
9.663050,2.406000,-0.963000,0.921000,50.214000,23.695000,-18.427000,28.77
9.670307,2.070000,-0.773000,-0.066000,20.504000,50.916000,-41.573000,28.81
9.681975,1.208000,-0.218000,-0.558000,15.023000,26.489000,-59.420000,28.72
9.689648,0.705000,0.059000,-0.927000,1.237000,0.931000,-76.809000,28.77
9.701272,0.482000,0.279000,-1.059000,-12.718000,-8.687000,-95.145000,28.77
9.712994,0.391000,0.373000,-1.083000,-4.534000,-27.084000,-107.634000,28.72
9.719809,0.482000,0.094000,-1.053000,18.870000,-52.824000,-105.878000,28.72
9.731756,0.473000,-0.325000,-0.910000,34.580000,-73.771000,-92.977000,28.77
9.743905,0.559000,-0.607000,-0.691000,24.275000,-71.847000,-67.756000,28.77
9.750534,0.806000,-0.873000,-0.428000,5.252000,-59.206000,-33.328000,28.81
9.762534,1.297000,-0.993000,-0.169000,-20.962000,-43.985000,3.344000,28.77
9.769475,1.729000,-0.980000,0.286000,-32.275000,-37.588000,33.817000,28.77
9.781488,1.949000,-1.028000,0.906000,-27.908000,-25.450000,51.878000,28.77
9.793266,2.406000,-0.845000,1.467000,-17.924000,16.321000,47.511000,28.72
9.800487,2.887000,-1.153000,2.038000,3.038000,67.679000,25.847000,28.72
9.812655,4.000000,-1.024000,2.439000,28.046000,156.382000,32.687000,28.77
9.820073,3.646000,-0.003000,-1.868000,1.939000,53.038000,-6.809000,28.67
9.831472,-0.399000,-0.073000,-0.588000,48.779000,-183.328000,13.389000,28.72
9.843725,-0.494000,0.577000,-0.947000,73.542000,-61.053000,35.710000,28.72
9.850780,0.856000,0.191000,-1.077000,6.351000,55.115000,11.908000,28.77
9.862634,0.670000,-0.591000,-0.846000,36.382000,-27.802000,8.992000,28.72
9.869732,0.581000,-0.117000,-1.055000,20.260000,-43.053000,3.847000,28.72
9.881777,0.595000,0.034000,-0.784000,8.443000,-3.603000,2.489000,28.77
9.889133,0.627000,-0.217000,-0.912000,6.595000,-13.588000,-2.031000,28.77
9.901068,0.613000,-0.220000,-0.862000,0.244000,-21.359000,-7.557000,28.81
9.912963,0.609000,-0.110000,-0.850000,-12.870000,-0.489000,-11.206000,28.81
9.919693,0.599000,-0.043000,-0.871000,-14.229000,-4.824000,-13.313000,28.77
9.931806,0.567000,0.059000,-0.834000,-13.695000,-2.947000,-12.626000,28.77
9.938808,0.603000,0.150000,-0.800000,-10.916000,2.397000,-9.954000,28.72
9.951060,0.606000,0.140000,-0.802000,-3.466000,0.885000,-4.794000,28.81
9.963365,0.608000,0.097000,-0.813000,0.137000,3.466000,-0.473000,28.67
9.970627,0.561000,0.089000,-0.806000,3.832000,4.672000,2.947000,28.86
9.982911,0.540000,0.033000,-0.830000,7.756000,6.046000,4.580000,28.72
9.990554,0.602000,0.024000,-0.840000,4.672000,9.817000,5.740000,28.62
10.002697,0.547000,-0.030000,-0.814000,3.786000,8.855000,3.573000,28.77
