# Gait Analysis Data - MPU6050 IMU
# Duration: 10 seconds
# Format: timestamp(s),ax(g),ay(g),az(g),gx(deg/s),gy(deg/s),gz(deg/s),temp(C)
# Note: Document sensor placement (ankle/wrist) separately
timestamp,ax,ay,az,gx,gy,gz,temp
0.001282,1.135000,-0.295000,-0.410000,-5.206000,-91.206000,8.290000,28.20
0.002838,1.637000,-0.450000,-0.313000,-7.267000,-77.588000,27.344000,28.15
0.004278,1.381000,-0.186000,-0.275000,-7.115000,-60.550000,28.473000,28.20
0.005585,0.532000,-0.115000,-0.827000,0.076000,-70.779000,8.000000,28.29
0.006685,0.457000,-0.198000,-0.988000,4.626000,-66.672000,4.595000,28.25
0.007801,0.509000,-0.173000,-0.869000,4.473000,-65.802000,-3.344000,28.25
0.009077,0.655000,-0.044000,-0.842000,-1.450000,-56.351000,-10.183000,28.20
0.010277,0.613000,-0.106000,-0.917000,-4.718000,-50.015000,-11.466000,28.20
0.011244,0.500000,0.067000,-0.960000,-1.588000,-33.664000,-4.565000,28.25
0.012310,0.545000,0.015000,-0.870000,-2.534000,-22.214000,-3.939000,28.25
0.013360,0.535000,-0.035000,-0.867000,-3.756000,-12.366000,-3.740000,28.20
0.014315,0.557000,0.000000,-0.868000,-7.786000,-2.168000,-2.351000,28.20
0.015233,0.584000,0.027000,-0.828000,-5.802000,-2.031000,-1.695000,28.15
0.016033,0.586000,-0.025000,-0.810000,-6.137000,1.313000,-1.511000,28.11
0.016899,0.586000,-0.034000,-0.797000,-7.252000,2.458000,-2.840000,28.20
0.017764,0.603000,-0.009000,-0.786000,-7.099000,1.420000,-3.679000,28.25
0.018680,0.591000,0.027000,-0.794000,-7.145000,2.427000,-3.481000,28.25
0.019631,0.599000,0.018000,-0.779000,-6.656000,2.611000,-3.588000,28.20
0.020613,0.613000,0.016000,-0.762000,-5.359000,0.031000,-3.191000,28.20
0.021440,0.608000,0.036000,-0.750000,-5.130000,-1.389000,-2.458000,28.15
0.022254,0.602000,-0.007000,-0.762000,-5.053000,-2.580000,-2.519000,28.20
0.023048,0.624000,-0.002000,-0.763000,-5.191000,-6.000000,-2.733000,28.20
0.023757,0.596000,-0.021000,-0.787000,-5.176000,-7.435000,-3.038000,28.15
0.024466,0.589000,0.003000,-0.798000,-4.885000,-8.489000,-2.366000,28.15
0.025182,0.609000,-0.008000,-0.786000,-3.985000,-9.924000,-2.275000,28.20
0.025938,0.590000,-0.009000,-0.784000,-4.153000,-10.718000,-2.534000,28.20
0.026661,0.565000,0.006000,-0.809000,-5.038000,-5.878000,-2.397000,28.25
0.027384,0.565000,0.017000,-0.822000,-5.084000,-4.031000,-1.847000,28.20
0.028111,0.551000,-0.013000,-0.834000,-5.817000,-0.611000,-2.366000,28.20
0.028913,0.566000,-0.020000,-0.832000,-6.687000,2.412000,-2.855000,28.15
0.029678,0.571000,-0.023000,-0.802000,-6.916000,2.092000,-4.107000,28.20
0.030275,0.627000,0.014000,-0.772000,-7.771000,2.397000,-4.992000,28.20
0.030866,0.610000,0.025000,-0.784000,-6.885000,0.137000,-5.267000,28.20
0.031521,0.627000,0.013000,-0.779000,-5.237000,-1.832000,-4.260000,28.15
0.032228,0.605000,-0.003000,-0.777000,-4.840000,-2.504000,-4.687000,28.20
0.032879,0.598000,0.028000,-0.773000,-4.397000,-3.374000,-4.885000,28.20
0.033528,0.613000,0.052000,-0.801000,-3.221000,-2.244000,-3.618000,28.25
0.034152,0.601000,0.001000,-0.793000,-2.550000,-2.580000,-2.427000,28.15
0.034793,0.592000,-0.021000,-0.810000,-2.580000,-2.550000,-2.595000,28.20
0.035431,0.606000,-0.016000,-0.809000,-4.305000,0.565000,-3.679000,28.20
0.036065,0.593000,-0.017000,-0.818000,-4.122000,1.099000,-4.244000,28.15
0.036684,0.594000,0.002000,-0.815000,-4.290000,2.519000,-4.107000,28.20
0.037297,0.582000,0.016000,-0.802000,-3.389000,2.763000,-3.725000,28.20
0.037923,0.586000,0.025000,-0.811000,-3.160000,4.336000,-3.496000,28.20
0.038602,0.598000,-0.001000,-0.798000,-2.351000,2.672000,-3.176000,28.15
0.039553,0.594000,-0.003000,-0.794000,-3.084000,2.656000,-3.374000,28.20
0.040196,0.579000,0.009000,-0.813000,-3.069000,2.122000,-3.053000,28.29
0.040879,0.593000,0.019000,-0.801000,-3.206000,2.962000,-2.824000,28.15
0.041792,0.586000,0.018000,-0.803000,-2.092000,2.565000,-2.137000,28.25
0.042430,0.585000,-0.003000,-0.793000,-3.206000,4.137000,-2.229000,28.20
0.043017,0.581000,0.019000,-0.799000,-2.183000,2.275000,-2.672000,28.20
0.043593,0.595000,0.027000,-0.805000,-1.985000,2.519000,-2.076000,28.25
0.044170,0.601000,0.016000,-0.795000,-1.466000,1.252000,-1.756000,28.20
0.044899,0.597000,0.003000,-0.790000,-1.527000,0.122000,-1.771000,28.20
0.045679,0.586000,0.003000,-0.801000,-1.450000,-0.504000,-1.481000,28.20
0.046292,0.588000,0.009000,-0.812000,-2.351000,-0.550000,-2.092000,28.25
0.046875,0.597000,0.009000,-0.796000,-1.725000,-1.023000,-2.031000,28.29
0.047458,0.582000,0.025000,-0.794000,-1.145000,-1.313000,-1.206000,28.20
0.048033,0.566000,0.037000,-0.812000,-0.763000,-1.267000,-0.855000,28.34
0.048598,0.581000,0.018000,-0.802000,-0.214000,-0.733000,-0.702000,28.25
0.049180,0.579000,0.016000,-0.803000,0.168000,-1.145000,-0.672000,28.20
0.049825,0.588000,0.009000,-0.800000,-0.168000,-1.145000,-0.656000,28.20
0.050414,0.591000,0.010000,-0.800000,0.137000,-2.214000,-0.687000,28.15
0.050942,0.587000,0.006000,-0.801000,0.351000,-3.435000,-0.397000,28.29
0.051484,0.581000,0.007000,-0.805000,0.244000,-3.954000,-0.580000,28.20
0.052029,0.593000,0.019000,-0.804000,-0.015000,-3.954000,-0.305000,28.15
0.052547,0.593000,0.015000,-0.807000,0.229000,-4.260000,-0.092000,28.25
0.053058,0.583000,0.011000,-0.809000,0.595000,-4.046000,0.107000,28.29
0.053576,0.587000,-0.000000,-0.813000,0.382000,-3.954000,0.031000,28.20
0.054097,0.565000,-0.001000,-0.811000,-0.214000,-2.977000,0.015000,28.15
0.054626,0.568000,-0.002000,-0.818000,-0.901000,-2.275000,-0.565000,28.25
0.055149,0.570000,0.013000,-0.795000,-0.382000,-2.687000,-0.931000,28.11
0.055663,0.556000,0.026000,-0.819000,-0.382000,-1.679000,-0.321000,28.25
0.056335,0.559000,0.012000,-0.819000,-0.809000,-0.458000,0.137000,28.25
0.057075,0.552000,0.019000,-0.812000,0.321000,-0.977000,-0.168000,28.11
0.057713,0.572000,-0.003000,-0.809000,-0.153000,-0.748000,-0.397000,28.20
0.058256,0.574000,0.008000,-0.816000,-0.397000,-0.824000,-0.916000,28.25
0.058783,0.561000,0.031000,-0.817000,0.290000,-0.565000,-0.489000,28.15
0.059306,0.569000,0.029000,-0.820000,1.618000,-0.947000,-0.092000,28.20
0.059825,0.574000,0.017000,-0.811000,2.458000,-1.145000,0.229000,28.20
0.060330,0.566000,0.007000,-0.822000,2.595000,-0.305000,0.565000,28.25
0.060804,0.572000,-0.002000,-0.824000,2.672000,0.229000,0.733000,28.20
0.061280,0.563000,0.003000,-0.823000,2.580000,0.489000,0.672000,28.20
0.061755,0.572000,-0.011000,-0.818000,2.733000,0.107000,0.458000,28.25
0.062222,0.574000,0.001000,-0.812000,2.305000,0.168000,0.397000,28.25
0.062698,0.563000,0.035000,-0.809000,2.824000,-0.641000,0.885000,28.20
0.063165,0.562000,0.010000,-0.812000,3.603000,-0.672000,1.405000,28.20
0.063645,0.579000,-0.013000,-0.819000,3.221000,-0.153000,1.374000,28.15
0.064111,0.561000,-0.020000,-0.826000,2.168000,0.992000,1.282000,28.11
0.064592,0.571000,-0.012000,-0.826000,1.084000,1.771000,1.023000,28.20
0.065070,0.563000,-0.010000,-0.829000,1.038000,1.924000,1.282000,28.25
0.065541,0.573000,-0.018000,-0.819000,0.580000,4.397000,0.840000,28.20
0.066073,0.567000,-0.037000,-0.816000,-0.687000,4.901000,0.183000,28.20
0.066552,0.582000,-0.008000,-0.828000,-0.962000,7.115000,0.153000,28.20
0.067030,0.579000,-0.019000,-0.821000,-0.748000,9.328000,0.244000,28.25
0.067510,0.568000,-0.029000,-0.831000,-0.137000,8.000000,-0.076000,28.20
0.067993,0.552000,-0.015000,-0.830000,-2.046000,14.137000,0.031000,28.11
0.068483,0.586000,-0.048000,-0.820000,-1.725000,12.107000,-0.275000,28.25
0.068978,0.591000,-0.036000,-0.806000,-3.099000,13.740000,-0.168000,28.15
0.069462,0.591000,-0.019000,-0.822000,-4.443000,14.565000,0.321000,28.20
0.069941,0.611000,0.010000,-0.827000,-4.092000,17.527000,-0.626000,28.20
0.070410,0.584000,0.015000,-0.814000,-1.252000,17.176000,-1.053000,28.25
0.070874,0.584000,-0.009000,-0.833000,-1.023000,16.382000,-1.023000,28.20
0.071336,0.602000,0.012000,-0.814000,-1.710000,18.092000,-0.962000,28.20
0.071795,0.584000,0.038000,-0.811000,0.534000,15.893000,-2.137000,28.25
0.072244,0.579000,0.046000,-0.820000,2.840000,17.771000,-5.328000,28.15
0.072702,0.608000,-0.020000,-0.837000,1.527000,17.115000,-8.534000,28.20
0.073176,0.627000,-0.028000,-0.780000,-1.863000,19.481000,-11.374000,28.20
0.073641,0.673000,0.085000,-0.775000,0.015000,20.244000,-16.305000,28.25
0.074098,0.683000,0.254000,-0.741000,6.901000,19.695000,-26.504000,28.29
0.074589,0.758000,0.484000,-0.673000,26.702000,22.840000,-45.573000,28.20
0.075181,0.856000,0.650000,-0.589000,60.565000,21.496000,-78.321000,28.25
0.075877,0.937000,0.710000,-0.574000,103.939000,14.107000,-117.802000,28.25
0.076382,1.089000,0.518000,-0.639000,153.725000,2.611000,-149.588000,28.20
0.076900,1.066000,0.379000,-0.473000,197.893000,-19.527000,-176.962000,28.29
0.077409,1.088000,0.071000,-0.576000,205.221000,-16.595000,-198.168000,28.25
0.077894,1.020000,0.062000,-0.533000,198.885000,-19.695000,-218.931000,28.29
0.078379,1.039000,0.097000,-0.531000,197.069000,-20.779000,-232.427000,28.20
0.078854,1.028000,0.103000,-0.505000,203.878000,-24.260000,-242.611000,28.15
0.079317,0.972000,0.088000,-0.458000,212.885000,-24.870000,-252.229000,28.20
0.079785,0.917000,0.055000,-0.437000,218.656000,-20.992000,-261.710000,28.11
0.080256,0.896000,0.050000,-0.419000,219.802000,-12.672000,-269.679000,28.20
0.080719,0.904000,0.040000,-0.438000,221.298000,-5.527000,-275.939000,28.15
0.081175,0.937000,0.027000,-0.471000,221.405000,-0.611000,-280.626000,28.20
0.081653,0.940000,0.027000,-0.503000,219.557000,-0.092000,-283.405000,28.20
0.082134,0.923000,0.012000,-0.513000,215.649000,-2.092000,-284.168000,28.25
0.082606,0.880000,-0.013000,-0.497000,208.244000,-0.412000,-283.573000,28.15
0.083085,0.852000,-0.020000,-0.525000,197.740000,2.840000,-282.992000,28.20
0.083540,0.832000,-0.047000,-0.552000,186.611000,3.847000,-282.672000,28.25
0.084002,0.811000,-0.028000,-0.581000,177.573000,4.748000,-281.908000,28.15
0.084472,0.801000,-0.038000,-0.618000,169.985000,4.489000,-280.702000,28.29
0.085040,0.796000,-0.049000,-0.631000,162.458000,2.840000,-279.802000,28.20
0.085721,0.756000,-0.045000,-0.634000,156.214000,1.130000,-279.863000,28.06
0.086231,0.588000,-0.223000,-0.614000,151.359000,-2.000000,-284.000000,28.15
0.086716,0.588000,-0.351000,-0.635000,133.985000,8.061000,-282.168000,28.20
0.087197,0.622000,-0.354000,-0.671000,126.595000,12.092000,-270.107000,28.25
0.087672,0.642000,-0.421000,-0.699000,125.603000,4.611000,-252.550000,28.25
0.088144,0.609000,-0.463000,-0.741000,118.397000,1.176000,-232.443000,28.20
0.088612,0.534000,-0.456000,-0.755000,109.557000,-2.321000,-210.260000,28.20
0.089089,0.450000,-0.430000,-0.786000,98.092000,-2.626000,-185.557000,28.25
0.089570,0.394000,-0.424000,-0.756000,83.725000,-4.504000,-162.046000,28.25
0.090094,0.302000,-0.375000,-0.771000,68.550000,-4.015000,-140.443000,28.29
0.090593,0.908000,-0.029000,-0.972000,61.985000,6.198000,-102.290000,28.20
0.091078,0.663000,-1.513000,-0.594000,159.908000,-65.802000,-19.069000,28.25
0.091567,1.126000,-2.351000,-0.060000,102.504000,-28.427000,60.656000,28.11
0.092015,1.642000,-1.154000,-1.265000,11.099000,3.267000,78.763000,28.20
0.092484,0.817000,-0.053000,-0.826000,23.618000,-53.206000,11.802000,28.25
0.092931,0.338000,-0.039000,-0.827000,47.802000,-66.519000,-1.023000,28.20
0.093381,0.239000,-0.499000,-1.148000,10.458000,-16.901000,13.069000,28.11
0.093817,0.569000,0.025000,-0.941000,1.176000,-7.634000,13.847000,28.11
0.094383,0.767000,0.074000,-0.895000,9.130000,-35.756000,-7.435000,28.15
0.094969,0.499000,-0.002000,-0.910000,-11.359000,2.794000,-3.603000,28.20
0.095443,0.581000,0.134000,-0.808000,-8.183000,-0.550000,-4.809000,28.20
0.095922,0.698000,0.058000,-0.771000,-2.107000,-6.504000,-4.290000,28.15
0.096389,0.643000,0.043000,-0.784000,-5.221000,1.450000,-1.588000,28.25
0.096849,0.616000,0.052000,-0.794000,-0.855000,-6.305000,0.458000,28.20
0.097309,0.622000,0.010000,-0.777000,0.504000,-7.282000,1.924000,28.15
0.097765,0.575000,-0.021000,-0.810000,-1.542000,-5.435000,1.939000,28.25
0.098228,0.573000,-0.057000,-0.821000,-2.183000,-5.771000,0.702000,28.20
0.098683,0.581000,-0.073000,-0.831000,-3.420000,-5.313000,-1.496000,28.20
0.099187,0.562000,-0.057000,-0.833000,-6.351000,-1.802000,-2.916000,28.34
0.099664,0.538000,-0.026000,-0.831000,-6.748000,-1.679000,-4.031000,28.15
0.100111,0.545000,-0.030000,-0.839000,-8.412000,1.313000,-4.809000,28.11
0.100563,0.589000,-0.013000,-0.817000,-8.534000,0.351000,-5.450000,28.29
0.101018,0.583000,0.012000,-0.807000,-6.779000,-0.183000,-4.748000,28.25
0.101491,0.573000,0.025000,-0.808000,-6.183000,1.221000,-3.588000,28.20
0.101959,0.575000,0.023000,-0.818000,-4.580000,2.382000,-2.137000,28.11
0.102400,0.583000,-0.005000,-0.811000,-3.359000,3.237000,-1.237000,28.25
0.102838,0.579000,-0.009000,-0.823000,-3.618000,4.702000,-1.267000,28.15
0.103274,0.577000,-0.017000,-0.819000,-3.466000,4.611000,-1.710000,28.11
0.103705,0.563000,0.003000,-0.820000,-3.679000,5.573000,-2.244000,28.20
0.104138,0.592000,-0.007000,-0.814000,-3.740000,6.031000,-2.366000,28.15
0.104594,0.591000,0.009000,-0.809000,-2.748000,5.618000,-1.908000,28.20
0.105046,0.595000,0.021000,-0.797000,-1.924000,6.214000,-0.779000,28.11
0.105468,0.585000,0.009000,-0.801000,-0.641000,5.359000,0.183000,28.25
0.105898,0.589000,0.010000,-0.802000,0.244000,5.069000,1.038000,28.20
0.106729,0.611000,-0.032000,-0.779000,-0.718000,-0.214000,-2.229000,28.15
0.107176,0.616000,-0.039000,-0.783000,-0.687000,-1.924000,-2.427000,28.15
0.107626,0.618000,-0.041000,-0.780000,0.656000,-4.473000,-2.779000,28.11
0.108067,0.616000,-0.035000,-0.766000,0.565000,-6.031000,-3.328000,28.15
0.108501,0.619000,-0.035000,-0.766000,1.191000,-8.672000,-4.183000,28.15
0.108945,0.633000,-0.023000,-0.757000,1.038000,-10.214000,-4.137000,28.20
0.113539,0.610000,-0.027000,-0.776000,1.252000,-12.046000,-3.679000,28.20
0.125399,0.598000,-0.018000,-0.790000,0.885000,-11.771000,-3.740000,28.25
0.137784,0.596000,-0.024000,-0.800000,0.656000,-11.145000,-3.282000,28.11
0.144546,0.581000,-0.020000,-0.808000,1.282000,-10.290000,-3.710000,28.29
0.156681,0.602000,-0.029000,-0.793000,1.481000,-10.427000,-4.046000,28.15
0.163559,0.601000,-0.030000,-0.785000,1.710000,-11.099000,-5.145000,28.25
0.175733,0.626000,-0.040000,-0.785000,2.260000,-12.473000,-5.450000,28.11
0.187901,0.615000,-0.054000,-0.789000,1.206000,-14.458000,-6.122000,28.11
0.194853,0.483000,0.085000,-0.813000,0.275000,-12.427000,-6.000000,28.15
0.207052,0.493000,-0.027000,-0.855000,0.305000,-7.542000,-4.916000,28.25
0.214035,0.548000,-0.094000,-0.796000,-2.229000,-7.695000,-6.824000,28.20
0.226021,0.518000,-0.071000,-0.830000,-5.160000,-4.290000,-8.656000,28.20
0.238217,0.562000,-0.063000,-0.814000,-6.885000,-2.382000,-10.977000,28.25
0.245185,0.593000,-0.032000,-0.798000,-7.405000,-3.527000,-12.611000,28.20
0.257043,0.612000,0.023000,-0.784000,-5.954000,-4.443000,-10.870000,28.20
0.264143,0.602000,0.016000,-0.799000,-4.000000,-6.290000,-8.260000,28.15
0.276333,0.609000,0.022000,-0.794000,-2.931000,-5.802000,-5.511000,28.15
0.283434,0.592000,0.015000,-0.815000,-1.450000,-5.038000,-3.374000,28.20
0.295688,0.582000,0.000000,-0.830000,-0.855000,-3.954000,-1.954000,28.20
0.307595,0.582000,-0.035000,-0.813000,-0.321000,-3.908000,-1.893000,28.15
0.314868,0.571000,-0.019000,-0.814000,-0.504000,-3.069000,-2.092000,28.11
0.326708,0.576000,-0.026000,-0.815000,-0.763000,-1.771000,-2.580000,28.20
0.333887,0.573000,-0.030000,-0.816000,-0.382000,-2.122000,-2.672000,28.15
0.345721,0.570000,-0.027000,-0.824000,-1.145000,-0.397000,-2.992000,28.15
0.357856,0.578000,-0.013000,-0.827000,-0.427000,0.061000,-2.901000,28.11
0.364914,0.584000,-0.010000,-0.811000,-0.031000,0.412000,-2.550000,28.20
0.377057,0.580000,0.000000,-0.812000,-0.031000,0.672000,-1.725000,28.15
0.384247,0.569000,0.011000,-0.803000,1.115000,-0.122000,-1.069000,28.20
0.396824,0.548000,0.009000,-0.813000,1.679000,0.855000,-0.107000,28.29
0.403903,0.557000,-0.005000,-0.815000,2.366000,1.191000,0.244000,28.15
0.417504,0.557000,-0.017000,-0.812000,2.443000,2.290000,0.153000,28.29
0.428376,0.563000,-0.022000,-0.803000,2.794000,1.496000,-0.046000,28.20
0.435377,0.545000,-0.026000,-0.817000,2.061000,2.290000,-0.534000,28.11
0.447836,0.569000,-0.028000,-0.818000,1.389000,3.221000,-0.824000,28.25
0.454874,0.559000,-0.039000,-0.822000,1.832000,2.366000,-0.977000,28.20
0.467012,0.564000,-0.016000,-0.810000,1.130000,3.115000,-0.840000,28.20
0.474232,0.566000,-0.026000,-0.805000,1.954000,1.389000,-0.702000,28.15
0.486424,0.531000,-0.004000,-0.810000,0.931000,2.198000,-1.069000,28.25
0.493403,0.531000,-0.010000,-0.828000,1.176000,4.275000,-0.137000,28.20
0.505877,0.539000,-0.023000,-0.822000,1.298000,3.771000,-0.153000,28.25
0.518265,0.503000,0.024000,-0.832000,2.153000,6.427000,1.237000,28.34
0.525544,0.572000,-0.028000,-0.835000,2.702000,9.878000,2.611000,28.20
0.537548,0.551000,-0.025000,-0.828000,2.519000,11.221000,2.885000,28.20
0.544736,0.552000,-0.008000,-0.825000,2.885000,14.412000,3.710000,28.25
0.557142,0.557000,-0.036000,-0.839000,3.435000,17.084000,4.275000,28.15
0.564580,0.565000,-0.025000,-0.846000,3.405000,20.748000,4.321000,28.11
0.576516,0.556000,-0.010000,-0.857000,5.282000,23.008000,5.435000,28.15
0.583569,0.544000,0.003000,-0.865000,4.656000,30.397000,7.588000,28.15
0.595924,0.568000,0.000000,-0.861000,8.748000,36.061000,8.656000,28.20
0.608211,0.532000,-0.035000,-0.872000,6.489000,45.725000,11.176000,28.29
0.615095,0.549000,-0.020000,-0.876000,7.740000,52.290000,12.687000,28.15
0.627395,0.608000,-0.057000,-0.839000,4.962000,63.466000,13.435000,28.15
0.635879,0.449000,0.052000,-0.947000,27.252000,78.885000,18.168000,28.11
0.646289,0.498000,0.042000,-0.961000,13.328000,105.771000,27.389000,28.11
0.658274,0.620000,-0.052000,-0.883000,25.511000,118.779000,28.901000,28.06
0.664985,0.599000,-0.118000,-1.024000,19.145000,140.366000,29.542000,28.20
0.677198,0.621000,0.023000,-0.955000,27.252000,148.198000,29.221000,28.20
0.683985,0.679000,0.026000,-0.953000,35.221000,150.885000,31.145000,28.25
0.696210,0.669000,0.008000,-0.932000,44.290000,155.466000,33.145000,28.20
0.708118,0.708000,-0.052000,-0.984000,45.588000,159.802000,38.504000,28.20
0.715130,0.728000,-0.023000,-0.861000,53.313000,163.282000,39.878000,28.20
0.727274,0.811000,0.012000,-0.951000,53.313000,173.893000,44.672000,28.15
0.734237,0.736000,-0.011000,-0.960000,58.718000,171.496000,46.366000,28.20
0.746140,0.938000,-0.109000,-1.001000,46.977000,175.420000,49.588000,28.11
0.758380,0.896000,-0.023000,-0.929000,37.038000,175.023000,51.924000,28.15
0.765086,0.752000,0.088000,-0.912000,49.618000,163.038000,53.237000,28.15
0.777213,0.734000,0.168000,-1.145000,52.840000,167.115000,53.664000,28.11
0.783986,0.584000,0.274000,-1.447000,41.481000,131.954000,42.977000,28.11
0.796331,0.212000,0.447000,-1.450000,43.603000,88.870000,35.115000,28.15
0.803393,0.034000,0.488000,-1.458000,42.000000,49.618000,27.893000,28.11
0.815529,0.069000,0.383000,-1.427000,14.244000,32.122000,20.412000,28.20
0.827724,0.084000,0.397000,-1.380000,-8.580000,2.641000,14.290000,28.15
0.834449,-0.018000,0.434000,-1.166000,-10.473000,-22.137000,9.603000,28.15
0.846491,-0.007000,0.376000,-1.061000,-13.985000,-34.611000,5.053000,28.20
0.853562,0.049000,0.340000,-1.012000,-22.687000,-34.260000,0.382000,28.11
0.865625,0.130000,0.317000,-1.014000,-26.473000,-45.710000,-5.924000,28.15
0.877639,0.213000,0.300000,-1.039000,-32.046000,-53.679000,-12.260000,28.25
0.884475,0.308000,0.254000,-1.039000,-36.321000,-67.038000,-19.374000,28.20
0.896572,0.342000,0.234000,-1.045000,-41.878000,-81.695000,-27.038000,28.20
0.908360,0.377000,0.204000,-1.018000,-45.267000,-94.015000,-34.855000,28.15
0.914905,0.514000,0.044000,-1.035000,-54.244000,-98.168000,-45.038000,28.11
0.926905,0.853000,-0.008000,-1.110000,-77.267000,-100.916000,-52.397000,28.20
0.933704,0.856000,-0.013000,-0.856000,-62.870000,-137.084000,-57.924000,28.25
0.945333,0.801000,-0.025000,-0.748000,-51.282000,-138.458000,-59.710000,28.15
0.956848,0.799000,-0.095000,-0.718000,-48.168000,-128.763000,-62.168000,28.11
0.965736,0.791000,-0.095000,-0.711000,-48.885000,-122.901000,-65.985000,28.20
0.975385,0.738000,-0.060000,-0.770000,-48.458000,-119.511000,-70.214000,28.25
0.987129,0.896000,-0.084000,-0.856000,-50.366000,-113.939000,-74.611000,28.25
0.993563,0.730000,-0.003000,-0.768000,-35.267000,-125.282000,-75.786000,28.20
1.005287,0.830000,-0.012000,-0.827000,-29.084000,-121.466000,-76.763000,28.20
1.017348,0.726000,-0.048000,-0.871000,-24.092000,-119.740000,-79.511000,28.15
1.023865,0.740000,0.013000,-0.875000,-27.908000,-106.916000,-82.031000,28.20
1.035963,0.829000,0.058000,-0.933000,-31.267000,-99.511000,-85.481000,28.11
1.047868,0.695000,0.020000,-1.026000,-19.527000,-126.168000,-80.977000,28.25
1.054771,1.230000,0.006000,-1.144000,-24.901000,-126.687000,-78.153000,28.25
1.066230,1.775000,0.503000,-1.127000,-14.092000,-100.977000,-28.748000,28.20
1.077998,0.859000,-0.083000,-0.072000,45.939000,-142.565000,-27.878000,28.11
1.084758,1.352000,-0.977000,-0.083000,32.992000,-99.939000,-23.160000,28.25
1.096845,1.627000,-0.878000,-0.070000,-40.519000,-49.466000,-13.954000,28.25
1.103515,1.631000,-0.731000,-0.103000,-58.076000,-35.954000,-11.924000,28.20
1.115368,1.724000,-0.682000,-0.067000,-51.176000,-59.771000,-11.710000,28.15
1.127243,1.514000,-0.595000,0.034000,-50.550000,-42.733000,-9.527000,28.25
1.134136,1.393000,-0.605000,0.225000,-33.908000,-44.305000,-13.053000,28.20
1.146029,1.321000,-0.668000,0.419000,-23.313000,-20.916000,-11.450000,28.20
1.158454,1.278000,-0.746000,0.652000,-9.939000,9.344000,-3.985000,28.25
1.165267,1.337000,-0.904000,0.886000,10.427000,38.412000,10.382000,28.25
1.177589,1.600000,-1.061000,1.174000,25.237000,89.084000,41.664000,28.20
1.184253,1.122000,-1.002000,1.126000,6.779000,168.153000,56.489000,28.25
1.196551,1.927000,0.255000,-1.381000,-36.550000,196.550000,47.221000,28.20
1.203466,2.164000,0.855000,-1.241000,52.351000,-63.176000,12.977000,28.20
1.215368,0.423000,-0.170000,-0.500000,125.695000,-146.992000,37.069000,28.20
1.227707,0.810000,-0.309000,-1.446000,33.847000,5.160000,14.626000,28.15
1.234337,0.504000,-0.508000,-0.791000,16.763000,-16.046000,9.771000,28.06
1.246429,0.699000,-0.167000,-0.849000,11.618000,-48.718000,-2.198000,28.11
1.253580,0.636000,0.019000,-0.861000,-0.733000,-10.931000,-2.382000,28.25
1.265450,0.636000,-0.089000,-0.823000,-1.069000,-9.344000,-3.344000,28.15
1.277849,0.646000,-0.062000,-0.788000,2.916000,-19.771000,-3.847000,28.20
1.284502,0.575000,-0.026000,-0.817000,-4.275000,-5.282000,-4.977000,28.20
1.296630,0.576000,-0.006000,-0.831000,-3.267000,-6.550000,-5.863000,28.15
1.303662,0.620000,-0.018000,-0.818000,-1.573000,-6.046000,-5.176000,28.20
1.316212,0.585000,0.000000,-0.826000,-2.489000,-0.580000,-4.794000,28.20
1.327813,0.602000,0.003000,-0.815000,-0.595000,-1.527000,-3.771000,28.15
1.334937,0.582000,0.006000,-0.843000,-1.053000,0.489000,-3.038000,28.06
1.347383,0.566000,-0.012000,-0.832000,-2.168000,2.656000,-1.756000,28.11
1.354277,0.576000,0.000000,-0.823000,-1.847000,3.282000,-0.977000,28.20
1.366681,0.573000,0.001000,-0.811000,-1.435000,4.336000,-0.519000,28.15
1.373540,0.556000,-0.001000,-0.814000,-0.885000,4.687000,-0.214000,28.15
1.386150,0.577000,-0.010000,-0.815000,-0.473000,5.405000,0.214000,28.20
1.398189,0.562000,-0.016000,-0.815000,-0.504000,5.328000,0.153000,28.20
1.405231,0.548000,0.004000,-0.824000,-0.580000,6.519000,0.061000,28.15
1.417731,0.571000,-0.003000,-0.806000,0.290000,6.229000,0.580000,28.20
1.425036,0.573000,0.010000,-0.783000,1.176000,4.351000,0.595000,28.20
1.437519,0.557000,0.000000,-0.804000,1.328000,4.305000,0.427000,28.15
1.444542,0.572000,0.002000,-0.788000,1.725000,4.443000,0.687000,28.15
1.457200,0.569000,-0.017000,-0.794000,2.916000,1.954000,0.366000,28.20
1.463959,0.575000,-0.027000,-0.804000,1.573000,3.267000,-0.473000,28.20
1.476353,0.581000,-0.025000,-0.784000,1.542000,3.069000,-0.580000,28.15
1.483823,0.550000,0.008000,-0.799000,1.832000,2.534000,-0.321000,28.15
1.497694,0.570000,-0.001000,-0.806000,2.351000,4.290000,-0.366000,28.20
1.507929,0.560000,-0.020000,-0.816000,2.992000,4.916000,-0.107000,28.20
1.515240,0.566000,-0.017000,-0.831000,3.420000,6.870000,0.427000,28.15
1.527573,0.566000,-0.031000,-0.816000,3.115000,7.130000,0.427000,28.11
1.535029,0.600000,-0.022000,-0.830000,2.534000,9.252000,0.458000,28.20
1.546999,0.600000,-0.003000,-0.777000,4.153000,4.489000,1.359000,28.15
1.554534,0.568000,0.006000,-0.821000,5.069000,11.725000,0.595000,28.25
1.566577,0.549000,0.005000,-0.853000,5.954000,14.382000,1.237000,28.20
1.573989,0.541000,0.045000,-0.835000,8.076000,17.527000,1.771000,28.20
1.586076,0.537000,0.036000,-0.883000,10.885000,22.412000,2.321000,28.15
1.598133,0.589000,-0.052000,-0.862000,11.740000,29.618000,2.534000,28.15
1.605455,0.538000,-0.067000,-0.880000,12.794000,34.061000,1.954000,28.11
1.617485,0.532000,-0.001000,-0.887000,11.191000,44.092000,5.053000,28.15
1.624443,0.530000,-0.005000,-0.915000,11.969000,54.855000,6.107000,28.15
1.636593,0.501000,-0.042000,-0.927000,17.954000,65.282000,1.435000,28.20
1.643769,0.315000,0.161000,-1.183000,20.580000,116.321000,19.252000,28.11
1.655784,0.463000,-0.001000,-1.061000,27.191000,155.023000,24.733000,28.25
1.667875,0.621000,0.072000,-1.022000,33.496000,179.237000,33.695000,28.25
1.674636,0.553000,-0.035000,-1.048000,33.237000,201.298000,40.977000,28.11
1.686622,0.709000,0.018000,-1.009000,35.985000,215.573000,42.901000,28.06
1.693799,0.699000,0.040000,-1.092000,48.763000,212.168000,45.679000,28.15
1.705472,0.750000,-0.040000,-1.017000,55.725000,223.221000,48.305000,28.20
1.717835,0.694000,0.009000,-0.982000,64.443000,221.969000,49.863000,28.11
1.724610,0.886000,-0.041000,-1.090000,50.183000,226.427000,52.595000,28.15
1.736606,1.059000,0.142000,-1.385000,15.099000,211.466000,48.809000,28.15
1.743750,0.417000,0.689000,-1.522000,27.420000,168.397000,46.519000,28.20
1.755701,-0.070000,0.832000,-1.935000,25.237000,111.710000,26.397000,28.15
1.767822,-0.457000,0.986000,-1.946000,18.824000,42.473000,9.634000,28.25
1.774754,-0.717000,0.863000,-1.876000,6.366000,-1.618000,4.351000,28.11
1.786834,-0.680000,0.656000,-1.786000,-23.435000,-24.427000,4.687000,28.11
1.793714,-0.624000,0.660000,-1.746000,-45.695000,-61.908000,7.237000,28.15
1.805766,-0.447000,0.583000,-1.615000,-63.084000,-90.748000,7.420000,28.11
1.817886,-0.113000,0.494000,-1.487000,-75.939000,-114.443000,2.672000,28.11
1.824457,0.222000,0.416000,-1.347000,-82.137000,-135.695000,-6.000000,28.06
1.836251,0.524000,0.295000,-1.154000,-76.046000,-154.824000,-18.473000,28.15
1.848098,0.799000,0.125000,-1.021000,-74.855000,-162.595000,-28.153000,28.20
1.854978,0.924000,0.023000,-0.886000,-65.969000,-169.603000,-32.840000,28.11
1.866663,1.182000,-0.194000,-0.742000,-74.076000,-160.305000,-43.313000,28.25
1.878581,1.217000,-0.182000,-0.528000,-58.504000,-154.550000,-46.672000,28.25
1.885146,1.219000,-0.252000,-0.442000,-43.069000,-132.855000,-44.504000,28.20
1.896747,1.167000,-0.252000,-0.405000,-31.954000,-113.969000,-43.664000,28.15
1.902553,1.084000,-0.269000,-0.460000,-25.924000,-93.908000,-41.145000,28.15
1.915342,0.984000,-0.182000,-0.490000,-17.756000,-85.237000,-41.008000,28.11
1.927369,0.971000,-0.156000,-0.539000,-11.557000,-73.771000,-41.939000,28.11
1.934098,0.923000,-0.116000,-0.586000,-2.366000,-67.435000,-42.870000,28.15
1.946074,0.858000,-0.094000,-0.621000,8.015000,-62.748000,-46.382000,28.15
1.958055,0.791000,-0.080000,-0.638000,10.580000,-49.237000,-50.412000,28.11
1.964716,0.810000,-0.142000,-0.689000,12.015000,-41.756000,-54.626000,28.20
1.976563,0.846000,-0.086000,-0.606000,14.504000,-35.282000,-60.855000,28.25
1.988275,0.863000,-0.085000,-0.626000,15.802000,-30.748000,-65.084000,28.11
1.995294,0.909000,-0.081000,-0.636000,12.412000,-25.695000,-65.313000,28.11
2.007663,0.950000,-0.129000,-0.744000,8.550000,-18.168000,-69.985000,28.06
2.013969,0.963000,-0.154000,-0.946000,-10.321000,-30.107000,-76.305000,28.15
2.025523,1.292000,-0.077000,-1.257000,-49.450000,-36.275000,-89.542000,28.20
2.037543,1.530000,0.109000,-1.142000,-45.405000,-88.092000,-87.282000,28.20
2.044450,1.331000,-0.042000,-0.947000,-6.702000,-164.092000,-84.702000,28.15
2.055995,0.739000,-0.234000,-0.474000,15.176000,-178.519000,-72.427000,28.20
2.068194,0.646000,-0.553000,0.042000,7.191000,-128.794000,-57.405000,28.20
2.074872,0.817000,-0.764000,0.144000,-12.031000,-74.550000,-40.366000,28.15
2.086861,0.993000,-0.735000,0.113000,-29.634000,-36.382000,-21.863000,28.20
2.093702,1.129000,-0.715000,0.071000,-25.924000,-21.908000,-3.634000,28.20
2.105962,1.332000,-0.802000,0.071000,-29.176000,-13.160000,14.580000,28.20
2.117787,1.507000,-0.854000,0.321000,-29.160000,-13.740000,32.901000,28.15
2.124832,1.614000,-0.934000,0.813000,-20.168000,-0.794000,46.855000,28.01
2.136849,2.197000,-1.146000,1.527000,-21.557000,48.412000,54.611000,28.11
2.143696,1.329000,-0.227000,0.552000,-55.389000,157.695000,67.740000,28.15
2.155691,2.527000,1.096000,-2.192000,-119.771000,203.053000,39.313000,28.15
2.167847,0.392000,1.025000,-0.725000,67.038000,-109.069000,-4.305000,28.20
2.174318,-0.171000,-0.211000,-0.521000,115.496000,-82.641000,-10.198000,28.11
2.186365,0.742000,-0.283000,-1.281000,-26.305000,174.473000,14.275000,28.15
2.198304,1.195000,-0.201000,-1.002000,-6.534000,60.901000,11.939000,28.20
2.205626,0.925000,0.201000,-0.827000,36.382000,-42.061000,1.679000,28.20
2.217899,0.610000,0.034000,-0.897000,17.573000,10.076000,0.321000,28.25
2.224762,0.593000,-0.061000,-0.875000,1.282000,31.420000,4.718000,28.15
2.237082,0.725000,0.113000,-0.823000,18.595000,-14.168000,1.725000,28.20
2.244167,0.630000,0.054000,-0.798000,10.443000,3.740000,0.198000,28.20
2.257141,0.629000,-0.012000,-0.841000,7.634000,2.763000,1.344000,28.15
2.263768,0.610000,0.007000,-0.843000,10.015000,-8.275000,-1.069000,28.15
2.275871,0.581000,0.022000,-0.849000,4.748000,0.153000,-1.603000,28.20
2.288094,0.573000,0.006000,-0.857000,3.130000,0.672000,-1.725000,28.20
2.295410,0.598000,0.019000,-0.849000,1.954000,-0.794000,-2.183000,28.25
2.307654,0.570000,0.057000,-0.826000,1.038000,1.710000,-1.710000,28.11
2.315257,0.585000,0.066000,-0.819000,2.534000,1.374000,-0.336000,28.11
2.327477,0.615000,0.041000,-0.858000,1.282000,1.405000,-0.275000,28.15
2.334684,0.581000,0.035000,-0.833000,-0.168000,0.901000,0.214000,28.25
2.346936,0.557000,0.045000,-0.827000,0.580000,2.519000,0.550000,28.20
2.353983,0.570000,0.027000,-0.838000,-0.656000,3.542000,0.534000,28.20
2.366277,0.548000,0.046000,-0.814000,-0.550000,3.282000,0.458000,28.15
2.373725,0.541000,0.046000,-0.820000,0.641000,3.985000,0.992000,28.15
2.386136,0.572000,0.035000,-0.812000,1.893000,3.237000,1.496000,28.20
2.398533,0.542000,0.055000,-0.798000,3.511000,1.985000,2.153000,28.11
2.406627,0.520000,0.049000,-0.812000,5.221000,1.985000,2.687000,28.15
2.418970,0.548000,0.017000,-0.801000,5.863000,2.611000,3.389000,28.11
2.424975,0.562000,0.041000,-0.799000,7.466000,1.481000,3.603000,28.11
2.437642,0.500000,0.070000,-0.783000,8.885000,2.519000,4.489000,28.15
2.444512,0.493000,0.052000,-0.809000,12.656000,4.519000,6.901000,28.15
2.456918,0.560000,0.001000,-0.814000,13.557000,3.908000,7.481000,28.11
2.463996,0.567000,0.005000,-0.815000,12.824000,2.412000,6.412000,28.20
2.476451,0.553000,0.034000,-0.833000,13.634000,1.908000,6.550000,28.06
2.483622,0.614000,0.010000,-0.820000,12.473000,2.137000,5.893000,28.15
2.496122,0.601000,-0.007000,-0.810000,11.328000,0.565000,5.298000,28.20
2.508365,0.587000,0.003000,-0.826000,10.000000,1.053000,4.275000,28.15
2.515613,0.599000,0.023000,-0.872000,5.130000,5.145000,3.664000,28.15
2.528189,0.588000,0.010000,-0.872000,3.374000,3.832000,2.901000,28.20
2.535303,0.562000,0.046000,-0.833000,3.527000,6.672000,3.450000,28.11
2.547600,0.548000,0.042000,-0.840000,5.466000,10.336000,5.389000,28.15
2.554999,0.553000,0.021000,-0.844000,7.038000,12.885000,6.748000,28.15
2.566935,0.544000,0.120000,-0.850000,9.267000,20.855000,9.359000,28.20
2.574196,0.537000,0.116000,-0.878000,15.466000,27.130000,10.260000,28.11
2.586238,0.484000,-0.109000,-0.882000,19.863000,28.321000,6.947000,28.06
2.591980,0.507000,-0.155000,-0.926000,16.565000,36.351000,-1.008000,28.11
2.605367,0.276000,-0.009000,-0.971000,20.046000,36.137000,-7.802000,28.11
2.617514,0.265000,0.166000,-1.105000,23.069000,63.863000,-10.885000,28.15
2.624512,0.114000,0.060000,-1.179000,11.786000,92.626000,-5.252000,28.15
2.636614,0.273000,-0.081000,-1.137000,-5.557000,100.321000,6.107000,28.20
2.643439,0.199000,0.361000,-1.426000,-50.198000,136.794000,57.557000,28.20
2.655371,0.023000,0.952000,-1.686000,-49.023000,138.870000,71.221000,28.15
2.667379,-0.579000,1.018000,-1.912000,-15.649000,103.496000,58.824000,28.06
2.674297,-0.868000,0.988000,-2.091000,-16.458000,73.115000,35.679000,28.20
2.686441,-1.112000,1.081000,-2.052000,-11.130000,21.618000,8.229000,28.15
2.698236,-1.094000,0.947000,-2.061000,-19.649000,-15.328000,-13.573000,28.15
2.705180,-1.010000,0.736000,-2.062000,-27.634000,-63.038000,-24.504000,28.20
2.716890,-0.751000,0.476000,-2.018000,-37.649000,-101.298000,-15.145000,28.11
2.723766,-0.527000,0.167000,-1.775000,-46.092000,-137.924000,3.863000,28.15
2.735529,0.031000,-0.094000,-1.597000,-62.153000,-134.046000,33.603000,28.15
2.747697,1.451000,-0.385000,0.575000,3.649000,-64.962000,47.985000,28.11
2.754941,2.603000,-1.010000,1.554000,61.191000,48.076000,62.198000,28.20
2.766784,3.578000,-1.341000,-0.116000,-10.534000,66.855000,7.023000,28.15
2.773608,1.373000,-0.343000,-0.177000,-35.542000,-1.863000,-5.359000,28.20
2.785884,0.822000,-0.134000,-0.221000,5.313000,0.992000,-27.573000,28.20
2.797586,1.307000,-0.391000,-0.299000,31.481000,-9.084000,-49.924000,28.15
2.804595,1.826000,-0.753000,0.145000,39.115000,-22.672000,-69.908000,28.01
2.816828,2.562000,-1.277000,1.064000,48.748000,-27.786000,-75.191000,28.20
2.823740,3.405000,-1.912000,1.760000,25.893000,-23.191000,-60.092000,28.20
2.835827,2.765000,-0.548000,0.346000,-54.061000,0.305000,-0.870000,28.15
2.847625,-0.799000,1.175000,-0.868000,11.008000,-75.176000,-30.473000,28.20
2.854695,0.333000,-0.106000,-1.380000,-13.832000,-38.168000,9.527000,28.11
2.866750,0.739000,0.330000,-0.789000,25.496000,-60.046000,5.863000,28.15
2.874011,0.490000,-0.451000,-0.931000,-1.725000,-15.405000,7.115000,28.15
2.885993,0.425000,0.025000,-0.938000,3.237000,-29.588000,5.176000,28.11
2.897843,0.594000,-0.100000,-0.870000,5.878000,-17.817000,0.824000,28.20
2.905102,0.592000,-0.313000,-0.871000,-9.099000,-3.878000,-5.924000,28.06
2.917181,0.582000,-0.053000,-0.877000,-9.954000,-6.382000,-11.511000,28.20
2.923886,0.501000,0.074000,-0.876000,-10.565000,2.580000,-11.069000,28.01
2.936401,0.597000,0.091000,-0.816000,-6.305000,3.053000,-8.168000,28.15
2.948383,0.618000,0.119000,-0.793000,-0.931000,2.626000,-2.534000,28.25
2.956185,0.613000,0.120000,-0.788000,3.527000,4.565000,2.595000,28.11
2.968354,0.599000,0.088000,-0.810000,9.130000,2.855000,5.603000,28.20
2.975495,0.586000,-0.005000,-0.818000,12.412000,0.122000,6.687000,28.15
2.987746,0.553000,-0.048000,-0.869000,8.000000,7.420000,7.710000,28.06
2.994919,0.517000,-0.039000,-0.883000,6.580000,12.458000,6.916000,28.11
3.007066,0.553000,-0.021000,-0.843000,6.244000,15.557000,7.115000,28.15
3.014240,0.567000,-0.055000,-0.813000,4.687000,17.450000,6.718000,28.15
3.026500,0.566000,-0.050000,-0.830000,2.107000,18.122000,6.870000,28.11
3.038421,0.571000,-0.020000,-0.854000,0.504000,23.908000,7.435000,28.20
3.045664,0.575000,-0.000000,-0.885000,0.336000,28.336000,7.939000,28.15
3.057964,0.579000,0.083000,-0.864000,-0.504000,34.397000,7.664000,28.15
3.064997,0.500000,0.107000,-0.835000,5.542000,34.687000,10.351000,28.20
3.077255,0.405000,0.061000,-0.866000,10.336000,38.046000,11.069000,28.15
3.084037,0.335000,-0.003000,-0.931000,7.496000,52.656000,13.389000,28.25
3.096469,0.390000,0.047000,-0.950000,13.618000,64.305000,15.511000,28.20
3.102285,0.353000,0.129000,-1.095000,6.397000,84.641000,29.221000,28.11
3.115635,0.322000,0.190000,-1.100000,-10.366000,77.420000,41.160000,28.15
3.127663,0.169000,0.813000,-1.280000,-19.298000,82.840000,48.183000,28.15
3.135043,0.088000,0.939000,-1.441000,6.321000,57.481000,29.023000,28.11
3.146707,-0.212000,0.956000,-1.400000,16.580000,27.282000,-0.458000,28.11
3.153852,-0.323000,0.989000,-1.417000,11.634000,22.412000,-28.992000,28.25
3.165903,-0.332000,0.891000,-1.473000,9.450000,4.595000,-49.832000,28.20
3.178038,-0.282000,0.727000,-1.506000,4.824000,-20.519000,-55.863000,28.20
3.184930,-0.199000,0.572000,-1.499000,-5.359000,-33.435000,-49.710000,28.15
3.196753,-0.081000,0.389000,-1.401000,-14.168000,-45.664000,-36.000000,28.11
3.208559,0.171000,0.155000,-1.266000,-17.908000,-51.618000,-19.023000,28.20
3.215389,0.388000,-0.031000,-1.013000,-16.015000,-51.786000,-0.305000,28.11
3.227354,0.815000,-0.310000,-0.540000,-0.824000,-30.458000,13.466000,28.15
3.234527,1.263000,-0.625000,-0.322000,2.412000,-8.321000,17.817000,28.15
3.246367,1.167000,-0.671000,-0.381000,-10.275000,2.305000,18.962000,28.20
3.258409,0.965000,-0.577000,-0.543000,-29.344000,12.489000,22.015000,28.15
3.265582,0.705000,-0.394000,-0.696000,-44.687000,11.023000,31.160000,28.15
3.277168,0.552000,-0.221000,-0.828000,-54.366000,9.053000,40.748000,28.11
3.284691,0.441000,-0.008000,-0.996000,-61.740000,8.397000,47.298000,28.20
3.297187,0.346000,0.213000,-1.057000,-66.198000,0.931000,44.687000,28.06
3.308470,0.247000,0.410000,-1.097000,-66.260000,-4.397000,31.939000,28.20
3.315823,0.241000,0.486000,-1.107000,-59.618000,-7.313000,15.511000,28.11
3.327720,0.266000,0.248000,-0.879000,-33.771000,-15.237000,5.252000,28.06
3.334655,0.523000,-0.187000,-0.741000,-20.397000,-11.908000,-0.061000,28.15
3.346554,0.762000,-0.570000,-0.478000,-13.939000,-6.031000,6.305000,28.20
3.358429,1.002000,-0.810000,-0.266000,-6.489000,-0.336000,24.183000,28.11
3.365879,1.387000,-1.078000,-0.065000,-4.198000,3.496000,41.145000,28.15
3.377913,1.742000,-1.146000,0.122000,-8.473000,1.237000,50.061000,28.06
3.385303,2.129000,-1.126000,0.524000,-3.649000,-2.015000,47.496000,28.20
3.397036,2.646000,-1.201000,0.760000,-9.084000,-1.176000,27.130000,28.15
3.404497,2.859000,-1.300000,1.103000,11.710000,-8.641000,-0.183000,28.15
3.415960,1.384000,-0.727000,-0.791000,-15.115000,-34.550000,-15.557000,28.11
3.428138,0.053000,0.292000,-0.942000,-9.374000,-30.229000,-16.962000,28.11
3.434892,0.733000,0.487000,-0.802000,1.130000,-49.695000,-6.321000,28.15
3.447295,0.577000,0.014000,-0.825000,6.366000,-29.084000,0.779000,28.15
3.454159,0.477000,-0.188000,-0.889000,5.160000,-28.916000,-0.351000,28.20
3.466312,0.545000,-0.109000,-0.867000,-1.893000,-23.664000,-3.099000,28.15
3.478238,0.532000,-0.017000,-0.874000,-4.855000,-16.031000,-4.168000,28.06
3.485197,0.554000,-0.029000,-0.866000,-2.366000,-14.275000,-4.366000,28.20
3.496930,0.557000,-0.047000,-0.851000,-3.328000,-10.076000,-4.534000,28.20
3.503966,0.558000,-0.039000,-0.831000,-3.924000,-6.794000,-5.405000,28.15
3.516153,0.592000,-0.029000,-0.816000,-4.962000,-4.840000,-5.740000,28.15
3.528219,0.579000,0.002000,-0.822000,-4.885000,-4.931000,-5.893000,28.20
3.535461,0.582000,0.062000,-0.815000,-4.000000,-2.870000,-4.672000,28.06
3.547563,0.573000,0.043000,-0.839000,-1.878000,-3.634000,-3.664000,28.15
3.554521,0.584000,-0.009000,-0.852000,-2.809000,-0.504000,-3.099000,28.20
3.566523,0.575000,-0.026000,-0.849000,-5.344000,1.359000,-2.763000,28.20
3.573921,0.565000,0.020000,-0.826000,-5.069000,3.282000,-1.832000,28.15
3.585958,0.559000,0.022000,-0.822000,-3.191000,3.527000,-0.489000,28.20
3.598040,0.566000,0.024000,-0.817000,-1.420000,3.695000,1.084000,28.20
3.605846,0.559000,0.012000,-0.816000,0.061000,2.718000,2.427000,28.11
3.617886,0.571000,-0.007000,-0.816000,-0.748000,3.038000,3.023000,28.15
3.624886,0.574000,-0.027000,-0.807000,-2.275000,3.817000,3.359000,28.15
3.637149,0.554000,-0.022000,-0.806000,-2.321000,3.802000,2.916000,28.11
3.644358,0.576000,-0.040000,-0.837000,-4.214000,4.580000,1.786000,28.15
3.656450,0.573000,-0.031000,-0.814000,-6.870000,3.573000,1.328000,28.15
3.663935,0.543000,0.026000,-0.792000,-5.160000,2.137000,1.832000,28.11
3.676251,0.549000,0.047000,-0.784000,-1.328000,1.679000,2.947000,28.11
3.688471,0.551000,0.021000,-0.820000,1.313000,2.473000,3.969000,28.15
3.695539,0.552000,0.015000,-0.794000,4.901000,1.573000,5.237000,28.11
3.707862,0.556000,0.042000,-0.799000,7.405000,0.718000,6.336000,28.20
3.715210,0.551000,0.008000,-0.808000,10.626000,0.122000,7.420000,28.15
3.727533,0.564000,-0.029000,-0.818000,11.557000,-0.443000,8.183000,28.25
3.734856,0.549000,0.009000,-0.812000,12.412000,1.664000,8.137000,28.20
3.746735,0.533000,-0.002000,-0.828000,14.168000,3.756000,9.008000,28.20
3.754419,0.545000,0.011000,-0.819000,15.710000,7.664000,9.893000,28.25
3.766133,0.515000,-0.007000,-0.804000,14.565000,10.901000,10.779000,28.11
3.778248,0.541000,-0.014000,-0.851000,17.817000,12.779000,10.443000,28.20
3.785347,0.500000,-0.047000,-0.895000,16.840000,19.954000,9.435000,28.15
3.797426,0.485000,0.001000,-0.916000,16.275000,27.893000,6.824000,28.15
3.805009,0.471000,0.053000,-0.928000,15.756000,39.389000,6.962000,28.11
3.816839,0.481000,0.021000,-0.896000,17.542000,50.031000,8.046000,28.11
3.823899,0.441000,0.079000,-0.950000,16.076000,62.183000,9.466000,28.15
3.836249,0.440000,0.099000,-0.972000,14.916000,79.527000,12.076000,28.20
3.848097,0.309000,0.184000,-1.200000,18.458000,115.557000,26.000000,28.11
3.855176,0.589000,-0.029000,-1.090000,21.420000,125.084000,43.130000,28.06
3.867419,0.471000,0.264000,-1.050000,21.191000,154.947000,51.649000,28.20
3.874317,0.650000,0.255000,-1.108000,48.840000,143.298000,56.779000,28.20
3.886472,0.524000,0.073000,-1.075000,57.664000,139.145000,60.122000,28.11
3.898113,0.234000,0.412000,-1.279000,47.847000,143.176000,48.351000,28.15
3.905417,0.040000,0.656000,-1.471000,49.008000,111.435000,26.855000,28.11
3.917271,-0.185000,0.867000,-1.480000,51.160000,80.595000,-4.031000,28.11
3.924517,-0.168000,0.912000,-1.475000,41.450000,56.641000,-34.198000,28.15
3.936398,-0.160000,0.919000,-1.442000,32.824000,32.336000,-63.099000,28.15
3.948303,-0.111000,0.826000,-1.399000,24.550000,4.809000,-88.214000,28.20
3.955379,-0.071000,0.727000,-1.339000,17.252000,-20.519000,-104.916000,28.11
3.967166,0.009000,0.551000,-1.293000,6.641000,-34.473000,-113.053000,28.15
3.973867,0.110000,0.376000,-1.232000,0.641000,-49.008000,-112.275000,28.11
3.985942,0.255000,0.215000,-1.177000,-5.237000,-56.855000,-103.939000,28.29
3.997566,0.369000,0.064000,-1.110000,-7.298000,-65.573000,-89.405000,28.25
4.004527,0.462000,-0.029000,-1.048000,-11.893000,-74.015000,-78.672000,28.25
4.016334,0.436000,-0.037000,-0.930000,-14.824000,-78.458000,-68.489000,28.11
4.028192,0.508000,-0.055000,-0.893000,-19.817000,-71.450000,-57.847000,28.20
4.035125,0.644000,-0.112000,-0.858000,-17.099000,-72.656000,-43.420000,28.15
4.046949,0.596000,-0.113000,-0.801000,-14.290000,-71.405000,-32.153000,28.06
4.052618,0.698000,-0.152000,-0.830000,-13.405000,-63.740000,-12.427000,28.11
4.065556,0.682000,-0.256000,-0.793000,-18.366000,-64.855000,-0.794000,28.15
4.077465,0.701000,-0.186000,-0.824000,-33.481000,-59.496000,7.435000,28.06
4.084234,0.663000,-0.019000,-0.782000,-39.359000,-48.794000,11.924000,28.20
4.096432,0.648000,0.065000,-0.765000,-28.611000,-49.969000,13.099000,28.11
4.108202,0.682000,0.019000,-0.775000,-27.405000,-41.786000,9.679000,28.15
4.115305,0.913000,0.080000,-0.728000,-17.573000,-17.160000,7.939000,28.15
4.127643,0.859000,-0.096000,-0.373000,-2.397000,-7.344000,5.725000,28.20
4.134580,1.112000,-0.239000,-0.574000,-6.718000,0.702000,-3.847000,28.11
4.146595,0.939000,-0.076000,-0.737000,-16.580000,6.046000,-19.237000,28.06
4.158453,0.733000,0.082000,-0.889000,-18.687000,-3.450000,-33.634000,28.11
4.165726,0.622000,0.156000,-1.035000,-19.481000,-9.023000,-44.107000,28.20
4.177416,0.594000,0.148000,-1.084000,-7.252000,-30.885000,-48.321000,28.15
4.184198,0.503000,0.001000,-1.096000,-1.206000,-48.305000,-49.679000,28.15
4.196084,0.401000,-0.120000,-1.063000,-3.588000,-58.473000,-47.450000,28.11
4.207936,0.391000,-0.228000,-0.948000,-6.779000,-54.092000,-38.214000,28.01
4.214908,0.420000,-0.274000,-0.862000,-8.046000,-50.931000,-25.725000,28.25
4.226876,0.506000,-0.230000,-0.892000,-13.176000,-44.840000,-15.847000,28.15
4.232637,0.615000,-0.220000,-0.844000,-20.321000,-41.359000,-9.756000,28.11
4.245604,0.768000,-0.191000,-0.875000,-26.031000,-44.779000,-11.053000,28.20
4.257190,0.840000,-0.159000,-0.834000,-30.702000,-54.427000,-13.634000,28.06
4.264203,0.909000,-0.223000,-0.725000,-31.740000,-63.313000,-17.176000,28.11
4.275938,0.931000,-0.262000,-0.567000,-29.511000,-67.893000,-16.733000,28.11
4.287680,0.868000,-0.310000,-0.400000,-26.504000,-63.847000,-14.519000,28.15
4.294664,0.871000,-0.328000,-0.259000,-26.443000,-51.389000,-11.069000,28.06
4.306354,0.855000,-0.339000,-0.191000,-26.855000,-34.947000,-8.565000,28.11
4.318315,0.844000,-0.389000,-0.103000,-27.344000,-19.008000,-3.924000,28.20
4.332136,0.937000,-0.486000,-0.041000,-28.198000,0.931000,-0.366000,28.15
4.337189,1.105000,-0.489000,0.105000,-24.351000,10.763000,13.496000,28.15
4.343942,1.373000,-0.672000,0.441000,-6.901000,18.855000,30.183000,28.20
4.356242,1.728000,-0.983000,1.059000,7.725000,41.802000,65.496000,28.11
4.362013,2.667000,-1.784000,2.389000,1.344000,116.611000,91.160000,28.15
4.375752,2.407000,0.594000,-0.278000,-66.290000,255.344000,82.366000,28.11
4.390299,3.868000,1.490000,-2.955000,-52.275000,256.336000,82.565000,28.20
4.394684,0.736000,0.145000,-0.418000,189.084000,-211.237000,27.405000,28.15
4.406415,0.646000,-0.739000,-1.340000,97.557000,-11.939000,22.534000,28.06
4.418468,0.900000,-0.615000,-1.123000,-8.229000,85.496000,19.191000,28.11
4.425308,0.674000,0.154000,-0.908000,41.618000,-25.237000,1.664000,28.11
4.437495,0.618000,-0.103000,-0.894000,44.351000,-32.290000,2.412000,28.15
4.444853,0.698000,-0.031000,-0.873000,12.183000,15.313000,1.634000,28.15
4.456633,0.619000,-0.156000,-0.853000,17.542000,-10.702000,-2.885000,28.11
4.463724,0.541000,-0.050000,-0.874000,9.160000,-8.763000,-7.176000,28.20
4.475895,0.580000,-0.032000,-0.868000,0.244000,7.511000,-8.824000,28.15
4.487886,0.620000,-0.056000,-0.881000,-2.397000,2.992000,-9.466000,28.06
4.495210,0.572000,0.022000,-0.845000,-4.519000,5.466000,-7.985000,28.11
4.507324,0.567000,0.036000,-0.851000,-5.954000,11.389000,-4.748000,28.06
4.514609,0.610000,0.076000,-0.819000,-3.481000,9.298000,-0.901000,28.15
4.526846,0.573000,0.049000,-0.823000,-2.901000,9.908000,2.122000,28.11
4.534041,0.576000,0.010000,-0.819000,-3.084000,11.710000,3.344000,28.11
4.546312,0.570000,-0.001000,-0.816000,-2.473000,10.656000,2.840000,28.15
4.558249,0.554000,0.004000,-0.829000,-3.191000,12.977000,3.115000,28.15
4.565583,0.564000,-0.008000,-0.817000,-2.794000,12.840000,3.053000,28.20
4.577506,0.579000,-0.006000,-0.807000,-3.069000,12.000000,2.565000,28.06
4.584811,0.569000,0.005000,-0.803000,-3.237000,11.710000,2.443000,28.15
4.596695,0.581000,0.019000,-0.793000,-2.260000,10.687000,2.275000,28.11
4.603937,0.591000,0.020000,-0.785000,-1.176000,8.000000,2.489000,28.20
4.616325,0.589000,0.028000,-0.780000,-0.321000,6.290000,3.145000,28.15
4.623766,0.595000,0.022000,-0.777000,1.649000,3.252000,3.786000,28.15
4.636245,0.572000,0.016000,-0.818000,2.489000,2.611000,4.412000,28.11
4.648309,0.558000,0.037000,-0.802000,2.931000,3.389000,4.855000,28.01
4.655637,0.564000,0.016000,-0.819000,5.084000,3.221000,5.481000,28.06
4.672142,0.556000,-0.013000,-0.828000,4.550000,6.305000,5.603000,28.20
4.675131,0.570000,-0.009000,-0.812000,4.855000,4.931000,5.405000,28.20
4.687153,0.580000,-0.008000,-0.817000,4.427000,5.954000,4.534000,28.15
4.694194,0.591000,-0.001000,-0.801000,4.550000,7.344000,4.580000,28.11
4.706719,0.595000,0.006000,-0.815000,5.481000,8.504000,4.763000,28.11
4.713726,0.599000,-0.004000,-0.835000,5.786000,12.107000,5.069000,28.11
4.726199,0.580000,0.021000,-0.824000,6.885000,14.992000,6.153000,28.06
4.733207,0.569000,-0.029000,-0.852000,8.473000,15.176000,6.504000,28.15
4.745575,0.549000,-0.034000,-0.895000,8.260000,23.008000,5.053000,28.11
4.757917,0.534000,0.071000,-0.923000,9.985000,32.519000,4.534000,28.15
4.764908,0.491000,0.008000,-0.944000,12.595000,45.634000,4.641000,28.15
4.777218,0.509000,-0.029000,-0.955000,15.634000,59.008000,1.557000,28.11
4.783965,0.527000,-0.138000,-0.888000,14.885000,68.458000,-5.893000,28.20
4.796524,0.376000,0.168000,-1.076000,4.473000,85.466000,2.656000,28.06
4.803456,0.405000,-0.091000,-1.024000,25.618000,100.366000,0.137000,28.11
4.815543,0.570000,-0.110000,-0.979000,12.260000,116.137000,0.412000,28.11
4.827960,0.701000,-0.034000,-0.989000,13.863000,136.321000,6.351000,28.15
4.834583,0.724000,-0.002000,-0.873000,16.244000,142.626000,11.756000,28.15
4.846934,0.729000,0.028000,-0.904000,9.405000,143.756000,17.893000,28.11
4.853846,0.618000,0.225000,-1.077000,5.038000,146.336000,27.328000,28.11
4.866147,-0.056000,0.667000,-1.647000,6.260000,130.595000,23.618000,28.15
4.878270,-0.893000,0.982000,-2.031000,15.313000,71.191000,8.198000,28.06
4.884905,-1.243000,1.010000,-2.223000,10.977000,7.191000,-14.489000,28.20
4.897350,-1.336000,0.918000,-2.101000,0.382000,-48.733000,-30.687000,28.15
4.903921,-0.858000,0.580000,-1.975000,-21.267000,-74.656000,-33.160000,28.25
4.915518,-0.219000,0.435000,-1.730000,-30.840000,-104.931000,-25.634000,28.11
4.927479,0.200000,0.372000,-1.399000,-28.580000,-120.962000,-19.664000,28.20
4.934074,0.387000,0.288000,-1.135000,-24.489000,-126.748000,-12.626000,28.06
4.946275,0.615000,0.135000,-1.019000,-30.137000,-108.244000,-10.763000,28.15
4.957990,0.816000,0.158000,-0.914000,-24.489000,-109.466000,-5.099000,28.11
4.964920,0.687000,0.092000,-0.801000,-16.870000,-106.046000,-3.282000,28.11
4.976662,0.857000,0.073000,-0.836000,-24.046000,-78.824000,-4.885000,28.15
4.983585,1.030000,-0.030000,-0.771000,-22.565000,-81.344000,-7.985000,28.06
4.995620,1.096000,-0.045000,-0.168000,-4.916000,-54.672000,-15.740000,28.11
5.007404,1.421000,-0.401000,0.123000,20.336000,-14.031000,-21.099000,28.06
5.014399,2.203000,-0.251000,1.057000,155.053000,-17.786000,-90.137000,28.06
5.026199,1.683000,-0.831000,-0.325000,103.618000,11.649000,-151.069000,28.11
5.038064,1.185000,-0.634000,-1.160000,7.511000,-17.786000,-122.534000,28.11
5.045453,0.042000,-0.108000,-0.706000,5.939000,26.580000,-59.344000,28.06
5.057078,0.207000,-0.331000,-0.833000,28.840000,-22.443000,-22.885000,28.06
5.063762,0.494000,-0.317000,-0.904000,-1.023000,15.954000,0.931000,28.11
5.088688,0.524000,-0.274000,-0.845000,-5.664000,1.695000,11.359000,28.11
5.090256,0.590000,-0.164000,-0.751000,0.244000,-7.344000,21.542000,28.15
5.097395,0.703000,-0.083000,-0.705000,-0.885000,1.924000,30.870000,28.11
5.107475,0.827000,0.017000,-0.683000,-7.221000,2.107000,36.214000,28.11
5.114237,0.901000,0.122000,-0.638000,-11.878000,-3.664000,35.206000,28.15
5.126468,0.941000,0.166000,-0.664000,-21.099000,3.069000,30.015000,28.06
5.133242,0.891000,0.142000,-0.661000,-27.496000,-3.924000,21.099000,28.01
5.145626,0.817000,0.131000,-0.638000,-31.786000,-8.977000,13.573000,28.01
5.157702,0.814000,0.054000,-0.557000,-32.290000,-6.061000,7.023000,28.06
5.164460,0.955000,-0.148000,-0.520000,-33.847000,-7.176000,2.885000,28.11
5.176709,1.092000,-0.337000,-0.416000,-34.763000,-7.649000,2.458000,28.20
5.183406,1.192000,-0.463000,-0.156000,-32.244000,-5.802000,7.191000,28.15
5.195798,1.356000,-0.580000,0.145000,-18.275000,1.115000,15.191000,28.20
5.207952,1.728000,-0.740000,0.491000,0.076000,14.794000,20.198000,28.20
5.214967,2.460000,-0.838000,0.846000,18.092000,16.275000,21.817000,28.11
5.227504,3.082000,-0.900000,1.204000,30.550000,1.710000,6.611000,28.15
5.234154,1.626000,-0.214000,-0.681000,3.435000,-46.214000,-7.740000,28.06
5.246611,-0.161000,0.198000,-0.971000,3.191000,-56.015000,-8.061000,28.01
5.253582,0.212000,0.513000,-0.981000,0.061000,-56.687000,4.519000,28.06
5.265506,0.538000,-0.212000,-0.980000,3.176000,-26.779000,-0.489000,28.15
5.277875,0.402000,-0.399000,-1.036000,-4.702000,-33.908000,-6.427000,28.20
5.284299,0.533000,0.023000,-0.923000,-12.275000,-14.168000,-11.313000,28.11
5.296336,0.655000,-0.130000,-0.857000,-12.458000,-6.885000,-12.840000,28.15
5.308197,0.581000,-0.073000,-0.874000,-14.580000,-5.832000,-16.824000,28.11
5.315429,0.573000,0.103000,-0.844000,-15.237000,1.634000,-15.817000,28.11
5.327332,0.598000,0.147000,-0.795000,-10.733000,8.763000,-10.840000,28.11
5.334630,0.615000,0.135000,-0.775000,-4.458000,5.618000,-4.427000,28.06
5.346881,0.647000,0.150000,-0.769000,0.336000,6.626000,1.985000,28.15
5.354283,0.634000,0.052000,-0.778000,5.542000,4.779000,4.229000,28.11
5.366646,0.578000,-0.019000,-0.807000,6.214000,6.534000,3.221000,28.11
5.373850,0.584000,-0.018000,-0.812000,6.214000,8.504000,2.504000,28.06
5.386460,0.588000,-0.024000,-0.816000,7.786000,5.679000,2.107000,28.11
5.398237,0.583000,-0.044000,-0.836000,7.023000,2.458000,2.565000,28.11
5.405855,0.588000,-0.032000,-0.837000,5.618000,2.137000,3.542000,28.06
5.418074,0.565000,-0.034000,-0.820000,3.695000,2.305000,4.565000,28.11
5.425365,0.583000,-0.030000,-0.801000,3.908000,2.168000,4.901000,28.20
5.437534,0.584000,-0.027000,-0.809000,4.595000,1.008000,4.763000,28.11
5.445131,0.574000,-0.022000,-0.808000,4.947000,0.229000,4.870000,28.06
5.457237,0.573000,0.010000,-0.839000,5.115000,2.656000,5.450000,28.15
5.464473,0.560000,0.038000,-0.854000,7.237000,5.206000,7.145000,28.11
5.477010,0.560000,0.035000,-0.813000,9.359000,7.237000,8.534000,28.15
5.484356,0.573000,0.005000,-0.829000,10.336000,8.626000,9.664000,28.15
5.496305,0.548000,0.058000,-0.854000,9.145000,15.939000,10.427000,28.11
5.508656,0.520000,0.100000,-0.843000,12.672000,21.664000,12.153000,28.20
5.515301,0.506000,-0.021000,-0.862000,18.214000,21.527000,10.962000,28.06
5.527522,0.472000,-0.052000,-0.864000,13.603000,31.649000,8.458000,28.11
5.535025,0.413000,0.028000,-0.946000,10.458000,40.458000,8.855000,28.11
5.546847,0.419000,0.007000,-0.977000,13.466000,52.916000,7.740000,28.11
5.554302,0.423000,-0.066000,-0.993000,6.779000,74.916000,9.466000,28.15
5.566312,0.363000,-0.054000,-1.087000,0.015000,92.565000,21.557000,28.15
5.578231,0.282000,0.355000,-1.191000,-32.931000,119.511000,50.031000,28.11
5.585164,0.440000,0.743000,-1.277000,-21.344000,114.779000,55.603000,28.15
5.597381,-0.091000,0.846000,-1.536000,0.290000,91.588000,43.924000,28.06
5.604478,-0.472000,0.839000,-1.658000,4.992000,65.130000,19.328000,28.11
5.616350,-0.659000,0.914000,-1.730000,-4.137000,43.420000,-8.565000,28.11
5.628128,-0.773000,0.864000,-1.818000,-15.282000,16.229000,-33.481000,28.15
5.635229,-0.810000,0.709000,-1.835000,-23.191000,-24.366000,-49.771000,28.11
5.646807,-0.690000,0.443000,-1.845000,-36.779000,-55.985000,-51.160000,28.20
5.653657,-0.590000,0.182000,-1.784000,-47.481000,-82.076000,-37.985000,28.11
5.665257,-0.242000,-0.079000,-1.751000,-52.748000,-109.756000,-6.870000,28.15
5.677277,0.136000,-0.366000,-1.526000,-64.046000,-116.229000,23.267000,28.11
5.683861,1.734000,-0.200000,-0.731000,-38.611000,-79.313000,41.603000,28.11
5.696144,1.727000,-0.702000,1.082000,28.824000,-18.000000,55.191000,28.15
5.708048,2.501000,-0.704000,0.194000,5.435000,79.252000,36.504000,28.06
5.715298,1.539000,-0.275000,-0.687000,-14.672000,34.458000,-6.244000,28.11
5.727205,0.516000,0.269000,-0.816000,-12.779000,13.344000,-29.740000,28.11
5.734379,0.280000,0.384000,-0.831000,6.504000,15.328000,-38.565000,28.15
5.746428,0.444000,0.014000,-0.997000,11.221000,5.328000,-42.977000,28.11
5.758199,0.465000,-0.218000,-1.001000,-0.244000,-12.931000,-47.053000,28.11
5.765343,0.597000,-0.345000,-0.668000,0.779000,-22.733000,-38.733000,28.06
5.777199,1.023000,-0.576000,-0.331000,5.466000,-18.382000,-20.412000,28.06
5.784133,1.470000,-0.826000,0.093000,7.664000,-19.969000,-2.260000,28.20
5.796548,1.979000,-0.930000,0.502000,4.061000,-13.267000,16.519000,28.11
5.808396,2.621000,-1.005000,0.994000,7.176000,-12.153000,25.481000,28.06
5.815695,3.242000,-0.914000,1.470000,11.160000,-4.427000,18.412000,28.15
5.827914,2.476000,-0.571000,0.241000,2.061000,-4.992000,-7.847000,28.20
5.834742,0.047000,-0.047000,-0.895000,15.511000,-61.053000,-19.237000,28.15
5.846494,0.147000,0.164000,-1.101000,-11.084000,-28.046000,-0.397000,28.06
5.853954,0.585000,0.246000,-0.827000,5.313000,-37.832000,3.206000,28.11
5.866049,0.584000,-0.144000,-0.853000,-3.939000,-15.450000,0.962000,28.11
5.877870,0.396000,-0.118000,-0.947000,-1.115000,-26.397000,-2.000000,28.15
5.885084,0.446000,0.024000,-0.886000,-8.122000,-5.710000,-2.840000,28.06
5.896969,0.612000,-0.022000,-0.824000,-4.244000,-10.565000,-3.908000,28.11
5.903930,0.663000,-0.013000,-0.790000,-2.137000,-10.992000,-3.298000,28.11
5.916017,0.593000,-0.122000,-0.813000,-3.710000,-11.679000,-5.573000,28.15
5.927753,0.512000,-0.082000,-0.855000,-9.282000,-8.580000,-8.534000,28.11
5.935063,0.573000,0.006000,-0.844000,-8.931000,-7.160000,-9.420000,28.11
5.946957,0.562000,0.019000,-0.813000,-6.718000,-5.847000,-8.107000,28.15
5.954169,0.607000,0.054000,-0.794000,-5.374000,-3.176000,-6.565000,28.06
5.966226,0.615000,0.062000,-0.788000,-2.031000,-2.962000,-3.863000,28.11
5.978548,0.594000,0.025000,-0.814000,1.771000,-2.870000,-1.634000,28.11
5.985734,0.595000,-0.003000,-0.812000,2.626000,-2.947000,-1.313000,28.06
5.997635,0.573000,-0.023000,-0.829000,2.382000,-2.290000,-1.725000,28.06
6.004756,0.558000,-0.023000,-0.832000,1.221000,-0.977000,-2.336000,28.11
6.017232,0.550000,-0.009000,-0.844000,0.519000,0.748000,-2.427000,28.06
6.024455,0.543000,0.023000,-0.816000,0.397000,2.046000,-2.153000,28.20
6.037019,0.534000,0.001000,-0.838000,0.550000,4.076000,-1.863000,28.11
6.043855,0.556000,-0.003000,-0.820000,0.015000,5.344000,-1.588000,28.20
6.055997,0.565000,0.007000,-0.811000,0.962000,4.534000,-1.053000,28.15
6.068486,0.575000,0.003000,-0.805000,1.634000,3.725000,-0.687000,28.06
6.075401,0.574000,-0.003000,-0.817000,3.145000,1.588000,-0.290000,28.11
6.088173,0.572000,0.016000,-0.821000,2.977000,0.947000,0.748000,28.15
6.094888,0.569000,-0.004000,-0.811000,4.183000,1.008000,1.252000,28.15
6.107319,0.557000,-0.001000,-0.812000,5.038000,-1.038000,1.939000,28.11
6.114505,0.547000,-0.002000,-0.809000,6.198000,-0.824000,2.962000,28.11
6.126793,0.543000,-0.010000,-0.832000,6.565000,0.321000,3.176000,28.06
6.134255,0.529000,0.004000,-0.839000,6.992000,2.672000,4.000000,28.11
6.146359,0.531000,0.005000,-0.832000,8.321000,3.298000,4.382000,28.20
6.152338,0.534000,-0.017000,-0.830000,8.015000,6.977000,4.794000,28.11
6.165942,0.550000,0.001000,-0.843000,8.580000,10.489000,4.794000,28.06
6.177863,0.527000,0.020000,-0.853000,10.580000,12.931000,6.733000,28.06
6.185172,0.501000,0.015000,-0.832000,12.015000,17.282000,7.588000,28.11
6.197239,0.518000,-0.052000,-0.934000,13.298000,15.618000,7.573000,28.11
6.204664,0.460000,0.019000,-0.866000,12.947000,23.725000,6.137000,28.06
6.216521,0.544000,-0.028000,-0.896000,13.038000,32.260000,7.740000,28.11
6.223999,0.444000,-0.023000,-0.943000,9.893000,45.405000,7.389000,28.11
6.236083,0.397000,0.126000,-1.059000,7.313000,71.176000,10.137000,28.15
6.248133,0.492000,0.078000,-1.081000,10.595000,92.427000,13.695000,28.11
6.254982,0.473000,0.112000,-1.036000,26.931000,133.145000,20.412000,28.11
6.267076,0.350000,0.027000,-1.199000,23.115000,168.214000,33.282000,28.11
6.277006,0.601000,-0.063000,-1.202000,35.237000,180.214000,38.229000,28.06
6.285689,0.584000,-0.057000,-1.080000,43.618000,200.321000,43.359000,28.15
6.297911,0.681000,-0.177000,-0.996000,56.366000,208.962000,42.153000,28.11
6.306330,0.753000,-0.099000,-1.005000,57.023000,216.489000,40.382000,28.11
6.316783,0.702000,-0.011000,-0.939000,61.710000,214.366000,35.206000,28.15
6.326217,0.818000,0.093000,-0.993000,56.290000,214.840000,34.427000,28.20
6.335668,0.958000,0.055000,-1.409000,34.519000,192.519000,19.450000,28.11
6.347977,0.382000,0.610000,-1.401000,31.435000,157.191000,9.969000,28.15
6.355241,-0.175000,0.873000,-1.631000,34.855000,112.473000,-22.153000,28.11
6.367575,-0.477000,1.089000,-1.751000,26.031000,70.137000,-51.252000,28.11
6.375631,-0.619000,1.043000,-1.799000,25.878000,18.351000,-78.382000,28.11
6.385894,-0.696000,0.880000,-1.808000,14.794000,-22.733000,-92.214000,28.15
6.397606,-0.573000,0.669000,-1.790000,0.076000,-63.145000,-92.748000,28.06
6.404047,-0.439000,0.461000,-1.745000,-15.176000,-101.206000,-81.282000,28.11
6.415825,-0.197000,0.200000,-1.661000,-25.527000,-139.939000,-61.557000,28.15
6.427804,-0.043000,0.073000,-1.522000,-38.565000,-169.954000,-40.656000,28.15
6.435200,0.104000,0.027000,-1.395000,-51.344000,-187.298000,-23.511000,28.11
6.446261,0.291000,0.013000,-1.311000,-61.969000,-199.328000,-10.855000,28.11
6.459481,0.361000,0.052000,-1.189000,-67.313000,-204.779000,-4.626000,28.06
6.464658,0.611000,-0.064000,-1.214000,-75.405000,-192.229000,-5.740000,28.11
6.476775,1.006000,0.229000,-0.991000,-69.786000,-196.031000,-7.725000,28.20
6.484351,0.912000,0.246000,-0.959000,-41.237000,-189.969000,-10.641000,28.11
6.498118,0.926000,0.248000,-0.828000,-15.908000,-175.069000,-3.023000,28.06
6.507609,1.184000,0.094000,-0.739000,-9.191000,-121.939000,2.687000,28.01
6.515248,1.825000,-0.169000,0.765000,32.809000,-50.046000,0.290000,28.11
6.527591,2.515000,-0.516000,0.762000,68.809000,24.305000,-23.908000,28.15
6.533745,2.432000,-0.799000,-0.117000,16.733000,45.221000,-53.817000,28.06
6.546002,1.583000,-0.369000,-0.547000,-17.756000,6.244000,-74.809000,28.11
6.558675,0.878000,-0.076000,-0.707000,-28.565000,-14.473000,-78.397000,28.20
6.564682,0.734000,0.045000,-0.951000,-31.221000,-21.237000,-72.382000,28.15
6.576727,0.787000,-0.176000,-1.106000,-34.382000,-45.389000,-64.427000,28.11
6.587933,0.456000,-0.136000,-1.013000,-30.565000,-77.344000,-54.595000,28.11
6.595086,0.376000,-0.210000,-0.979000,-29.969000,-69.725000,-39.618000,28.06
6.606528,0.406000,-0.256000,-0.936000,-22.916000,-67.099000,-21.893000,28.25
6.618525,0.429000,-0.284000,-0.950000,-25.008000,-68.260000,-5.786000,28.11
6.625487,0.458000,-0.237000,-0.989000,-37.450000,-62.611000,7.679000,28.11
6.637428,0.465000,-0.128000,-0.986000,-44.534000,-67.985000,18.305000,28.06
6.644330,0.497000,-0.058000,-0.956000,-50.702000,-72.412000,24.229000,28.20
6.656086,0.520000,-0.019000,-0.856000,-52.473000,-75.786000,25.573000,28.20
6.668098,0.548000,0.002000,-0.754000,-49.282000,-75.573000,23.679000,28.15
6.675055,0.578000,-0.014000,-0.657000,-47.405000,-68.198000,18.733000,28.06
6.686890,0.707000,-0.057000,-0.557000,-42.595000,-65.160000,12.031000,28.20
6.693916,0.762000,-0.025000,-0.496000,-35.802000,-55.481000,5.008000,28.11
6.705534,0.939000,-0.065000,-0.501000,-32.275000,-46.229000,-5.695000,28.06
6.717515,1.088000,-0.123000,-0.439000,-25.649000,-45.023000,-17.450000,28.06
6.725541,1.094000,-0.136000,-0.280000,-13.053000,-47.481000,-23.420000,28.11
6.736068,1.024000,-0.201000,-0.076000,1.282000,-33.924000,-27.710000,28.01
6.748197,1.087000,-0.296000,0.098000,7.924000,-8.840000,-29.053000,28.06
6.755460,1.112000,-0.324000,0.194000,12.382000,19.145000,-27.542000,28.11
6.767336,1.167000,-0.426000,0.237000,15.817000,44.168000,-23.374000,28.11
6.774518,1.342000,-0.517000,0.446000,19.328000,61.969000,-15.466000,28.15
6.786800,1.426000,-0.629000,0.829000,29.496000,93.069000,-0.458000,28.15
6.798256,1.409000,-0.688000,1.242000,48.107000,142.000000,32.672000,28.11
6.805005,1.901000,-0.415000,-1.416000,-41.466000,274.794000,58.565000,28.11
6.817179,1.619000,0.164000,-1.528000,-13.191000,123.267000,62.153000,28.06
6.824354,0.590000,-0.002000,-0.530000,99.038000,-8.015000,41.267000,28.11
6.836335,2.115000,0.237000,-1.121000,69.389000,98.153000,65.756000,28.11
6.848173,1.783000,-0.320000,-1.292000,68.244000,23.725000,28.168000,28.06
6.855176,0.831000,-0.444000,-1.062000,71.160000,-70.595000,20.901000,28.11
6.867417,0.639000,-0.058000,-0.982000,22.626000,-6.214000,6.305000,28.20
6.874411,0.742000,-0.163000,-0.928000,14.336000,2.412000,-0.870000,28.11
6.886335,0.703000,-0.088000,-0.870000,10.061000,-15.832000,-3.130000,28.06
6.893484,0.598000,-0.013000,-0.828000,0.794000,-1.908000,-5.481000,28.15
6.905674,0.613000,-0.044000,-0.834000,-1.908000,-2.489000,-6.260000,28.11
6.917626,0.575000,-0.033000,-0.835000,-1.695000,-6.870000,-8.550000,28.15
6.924716,0.559000,-0.012000,-0.859000,-7.679000,1.298000,-9.405000,28.06
6.936825,0.561000,0.031000,-0.846000,-6.672000,1.267000,-8.504000,28.01
6.944276,0.559000,0.048000,-0.842000,-5.588000,2.718000,-6.626000,28.11
6.956640,0.563000,0.062000,-0.829000,-4.534000,5.954000,-4.504000,28.06
6.963805,0.570000,0.060000,-0.812000,-1.786000,5.023000,-2.916000,28.20
6.975708,0.547000,0.058000,-0.825000,0.519000,5.374000,-1.298000,28.11
6.988293,0.550000,0.032000,-0.827000,0.687000,6.061000,-0.214000,28.06
6.995461,0.557000,0.016000,-0.819000,1.435000,5.527000,-0.489000,28.15
7.007711,0.531000,-0.003000,-0.831000,0.977000,5.008000,0.061000,28.11
7.014970,0.550000,-0.009000,-0.817000,0.733000,3.924000,0.061000,28.11
7.027303,0.553000,0.010000,-0.799000,0.748000,2.794000,0.092000,28.06
7.034747,0.533000,0.007000,-0.823000,0.977000,1.649000,-0.031000,28.06
7.046982,0.552000,0.009000,-0.816000,1.191000,1.832000,0.305000,28.11
7.054275,0.564000,0.021000,-0.806000,1.832000,0.565000,0.504000,28.06
7.066494,0.562000,0.024000,-0.800000,3.130000,-0.015000,1.023000,28.06
7.073911,0.551000,0.033000,-0.793000,4.229000,-1.069000,1.954000,28.11
7.086183,0.553000,0.006000,-0.803000,5.420000,-1.527000,2.076000,28.11
7.098391,0.555000,0.004000,-0.817000,4.885000,-1.481000,2.000000,28.15
7.105676,0.547000,0.026000,-0.805000,5.924000,-2.046000,1.527000,28.15
7.117986,0.535000,0.011000,-0.830000,5.985000,-0.641000,1.511000,28.11
7.125160,0.554000,-0.002000,-0.844000,4.962000,1.252000,1.420000,28.15
7.137565,0.556000,0.003000,-0.837000,4.809000,1.618000,0.672000,28.06
7.144991,0.542000,0.003000,-0.838000,5.099000,3.450000,0.595000,28.11
7.157333,0.541000,0.030000,-0.814000,4.519000,6.824000,1.252000,28.11
7.164761,0.550000,0.025000,-0.822000,5.084000,7.511000,1.191000,28.06
7.176788,0.546000,0.026000,-0.830000,6.061000,8.687000,1.771000,28.15
7.184241,0.545000,0.007000,-0.846000,6.290000,11.450000,2.427000,28.01
7.196370,0.534000,-0.015000,-0.835000,5.206000,11.267000,2.916000,28.06
7.208379,0.544000,-0.021000,-0.846000,5.710000,13.221000,2.855000,28.06
7.215775,0.564000,-0.008000,-0.867000,5.771000,16.977000,2.870000,28.01
7.228092,0.528000,0.041000,-0.862000,8.031000,21.511000,3.527000,28.11
7.234960,0.549000,0.010000,-0.857000,11.008000,24.595000,4.046000,28.06
7.247224,0.484000,-0.016000,-0.927000,12.321000,34.443000,2.015000,28.01
7.254649,0.518000,0.024000,-0.952000,12.061000,47.221000,6.351000,28.11
7.266709,0.479000,0.010000,-0.976000,12.183000,58.504000,4.290000,28.11
7.274171,0.247000,0.154000,-1.136000,15.298000,75.817000,7.389000,28.15
7.286155,0.427000,0.073000,-0.989000,20.626000,89.924000,9.237000,28.01
7.302449,0.296000,0.317000,-1.066000,11.267000,133.145000,28.809000,28.01
7.305123,0.590000,-0.009000,-0.953000,11.832000,157.176000,36.214000,28.15
7.317261,0.736000,0.117000,-1.042000,5.420000,156.565000,52.611000,28.06
7.324637,0.577000,0.156000,-1.028000,-1.557000,173.496000,61.924000,28.01
7.336366,0.658000,0.116000,-1.098000,-4.260000,171.802000,72.992000,28.11
7.348304,0.623000,0.129000,-0.985000,-6.031000,170.641000,80.947000,28.15
7.358012,0.348000,0.542000,-1.230000,-10.153000,176.031000,81.130000,28.11
7.367617,-0.040000,0.730000,-1.648000,-1.206000,144.412000,64.321000,28.11
7.377007,-0.330000,0.835000,-1.808000,-0.061000,86.748000,43.145000,28.11
7.386098,-0.469000,0.860000,-1.831000,-11.679000,43.008000,20.275000,28.06
7.398180,-0.562000,0.854000,-1.771000,-18.611000,15.221000,2.443000,28.11
7.404983,-0.481000,0.723000,-1.716000,-23.924000,-17.374000,-9.389000,28.11
7.416921,-0.367000,0.584000,-1.652000,-27.939000,-51.557000,-15.313000,28.06
7.422588,-0.258000,0.460000,-1.550000,-33.618000,-74.779000,-16.809000,28.06
7.435449,-0.109000,0.343000,-1.449000,-38.260000,-91.511000,-16.489000,28.01
7.447222,0.124000,0.183000,-1.434000,-46.504000,-102.718000,-16.397000,28.11
7.454013,0.317000,0.204000,-1.267000,-53.634000,-112.076000,-18.626000,28.06
7.465949,0.413000,0.282000,-1.137000,-45.954000,-119.420000,-24.107000,28.11
7.477669,0.553000,0.216000,-1.083000,-36.992000,-122.000000,-25.069000,28.11
7.484512,0.491000,0.184000,-1.022000,-32.824000,-124.397000,-26.076000,28.15
7.496248,0.585000,0.124000,-0.991000,-38.672000,-112.214000,-26.534000,28.06
7.508088,0.750000,0.087000,-0.996000,-49.817000,-96.870000,-28.351000,28.20
7.515069,0.722000,0.090000,-0.961000,-49.618000,-97.313000,-30.489000,28.11
7.526973,0.846000,0.028000,-0.940000,-40.931000,-107.053000,-21.679000,27.97
7.538399,0.933000,-0.033000,-0.433000,-23.344000,-60.229000,-10.214000,28.06
7.545451,1.014000,-0.227000,0.111000,25.634000,-52.885000,-10.122000,28.11
7.557448,1.418000,-0.829000,-0.003000,10.931000,14.260000,-16.443000,28.06
7.564349,1.445000,-0.684000,-0.259000,-12.382000,26.641000,-24.473000,28.15
7.576234,1.308000,-0.561000,-0.565000,-27.817000,15.160000,-22.015000,28.01
7.587983,1.165000,-0.478000,-0.886000,-47.496000,-4.855000,-20.534000,28.11
7.595020,0.915000,-0.211000,-1.053000,-62.046000,-31.649000,-14.565000,28.15
7.606393,0.592000,-0.049000,-1.011000,-57.618000,-59.008000,-12.840000,28.15
7.618478,0.438000,0.094000,-0.909000,-47.832000,-61.267000,-15.740000,28.11
7.625405,0.393000,0.062000,-0.819000,-30.870000,-56.183000,-18.947000,28.01
7.637294,0.504000,-0.054000,-0.807000,-20.901000,-53.115000,-22.336000,28.06
7.644000,0.643000,-0.157000,-0.787000,-16.168000,-50.931000,-22.855000,28.01
7.655999,0.717000,-0.198000,-0.757000,-13.344000,-53.969000,-20.840000,28.01
7.667628,0.733000,-0.212000,-0.713000,-15.740000,-53.664000,-16.550000,28.15
7.674582,0.811000,-0.245000,-0.642000,-18.534000,-54.748000,-12.504000,28.06
7.686547,0.882000,-0.245000,-0.591000,-23.176000,-50.855000,-9.878000,28.11
7.698085,0.978000,-0.253000,-0.543000,-27.634000,-50.779000,-8.916000,28.11
7.704821,0.944000,-0.222000,-0.441000,-23.282000,-52.595000,-8.137000,28.15
7.716793,0.941000,-0.246000,-0.327000,-16.305000,-45.542000,-7.954000,28.06
7.723789,0.935000,-0.282000,-0.270000,-14.687000,-29.786000,-8.351000,28.11
7.735578,0.968000,-0.296000,-0.192000,-12.000000,-15.038000,-7.160000,28.06
7.747604,1.084000,-0.331000,-0.135000,-5.084000,-2.809000,-4.595000,28.06
7.754881,1.149000,-0.362000,-0.066000,-0.153000,10.092000,-1.496000,28.01
7.767065,1.158000,-0.375000,0.032000,6.473000,23.786000,3.389000,28.11
7.774887,1.109000,-0.368000,0.069000,11.053000,42.321000,8.748000,28.15
7.788663,1.214000,-0.457000,0.188000,18.565000,61.405000,15.298000,28.06
7.798250,1.389000,-0.567000,0.436000,31.450000,81.130000,25.969000,28.11
7.805047,1.550000,-0.904000,0.692000,39.893000,119.481000,34.244000,28.11
7.817048,1.671000,-0.107000,-1.278000,-7.298000,163.893000,39.725000,28.06
7.824108,1.276000,0.200000,-1.351000,29.420000,41.573000,32.076000,28.15
7.836280,0.153000,0.093000,-0.485000,75.130000,-23.496000,26.534000,28.11
7.841857,1.097000,0.179000,-0.988000,55.099000,69.695000,43.328000,28.06
7.855451,1.318000,-0.330000,-1.084000,49.908000,10.931000,13.527000,28.11
7.867206,0.827000,-0.298000,-0.955000,62.824000,-67.893000,15.786000,28.01
7.874318,0.625000,-0.081000,-0.975000,22.870000,-19.084000,3.191000,28.11
7.886291,0.721000,-0.200000,-0.980000,1.649000,-11.985000,-3.649000,28.06
7.893379,0.596000,-0.035000,-0.872000,5.221000,-27.206000,-5.481000,28.06
7.905264,0.529000,0.008000,-0.873000,-0.840000,-13.817000,-7.206000,28.11
7.917460,0.540000,-0.072000,-0.862000,-3.374000,-7.954000,-8.015000,28.25
7.924403,0.619000,-0.045000,-0.844000,-3.832000,-9.206000,-9.328000,28.15
7.936725,0.610000,0.017000,-0.849000,-6.733000,-1.282000,-8.809000,28.20
7.943708,0.603000,0.027000,-0.825000,-4.168000,-0.473000,-6.321000,28.01
7.955891,0.604000,0.032000,-0.824000,-3.496000,0.046000,-4.260000,28.15
7.968298,0.581000,0.040000,-0.813000,-2.290000,0.855000,-2.382000,28.01
7.975407,0.586000,0.037000,-0.813000,-0.443000,1.115000,-0.748000,28.01
7.987982,0.583000,0.016000,-0.826000,0.611000,1.405000,0.137000,28.11
7.994900,0.567000,0.009000,-0.838000,0.947000,3.359000,0.305000,28.15
8.007503,0.559000,0.010000,-0.831000,0.687000,4.641000,0.550000,28.11
8.014770,0.564000,0.008000,-0.815000,0.992000,5.359000,0.962000,28.01
8.027277,0.556000,0.007000,-0.819000,1.191000,4.595000,0.870000,28.06
8.034505,0.542000,0.021000,-0.832000,1.420000,4.855000,1.557000,28.06
8.046861,0.567000,0.006000,-0.812000,2.229000,4.580000,2.198000,28.11
8.054115,0.568000,-0.002000,-0.809000,3.038000,4.198000,2.244000,28.01
8.066488,0.554000,0.004000,-0.809000,3.573000,4.107000,2.336000,28.06
8.073995,0.565000,0.001000,-0.814000,4.458000,2.962000,1.954000,28.01
8.086073,0.570000,-0.011000,-0.812000,4.565000,2.153000,1.511000,28.11
8.098306,0.563000,-0.007000,-0.809000,4.366000,1.756000,1.389000,28.06
8.105690,0.571000,-0.015000,-0.802000,3.969000,0.611000,1.878000,28.06
8.117942,0.555000,0.001000,-0.821000,3.557000,0.351000,2.137000,28.11
8.125336,0.549000,0.014000,-0.824000,4.977000,0.015000,2.916000,28.11
8.137911,0.552000,0.014000,-0.824000,4.611000,1.557000,3.481000,28.06
8.145816,0.548000,0.015000,-0.829000,5.053000,3.771000,3.924000,28.06
8.157551,0.534000,0.010000,-0.856000,5.191000,6.763000,4.107000,28.01
8.164779,0.534000,0.007000,-0.876000,6.275000,11.802000,5.878000,28.06
8.176977,0.524000,0.016000,-0.856000,6.290000,17.221000,7.313000,28.15
8.184010,0.555000,0.027000,-0.854000,6.122000,24.015000,7.802000,28.11
8.196681,0.517000,0.052000,-0.880000,8.412000,32.855000,9.267000,28.11
8.203715,0.474000,0.032000,-0.895000,14.626000,40.901000,8.336000,28.06
8.216025,0.444000,-0.024000,-0.887000,14.534000,42.458000,5.206000,28.06
8.227927,0.441000,-0.054000,-0.923000,17.802000,44.580000,0.443000,28.11
8.234844,0.464000,-0.043000,-0.989000,10.733000,62.916000,1.725000,28.11
8.247289,0.385000,0.017000,-1.042000,6.046000,80.321000,2.519000,28.06
8.254244,0.317000,0.088000,-1.114000,-0.443000,119.282000,18.198000,28.01
8.266226,0.394000,0.132000,-1.231000,-9.802000,149.588000,34.504000,28.11
8.278457,0.585000,0.204000,-1.197000,-7.496000,159.023000,46.000000,28.06
8.285381,0.523000,0.436000,-1.213000,-4.855000,165.969000,54.672000,28.06
8.297498,0.189000,0.696000,-1.552000,13.084000,160.000000,53.603000,28.11
8.304525,-0.425000,0.866000,-1.837000,28.977000,130.855000,31.511000,28.01
8.316526,-0.760000,0.959000,-1.962000,24.260000,86.672000,0.397000,28.15
8.328382,-0.958000,1.009000,-1.991000,12.031000,51.725000,-28.977000,28.06
8.335549,-0.950000,0.805000,-1.987000,2.305000,4.672000,-50.916000,28.11
8.347525,-0.885000,0.542000,-1.883000,-5.939000,-39.634000,-56.214000,28.15
8.354107,-0.633000,0.259000,-1.826000,-24.000000,-65.710000,-48.183000,28.11
8.366100,-0.247000,0.100000,-1.710000,-35.374000,-92.122000,-34.397000,28.11
8.377843,-0.074000,0.086000,-1.545000,-36.198000,-115.282000,-23.832000,28.01
8.384541,0.137000,0.147000,-1.404000,-36.809000,-117.099000,-17.344000,28.06
8.396401,0.234000,0.187000,-1.361000,-31.191000,-121.893000,-15.145000,28.06
8.408306,0.343000,0.208000,-1.252000,-23.740000,-129.099000,-9.405000,28.11
8.414888,0.684000,-0.114000,-1.134000,-26.183000,-118.305000,-8.168000,27.97
8.426818,0.845000,0.091000,-0.926000,-29.038000,-103.359000,-4.809000,28.06
8.433906,1.187000,-0.271000,0.432000,6.947000,-51.053000,1.252000,28.01
8.446260,1.724000,-0.601000,0.500000,25.710000,25.573000,4.107000,28.01
8.458477,1.657000,-0.739000,-0.211000,-6.519000,65.878000,3.725000,28.15
8.465475,1.383000,-0.619000,-0.864000,-41.084000,29.649000,-0.870000,28.11
8.477511,0.772000,-0.364000,-1.190000,-78.290000,-15.298000,-7.771000,28.11
8.483907,0.302000,-0.028000,-1.073000,-86.519000,-31.328000,-15.847000,28.06
8.495809,0.308000,-0.013000,-0.856000,-61.344000,-45.878000,-22.412000,28.15
8.507309,0.563000,-0.305000,-0.423000,-26.595000,-55.954000,-17.023000,28.11
8.514534,1.139000,-0.832000,0.243000,-16.321000,-36.947000,-2.275000,28.01
8.526633,2.043000,-1.109000,1.031000,-22.229000,5.786000,31.069000,28.06
8.533722,3.420000,-1.501000,1.602000,-14.885000,43.710000,63.557000,28.06
8.545806,4.000000,-1.554000,2.558000,-4.916000,21.679000,73.756000,28.01
8.558053,4.000000,-0.370000,2.856000,21.160000,3.969000,33.695000,27.97
8.564728,1.448000,0.031000,-1.335000,47.008000,-83.496000,-41.863000,28.15
8.576749,-1.017000,0.102000,-1.390000,23.664000,-72.718000,15.618000,28.11
8.583962,0.793000,0.720000,-0.767000,31.588000,-47.206000,27.344000,28.11
8.595859,0.862000,-0.769000,-0.979000,18.962000,-23.557000,-1.924000,27.97
8.607724,0.310000,-0.426000,-1.043000,-7.145000,-31.496000,-0.473000,28.06
8.614909,0.543000,0.379000,-0.805000,-1.282000,-10.504000,-3.878000,28.11
8.627144,0.609000,-0.110000,-0.852000,3.542000,-7.511000,-4.000000,28.01
8.633980,0.564000,-0.263000,-0.877000,-5.908000,-4.153000,-8.473000,28.06
8.645855,0.603000,-0.070000,-0.890000,-14.794000,-0.229000,-13.817000,28.11
8.658057,0.521000,0.011000,-0.858000,-16.794000,5.832000,-13.679000,28.01
8.664890,0.539000,0.052000,-0.843000,-13.954000,5.527000,-11.023000,28.06
8.677012,0.560000,0.107000,-0.818000,-9.588000,8.504000,-6.534000,28.15
8.684195,0.583000,0.083000,-0.804000,-4.168000,8.275000,-3.084000,28.01
8.696593,0.586000,0.101000,-0.795000,0.168000,6.885000,0.229000,28.01
8.703946,0.554000,0.089000,-0.791000,4.702000,7.405000,3.679000,27.97
8.716275,0.526000,0.051000,-0.787000,9.466000,4.489000,6.855000,28.06
8.728430,0.517000,-0.043000,-0.817000,11.389000,2.901000,6.626000,28.11
8.735839,0.524000,-0.042000,-0.832000,9.786000,3.145000,5.557000,28.06
8.747994,0.551000,-0.021000,-0.833000,10.046000,3.023000,4.672000,28.06
8.755200,0.560000,-0.012000,-0.847000,8.977000,4.977000,4.168000,28.11
8.767550,0.575000,0.017000,-0.850000,7.115000,7.863000,4.275000,28.20
8.775002,0.570000,0.001000,-0.844000,4.534000,9.618000,3.573000,28.06
8.787283,0.581000,0.017000,-0.813000,3.359000,8.626000,4.412000,28.06
8.794648,0.567000,0.041000,-0.782000,3.756000,7.435000,5.878000,28.11
8.807179,0.555000,0.024000,-0.835000,3.557000,8.137000,7.603000,28.11
8.814317,0.542000,0.016000,-0.863000,2.824000,9.863000,8.931000,28.15
8.826696,0.541000,0.066000,-0.869000,4.565000,14.824000,10.031000,28.01
8.834027,0.529000,0.119000,-0.880000,7.099000,22.794000,12.183000,28.01
8.845886,0.506000,0.016000,-0.889000,13.511000,23.344000,12.947000,28.06
8.858001,0.452000,-0.041000,-0.931000,11.969000,37.924000,9.023000,28.11
8.865078,0.370000,-0.094000,-0.994000,14.550000,47.084000,0.427000,28.11
8.877581,0.266000,0.023000,-1.110000,7.634000,74.595000,-4.443000,28.11
8.884500,0.126000,0.118000,-1.180000,8.855000,104.931000,-10.565000,28.06
8.896491,0.211000,0.028000,-1.338000,12.015000,157.511000,8.214000,28.06
8.908481,0.394000,0.172000,-1.229000,20.733000,182.290000,16.122000,28.11
8.915525,0.567000,0.392000,-1.188000,39.939000,179.420000,19.145000,28.15
8.927429,0.092000,0.462000,-1.685000,55.252000,184.458000,19.969000,28.06
8.934380,-0.576000,0.611000,-1.907000,60.198000,156.305000,5.710000,28.01
8.946310,-0.941000,0.833000,-2.150000,55.649000,99.542000,-16.565000,28.01
8.958537,-1.188000,0.877000,-2.209000,41.160000,46.382000,-36.824000,28.06
8.965058,-1.226000,0.764000,-2.191000,22.427000,-15.359000,-51.313000,28.20
8.977190,-1.149000,0.656000,-2.100000,5.908000,-69.511000,-57.237000,28.01
8.983811,-0.819000,0.497000,-2.052000,-16.015000,-107.817000,-59.298000,28.11
8.995581,-0.493000,0.458000,-1.892000,-25.435000,-147.420000,-60.443000,28.06
9.007388,-0.233000,0.482000,-1.690000,-30.458000,-160.473000,-63.695000,28.11
9.014255,0.067000,0.432000,-1.592000,-21.527000,-171.267000,-60.748000,28.11
9.026117,0.363000,0.277000,-1.417000,-8.489000,-188.061000,-52.947000,27.97
9.037721,2.110000,-0.365000,-1.135000,-5.740000,-146.168000,-42.122000,28.06
9.044693,1.240000,-0.038000,1.805000,78.290000,-149.924000,-29.908000,28.11
9.056815,3.176000,-0.666000,1.378000,62.000000,72.962000,-15.893000,28.11
9.063572,3.554000,-0.704000,-0.036000,13.863000,76.427000,-27.649000,27.97
9.075541,1.836000,-0.477000,-0.418000,-25.679000,-2.733000,-59.359000,28.01
9.087204,1.238000,-0.075000,-0.393000,-30.137000,-41.832000,-69.099000,28.11
9.094029,1.130000,0.036000,-0.316000,-34.702000,-5.115000,-77.038000,28.15
9.106113,1.345000,-0.197000,-0.204000,-5.328000,-42.656000,-66.992000,28.15
9.118212,1.411000,-0.664000,0.189000,7.267000,-54.183000,-42.794000,28.11
9.125050,1.510000,-1.054000,0.803000,-1.053000,-28.122000,-7.679000,28.11
9.137222,2.049000,-1.407000,1.515000,-17.527000,29.695000,32.015000,28.06
9.144202,3.318000,-1.459000,1.793000,-14.229000,73.328000,91.328000,28.06
9.156684,3.390000,1.604000,-0.797000,12.580000,5.771000,-5.344000,28.11
9.168447,-0.003000,0.189000,-0.595000,72.290000,-134.916000,-24.931000,28.20
9.175069,-0.422000,-0.276000,-1.124000,54.214000,-26.153000,30.366000,28.06
9.187288,0.465000,-0.103000,-1.029000,16.351000,7.405000,21.160000,28.01
9.194249,0.761000,-0.415000,-0.957000,27.527000,-14.519000,-1.450000,28.01
9.206118,0.559000,-0.497000,-1.109000,-0.046000,-19.145000,-5.115000,28.06
9.218185,0.470000,0.216000,-0.798000,-11.496000,6.565000,-3.023000,28.06
9.225327,0.655000,0.081000,-0.785000,8.305000,-14.916000,-9.160000,28.01
9.237589,0.651000,-0.198000,-0.820000,-3.466000,-6.840000,-9.847000,28.11
9.244368,0.648000,0.044000,-0.791000,-8.000000,-6.382000,-11.664000,28.06
9.256377,0.561000,0.049000,-0.835000,-2.275000,-11.160000,-10.015000,28.15
9.268430,0.574000,0.020000,-0.815000,-4.305000,-5.588000,-6.748000,28.11
9.275537,0.593000,0.034000,-0.820000,-2.260000,-5.344000,-4.275000,28.15
9.287861,0.579000,0.019000,-0.831000,-1.695000,-3.252000,-2.260000,28.06
9.294841,0.597000,0.009000,-0.839000,-1.466000,-1.450000,-1.954000,28.01
9.306970,0.560000,0.017000,-0.830000,-1.664000,0.473000,-2.061000,28.20
9.314263,0.538000,-0.017000,-0.850000,-1.863000,2.641000,-2.107000,28.06
9.326229,0.550000,-0.025000,-0.854000,-2.855000,4.382000,-2.824000,28.06
9.338787,0.541000,0.008000,-0.837000,-3.252000,6.137000,-2.840000,28.11
9.345841,0.571000,0.026000,-0.812000,-2.611000,6.321000,-2.168000,28.11
9.357653,0.579000,0.055000,-0.811000,-1.237000,6.214000,-0.885000,28.06
9.365079,0.570000,0.050000,-0.799000,0.931000,4.321000,0.611000,28.11
9.377648,0.563000,0.026000,-0.788000,2.000000,2.931000,1.496000,28.11
9.385211,0.534000,0.014000,-0.799000,2.611000,1.939000,1.756000,28.06
9.397117,0.545000,0.003000,-0.815000,2.489000,2.794000,1.817000,28.06
9.404412,0.537000,0.008000,-0.808000,3.206000,1.771000,1.405000,28.11
9.416734,0.556000,-0.013000,-0.815000,4.137000,2.290000,1.557000,28.11
9.423765,0.564000,-0.019000,-0.801000,3.786000,1.756000,1.053000,28.06
9.436417,0.552000,-0.025000,-0.834000,3.511000,1.802000,0.504000,28.15
9.441995,0.565000,-0.005000,-0.812000,3.481000,3.649000,0.168000,28.01
9.455987,0.567000,0.029000,-0.812000,4.931000,3.267000,0.260000,28.06
9.468139,0.578000,0.013000,-0.822000,6.656000,4.076000,1.130000,28.01
9.475608,0.545000,-0.005000,-0.836000,7.756000,5.695000,1.924000,28.11
9.487714,0.543000,-0.003000,-0.829000,8.076000,8.214000,2.443000,28.01
9.495002,0.526000,-0.020000,-0.853000,7.939000,10.183000,2.046000,28.06
9.507447,0.525000,-0.006000,-0.852000,6.931000,13.069000,2.015000,28.06
9.514447,0.537000,-0.045000,-0.845000,7.084000,15.771000,1.756000,28.11
9.526851,0.542000,-0.024000,-0.811000,6.733000,22.046000,0.107000,28.11
9.534235,0.536000,-0.030000,-0.857000,4.702000,25.420000,-0.550000,27.97
9.545911,0.511000,-0.026000,-0.870000,6.992000,27.573000,-2.305000,28.01
9.557923,0.483000,-0.040000,-0.899000,8.000000,32.641000,-3.466000,28.01
9.564905,0.490000,-0.041000,-0.943000,7.099000,43.053000,-2.855000,28.06
9.577431,0.503000,0.015000,-0.969000,6.061000,64.550000,-3.221000,28.01
9.584260,0.474000,0.005000,-1.009000,12.458000,80.351000,-1.191000,28.01
9.596399,0.340000,0.066000,-1.150000,23.176000,115.267000,12.015000,28.11
9.608318,0.562000,0.048000,-1.002000,21.282000,159.221000,18.824000,28.06
9.615571,0.497000,-0.030000,-1.074000,34.901000,179.496000,20.779000,28.01
9.627278,0.624000,0.066000,-1.104000,28.870000,210.214000,28.611000,28.11
9.637030,0.793000,0.043000,-1.161000,46.748000,201.756000,33.328000,28.06
9.646133,0.636000,-0.016000,-1.038000,48.137000,212.107000,38.275000,28.06
9.658435,0.643000,0.050000,-1.081000,48.092000,211.328000,42.550000,28.11
9.665382,0.809000,0.037000,-1.027000,41.053000,210.489000,40.580000,28.01
9.677652,0.580000,0.087000,-1.371000,16.580000,191.893000,35.298000,28.06
9.684502,-0.031000,0.408000,-1.634000,9.206000,143.344000,25.389000,28.11
9.696560,-0.451000,0.448000,-1.749000,0.992000,96.382000,19.908000,28.11
9.708398,-0.654000,0.399000,-1.805000,-18.733000,48.962000,23.359000,28.06
9.715289,-0.649000,0.366000,-1.771000,-39.252000,5.954000,32.198000,27.97
9.727151,-0.581000,0.326000,-1.704000,-51.771000,-34.183000,44.489000,28.01
9.733732,-0.412000,0.331000,-1.586000,-64.763000,-60.260000,52.702000,28.11
9.745744,-0.066000,0.327000,-1.466000,-76.824000,-78.626000,51.924000,28.06
9.757949,0.195000,0.357000,-1.317000,-78.809000,-93.954000,44.763000,28.06
9.764683,0.377000,0.316000,-1.165000,-74.458000,-98.275000,34.763000,28.01
9.776655,0.556000,0.201000,-1.008000,-68.672000,-95.084000,24.992000,28.11
9.783588,0.706000,0.084000,-0.880000,-64.366000,-87.557000,18.366000,28.15
9.795677,0.794000,-0.046000,-0.797000,-59.389000,-79.832000,16.290000,28.01
9.807474,1.011000,-0.188000,-0.781000,-65.359000,-70.366000,11.008000,28.01
9.814289,0.915000,-0.155000,-0.626000,-57.206000,-74.702000,10.321000,28.06
9.826255,0.890000,-0.200000,-0.604000,-50.443000,-60.046000,8.809000,28.06
9.838409,0.900000,-0.267000,-0.634000,-46.809000,-53.954000,5.969000,28.11
9.845096,0.819000,-0.214000,-0.624000,-43.191000,-51.557000,2.565000,28.11
9.856962,0.773000,-0.213000,-0.652000,-39.878000,-41.069000,-0.626000,28.06
9.863865,0.735000,-0.152000,-0.683000,-36.336000,-41.817000,-4.489000,28.11
9.875910,0.701000,-0.086000,-0.721000,-30.443000,-44.763000,-7.817000,28.11
9.887824,0.641000,-0.024000,-0.790000,-27.160000,-48.198000,-9.389000,28.06
9.894412,0.587000,-0.019000,-0.797000,-27.023000,-43.160000,-11.679000,28.06
9.906347,0.619000,-0.013000,-0.822000,-28.260000,-46.260000,-14.580000,28.11
9.918435,0.638000,0.002000,-0.968000,-38.336000,-45.725000,-18.595000,28.11
9.925275,0.773000,0.072000,-1.089000,-51.038000,-47.053000,-25.389000,28.06
9.937235,1.022000,0.109000,-1.172000,-49.695000,-80.809000,-29.908000,28.01
9.943924,0.981000,0.210000,-1.124000,-34.275000,-115.450000,-30.840000,28.01
9.955716,0.853000,0.170000,-0.981000,-20.092000,-136.214000,-33.374000,28.06
9.967453,0.755000,0.171000,-0.839000,-18.794000,-127.771000,-36.366000,28.11
9.974305,0.798000,0.158000,-0.800000,-22.092000,-121.527000,-39.588000,28.20
9.986041,0.850000,0.176000,-0.792000,-27.191000,-118.626000,-41.985000,28.01
9.997770,0.861000,0.206000,-0.786000,-31.817000,-116.015000,-43.954000,28.06
10.004745,0.870000,0.235000,-0.754000,-36.855000,-115.328000,-46.916000,28.06
