# Gait Analysis Data - MPU6050 IMU
# Duration: 10 seconds
# Format: timestamp(s),ax(g),ay(g),az(g),gx(deg/s),gy(deg/s),gz(deg/s),temp(C)
# Note: Document sensor placement (ankle/wrist) separately
timestamp,ax,ay,az,gx,gy,gz,temp
0.001358,1.153000,-0.076000,-0.704000,-34.137000,-193.374000,-88.244000,29.05
0.002583,1.156000,-0.102000,-0.615000,-27.023000,-187.634000,-92.733000,28.95
0.004004,1.177000,-0.163000,-0.541000,-19.618000,-177.160000,-93.939000,28.91
0.004958,1.362000,-0.351000,-0.548000,-20.870000,-164.687000,-90.840000,28.91
0.005892,1.571000,-0.391000,-0.497000,-28.122000,-165.908000,-89.221000,28.95
0.006816,1.676000,-0.356000,-0.354000,-27.908000,-171.145000,-80.122000,28.86
0.007729,1.611000,-0.434000,-0.131000,-24.397000,-169.817000,-69.557000,29.00
0.008637,1.496000,-0.522000,0.096000,-24.550000,-156.061000,-59.939000,29.00
0.009841,1.453000,-0.575000,0.260000,-28.229000,-132.061000,-51.282000,28.95
0.011069,1.438000,-0.603000,0.365000,-33.786000,-105.252000,-45.466000,28.95
0.011980,1.394000,-0.551000,0.753000,-18.611000,-66.718000,-31.618000,29.00
0.012869,1.609000,-0.787000,0.880000,-3.252000,-28.153000,-22.656000,29.00
0.013747,1.702000,-0.768000,0.947000,-1.878000,4.809000,-15.725000,29.00
0.014539,1.848000,-0.782000,1.198000,2.061000,21.237000,-6.183000,28.95
0.015305,1.770000,-0.891000,1.561000,9.802000,71.527000,10.092000,28.95
0.016084,1.692000,-0.966000,2.100000,11.786000,145.450000,37.969000,28.91
0.016861,1.488000,-0.016000,-0.432000,-1.267000,220.366000,35.939000,29.00
0.017605,2.271000,0.701000,-2.077000,15.084000,99.145000,39.969000,28.95
0.018282,1.015000,0.830000,-0.792000,44.031000,45.252000,34.809000,28.95
0.018964,1.051000,0.121000,-0.549000,64.626000,139.359000,6.427000,28.91
0.019652,2.262000,-0.528000,-1.554000,85.038000,71.282000,32.687000,28.95
0.020329,1.411000,-0.646000,-0.634000,55.802000,6.947000,41.267000,28.95
0.021009,0.610000,-0.093000,-0.928000,34.275000,46.687000,24.382000,29.05
0.021836,0.625000,-0.220000,-0.877000,35.389000,34.458000,19.069000,28.91
0.022539,0.950000,-0.353000,-0.801000,31.618000,31.115000,17.206000,29.00
0.023236,0.924000,-0.183000,-0.726000,28.183000,21.359000,12.260000,28.95
0.023911,0.729000,-0.075000,-0.786000,25.359000,14.595000,12.321000,28.95
0.024595,0.629000,-0.083000,-0.782000,21.481000,19.084000,11.649000,29.00
0.025268,0.756000,-0.175000,-0.806000,20.412000,17.328000,9.771000,29.00
0.025879,0.715000,-0.162000,-0.784000,18.046000,13.786000,6.947000,28.95
0.026487,0.731000,-0.159000,-0.795000,15.603000,10.748000,5.023000,28.95
0.027086,0.731000,-0.154000,-0.761000,9.298000,8.290000,2.916000,28.91
0.027687,0.727000,-0.122000,-0.740000,5.435000,9.160000,1.557000,29.00
0.028284,0.693000,-0.093000,-0.747000,4.458000,7.725000,1.115000,28.95
0.028876,0.654000,-0.051000,-0.716000,5.664000,7.481000,1.649000,28.86
0.029473,0.529000,0.025000,-0.750000,11.969000,11.359000,3.939000,28.91
0.030073,0.604000,-0.100000,-0.755000,14.824000,17.679000,5.969000,29.00
0.030675,0.693000,-0.152000,-0.738000,13.908000,16.305000,4.443000,28.91
0.031268,0.653000,-0.139000,-0.735000,11.389000,14.580000,3.389000,28.86
0.032007,0.727000,-0.143000,-0.748000,6.626000,14.733000,2.183000,28.95
0.032807,0.730000,-0.166000,-0.708000,3.145000,10.855000,1.420000,28.91
0.033447,0.697000,-0.150000,-0.736000,1.511000,9.160000,0.351000,28.95
0.034045,0.689000,-0.106000,-0.710000,1.145000,7.313000,0.260000,28.95
0.034697,0.660000,-0.095000,-0.720000,0.824000,7.542000,0.992000,28.86
0.035416,0.664000,-0.100000,-0.711000,1.496000,6.855000,2.397000,29.00
0.035976,0.659000,-0.095000,-0.710000,1.893000,5.649000,4.046000,28.91
0.036509,0.657000,-0.102000,-0.723000,2.046000,4.153000,5.237000,28.86
0.037044,0.677000,-0.110000,-0.707000,1.954000,4.565000,5.802000,29.05
0.037580,0.698000,-0.138000,-0.698000,2.214000,3.573000,5.496000,29.00
0.038128,0.683000,-0.106000,-0.704000,2.198000,2.809000,5.221000,29.00
0.038656,0.715000,-0.134000,-0.723000,2.061000,2.519000,4.748000,28.95
0.039192,0.645000,-0.102000,-0.714000,1.969000,1.878000,4.366000,28.95
0.039732,0.658000,-0.104000,-0.731000,4.504000,0.473000,5.496000,29.00
0.040318,0.625000,-0.104000,-0.740000,4.412000,7.145000,5.786000,28.91
0.040852,0.636000,-0.115000,-0.721000,4.641000,2.672000,6.290000,28.95
0.041389,0.644000,-0.104000,-0.732000,4.794000,7.496000,5.542000,29.00
0.041999,0.630000,-0.130000,-0.758000,4.489000,7.939000,5.282000,29.00
0.042642,0.665000,-0.143000,-0.728000,3.008000,10.305000,4.702000,28.95
0.043220,0.686000,-0.173000,-0.736000,3.221000,11.328000,3.252000,28.95
0.043784,0.670000,-0.145000,-0.746000,2.046000,13.817000,1.618000,28.91
0.044325,0.685000,-0.151000,-0.720000,0.687000,16.183000,0.229000,28.91
0.044873,0.689000,-0.160000,-0.716000,0.275000,17.191000,-1.527000,28.86
0.045384,0.673000,-0.148000,-0.715000,-0.504000,18.534000,-2.244000,28.95
0.045891,0.687000,-0.124000,-0.724000,0.244000,19.603000,-2.107000,29.00
0.046392,0.670000,-0.119000,-0.743000,0.412000,22.489000,-1.466000,29.00
0.046898,0.671000,-0.124000,-0.735000,1.679000,25.023000,-1.099000,28.95
0.047390,0.683000,-0.126000,-0.736000,1.405000,29.359000,0.305000,28.95
0.047886,0.700000,-0.135000,-0.721000,3.389000,34.366000,1.374000,28.91
0.048377,0.682000,-0.155000,-0.752000,4.656000,39.573000,1.878000,28.91
0.048872,0.703000,-0.159000,-0.708000,6.733000,43.145000,2.473000,28.86
0.049378,0.711000,-0.168000,-0.695000,7.634000,41.008000,0.214000,28.95
0.049885,0.657000,-0.164000,-0.711000,6.672000,41.725000,-1.863000,28.91
0.050399,0.668000,-0.141000,-0.742000,4.885000,45.603000,-2.153000,29.00
0.050913,0.602000,-0.037000,-0.885000,11.237000,55.282000,0.092000,28.95
0.051408,0.632000,-0.086000,-0.910000,13.802000,73.740000,2.687000,28.95
0.051990,0.656000,-0.057000,-0.883000,21.832000,93.557000,3.313000,28.91
0.052499,0.692000,-0.165000,-0.882000,25.267000,114.275000,3.374000,28.91
0.053002,0.729000,-0.154000,-0.950000,29.878000,138.214000,1.924000,28.95
0.053511,0.636000,-0.242000,-0.913000,29.527000,162.336000,0.061000,28.95
0.054021,0.832000,-0.076000,-0.886000,30.061000,179.130000,-1.847000,28.91
0.054534,0.929000,-0.107000,-0.935000,34.336000,184.305000,0.565000,28.91
0.055033,0.834000,-0.168000,-0.788000,35.542000,191.817000,0.351000,28.95
0.055505,0.977000,-0.220000,-0.758000,39.053000,193.863000,1.893000,28.95
0.055983,1.266000,-0.294000,-0.879000,25.878000,174.168000,4.473000,29.00
0.056453,0.918000,-0.138000,-0.790000,22.992000,169.740000,8.382000,29.00
0.056917,0.912000,-0.090000,-0.874000,14.290000,169.634000,9.206000,29.05
0.057386,0.866000,0.154000,-1.118000,17.573000,150.092000,11.664000,29.05
0.057847,0.473000,0.144000,-1.387000,20.260000,111.878000,17.985000,29.05
0.058317,0.306000,-0.144000,-1.339000,1.374000,79.389000,39.099000,28.91
0.058794,0.417000,-0.049000,-1.487000,-24.382000,41.405000,61.252000,28.95
0.059264,0.085000,0.060000,-1.219000,-37.481000,13.237000,79.450000,28.95
0.059724,0.111000,0.001000,-1.140000,-55.160000,6.031000,89.740000,28.86
0.060186,0.190000,0.054000,-1.068000,-71.053000,-13.527000,96.183000,28.91
0.060664,0.240000,0.119000,-0.986000,-80.198000,-29.344000,97.863000,28.91
0.061137,0.282000,0.165000,-0.915000,-84.458000,-45.160000,94.076000,28.95
0.061604,0.333000,0.177000,-0.829000,-87.588000,-55.557000,83.878000,29.05
0.062154,0.401000,0.177000,-0.772000,-90.794000,-65.664000,68.672000,28.91
0.062808,0.501000,0.203000,-0.747000,-91.679000,-75.008000,50.672000,29.00
0.063338,0.571000,0.212000,-0.736000,-87.878000,-85.344000,30.504000,28.95
0.063933,0.634000,0.188000,-0.742000,-80.534000,-93.588000,10.351000,28.95
0.064420,0.715000,0.140000,-0.719000,-71.542000,-103.511000,-9.786000,28.91
0.064884,0.762000,0.084000,-0.703000,-59.878000,-112.702000,-28.901000,28.91
0.065342,0.786000,0.017000,-0.676000,-48.000000,-117.237000,-46.702000,28.86
0.065808,0.868000,-0.050000,-0.667000,-36.076000,-118.473000,-63.450000,28.86
0.066294,0.917000,-0.221000,-0.674000,-26.092000,-123.298000,-76.519000,28.81
0.066770,0.930000,-0.320000,-0.617000,-16.916000,-124.809000,-84.595000,28.95
0.067243,0.947000,-0.379000,-0.561000,-6.183000,-122.870000,-84.748000,28.86
0.068018,0.952000,-0.392000,-0.511000,5.115000,-118.840000,-78.687000,28.95
0.068673,0.984000,-0.388000,-0.517000,11.863000,-112.519000,-72.183000,29.00
0.069258,1.008000,-0.325000,-0.538000,14.229000,-106.733000,-67.069000,29.00
0.069733,1.062000,-0.232000,-0.531000,15.115000,-102.550000,-63.878000,29.05
0.070202,1.068000,-0.096000,-0.540000,17.924000,-97.588000,-64.290000,28.95
0.070673,1.047000,-0.080000,-0.518000,22.046000,-89.023000,-70.336000,28.81
0.071138,1.075000,-0.068000,-0.536000,27.466000,-81.450000,-80.611000,28.91
0.071595,1.135000,-0.093000,-0.530000,32.015000,-76.122000,-92.366000,28.95
0.072138,1.159000,-0.112000,-0.489000,41.282000,-76.244000,-101.267000,28.95
0.072730,1.097000,-0.164000,-0.462000,56.229000,-74.779000,-107.145000,29.00
0.073214,1.082000,-0.218000,-0.439000,69.084000,-71.802000,-112.885000,28.91
0.073675,1.082000,-0.267000,-0.448000,75.710000,-67.176000,-114.916000,28.95
0.074144,1.033000,-0.260000,-0.442000,80.275000,-65.985000,-113.252000,28.95
0.074741,1.019000,-0.264000,-0.445000,82.321000,-62.489000,-107.328000,29.00
0.075255,1.039000,-0.268000,-0.427000,82.550000,-57.557000,-101.237000,28.86
0.075728,1.060000,-0.282000,-0.386000,80.168000,-52.550000,-96.366000,28.95
0.076194,1.045000,-0.239000,-0.344000,78.763000,-45.679000,-92.595000,28.95
0.076661,1.026000,-0.215000,-0.364000,77.405000,-38.595000,-90.336000,29.00
0.077134,1.056000,-0.241000,-0.369000,74.626000,-33.893000,-90.092000,28.91
0.077596,1.062000,-0.207000,-0.368000,73.191000,-33.817000,-89.573000,28.86
0.078058,1.024000,-0.187000,-0.368000,76.000000,-34.107000,-88.260000,28.86
0.078516,0.960000,-0.160000,-0.343000,81.511000,-34.107000,-85.405000,28.91
0.079067,0.889000,-0.192000,-0.321000,86.519000,-30.489000,-83.664000,28.91
0.079565,0.873000,-0.240000,-0.385000,85.298000,-24.336000,-83.420000,28.91
0.080029,0.869000,-0.293000,-0.387000,80.595000,-19.832000,-80.718000,28.95
0.080465,0.828000,-0.299000,-0.417000,77.573000,-17.634000,-76.779000,29.05
0.080921,0.776000,-0.321000,-0.436000,78.534000,-13.649000,-72.565000,28.91
0.081353,0.760000,-0.345000,-0.473000,79.084000,-9.206000,-68.168000,28.91
0.081785,0.750000,-0.359000,-0.477000,78.595000,-6.153000,-63.099000,28.95
0.082324,0.735000,-0.345000,-0.494000,76.412000,-3.359000,-57.985000,28.86
0.082950,0.741000,-0.282000,-0.514000,75.481000,-0.702000,-54.931000,28.91
0.083440,0.756000,-0.218000,-0.525000,77.481000,-0.366000,-54.092000,28.91
0.083888,0.832000,-0.147000,-0.586000,81.267000,-2.046000,-57.038000,28.95
0.084330,0.839000,-0.061000,-0.604000,87.954000,-6.840000,-63.466000,28.95
0.084758,0.813000,-0.003000,-0.582000,95.679000,-8.565000,-72.427000,28.91
0.085211,0.800000,0.049000,-0.572000,106.122000,-8.137000,-84.580000,28.86
0.085668,0.803000,0.060000,-0.572000,114.214000,-6.595000,-96.931000,28.86
0.086104,0.811000,0.057000,-0.574000,122.504000,-5.939000,-107.221000,28.95
0.086533,0.810000,0.039000,-0.574000,128.519000,-5.359000,-115.069000,28.91
0.086966,0.828000,0.023000,-0.579000,132.580000,-6.031000,-120.153000,28.91
0.087405,0.797000,0.000000,-0.566000,134.000000,-7.008000,-121.603000,28.86
0.087857,0.765000,-0.040000,-0.589000,131.282000,-5.328000,-120.107000,28.95
0.088323,0.801000,-0.071000,-0.595000,123.344000,-3.878000,-117.725000,28.91
0.088763,0.804000,-0.072000,-0.588000,110.122000,-6.443000,-112.901000,29.00
0.089363,0.759000,-0.031000,-0.565000,100.977000,-8.382000,-106.244000,28.86
0.090003,0.722000,-0.011000,-0.544000,91.221000,-7.588000,-98.473000,28.95
0.090481,0.691000,0.003000,-0.508000,83.313000,-4.962000,-91.298000,29.00
0.090945,0.691000,0.028000,-0.484000,76.397000,-1.847000,-89.786000,28.91
0.091402,0.698000,0.039000,-0.463000,70.885000,1.466000,-86.336000,28.95
0.091856,0.706000,0.048000,-0.445000,65.344000,5.435000,-85.008000,28.95
0.092310,0.720000,0.052000,-0.428000,58.183000,9.969000,-85.206000,28.91
0.092782,0.707000,0.087000,-0.385000,49.786000,16.641000,-86.504000,28.95
0.093268,0.695000,0.090000,-0.372000,42.626000,24.412000,-84.061000,28.95
0.093746,-0.197000,-0.640000,-1.033000,-7.466000,54.580000,-102.702000,28.95
0.094218,0.454000,-0.180000,-1.092000,9.313000,-15.038000,-69.252000,28.81
0.094679,2.664000,-0.783000,-1.114000,23.878000,3.878000,28.489000,28.91
0.095179,1.658000,0.083000,-0.604000,0.092000,-61.924000,35.206000,28.86
0.095640,0.886000,0.391000,-0.968000,18.840000,-41.603000,12.611000,28.95
0.096089,0.226000,-0.781000,-1.013000,18.565000,-21.618000,22.916000,29.00
0.096517,0.616000,-0.332000,-0.863000,-3.435000,8.641000,4.626000,28.91
0.096952,0.844000,-0.202000,-0.688000,-14.168000,10.061000,-6.412000,28.86
0.097390,0.766000,-0.217000,-0.688000,-17.328000,10.809000,-9.405000,28.95
0.097849,0.717000,-0.199000,-0.662000,-14.901000,11.832000,-11.511000,28.91
0.098285,0.738000,-0.224000,-0.640000,-11.160000,3.053000,-13.618000,28.91
0.098714,0.742000,-0.195000,-0.643000,-10.611000,0.504000,-15.069000,28.95
0.099159,0.722000,-0.125000,-0.654000,-12.718000,-4.107000,-14.214000,28.77
0.099598,0.739000,-0.080000,-0.666000,-12.611000,-4.534000,-11.344000,29.00
0.100021,0.741000,-0.097000,-0.656000,-8.198000,-8.672000,-7.786000,29.00
0.100454,0.712000,-0.130000,-0.669000,-4.168000,-12.198000,-5.344000,28.95
0.100931,0.616000,-0.165000,-0.773000,-2.168000,4.748000,-0.626000,28.86
0.101359,0.677000,-0.171000,-0.741000,-0.947000,4.885000,-1.313000,28.81
0.101804,0.660000,-0.167000,-0.750000,-2.061000,5.710000,-2.534000,28.86
0.102249,0.674000,-0.138000,-0.729000,-4.244000,5.832000,-3.634000,28.86
0.102681,0.683000,-0.127000,-0.714000,-5.221000,3.481000,-3.786000,28.86
0.103110,0.679000,-0.120000,-0.709000,-5.908000,0.870000,-3.679000,28.81
0.103680,0.673000,-0.096000,-0.701000,-5.374000,-0.779000,-2.885000,28.91
0.115974,0.675000,-0.113000,-0.710000,-5.405000,-2.305000,-1.817000,28.86
0.122951,0.686000,-0.135000,-0.712000,-7.603000,-4.687000,-2.473000,28.86
0.135040,0.679000,-0.122000,-0.723000,-8.550000,-6.656000,-3.435000,28.81
0.147342,0.664000,-0.137000,-0.722000,-10.321000,-6.107000,-3.969000,28.81
0.154339,0.632000,-0.111000,-0.728000,-6.794000,-4.076000,-2.336000,28.86
0.166338,0.633000,-0.134000,-0.736000,-5.542000,-2.962000,-2.137000,28.86
0.173314,0.633000,-0.143000,-0.735000,-4.733000,-2.168000,-2.046000,28.81
0.185631,0.630000,-0.120000,-0.710000,-4.031000,-1.542000,-1.786000,28.91
0.197845,0.657000,-0.115000,-0.742000,-3.603000,-2.122000,-1.557000,28.86
0.205119,0.673000,-0.156000,-0.736000,-4.992000,-5.450000,-2.519000,28.77
0.217033,0.647000,-0.125000,-0.762000,-6.122000,-7.313000,-2.763000,28.86
0.223903,0.642000,-0.109000,-0.748000,-6.290000,-6.031000,-2.840000,28.81
0.236172,0.654000,-0.117000,-0.772000,-6.534000,-4.275000,-2.748000,28.91
0.243146,0.637000,-0.092000,-0.763000,-6.595000,-2.137000,-2.458000,28.86
0.255394,0.624000,-0.091000,-0.745000,-5.405000,1.344000,-1.099000,28.86
0.267923,0.626000,-0.065000,-0.751000,-3.695000,4.916000,0.107000,28.81
0.274907,0.617000,-0.052000,-0.749000,-2.443000,8.656000,0.840000,28.86
0.287385,0.618000,-0.054000,-0.741000,0.061000,12.214000,1.405000,28.86
0.294505,0.651000,-0.088000,-0.790000,1.359000,14.855000,1.206000,28.77
0.306798,0.651000,-0.101000,-0.812000,1.863000,18.427000,1.221000,28.81
0.313949,0.655000,-0.120000,-0.820000,2.183000,24.901000,1.267000,28.91
0.326383,0.664000,-0.095000,-0.850000,1.985000,32.107000,0.504000,28.86
0.333453,0.479000,-0.096000,-0.814000,2.733000,42.382000,-1.802000,28.86
0.345803,0.421000,-0.193000,-0.807000,-0.473000,60.656000,-4.855000,28.81
0.357904,0.424000,-0.323000,-0.896000,-11.237000,73.191000,-0.092000,28.81
0.364736,0.397000,-0.075000,-0.938000,-17.160000,85.542000,7.405000,28.86
0.376878,0.561000,-0.010000,-0.832000,-25.206000,90.046000,7.786000,28.86
0.383942,0.628000,0.010000,-1.151000,-29.557000,88.458000,22.473000,28.91
0.396223,0.361000,0.297000,-1.197000,-19.893000,84.504000,27.573000,28.91
0.403228,0.265000,0.448000,-1.364000,-4.947000,73.252000,15.710000,28.86
0.415689,0.149000,0.541000,-1.433000,8.244000,50.458000,-4.855000,28.86
0.427935,0.023000,0.551000,-1.499000,17.237000,26.687000,-23.832000,28.91
0.434628,-0.010000,0.448000,-1.508000,22.061000,4.137000,-39.527000,28.86
0.447061,0.065000,0.367000,-1.470000,22.168000,-14.519000,-45.985000,28.86
0.453873,0.174000,0.280000,-1.405000,22.137000,-29.023000,-45.191000,28.86
0.465967,0.311000,0.231000,-1.332000,22.153000,-38.321000,-38.641000,28.91
0.471732,0.506000,0.158000,-1.289000,18.351000,-47.405000,-30.137000,28.91
0.485004,0.639000,0.142000,-1.205000,13.802000,-58.137000,-21.160000,28.86
0.497176,0.611000,0.136000,-1.117000,10.763000,-67.847000,-12.779000,28.86
0.504355,0.545000,0.133000,-1.045000,6.137000,-66.504000,-7.725000,28.91
0.516375,0.526000,0.170000,-0.989000,0.779000,-59.191000,-4.656000,28.81
0.523424,0.619000,0.155000,-1.012000,-10.260000,-53.313000,-5.588000,28.77
0.535574,0.733000,0.090000,-0.990000,-26.015000,-56.565000,-10.519000,28.86
0.547403,0.759000,0.081000,-0.946000,-40.107000,-63.420000,-16.809000,28.91
0.559753,0.750000,0.071000,-0.888000,-46.183000,-66.336000,-22.336000,28.81
0.567680,0.780000,-0.056000,-0.820000,-47.313000,-68.595000,-28.473000,28.95
0.574286,0.817000,-0.122000,-0.786000,-43.496000,-71.511000,-34.015000,28.86
0.585241,0.836000,-0.078000,-0.708000,-28.702000,-74.626000,-34.595000,28.81
0.596895,0.763000,-0.042000,-0.609000,-5.435000,-73.740000,-33.359000,28.72
0.604231,0.641000,-0.097000,-0.541000,11.649000,-63.756000,-36.595000,28.81
0.615569,0.548000,-0.098000,-0.493000,20.702000,-50.763000,-43.649000,28.86
0.627951,0.540000,-0.078000,-0.492000,25.389000,-36.962000,-50.427000,28.77
0.634578,0.561000,-0.097000,-0.476000,28.595000,-28.122000,-56.718000,28.81
0.646774,0.564000,-0.101000,-0.434000,34.244000,-24.656000,-62.534000,28.86
0.653452,0.695000,-0.162000,-0.437000,38.137000,-28.000000,-68.870000,28.77
0.665408,0.839000,-0.211000,-0.375000,38.489000,-40.840000,-75.435000,28.86
0.677591,0.895000,-0.217000,-0.293000,40.931000,-54.580000,-83.496000,28.91
0.684451,0.854000,-0.224000,-0.130000,46.275000,-64.748000,-91.802000,28.81
0.696381,0.758000,-0.216000,0.030000,54.351000,-63.115000,-99.740000,28.86
0.703143,0.677000,-0.218000,0.156000,60.550000,-51.649000,-104.351000,28.95
0.715463,0.692000,-0.282000,0.260000,59.954000,-35.008000,-105.405000,28.91
0.727345,0.375000,-0.410000,0.144000,57.893000,-18.992000,-95.649000,28.81
0.734380,-0.189000,-0.126000,2.229000,32.595000,69.771000,-56.489000,28.81
0.746690,-0.407000,0.078000,1.708000,66.489000,275.618000,0.198000,28.77
0.753629,3.634000,-0.704000,-2.303000,35.130000,270.198000,-11.634000,28.86
0.765609,3.080000,0.113000,-0.924000,93.481000,-54.534000,39.130000,28.81
0.777792,2.427000,-0.295000,-0.672000,113.786000,87.328000,78.504000,28.91
0.784935,2.059000,-0.713000,-1.228000,88.580000,9.206000,53.374000,28.86
0.796949,0.079000,-0.972000,-0.899000,58.290000,-10.641000,40.366000,28.86
0.803988,0.442000,-0.270000,-1.046000,34.489000,44.412000,20.534000,28.81
0.816209,1.027000,-0.068000,-0.680000,14.061000,21.878000,13.618000,28.91
0.824130,1.022000,-0.139000,-0.705000,14.534000,-11.191000,17.313000,28.86
0.835619,0.801000,-0.156000,-0.749000,18.718000,4.427000,11.603000,28.86
0.847782,0.793000,-0.204000,-0.771000,18.336000,-14.855000,9.405000,28.91
0.854952,0.750000,-0.270000,-0.814000,7.573000,-9.221000,3.053000,28.86
0.866938,0.670000,-0.163000,-0.795000,-2.092000,-3.298000,-1.435000,28.95
0.874646,0.651000,-0.140000,-0.780000,-6.183000,3.771000,-2.183000,28.86
0.886284,0.676000,-0.138000,-0.753000,-3.206000,2.046000,-1.206000,28.81
0.893740,0.655000,-0.106000,-0.743000,0.275000,2.656000,0.260000,28.91
0.908556,0.645000,-0.080000,-0.729000,1.634000,3.908000,2.550000,28.86
0.913254,0.656000,-0.114000,-0.735000,1.023000,5.466000,2.718000,28.77
0.928379,0.636000,-0.140000,-0.744000,0.595000,7.115000,2.427000,28.91
0.931276,0.652000,-0.140000,-0.737000,1.176000,7.603000,1.878000,28.81
0.945118,0.658000,-0.160000,-0.717000,1.618000,8.366000,1.145000,28.86
0.957661,0.654000,-0.172000,-0.728000,0.595000,7.969000,-0.550000,28.86
0.964688,0.629000,-0.188000,-0.744000,-2.015000,8.351000,-2.351000,28.81
0.976882,0.650000,-0.143000,-0.728000,-3.282000,8.809000,-3.359000,28.81
0.983960,0.624000,-0.098000,-0.707000,-3.115000,7.267000,-2.779000,28.86
0.996465,0.571000,-0.021000,-0.735000,1.145000,7.832000,0.214000,28.77
1.003686,0.694000,-0.141000,-0.727000,-0.244000,8.214000,0.885000,28.81
1.016091,0.672000,-0.112000,-0.706000,0.534000,3.847000,1.695000,28.81
1.023298,0.666000,-0.110000,-0.711000,1.344000,2.901000,2.626000,28.86
1.035676,0.661000,-0.127000,-0.728000,1.756000,1.802000,2.855000,28.86
1.043090,0.662000,-0.170000,-0.724000,1.740000,3.496000,2.168000,28.91
1.055432,0.657000,-0.183000,-0.734000,0.840000,2.794000,1.420000,28.91
1.067832,0.665000,-0.126000,-0.732000,-0.336000,3.267000,0.885000,28.86
1.074891,0.669000,-0.115000,-0.732000,2.153000,3.221000,2.046000,28.86
1.087312,0.638000,-0.129000,-0.752000,2.565000,4.992000,2.840000,28.86
1.094512,0.649000,-0.135000,-0.745000,1.710000,8.275000,3.634000,28.81
1.107262,0.659000,-0.132000,-0.734000,2.076000,11.176000,3.832000,28.81
1.114991,0.657000,-0.125000,-0.761000,2.397000,13.603000,4.580000,28.77
1.126595,0.645000,-0.101000,-0.769000,2.687000,19.618000,5.771000,28.86
1.133666,0.653000,-0.085000,-0.786000,4.275000,25.802000,7.786000,28.91
1.146099,0.610000,-0.152000,-0.776000,5.756000,32.443000,8.382000,28.91
1.153040,0.629000,-0.263000,-0.771000,7.878000,37.985000,7.908000,28.86
1.165707,0.602000,-0.253000,-0.789000,5.985000,46.305000,4.855000,28.77
1.177805,0.542000,-0.177000,-0.882000,11.282000,51.618000,3.420000,28.81
1.185151,0.432000,0.019000,-0.940000,6.718000,59.740000,1.130000,28.91
1.197391,0.521000,-0.039000,-0.900000,3.771000,74.931000,3.389000,28.86
1.204447,0.656000,-0.012000,-0.863000,6.153000,82.122000,10.229000,28.86
1.216966,0.664000,-0.063000,-0.833000,0.137000,93.802000,17.237000,28.91
1.223729,0.756000,-0.071000,-0.911000,9.985000,115.634000,26.962000,28.86
1.235948,0.724000,-0.128000,-0.903000,1.954000,122.168000,35.679000,28.86
1.242987,0.688000,0.070000,-1.150000,-15.786000,126.718000,39.023000,28.86
1.255115,0.405000,0.385000,-1.417000,-16.321000,113.878000,38.397000,28.72
1.267382,0.078000,0.501000,-1.695000,-8.885000,84.840000,26.015000,28.81
1.275271,-0.160000,0.566000,-1.834000,-6.656000,53.344000,3.710000,28.77
1.286533,-0.254000,0.604000,-1.884000,-4.702000,24.336000,-17.908000,28.77
1.293665,-0.240000,0.502000,-1.847000,-4.534000,3.817000,-29.145000,28.86
1.305527,-0.138000,0.351000,-1.819000,-15.527000,-13.939000,-33.038000,28.91
1.317375,-0.021000,0.245000,-1.676000,-34.137000,-31.145000,-30.534000,28.81
1.324766,0.282000,0.095000,-1.572000,-45.542000,-52.626000,-21.878000,28.86
1.336500,0.221000,0.029000,-1.324000,-51.084000,-69.023000,-9.420000,28.86
1.343388,0.186000,-0.053000,-1.143000,-52.504000,-65.359000,0.885000,28.81
1.355536,0.277000,-0.124000,-1.044000,-56.122000,-59.252000,7.466000,28.81
1.367366,0.368000,-0.107000,-0.988000,-58.641000,-55.130000,10.992000,28.77
1.374552,0.466000,-0.035000,-0.926000,-54.977000,-53.557000,12.763000,28.86
1.386266,0.523000,-0.040000,-0.890000,-50.275000,-50.901000,10.962000,28.91
1.393377,0.612000,-0.047000,-0.897000,-48.840000,-48.855000,5.267000,28.81
1.405415,0.710000,-0.004000,-0.870000,-46.763000,-49.588000,0.198000,28.86
1.417408,0.702000,0.059000,-0.854000,-39.069000,-51.206000,-3.160000,28.86
1.424340,0.680000,0.033000,-0.854000,-33.145000,-45.954000,-7.679000,28.72
1.436659,0.746000,0.052000,-0.885000,-28.580000,-42.794000,-11.237000,28.81
1.443537,0.772000,0.091000,-0.933000,-23.328000,-39.832000,-12.595000,28.86
1.455551,0.710000,0.097000,-0.933000,-18.977000,-37.939000,-14.916000,28.95
1.467392,0.662000,0.084000,-0.960000,-16.855000,-33.084000,-18.916000,28.81
1.474349,0.659000,0.067000,-1.004000,-16.748000,-30.031000,-23.405000,28.91
1.486413,0.664000,0.031000,-1.040000,-16.473000,-31.053000,-26.336000,28.86
1.492479,0.656000,-0.027000,-1.034000,-17.389000,-38.092000,-27.969000,28.86
1.505149,0.624000,-0.064000,-0.994000,-17.420000,-45.450000,-28.519000,28.81
1.517022,0.575000,-0.091000,-0.931000,-16.336000,-50.855000,-28.947000,28.91
1.525358,0.549000,-0.107000,-0.858000,-13.603000,-53.756000,-30.565000,28.86
1.535677,0.539000,-0.101000,-0.782000,-9.725000,-55.023000,-33.908000,28.86
1.547912,0.553000,-0.101000,-0.738000,-4.519000,-59.817000,-39.252000,28.77
1.554819,0.556000,-0.122000,-0.685000,1.786000,-59.893000,-47.481000,28.81
1.566677,0.573000,-0.109000,-0.602000,10.901000,-58.000000,-57.435000,28.91
1.574934,0.624000,-0.104000,-0.526000,21.511000,-54.931000,-68.992000,28.86
1.585649,0.683000,-0.083000,-0.430000,35.847000,-54.000000,-80.824000,28.86
1.597591,0.744000,-0.075000,-0.365000,52.916000,-52.550000,-88.290000,28.91
1.604652,0.887000,-0.090000,-0.315000,68.901000,-44.855000,-95.802000,28.81
1.616806,1.203000,-0.269000,-0.397000,69.023000,-49.221000,-107.435000,28.86
1.623540,1.547000,-0.402000,-0.327000,62.870000,-74.916000,-115.053000,28.95
1.635121,1.542000,-0.385000,-0.141000,61.191000,-101.725000,-110.595000,28.91
1.647068,1.282000,-0.446000,0.142000,67.176000,-112.992000,-94.229000,28.86
1.654292,1.004000,-0.629000,0.416000,64.473000,-95.267000,-74.336000,28.86
1.666253,0.905000,-0.774000,0.539000,44.840000,-64.718000,-55.817000,28.77
1.677966,0.978000,-0.787000,0.532000,15.405000,-29.313000,-37.099000,28.91
1.685211,-0.087000,-0.732000,-0.582000,20.412000,-8.824000,-21.328000,28.81
1.697100,0.790000,-0.456000,1.634000,-20.458000,37.603000,19.771000,28.86
1.704104,1.655000,-0.915000,2.336000,-51.176000,203.511000,60.321000,28.77
1.716181,1.254000,-0.028000,0.263000,-31.847000,280.763000,70.153000,28.81
1.723233,3.722000,0.667000,-2.101000,-47.985000,192.901000,30.305000,28.81
1.735495,2.142000,1.964000,-0.751000,35.969000,21.466000,20.687000,28.86
1.747588,1.882000,1.271000,-0.691000,100.885000,136.947000,40.153000,28.86
1.754526,2.604000,-1.075000,-1.139000,115.344000,22.290000,58.092000,28.86
1.766713,0.501000,-0.935000,-0.740000,85.649000,-19.206000,63.176000,28.81
1.776225,0.536000,-0.045000,-0.964000,41.969000,70.076000,24.779000,28.91
1.785649,0.934000,-0.544000,-0.824000,32.931000,21.710000,24.137000,28.86
1.798018,0.964000,-0.556000,-0.804000,8.885000,39.481000,14.580000,28.95
1.805486,0.895000,-0.143000,-0.755000,15.374000,12.824000,9.420000,28.91
1.817356,0.775000,-0.238000,-0.793000,19.389000,3.908000,5.603000,28.81
1.825089,0.865000,-0.271000,-0.802000,6.351000,0.000000,0.244000,28.86
1.837133,0.737000,-0.248000,-0.853000,-10.229000,0.595000,-9.359000,28.86
1.843757,0.725000,-0.239000,-0.800000,-22.214000,4.305000,-15.267000,28.81
1.856001,0.694000,-0.118000,-0.772000,-23.527000,0.366000,-16.321000,28.95
1.868041,0.665000,-0.072000,-0.756000,-20.321000,0.748000,-14.977000,28.86
1.874971,0.642000,-0.039000,-0.722000,-17.282000,0.962000,-11.863000,28.86
1.887058,0.640000,-0.026000,-0.713000,-15.359000,2.107000,-8.809000,28.91
1.894410,0.635000,-0.072000,-0.704000,-13.466000,2.076000,-6.168000,28.91
1.906411,0.611000,-0.082000,-0.694000,-9.527000,2.534000,-3.466000,28.86
1.913825,0.588000,-0.077000,-0.700000,-5.206000,3.618000,-1.191000,28.77
1.925776,0.630000,-0.123000,-0.759000,-4.214000,4.733000,-1.160000,28.91
1.938111,0.695000,-0.181000,-0.750000,-6.931000,1.832000,-2.687000,28.91
1.944946,0.614000,-0.092000,-0.709000,-6.107000,-1.435000,-1.924000,28.77
1.958919,0.572000,0.047000,-0.685000,-0.794000,1.954000,1.924000,28.86
1.964892,0.614000,0.080000,-0.659000,6.244000,2.870000,5.649000,28.81
1.977177,0.635000,-0.027000,-0.670000,12.489000,2.550000,10.366000,28.81
1.984295,0.642000,-0.036000,-0.706000,16.626000,1.450000,12.901000,28.77
1.996599,0.631000,-0.059000,-0.731000,18.595000,4.458000,14.427000,28.86
2.003688,0.653000,-0.084000,-0.750000,19.878000,7.389000,14.931000,28.91
2.015956,0.666000,-0.081000,-0.769000,21.053000,6.992000,15.160000,28.81
2.027701,0.649000,-0.113000,-0.769000,19.573000,11.420000,15.084000,28.77
2.034669,0.656000,-0.125000,-0.775000,20.305000,10.580000,14.443000,28.86
2.046962,0.673000,-0.086000,-0.797000,13.679000,15.313000,14.321000,28.91
2.053974,0.642000,-0.087000,-0.832000,16.336000,25.160000,14.107000,28.91
2.066151,0.613000,-0.162000,-0.793000,17.145000,32.458000,14.763000,28.86
2.073070,0.513000,-0.138000,-0.809000,19.573000,41.237000,15.084000,28.77
2.085208,0.577000,-0.232000,-0.808000,18.550000,55.664000,10.137000,28.91
2.097683,0.565000,-0.267000,-0.923000,17.725000,68.061000,4.473000,28.81
2.104684,0.277000,-0.149000,-1.080000,7.328000,84.366000,0.260000,28.77
2.116908,0.225000,0.004000,-1.268000,-0.565000,115.740000,-0.809000,28.86
2.123832,0.220000,-0.135000,-1.403000,-26.076000,150.702000,12.931000,28.81
2.136093,0.441000,0.440000,-1.548000,-37.008000,179.710000,50.534000,28.91
2.147960,0.144000,0.862000,-2.162000,-27.069000,174.916000,45.908000,28.72
2.154793,-0.741000,0.609000,-2.577000,-10.870000,123.817000,27.008000,28.86
2.166931,-0.888000,0.784000,-2.627000,-4.275000,67.863000,11.130000,28.81
2.174329,-0.846000,0.758000,-2.571000,-3.420000,19.496000,-4.092000,28.81
2.186273,-0.738000,0.651000,-2.405000,-8.305000,-20.565000,-13.237000,28.77
2.197961,-0.600000,0.508000,-2.224000,-15.817000,-54.962000,-14.855000,28.77
2.205017,-0.368000,0.420000,-2.036000,-23.206000,-83.099000,-10.092000,28.81
2.216817,-0.135000,0.282000,-1.844000,-22.565000,-103.344000,9.191000,28.81
2.224093,0.032000,0.097000,-1.524000,-28.855000,-104.702000,26.305000,28.86
2.235655,0.563000,-0.076000,-1.152000,-37.450000,-87.008000,39.542000,28.86
2.247674,0.689000,-0.115000,-0.716000,-37.221000,-70.977000,43.191000,28.86
2.254644,1.151000,-0.215000,-0.238000,-24.412000,-27.160000,39.863000,28.81
2.266663,1.341000,-0.396000,0.323000,-3.679000,16.229000,41.252000,28.81
2.273878,1.565000,-0.864000,-0.181000,-29.160000,31.344000,30.962000,28.86
2.285751,1.027000,-0.760000,-0.540000,-70.214000,21.053000,19.389000,28.86
2.298182,0.855000,-0.797000,-0.623000,-118.061000,-0.244000,12.947000,28.91
2.304984,0.963000,-0.863000,-0.370000,-130.137000,-2.519000,8.870000,28.81
2.316916,1.152000,-0.848000,0.295000,-84.550000,-49.145000,9.618000,28.86
2.324413,1.599000,-1.076000,1.510000,-8.672000,-55.908000,18.702000,28.86
2.338964,2.820000,-1.777000,3.285000,35.496000,-14.718000,31.695000,28.81
2.343614,4.000000,-2.139000,4.000000,51.557000,25.084000,60.916000,28.81
2.359521,4.000000,-1.318000,4.000000,28.214000,-30.336000,22.458000,28.77
2.367463,-0.301000,0.138000,-1.289000,51.496000,-158.076000,-11.450000,28.77
2.374624,-0.373000,0.311000,-1.834000,7.023000,-98.580000,27.817000,28.81
2.386736,0.556000,-0.384000,-0.829000,13.695000,-54.046000,11.725000,28.77
2.393923,0.436000,-1.091000,-0.938000,6.824000,-61.817000,-5.389000,28.86
2.406101,0.580000,0.097000,-0.939000,-5.832000,-10.092000,-12.489000,28.86
2.418174,0.739000,0.022000,-0.743000,-9.252000,2.611000,-7.847000,28.91
2.425164,0.678000,-0.189000,-0.737000,-12.840000,10.916000,-6.840000,28.81
2.437181,0.836000,-0.088000,-0.632000,-8.336000,10.122000,-6.580000,28.86
2.445712,0.660000,-0.040000,-0.729000,-2.000000,-2.702000,-3.267000,28.77
2.457002,0.633000,-0.043000,-0.784000,0.107000,6.504000,-0.947000,28.81
2.469133,0.648000,-0.138000,-0.783000,-2.107000,9.969000,0.458000,28.81
2.475926,0.661000,-0.055000,-0.752000,-2.336000,17.771000,2.321000,28.77
2.483963,0.703000,-0.088000,-0.730000,0.580000,17.282000,4.336000,28.77
2.495934,0.707000,-0.062000,-0.708000,2.962000,18.076000,6.321000,28.81
2.508072,0.663000,-0.072000,-0.746000,4.733000,18.901000,7.954000,28.91
2.514756,0.642000,-0.115000,-0.835000,1.420000,26.412000,7.481000,28.86
2.527125,0.650000,-0.099000,-0.805000,-1.664000,33.130000,6.565000,28.86
2.534134,0.593000,-0.113000,-0.760000,1.924000,38.229000,6.855000,28.81
2.546735,0.571000,-0.131000,-0.755000,3.344000,32.137000,8.870000,28.67
2.554854,0.510000,-0.135000,-0.815000,2.656000,52.275000,10.366000,28.77
2.565841,0.472000,-0.215000,-0.874000,6.595000,47.695000,10.718000,28.95
2.576544,0.297000,-0.049000,-1.051000,5.802000,84.870000,14.382000,28.81
2.586082,0.395000,0.093000,-1.097000,7.588000,100.626000,19.985000,28.81
2.599983,0.425000,0.240000,-1.415000,16.244000,139.786000,35.328000,28.86
2.604758,0.314000,0.656000,-1.885000,15.282000,152.290000,35.313000,28.77
2.616881,-0.139000,1.162000,-2.414000,26.794000,142.763000,18.901000,28.81
2.625752,-0.494000,1.326000,-2.493000,41.298000,110.076000,-18.794000,28.91
2.635820,-0.766000,1.377000,-2.554000,51.679000,62.397000,-60.000000,28.81
2.647930,-0.750000,1.164000,-2.628000,53.084000,25.298000,-88.000000,28.77
2.654940,-0.739000,0.935000,-2.590000,47.725000,-19.725000,-95.908000,28.77
2.669003,-0.731000,0.688000,-2.546000,29.969000,-45.511000,-96.107000,28.81
2.675139,-0.637000,0.556000,-2.451000,8.305000,-76.137000,-89.924000,28.81
2.685591,-0.418000,0.482000,-2.299000,-10.153000,-102.000000,-84.718000,28.86
2.697469,-0.291000,0.340000,-2.152000,-27.527000,-121.725000,-77.298000,28.77
2.705203,0.145000,0.149000,-1.877000,-33.252000,-145.878000,-54.031000,28.81
2.715990,0.153000,-0.289000,-1.667000,-59.756000,-146.412000,-38.992000,28.81
2.727778,0.828000,-0.304000,-1.321000,-65.603000,-130.809000,-1.786000,28.86
2.735017,0.830000,-0.728000,-0.137000,-42.137000,-86.183000,41.725000,28.77
2.747111,2.029000,-1.737000,-0.135000,-97.557000,-34.061000,41.817000,28.81
2.753480,2.257000,-1.193000,-0.421000,-150.427000,-27.496000,35.725000,28.95
2.765636,1.870000,-0.613000,-0.383000,-158.611000,-131.450000,41.496000,28.86
2.779813,1.200000,-0.429000,0.016000,-121.603000,-135.939000,40.656000,28.77
2.784478,0.980000,-0.679000,0.328000,-92.748000,-114.107000,29.771000,28.81
2.796485,1.135000,-0.741000,0.508000,-70.000000,-83.099000,15.130000,28.81
2.803625,1.435000,-0.765000,0.657000,-46.321000,-73.786000,5.588000,28.77
2.817181,1.675000,-0.720000,0.917000,-23.206000,-54.748000,4.870000,28.77
2.827819,1.709000,-0.739000,1.339000,4.611000,-34.412000,15.710000,28.91
2.835086,1.764000,-0.804000,1.859000,35.527000,10.763000,31.557000,28.81
2.847105,2.145000,-0.968000,2.669000,71.664000,72.229000,41.679000,28.86
2.854362,3.378000,-1.503000,4.000000,106.046000,190.519000,24.443000,28.77
2.866139,3.425000,-0.937000,-0.944000,48.656000,313.176000,-18.214000,28.72
2.878061,4.000000,-1.012000,-2.661000,91.252000,-37.130000,76.458000,28.81
2.885171,-0.087000,-0.396000,-0.164000,31.695000,-57.679000,70.336000,28.77
2.897386,0.667000,-0.026000,-1.301000,63.023000,86.260000,23.588000,28.77
2.904468,1.068000,-1.071000,-0.911000,55.969000,-25.527000,28.824000,28.81
2.918712,1.155000,-0.380000,-0.843000,28.153000,8.427000,24.702000,28.81
2.923895,0.878000,-0.096000,-0.704000,14.305000,-1.618000,7.634000,28.77
2.935978,0.731000,-0.457000,-0.860000,5.924000,-5.878000,7.160000,28.86
2.941873,0.751000,-0.176000,-0.781000,1.771000,0.611000,1.023000,28.81
2.955327,0.718000,-0.227000,-0.773000,-1.832000,-7.740000,-1.573000,28.91
2.967517,0.667000,-0.128000,-0.789000,-6.595000,3.832000,-2.947000,28.77
2.978551,0.681000,-0.108000,-0.752000,-8.198000,3.496000,-2.153000,28.77
2.986916,0.669000,-0.062000,-0.736000,-6.718000,6.168000,0.046000,28.77
2.994263,0.666000,-0.054000,-0.721000,-2.366000,5.695000,2.748000,28.81
3.007992,0.658000,-0.076000,-0.724000,0.748000,6.992000,4.168000,28.72
3.014187,0.648000,-0.068000,-0.724000,2.718000,8.763000,5.588000,28.77
3.026312,0.681000,-0.126000,-0.705000,2.672000,8.061000,5.557000,28.77
3.033581,0.641000,-0.126000,-0.728000,3.252000,7.008000,6.031000,28.81
3.045929,0.617000,-0.114000,-0.714000,4.504000,7.313000,6.458000,28.72
3.053251,0.658000,-0.101000,-0.697000,5.771000,5.924000,6.947000,28.86
3.066542,0.636000,-0.077000,-0.709000,7.878000,3.389000,8.824000,28.77
3.077767,0.677000,-0.135000,-0.748000,8.153000,3.008000,10.702000,28.81
3.085316,0.678000,-0.125000,-0.728000,5.023000,0.824000,12.198000,28.81
3.100508,0.656000,-0.013000,-0.722000,7.908000,2.061000,17.053000,28.77
3.104749,0.644000,-0.038000,-0.757000,11.267000,5.634000,22.626000,28.86
3.116667,0.622000,-0.095000,-0.746000,14.733000,12.321000,25.053000,28.81
3.124136,0.554000,-0.167000,-0.751000,16.916000,17.863000,25.847000,28.81
3.136022,0.618000,-0.236000,-0.729000,13.603000,17.115000,23.832000,28.77
3.149351,0.599000,-0.284000,-0.731000,15.893000,28.397000,19.649000,28.86
3.155241,0.607000,-0.321000,-0.860000,11.695000,32.458000,16.076000,28.81
3.173236,0.634000,-0.196000,-0.888000,8.809000,50.275000,11.176000,28.81
3.176481,0.471000,0.047000,-1.027000,9.832000,70.687000,9.908000,28.86
3.187033,0.321000,0.066000,-1.096000,6.840000,93.588000,17.557000,28.77
3.194605,0.599000,0.359000,-1.066000,2.198000,101.160000,31.221000,28.81
3.206828,0.626000,0.440000,-1.376000,13.206000,102.885000,44.763000,28.81
3.212908,-0.297000,1.319000,-2.312000,-20.687000,70.565000,54.046000,28.86
3.225466,-0.450000,1.423000,-2.224000,-25.893000,48.611000,40.763000,28.77
3.237122,-0.417000,1.502000,-2.189000,-35.908000,3.954000,11.466000,28.77
3.243938,-0.262000,1.190000,-2.011000,-35.740000,-19.008000,-16.779000,28.91
3.255857,0.006000,0.736000,-1.777000,-40.733000,-41.450000,-25.908000,28.81
3.261678,0.599000,0.268000,-1.108000,-31.634000,-35.740000,-21.328000,28.77
3.274617,0.988000,-0.593000,-0.535000,-22.840000,-10.733000,-15.756000,28.86
3.286895,0.869000,-0.761000,-0.571000,-39.359000,4.626000,-9.954000,28.91
3.293890,0.526000,-0.481000,-0.830000,-56.779000,19.374000,-2.763000,28.81
3.306174,0.349000,-0.355000,-1.027000,-63.588000,21.908000,4.153000,28.77
3.312821,0.365000,-0.399000,-1.083000,-65.084000,14.656000,2.656000,28.86
3.325131,0.323000,-0.369000,-1.032000,-57.176000,6.061000,-1.466000,28.81
3.337365,0.349000,-0.340000,-1.062000,-47.908000,3.954000,-5.237000,28.86
3.344587,0.414000,-0.243000,-1.106000,-42.779000,-1.817000,-8.718000,28.86
3.357239,0.419000,-0.105000,-1.115000,-40.870000,-5.344000,-14.260000,28.77
3.363378,0.605000,-0.004000,-1.091000,-25.863000,-12.641000,-14.122000,28.81
3.375328,0.555000,-0.161000,-1.018000,-13.053000,-20.092000,-14.794000,28.81
3.387434,0.499000,-0.201000,-0.969000,-7.832000,-20.672000,-19.359000,28.77
3.394087,0.587000,-0.213000,-1.047000,-6.916000,-14.931000,-26.351000,28.86
3.406134,0.774000,-0.251000,-1.099000,-9.649000,-22.092000,-32.962000,28.81
3.417946,0.784000,-0.261000,-1.087000,-10.137000,-37.191000,-35.908000,28.81
3.424825,0.700000,-0.220000,-1.012000,-10.198000,-42.855000,-39.359000,28.77
3.436987,0.718000,-0.247000,-0.962000,-12.427000,-41.832000,-46.336000,28.86
3.443519,0.817000,-0.190000,-0.878000,-11.405000,-39.985000,-51.298000,28.81
3.455657,0.847000,-0.115000,-0.793000,-0.046000,-37.023000,-51.145000,28.72
3.467495,0.857000,-0.150000,-0.808000,13.252000,-31.832000,-48.702000,28.77
3.474237,0.879000,-0.244000,-0.822000,21.771000,-27.527000,-44.779000,28.77
3.486816,0.831000,-0.303000,-0.780000,23.466000,-24.702000,-38.611000,28.81
3.493145,0.778000,-0.327000,-0.736000,21.038000,-17.191000,-31.588000,28.77
3.505237,0.819000,-0.311000,-0.760000,16.168000,-12.351000,-25.878000,28.77
3.517022,0.923000,-0.333000,-0.769000,10.565000,-16.519000,-21.634000,28.77
3.524369,0.908000,-0.314000,-0.713000,5.435000,-24.656000,-15.420000,28.72
3.536361,0.786000,-0.300000,-0.578000,1.267000,-23.710000,-8.534000,28.72
3.543350,0.717000,-0.303000,-0.497000,-6.641000,-17.053000,-3.466000,28.77
3.555442,0.713000,-0.259000,-0.435000,-13.542000,-10.550000,1.740000,28.77
3.567550,0.700000,-0.204000,-0.354000,-18.443000,-8.244000,6.916000,28.72
3.574579,0.649000,-0.188000,-0.311000,-25.725000,-6.641000,9.206000,28.72
3.586750,0.604000,-0.152000,-0.239000,-33.878000,-5.664000,10.122000,28.77
3.596285,0.568000,-0.119000,-0.189000,-40.107000,-5.847000,10.198000,28.77
3.605864,0.548000,-0.103000,-0.146000,-43.038000,-8.885000,9.618000,28.81
3.617866,0.543000,-0.134000,-0.121000,-47.786000,-14.092000,7.802000,28.81
3.625121,0.519000,-0.140000,-0.076000,-54.794000,-21.008000,7.053000,28.77
3.636990,0.457000,-0.144000,-0.025000,-59.802000,-23.969000,7.099000,28.77
3.645485,0.382000,-0.148000,0.016000,-60.824000,-25.771000,8.198000,28.81
3.656181,0.235000,-0.201000,-0.023000,-60.092000,-25.221000,5.817000,28.77
3.662189,0.198000,-0.257000,-0.092000,-58.107000,-25.466000,-0.901000,28.77
3.675591,0.269000,-0.181000,-0.143000,-48.397000,-32.748000,-7.252000,28.86
3.686876,0.318000,-0.182000,-0.212000,-32.000000,-47.649000,-14.214000,28.81
3.693419,0.360000,-0.219000,-0.208000,-18.870000,-62.183000,-24.031000,28.72
3.705954,0.476000,-0.205000,-0.179000,-4.656000,-72.641000,-34.244000,28.77
3.717630,0.672000,-0.166000,-0.255000,9.267000,-76.580000,-45.298000,28.77
3.725330,1.123000,-0.217000,-0.344000,14.718000,-83.450000,-57.893000,28.91
3.736602,1.597000,-0.138000,-0.331000,17.908000,-108.321000,-67.878000,28.81
3.743624,3.382000,-0.179000,0.739000,82.702000,-106.443000,-29.328000,28.77
3.755908,-1.298000,1.159000,4.000000,81.115000,89.221000,169.008000,28.86
3.767720,4.000000,0.076000,-3.018000,-16.702000,500.260000,92.290000,28.81
3.781020,4.000000,0.357000,-1.583000,241.008000,3.389000,27.420000,28.81
3.786918,1.569000,-2.524000,-0.713000,200.489000,126.290000,116.137000,28.77
3.794183,2.809000,-2.883000,-2.704000,60.794000,25.267000,46.305000,28.77
3.806241,0.266000,0.184000,-0.434000,5.740000,-10.641000,13.618000,28.81
3.813255,0.560000,0.156000,-0.935000,0.351000,48.687000,-3.710000,28.86
3.825762,1.056000,-0.348000,-0.573000,-1.344000,13.008000,8.916000,28.77
3.837953,0.961000,0.076000,-0.628000,14.351000,-15.008000,2.382000,28.77
3.845046,0.669000,-0.209000,-0.780000,13.679000,-11.252000,4.931000,28.81
3.857126,0.723000,-0.238000,-0.783000,4.794000,-9.924000,-1.542000,28.72
3.875941,0.656000,-0.216000,-0.827000,-6.763000,1.160000,-5.893000,28.86
3.876954,0.649000,-0.078000,-0.788000,-10.366000,7.176000,-6.809000,28.77
3.882988,0.630000,-0.081000,-0.783000,-5.832000,8.153000,-3.496000,28.81
3.895603,0.646000,-0.125000,-0.770000,-1.969000,11.252000,-1.405000,28.81
3.907610,0.665000,-0.116000,-0.733000,-0.870000,10.122000,-0.229000,28.77
3.914556,0.615000,-0.033000,-0.721000,-0.290000,12.214000,1.206000,28.86
3.929122,0.601000,-0.045000,-0.733000,2.336000,15.359000,3.664000,28.81
3.934370,0.651000,-0.132000,-0.720000,4.290000,15.023000,4.977000,28.72
3.946874,0.620000,-0.218000,-0.733000,3.450000,13.573000,2.427000,28.77
3.954118,0.614000,-0.206000,-0.766000,1.176000,13.802000,-0.977000,28.77
3.965968,0.609000,-0.148000,-0.756000,-2.427000,15.420000,-2.351000,28.81
3.971583,0.661000,-0.083000,-0.710000,-3.527000,16.244000,-1.084000,28.86
3.986556,0.675000,-0.067000,-0.698000,-1.817000,13.420000,0.977000,28.77
3.997372,0.668000,-0.092000,-0.683000,0.779000,10.687000,2.366000,28.86
4.004653,0.684000,-0.121000,-0.693000,1.053000,7.863000,2.031000,28.72
4.017140,0.668000,-0.118000,-0.693000,-0.015000,6.366000,1.542000,28.81
4.024471,0.634000,-0.070000,-0.695000,0.168000,4.000000,1.527000,28.77
4.036938,0.618000,-0.107000,-0.741000,1.786000,4.076000,2.733000,28.77
4.045756,0.683000,-0.137000,-0.720000,4.519000,2.504000,4.412000,28.81
4.058192,0.660000,-0.153000,-0.726000,5.160000,2.107000,4.107000,28.72
4.064052,0.642000,-0.151000,-0.760000,3.282000,4.763000,3.313000,28.77
4.078012,0.688000,-0.150000,-0.735000,1.863000,5.893000,2.962000,28.77
4.083367,0.699000,-0.118000,-0.710000,2.046000,6.672000,2.916000,28.81
4.095808,0.700000,-0.104000,-0.736000,2.763000,7.053000,3.481000,28.81
4.106005,0.669000,-0.087000,-0.746000,6.443000,10.336000,4.794000,28.77
4.115348,0.695000,-0.123000,-0.749000,6.824000,13.191000,6.321000,28.77
4.127813,0.687000,-0.182000,-0.740000,4.641000,21.527000,6.504000,28.72
4.135979,0.649000,-0.180000,-0.776000,2.733000,23.573000,5.069000,28.86
4.147311,0.680000,-0.213000,-0.751000,2.183000,29.618000,3.359000,28.77
4.154658,0.644000,-0.197000,-0.748000,0.901000,32.626000,1.603000,28.86
4.166725,0.646000,-0.204000,-0.775000,-0.412000,36.992000,-1.130000,28.81
4.174121,0.594000,-0.121000,-0.858000,0.000000,47.206000,-2.412000,28.81
4.186183,0.551000,0.023000,-0.956000,3.191000,66.992000,3.405000,28.67
4.193755,0.631000,-0.016000,-0.898000,4.763000,90.656000,12.885000,28.77
4.205754,0.475000,-0.124000,-1.060000,39.603000,115.695000,20.382000,28.72
4.217577,0.643000,-0.212000,-0.908000,22.031000,140.565000,24.382000,28.72
4.224676,0.734000,-0.159000,-0.989000,36.733000,176.092000,24.107000,28.77
4.237015,0.624000,-0.167000,-1.039000,39.313000,201.313000,23.176000,28.77
4.243835,0.845000,-0.129000,-1.200000,40.748000,217.496000,26.504000,28.81
4.256161,0.888000,-0.123000,-1.173000,40.153000,233.618000,29.450000,28.81
4.267867,0.936000,-0.120000,-1.187000,32.458000,250.290000,28.794000,28.81
4.274937,1.420000,-0.286000,-1.296000,16.489000,247.695000,32.489000,28.77
4.286947,1.137000,0.172000,-1.159000,24.550000,233.191000,45.206000,28.86
4.294005,0.911000,0.306000,-1.323000,42.489000,230.901000,45.664000,28.81
4.306139,0.834000,0.615000,-1.844000,54.198000,181.328000,30.809000,28.72
4.318021,0.179000,0.865000,-1.948000,65.389000,128.565000,13.160000,28.77
4.325412,0.389000,0.508000,-1.914000,36.931000,83.420000,-10.092000,28.67
4.337581,-0.142000,0.563000,-1.831000,18.336000,28.718000,-16.305000,28.72
4.344428,-0.372000,0.375000,-1.680000,3.924000,19.145000,-14.947000,28.77
4.357006,-0.298000,0.179000,-1.589000,-18.870000,-9.878000,-9.328000,28.77
4.366824,-0.224000,0.150000,-1.543000,-38.855000,-33.740000,-0.275000,28.77
4.375806,-0.166000,0.137000,-1.469000,-52.290000,-62.275000,8.107000,28.81
4.387542,-0.111000,0.115000,-1.348000,-63.099000,-83.588000,10.672000,28.72
4.394392,-0.026000,0.103000,-1.240000,-71.160000,-102.382000,7.985000,28.86
4.408019,0.100000,0.099000,-1.133000,-74.947000,-117.344000,1.695000,28.77
4.413469,0.229000,0.084000,-1.090000,-75.954000,-128.656000,-6.962000,28.81
4.427534,0.377000,0.059000,-1.077000,-76.763000,-137.985000,-17.740000,28.72
4.437215,0.582000,0.058000,-1.079000,-74.260000,-148.870000,-28.275000,28.77
4.443937,0.725000,0.053000,-1.052000,-67.206000,-162.168000,-39.374000,28.77
4.455905,0.835000,0.069000,-1.006000,-58.824000,-171.099000,-50.702000,28.81
4.467844,0.924000,0.102000,-0.953000,-48.901000,-176.489000,-64.321000,28.81
4.474636,1.022000,0.118000,-0.921000,-35.863000,-176.061000,-78.824000,28.77
4.486581,1.176000,0.132000,-0.917000,-22.229000,-174.489000,-94.901000,28.67
4.492343,1.414000,0.020000,-0.931000,-16.092000,-183.985000,-115.237000,28.72
4.505072,1.621000,-0.003000,-0.863000,-1.969000,-190.656000,-132.198000,28.72
4.517739,1.594000,-0.119000,-0.726000,11.832000,-215.115000,-139.069000,28.77
4.524665,1.510000,-0.235000,-0.566000,24.183000,-218.031000,-138.443000,28.86
4.535526,1.443000,-0.406000,-0.441000,27.878000,-208.336000,-132.550000,28.81
4.547132,1.415000,-0.506000,-0.282000,22.565000,-195.466000,-120.977000,28.72
4.554080,2.027000,-1.411000,0.974000,48.000000,-147.084000,-79.908000,28.77
4.566654,1.549000,-1.052000,1.172000,49.786000,-94.473000,-40.611000,28.86
4.572093,1.913000,-1.246000,1.059000,11.435000,-13.053000,-16.702000,28.86
4.585433,2.251000,-1.097000,1.140000,-16.031000,-20.366000,-3.008000,28.81
4.597662,2.131000,-0.951000,1.357000,-29.710000,20.809000,20.076000,28.81
4.604707,2.164000,-0.990000,1.421000,-30.885000,53.099000,38.107000,28.77
4.616659,2.261000,-1.104000,1.697000,-19.756000,68.641000,59.771000,28.77
4.624291,2.251000,-1.191000,2.175000,2.244000,101.588000,96.229000,28.72
4.636041,1.261000,-0.622000,1.565000,-13.924000,187.298000,84.580000,28.72
4.648125,3.140000,1.581000,-1.529000,-5.313000,167.893000,9.786000,28.77
4.655456,2.102000,1.527000,-0.903000,54.519000,-63.954000,2.901000,28.77
4.667553,-0.017000,-0.620000,-0.579000,100.183000,14.351000,67.069000,28.72
4.674313,1.219000,-0.675000,-1.374000,80.351000,34.366000,39.740000,28.72
4.686189,0.881000,-0.602000,-0.585000,58.046000,-56.061000,34.962000,28.86
4.693418,0.923000,-0.271000,-0.936000,23.145000,-4.214000,13.893000,28.77
4.705772,0.654000,-0.279000,-0.763000,8.504000,-11.038000,11.420000,28.91
4.717510,0.663000,-0.265000,-0.790000,4.763000,-11.756000,3.893000,28.77
4.725567,0.656000,-0.242000,-0.757000,5.939000,-12.565000,-0.565000,28.86
4.736838,0.626000,-0.251000,-0.777000,0.901000,-9.527000,-4.611000,28.86
4.745910,0.619000,-0.141000,-0.772000,-5.618000,-1.053000,-7.176000,28.81
4.756998,0.672000,-0.123000,-0.756000,-7.740000,4.595000,-6.641000,28.81
4.763042,0.731000,-0.117000,-0.725000,-6.244000,8.168000,-5.939000,28.77
4.775601,0.681000,-0.118000,-0.736000,-3.954000,6.885000,-4.718000,28.77
4.787581,0.688000,-0.052000,-0.739000,-2.733000,10.427000,-2.107000,28.81
4.808403,0.682000,-0.090000,-0.721000,-1.985000,11.435000,0.412000,28.72
4.811626,0.670000,-0.131000,-0.731000,-1.802000,12.366000,0.702000,28.86
4.814598,0.665000,-0.144000,-0.730000,-1.237000,11.511000,0.382000,28.77
4.826087,0.667000,-0.135000,-0.720000,-0.687000,10.870000,0.076000,28.81
4.833085,0.654000,-0.142000,-0.727000,-1.038000,10.260000,0.122000,28.72
4.845649,0.678000,-0.140000,-0.712000,-1.130000,9.786000,-0.290000,28.77
4.857806,0.672000,-0.135000,-0.709000,-1.130000,6.687000,-0.260000,28.86
4.876010,0.679000,-0.123000,-0.696000,0.183000,4.092000,0.244000,28.72
4.877691,0.685000,-0.126000,-0.685000,1.069000,2.931000,1.313000,28.77
4.884801,0.686000,-0.102000,-0.684000,6.397000,4.183000,2.015000,28.67
4.897125,0.652000,-0.070000,-0.732000,15.130000,5.038000,2.718000,28.77
4.904222,0.705000,-0.120000,-0.703000,13.359000,6.015000,3.573000,28.72
4.916630,0.635000,-0.156000,-0.708000,1.206000,2.046000,3.618000,28.72
4.925957,0.649000,-0.137000,-0.733000,8.198000,4.702000,4.427000,28.77
4.937606,0.661000,-0.145000,-0.734000,8.977000,2.351000,6.198000,28.77
4.943821,0.639000,-0.071000,-0.764000,7.282000,-0.611000,7.389000,28.81
4.956164,0.634000,-0.101000,-0.794000,8.809000,11.053000,8.885000,28.72
4.963128,0.637000,-0.107000,-0.775000,8.962000,18.718000,11.954000,28.67
4.975257,0.602000,-0.150000,-0.771000,10.092000,23.649000,14.229000,28.77
4.987327,0.560000,-0.176000,-0.822000,10.718000,32.748000,15.878000,28.81
4.996993,0.548000,-0.222000,-0.832000,11.847000,41.908000,14.107000,28.72
5.006819,0.501000,-0.158000,-0.913000,18.046000,51.450000,14.824000,28.86
5.013862,0.512000,-0.034000,-0.933000,12.198000,67.832000,14.000000,28.77
5.026066,0.615000,-0.080000,-0.918000,6.260000,74.031000,16.229000,28.81
5.031974,0.666000,-0.010000,-0.849000,13.176000,81.511000,19.695000,28.81
5.046160,0.741000,-0.143000,-0.827000,-6.550000,91.664000,25.511000,28.67
5.058409,0.762000,0.091000,-0.893000,-33.176000,91.115000,38.000000,28.77
5.064175,0.439000,0.281000,-1.263000,-43.252000,68.198000,50.672000,28.72
5.076409,-0.108000,0.524000,-1.702000,-72.107000,8.595000,57.328000,28.72
5.083222,-0.153000,1.167000,-2.068000,-29.328000,106.565000,43.618000,28.77
5.095572,-0.441000,1.168000,-2.182000,-22.595000,3.053000,20.550000,28.77
5.110984,-0.511000,1.147000,-2.209000,-31.939000,22.718000,-5.405000,28.81
5.114359,-0.435000,0.856000,-2.135000,-32.519000,-32.840000,-15.466000,28.81
5.126338,-0.333000,0.456000,-1.919000,-38.458000,-39.985000,-12.870000,28.77
5.134276,-0.123000,0.143000,-1.677000,-41.282000,-61.969000,2.290000,28.67
5.145166,0.126000,-0.265000,-1.271000,-46.031000,-59.053000,19.573000,28.72
5.159266,0.457000,-0.493000,-0.927000,-53.710000,-48.992000,36.443000,28.72
5.163910,0.844000,-0.599000,-0.633000,-58.076000,-34.473000,46.870000,28.77
5.178444,1.208000,-0.681000,-0.011000,-37.130000,-5.115000,40.794000,28.77
5.183137,1.301000,-0.698000,0.029000,-21.893000,4.443000,21.176000,28.72
5.195847,1.002000,-0.414000,-0.276000,-3.115000,12.443000,-5.725000,28.72
5.207810,0.724000,-0.287000,-0.616000,13.328000,10.107000,-25.740000,28.77
5.214358,0.574000,-0.251000,-0.747000,29.557000,5.405000,-41.481000,28.77
5.226565,0.444000,-0.267000,-0.842000,42.977000,-1.542000,-51.252000,28.62
5.233458,0.397000,-0.390000,-0.955000,48.702000,-5.924000,-55.115000,28.72
5.245602,0.367000,-0.425000,-0.991000,44.809000,-12.580000,-53.740000,28.67
5.290114,0.434000,-0.433000,-0.917000,39.206000,-13.847000,-49.069000,28.77
5.290829,0.515000,-0.469000,-0.812000,32.275000,-12.672000,-41.237000,28.72
5.291409,0.583000,-0.464000,-0.723000,26.137000,-8.458000,-31.969000,28.72
5.291974,0.648000,-0.465000,-0.665000,20.214000,-2.870000,-23.084000,28.77
5.295554,0.658000,-0.450000,-0.705000,14.366000,2.366000,-15.634000,28.77
5.307791,0.638000,-0.365000,-0.719000,9.267000,3.679000,-10.183000,28.72
5.315084,0.598000,-0.276000,-0.750000,7.374000,7.008000,-7.084000,28.62
5.327284,0.584000,-0.200000,-0.802000,9.221000,5.863000,-7.145000,28.77
5.334457,0.583000,-0.155000,-0.843000,12.763000,2.626000,-9.985000,28.77
5.347431,0.587000,-0.080000,-0.951000,12.137000,-3.389000,-15.542000,28.72
5.353821,0.555000,-0.013000,-1.015000,8.168000,-7.771000,-25.038000,28.81
5.365936,0.547000,0.091000,-1.030000,7.756000,-18.015000,-34.366000,28.86
5.371645,0.564000,0.073000,-1.000000,7.863000,-26.397000,-43.893000,28.86
5.385025,0.524000,0.041000,-0.751000,13.405000,-27.435000,-44.885000,28.81
5.397215,0.724000,-0.188000,-0.636000,9.695000,-16.947000,-42.260000,28.72
5.404062,0.850000,-0.265000,-0.596000,-1.069000,-14.351000,-34.855000,28.86
5.416091,0.893000,-0.267000,-0.645000,-17.389000,-11.969000,-26.550000,28.86
5.428203,0.825000,-0.181000,-0.698000,-24.779000,-17.786000,-15.969000,28.77
5.435086,0.818000,-0.191000,-0.758000,-27.145000,-29.145000,-4.916000,28.72
5.447167,0.766000,-0.167000,-0.830000,-33.725000,-39.221000,3.374000,28.81
5.453889,0.682000,-0.069000,-0.802000,-36.183000,-50.855000,12.458000,28.67
5.466078,0.601000,-0.089000,-0.682000,-37.435000,-47.023000,19.603000,28.67
5.477883,0.629000,-0.141000,-0.605000,-43.405000,-41.985000,23.924000,28.62
5.484842,0.621000,-0.144000,-0.527000,-44.397000,-33.038000,27.542000,28.81
5.496579,0.583000,-0.117000,-0.414000,-48.092000,-15.603000,31.832000,28.67
5.503432,0.678000,-0.070000,-0.444000,-46.870000,13.511000,29.511000,28.67
5.515481,0.846000,-0.143000,-0.564000,-54.794000,-12.229000,24.061000,28.72
5.527697,1.345000,-0.269000,-0.584000,-58.000000,-1.649000,8.687000,28.72
5.534563,1.551000,-0.351000,-0.219000,-52.870000,-53.099000,10.122000,28.77
5.546830,1.498000,-0.442000,0.477000,-38.397000,-64.458000,14.321000,28.77
5.553698,1.406000,-0.555000,1.436000,-12.290000,-31.435000,13.603000,28.62
5.566019,1.732000,-0.796000,2.587000,16.198000,44.733000,4.840000,28.67
5.571930,2.586000,-1.333000,4.000000,37.847000,160.550000,-5.405000,28.77
5.585136,4.000000,0.908000,-0.711000,67.908000,198.641000,65.237000,28.77
5.597283,1.361000,-0.213000,-0.765000,45.466000,-198.229000,33.664000,28.72
5.604219,-1.093000,0.698000,-1.018000,115.603000,-36.290000,69.802000,28.81
5.616354,1.743000,-0.844000,-1.062000,78.641000,24.275000,40.183000,28.77
5.660530,0.898000,-1.082000,-1.024000,27.405000,-92.519000,15.450000,28.77
5.662275,0.362000,-0.156000,-1.035000,-1.191000,26.351000,-1.603000,28.72
5.663066,0.907000,-0.147000,-0.707000,-4.229000,2.687000,-1.802000,28.81
5.663832,0.657000,-0.267000,-0.797000,-3.527000,10.015000,-4.443000,28.77
5.667074,0.727000,-0.144000,-0.727000,-0.321000,2.305000,-4.687000,28.77
5.673958,0.684000,-0.123000,-0.748000,-3.282000,5.450000,-4.260000,28.72
5.685918,0.681000,-0.160000,-0.760000,-6.962000,10.947000,-4.122000,28.72
5.692982,0.672000,-0.150000,-0.760000,-7.786000,11.115000,-3.649000,28.81
5.705200,0.655000,-0.134000,-0.739000,-5.435000,9.756000,-2.214000,28.77
5.717320,0.622000,-0.134000,-0.750000,-3.405000,11.985000,-1.664000,28.77
5.726105,0.638000,-0.168000,-0.729000,-5.130000,15.527000,-2.534000,28.72
5.736667,0.626000,-0.111000,-0.702000,-5.282000,16.718000,-2.000000,28.72
5.746028,0.602000,-0.045000,-0.721000,-2.855000,16.519000,-0.779000,28.77
5.756062,0.593000,-0.060000,-0.732000,1.298000,18.397000,1.115000,28.77
5.763632,0.621000,-0.118000,-0.703000,3.176000,18.885000,2.794000,28.72
5.775710,0.656000,-0.147000,-0.706000,1.298000,19.405000,1.710000,28.77
5.788121,0.660000,-0.090000,-0.686000,1.832000,19.008000,2.702000,28.67
5.795328,0.685000,-0.089000,-0.672000,4.534000,15.878000,5.145000,28.77
5.810705,0.698000,-0.139000,-0.710000,7.695000,12.168000,8.458000,28.72
5.814852,0.647000,-0.112000,-0.771000,9.649000,14.107000,11.557000,28.72
5.826885,0.614000,-0.094000,-0.802000,10.931000,22.824000,15.481000,28.77
5.899894,0.661000,-0.113000,-0.799000,11.481000,30.702000,17.786000,28.77
5.900627,0.626000,-0.122000,-0.849000,12.626000,40.260000,17.954000,28.72
5.901209,0.538000,-0.054000,-0.875000,13.969000,57.481000,19.084000,28.72
5.901781,0.503000,-0.076000,-0.943000,19.786000,72.824000,21.023000,28.77
5.902351,0.520000,-0.135000,-0.966000,31.771000,101.450000,19.969000,28.77
5.902921,0.342000,-0.146000,-1.307000,33.374000,138.748000,22.992000,28.62
5.903488,0.492000,0.147000,-1.551000,31.786000,205.511000,33.634000,28.81
5.904061,0.878000,-0.160000,-1.696000,45.710000,265.649000,35.084000,28.77
5.915479,0.954000,0.280000,-1.783000,77.008000,291.695000,47.359000,28.77
5.927572,1.114000,0.219000,-1.739000,98.748000,300.153000,61.252000,28.62
5.934360,1.271000,0.430000,-1.932000,90.366000,286.122000,55.603000,28.72
5.946751,0.881000,1.326000,-2.494000,80.977000,213.008000,16.397000,28.81
5.953354,0.195000,1.928000,-2.506000,103.221000,159.191000,-45.527000,28.77
5.965722,0.136000,1.352000,-2.404000,80.015000,98.107000,-115.710000,28.77
5.977851,-0.336000,1.028000,-2.488000,59.267000,9.969000,-134.382000,28.72
5.984421,-0.981000,0.406000,-2.054000,32.107000,-21.115000,-121.725000,28.67
5.996336,-1.045000,-0.125000,-1.862000,-20.855000,-37.496000,-85.344000,28.77
6.002852,-0.858000,-0.285000,-1.788000,-63.038000,-53.740000,-38.031000,28.72
6.015176,-0.580000,-0.352000,-1.695000,-90.977000,-81.099000,3.649000,28.72
6.026797,-0.340000,-0.353000,-1.564000,-113.038000,-104.611000,28.107000,28.67
6.033329,-0.168000,-0.282000,-1.375000,-124.290000,-123.466000,39.191000,28.77
6.045542,0.006000,-0.229000,-1.230000,-127.084000,-131.878000,39.130000,28.72
6.059214,0.264000,-0.218000,-1.182000,-128.473000,-136.565000,31.237000,28.81
6.067698,0.544000,-0.178000,-1.131000,-123.756000,-147.802000,17.450000,28.67
6.076386,0.813000,-0.108000,-1.125000,-116.718000,-158.443000,-2.397000,28.77
6.087577,1.178000,-0.094000,-1.086000,-106.962000,-174.168000,-28.153000,28.77
6.094213,1.381000,-0.048000,-0.964000,-90.626000,-197.588000,-56.580000,28.72
6.106104,1.563000,-0.015000,-0.783000,-63.786000,-220.046000,-84.779000,28.62
6.117729,1.631000,-0.164000,-0.566000,-34.901000,-222.626000,-109.481000,28.67
6.124542,1.691000,-0.348000,-0.335000,-9.924000,-226.244000,-127.634000,28.77
6.136328,1.883000,-0.597000,-0.126000,4.260000,-213.847000,-136.031000,28.81
6.143578,1.981000,-0.721000,0.191000,9.832000,-205.756000,-128.885000,28.67
6.155920,2.748000,-1.606000,1.551000,57.908000,-167.679000,-77.496000,28.77
6.167405,1.740000,-1.180000,1.913000,64.473000,-113.740000,-18.092000,28.77
6.174712,2.489000,-1.629000,1.670000,18.107000,1.023000,7.832000,28.72
6.186619,2.901000,-1.330000,2.138000,-14.397000,-15.420000,28.137000,28.72
6.193719,2.921000,-0.780000,2.507000,-10.122000,46.519000,63.664000,28.67
6.206019,3.139000,-1.158000,3.456000,47.771000,82.168000,83.145000,28.67
6.213046,0.500000,-0.847000,2.202000,88.809000,183.878000,29.008000,28.62
6.225338,3.526000,-0.510000,-2.307000,73.649000,135.649000,-2.611000,28.72
6.237376,1.810000,-0.262000,-1.530000,79.130000,-115.298000,66.458000,28.67
6.243990,-0.180000,-0.302000,-0.521000,62.565000,81.725000,48.000000,28.67
6.256341,1.550000,-0.662000,-1.380000,57.817000,23.924000,12.076000,28.72
6.263325,1.001000,-0.893000,-0.737000,28.443000,-32.748000,22.473000,28.81
6.275757,0.831000,0.005000,-0.859000,12.901000,3.740000,-1.145000,28.77
6.287828,0.732000,-0.368000,-0.756000,0.382000,-10.718000,-0.305000,28.77
6.294986,0.807000,-0.136000,-0.756000,-3.008000,5.389000,-2.763000,28.72
6.307053,0.768000,-0.212000,-0.763000,-2.443000,-8.779000,-4.015000,28.77
6.314142,0.701000,-0.315000,-0.837000,-13.527000,2.198000,-8.870000,28.77
6.326332,0.696000,-0.222000,-0.789000,-23.939000,3.832000,-12.962000,28.77
6.333127,0.661000,-0.066000,-0.752000,-25.847000,7.603000,-11.969000,28.72
6.345358,0.628000,-0.018000,-0.719000,-19.099000,7.527000,-8.168000,28.72
6.357567,0.627000,-0.051000,-0.701000,-12.550000,8.656000,-4.641000,28.77
6.364642,0.657000,-0.064000,-0.672000,-8.321000,7.863000,-2.427000,28.67
6.376982,0.616000,-0.007000,-0.671000,-4.779000,9.282000,0.534000,28.72
6.384206,0.515000,0.096000,-0.667000,3.695000,11.298000,5.206000,28.72
6.396563,0.496000,0.099000,-0.688000,16.916000,16.427000,9.954000,28.67
6.403889,0.607000,-0.082000,-0.686000,23.267000,18.305000,15.786000,28.77
6.415885,0.601000,-0.038000,-0.643000,26.977000,16.565000,18.015000,28.77
6.428049,0.585000,-0.090000,-0.718000,31.588000,18.672000,19.924000,28.81
6.435015,0.720000,-0.243000,-0.777000,28.397000,13.847000,16.702000,28.72
6.447343,0.739000,-0.374000,-0.801000,15.008000,7.527000,8.183000,28.77
6.454389,0.690000,-0.192000,-0.794000,11.496000,12.534000,4.244000,28.67
6.466775,0.656000,-0.133000,-0.783000,8.656000,18.885000,4.458000,28.81
6.474275,0.667000,-0.167000,-0.772000,7.099000,22.947000,4.321000,28.72
6.486492,0.669000,-0.196000,-0.743000,6.321000,24.901000,5.038000,28.77
6.493587,0.650000,-0.165000,-0.797000,4.992000,30.153000,6.366000,28.77
6.505956,0.644000,-0.155000,-0.742000,5.038000,37.649000,8.229000,28.62
6.517906,0.599000,-0.094000,-0.791000,6.076000,43.756000,9.924000,28.77
6.525313,0.649000,-0.148000,-0.861000,8.916000,57.206000,14.137000,28.77
6.537342,0.633000,-0.251000,-0.845000,14.122000,71.282000,13.573000,28.77
6.544374,0.602000,-0.239000,-0.932000,15.527000,94.718000,13.160000,28.72
6.556759,0.448000,-0.188000,-1.352000,41.191000,143.374000,15.939000,28.72
6.563475,0.638000,-0.032000,-1.151000,46.504000,205.634000,22.122000,28.77
6.575723,0.777000,-0.364000,-1.295000,55.069000,247.053000,21.985000,28.67
6.587721,0.778000,-0.195000,-1.278000,61.557000,287.832000,17.282000,28.72
6.594826,1.017000,-0.130000,-1.303000,73.939000,318.947000,15.908000,28.72
6.606760,0.888000,-0.155000,-1.263000,82.122000,333.924000,21.038000,28.77
6.614002,1.286000,-0.438000,-1.553000,60.885000,344.611000,15.221000,28.77
6.625598,1.617000,-0.425000,-1.310000,14.305000,298.779000,18.962000,28.81
6.637755,1.385000,0.321000,-1.053000,33.939000,281.038000,30.687000,28.72
6.644606,1.455000,0.249000,-1.266000,70.305000,255.557000,35.298000,28.67
6.656883,0.917000,0.203000,-1.785000,85.603000,161.817000,34.168000,28.67
6.663594,1.023000,-0.046000,-1.554000,52.504000,102.672000,22.321000,28.81
6.676446,0.103000,0.249000,-1.092000,34.168000,50.779000,23.237000,28.81
6.683596,0.087000,-0.070000,-0.855000,13.008000,79.359000,32.275000,28.72
6.695893,0.320000,-0.179000,-0.867000,-24.473000,56.168000,41.496000,28.67
6.713154,0.455000,-0.021000,-0.908000,-48.565000,33.573000,51.344000,28.77
6.715389,0.427000,0.116000,-0.788000,-54.901000,-0.611000,55.832000,28.81
6.726527,0.322000,0.148000,-0.628000,-57.176000,-18.061000,51.618000,28.77
6.734245,0.247000,0.192000,-0.507000,-59.099000,-30.198000,39.985000,28.67
6.745746,0.239000,0.251000,-0.469000,-59.023000,-33.496000,24.550000,28.67
6.757617,0.249000,0.282000,-0.482000,-54.824000,-41.389000,8.244000,28.72
6.764788,0.227000,0.275000,-0.484000,-48.626000,-51.176000,-7.313000,28.81
6.778740,0.162000,0.270000,-0.474000,-41.450000,-62.824000,-20.885000,28.77
6.783996,0.113000,0.212000,-0.471000,-38.947000,-70.855000,-32.718000,28.67
6.795708,0.109000,0.182000,-0.486000,-40.779000,-76.489000,-42.565000,28.81
6.811996,0.139000,0.199000,-0.532000,-41.191000,-82.580000,-50.458000,28.72
6.817194,0.235000,0.221000,-0.669000,-40.611000,-91.313000,-60.046000,28.67
6.828107,0.378000,0.220000,-0.797000,-39.603000,-110.763000,-71.145000,28.67
6.833540,0.475000,0.215000,-0.861000,-39.786000,-140.244000,-83.695000,28.72
6.845632,0.561000,0.252000,-0.861000,-26.244000,-158.305000,-96.611000,28.72
6.858058,0.624000,0.193000,-0.864000,-20.351000,-185.542000,-106.840000,28.77
6.863874,0.671000,0.200000,-0.869000,-15.954000,-199.771000,-115.130000,28.67
6.875973,0.700000,0.211000,-0.915000,-7.405000,-214.183000,-120.672000,28.72
6.887527,0.783000,0.183000,-0.983000,-1.313000,-220.947000,-125.954000,28.77
6.894589,0.964000,0.156000,-1.092000,2.763000,-222.244000,-130.122000,28.77
6.906645,1.133000,0.156000,-1.179000,9.069000,-221.084000,-130.595000,28.77
6.913356,1.322000,0.145000,-1.184000,20.229000,-216.534000,-123.710000,28.72
6.925402,1.418000,0.111000,-1.164000,29.786000,-204.336000,-115.023000,28.72
6.937138,2.137000,-0.222000,-0.458000,75.282000,-248.718000,-6.137000,28.67
6.944111,2.090000,-1.093000,-0.929000,54.687000,-218.992000,-3.313000,28.67
6.956385,2.126000,-0.291000,-0.923000,36.504000,-178.427000,21.786000,28.72
6.974570,1.424000,-0.588000,1.142000,-8.641000,-132.489000,45.374000,28.72
6.975703,1.793000,-1.117000,1.449000,-31.618000,21.176000,41.145000,28.67
6.989030,2.364000,-1.424000,0.869000,-75.298000,56.595000,18.855000,28.77
6.993833,2.450000,-1.082000,0.177000,-104.840000,26.092000,24.122000,28.91
7.005818,1.746000,-0.753000,-0.273000,-115.221000,-20.672000,36.473000,28.72
7.017825,1.013000,-0.511000,-0.427000,-112.534000,-37.802000,42.336000,28.77
7.024746,0.495000,-0.360000,-0.407000,-95.618000,-34.641000,37.008000,28.67
7.036899,0.492000,-0.364000,-0.380000,-74.565000,-22.733000,21.511000,28.72
7.043731,0.803000,-0.425000,-0.396000,-49.527000,-11.786000,9.802000,28.81
7.056240,0.925000,-0.514000,-0.217000,-20.137000,-26.397000,9.679000,28.67
7.062818,0.940000,-0.611000,0.154000,4.901000,-24.076000,16.015000,28.77
7.075052,0.982000,-0.675000,0.647000,22.855000,-3.298000,29.450000,28.72
7.087276,1.249000,-0.697000,1.299000,25.847000,54.626000,36.061000,28.72
7.094367,1.967000,-0.699000,2.225000,33.847000,119.847000,13.603000,28.77
7.109741,3.104000,-0.379000,1.830000,80.336000,145.267000,66.870000,28.77
7.116868,3.912000,-0.673000,-1.322000,43.817000,-59.725000,12.641000,28.81
7.126701,-1.441000,0.275000,-0.595000,74.885000,-107.710000,50.305000,28.72
7.137781,1.164000,-0.320000,-1.739000,28.458000,1.634000,20.305000,28.77
7.145016,0.547000,-0.659000,-0.167000,13.924000,-45.756000,20.626000,28.67
7.157249,0.527000,-0.122000,-0.803000,-0.733000,-19.298000,1.740000,28.62
7.164087,0.701000,-0.101000,-0.755000,-3.145000,-5.618000,4.260000,28.72
7.177034,0.694000,-0.333000,-0.753000,1.313000,-5.344000,0.061000,28.77
7.183442,0.687000,-0.264000,-0.769000,-0.458000,-7.176000,-3.450000,28.67
7.195628,0.651000,-0.244000,-0.795000,-4.931000,7.649000,-7.069000,28.62
7.211806,0.671000,-0.181000,-0.785000,-9.725000,7.695000,-9.115000,28.81
7.217113,0.700000,-0.048000,-0.721000,-8.885000,13.206000,-8.107000,28.58
7.227231,0.755000,-0.070000,-0.668000,-4.092000,13.511000,-5.435000,28.77
7.237317,0.723000,-0.092000,-0.671000,-0.550000,11.481000,-4.168000,28.81
7.246596,0.698000,-0.086000,-0.700000,1.481000,12.366000,-3.374000,28.81
7.254158,0.699000,-0.106000,-0.708000,1.908000,13.160000,-2.504000,28.67
7.266976,0.680000,-0.114000,-0.721000,2.779000,12.473000,-1.771000,28.77
7.271717,0.683000,-0.142000,-0.750000,4.076000,13.237000,-1.053000,28.62
7.285520,0.688000,-0.204000,-0.743000,1.786000,13.344000,-0.611000,28.62
7.297894,0.685000,-0.161000,-0.738000,-0.702000,14.809000,-1.344000,28.67
7.304578,0.685000,-0.156000,-0.720000,-2.382000,16.290000,-1.130000,28.86
7.317480,0.680000,-0.125000,-0.696000,-2.626000,14.580000,-0.687000,28.72
7.325795,0.692000,-0.102000,-0.683000,-2.168000,11.725000,0.992000,28.62
7.336143,0.714000,-0.061000,-0.658000,-0.901000,8.076000,2.504000,28.67
7.343395,0.731000,0.000000,-0.647000,3.023000,8.626000,6.687000,28.77
7.356024,0.731000,0.010000,-0.740000,8.885000,13.160000,13.573000,28.72
7.367879,0.630000,0.031000,-0.815000,14.351000,23.420000,20.397000,28.77
7.375316,0.632000,0.074000,-0.891000,18.641000,34.229000,24.198000,28.67
7.387459,0.520000,0.153000,-1.112000,17.374000,56.748000,28.931000,28.77
7.394508,0.406000,-0.007000,-1.090000,22.702000,80.336000,32.901000,28.72
7.406931,0.338000,-0.417000,-1.086000,10.427000,108.458000,37.496000,28.62
7.413464,0.306000,-0.054000,-1.416000,-67.603000,158.992000,57.527000,28.86
7.425608,0.559000,0.864000,-1.610000,-85.634000,217.450000,68.763000,28.67
7.437532,-0.150000,1.471000,-2.723000,-61.786000,197.252000,47.634000,28.62
7.444349,-0.929000,2.550000,-3.583000,-1.191000,119.756000,-34.672000,28.72
7.456412,-1.613000,2.401000,-3.776000,48.809000,23.496000,-127.756000,28.67
7.463126,-1.843000,1.805000,-3.767000,62.977000,-57.481000,-184.321000,28.67
7.477785,-1.873000,0.735000,-3.519000,48.855000,-134.962000,-169.328000,28.62
7.486633,-1.375000,-0.088000,-2.972000,13.771000,-169.649000,-99.481000,28.72
7.493303,-0.675000,-0.629000,-2.603000,-26.336000,-176.702000,-7.237000,28.77
7.505062,-0.016000,-0.826000,-1.945000,-65.374000,-160.244000,64.779000,28.67
7.517251,0.483000,-0.562000,-1.258000,-87.481000,-113.740000,103.298000,28.62
7.523939,1.249000,-0.953000,1.174000,-33.008000,-18.748000,126.229000,28.67
7.536164,1.840000,-0.883000,0.362000,-39.908000,50.489000,97.771000,28.67
7.542997,1.239000,-0.292000,-0.998000,-44.336000,35.328000,47.206000,28.77
7.554940,0.729000,-0.268000,-1.437000,-73.710000,-33.115000,-13.511000,28.62
7.566854,0.585000,-0.260000,-0.916000,-64.748000,-68.305000,-51.344000,28.72
7.574165,1.337000,-0.979000,-0.380000,-40.366000,-99.420000,-76.550000,28.77
7.585790,2.216000,-1.535000,1.118000,-17.954000,-126.092000,-66.275000,28.67
7.597625,2.626000,-1.605000,2.557000,8.229000,-105.435000,-25.221000,28.72
7.605025,2.787000,-1.581000,3.949000,25.191000,-13.344000,-10.565000,28.62
7.617062,4.000000,-1.236000,4.000000,59.313000,121.023000,19.695000,28.77
7.624041,4.000000,-1.327000,4.000000,70.626000,126.275000,58.901000,28.67
7.636214,3.084000,0.058000,-1.146000,87.389000,-74.718000,0.198000,28.72
7.641905,-1.315000,-0.181000,-1.212000,107.557000,-86.168000,69.099000,28.72
7.655161,0.666000,-0.307000,-0.986000,12.443000,20.595000,41.359000,28.67
7.667362,0.594000,-0.742000,-1.431000,34.000000,-80.382000,21.313000,28.58
7.674420,0.470000,-0.419000,-1.122000,15.725000,26.260000,8.153000,28.81
7.686807,0.822000,-0.594000,-0.751000,5.847000,18.458000,-6.351000,28.67
7.693864,0.597000,-0.395000,-0.871000,-11.252000,8.397000,-15.237000,28.67
7.705655,0.662000,-0.140000,-0.827000,-15.313000,25.191000,-17.084000,28.67
7.717954,0.692000,0.040000,-0.754000,-11.924000,18.305000,-11.847000,28.72
7.724935,0.722000,0.098000,-0.734000,-7.496000,25.679000,-2.901000,28.72
7.737096,0.744000,0.008000,-0.699000,-2.382000,23.969000,2.076000,28.67
7.744028,0.674000,-0.081000,-0.773000,-2.015000,26.809000,4.183000,28.77
7.756796,0.684000,-0.139000,-0.774000,-5.008000,34.061000,3.038000,28.72
7.763721,0.678000,-0.028000,-0.803000,-4.122000,39.969000,1.771000,28.72
7.778851,0.635000,-0.016000,-0.851000,-4.168000,50.076000,4.366000,28.77
7.781295,0.577000,0.034000,-0.979000,-6.824000,60.947000,4.916000,28.67
7.796934,0.551000,-0.047000,-0.863000,0.824000,78.779000,8.076000,28.62
7.812750,0.414000,-0.009000,-1.006000,10.366000,102.595000,11.328000,28.72
7.814322,0.474000,-0.313000,-1.152000,42.962000,139.420000,7.924000,28.67
7.826642,0.437000,-0.063000,-1.232000,31.634000,170.489000,9.969000,28.67
7.835306,0.271000,0.248000,-1.517000,49.817000,188.962000,12.885000,28.72
7.846360,-0.090000,0.436000,-2.350000,55.099000,186.519000,5.298000,28.67
7.858963,-0.909000,1.166000,-3.458000,48.901000,135.908000,-28.092000,28.58
7.865037,-1.610000,1.373000,-3.739000,43.344000,74.824000,-47.328000,28.77
7.876922,-1.932000,1.266000,-3.722000,37.863000,12.656000,-55.603000,28.72
7.884784,-1.753000,0.944000,-3.554000,20.046000,-58.046000,-48.870000,28.72
7.895920,-1.446000,0.702000,-3.187000,-5.802000,-106.870000,-22.427000,28.67
7.907908,-0.704000,0.317000,-2.886000,-48.000000,-143.313000,6.366000,28.67
7.914856,-0.319000,0.276000,-2.428000,-74.473000,-157.252000,27.634000,28.72
7.926719,0.219000,0.100000,-2.065000,-83.603000,-154.901000,41.649000,28.62
7.933293,0.219000,0.015000,-1.708000,-72.061000,-156.718000,60.550000,28.67
7.945507,0.547000,-0.298000,-1.396000,-77.847000,-111.481000,65.420000,28.58
7.957634,2.152000,-0.528000,-0.397000,-86.046000,-43.328000,27.191000,28.72
7.964359,2.615000,-1.190000,0.153000,-107.771000,-14.702000,-36.840000,28.72
7.975985,4.000000,-1.574000,-0.249000,-154.244000,-80.947000,-112.244000,28.67
7.987588,4.000000,-1.215000,0.049000,-172.321000,-240.122000,-125.679000,28.67
7.994579,3.298000,-0.624000,1.349000,-85.725000,-334.489000,-60.901000,28.72
8.007034,2.278000,-1.007000,2.231000,-4.748000,-275.008000,-6.473000,28.67
8.013697,1.497000,-1.550000,2.684000,20.794000,-195.298000,9.237000,28.77
8.026046,1.376000,-1.379000,2.906000,-5.618000,-98.046000,5.237000,28.67
8.037917,1.616000,-0.994000,2.874000,-12.641000,45.328000,12.687000,28.72
8.044701,2.048000,-0.788000,2.435000,22.229000,156.260000,26.443000,28.72
8.056855,2.242000,-0.610000,2.135000,59.115000,158.931000,29.618000,28.77
8.067428,2.502000,0.109000,-1.665000,26.229000,154.321000,-15.420000,28.67
8.076160,2.971000,0.655000,-1.770000,61.038000,-81.481000,20.794000,28.72
8.084885,0.206000,0.355000,-0.427000,76.351000,14.260000,35.847000,28.72
8.095603,0.642000,-1.064000,-1.045000,80.443000,85.145000,-4.244000,28.77
8.107664,1.003000,-1.418000,-1.138000,46.565000,30.534000,6.718000,28.77
8.115116,0.641000,-0.715000,-0.815000,3.496000,58.550000,15.145000,28.72
8.127403,1.627000,0.450000,-1.015000,0.947000,68.916000,9.115000,28.62
8.135147,0.731000,-0.128000,-0.560000,22.595000,21.099000,2.076000,28.67
8.146566,0.518000,-0.583000,-0.842000,17.405000,44.733000,9.053000,28.67
8.154446,0.789000,-0.129000,-0.730000,17.237000,20.672000,10.931000,28.72
8.166115,1.012000,0.009000,-0.787000,13.191000,12.366000,4.656000,28.67
8.173561,0.783000,-0.290000,-0.835000,4.855000,9.725000,5.313000,28.67
8.185696,0.667000,-0.261000,-0.856000,-1.130000,9.527000,1.756000,28.67
8.197892,0.719000,-0.224000,-0.808000,-4.748000,4.534000,-2.290000,28.62
8.205208,0.681000,-0.176000,-0.749000,-8.015000,3.069000,-4.198000,28.72
8.217667,0.635000,-0.157000,-0.747000,-9.344000,3.863000,-4.092000,28.77
8.224444,0.619000,-0.119000,-0.751000,-10.901000,6.626000,-3.649000,28.77
8.244438,0.644000,-0.099000,-0.724000,-10.366000,6.824000,-3.298000,28.72
8.245355,0.599000,-0.054000,-0.713000,-6.153000,8.336000,-2.443000,28.62
8.255800,0.609000,-0.021000,-0.760000,-4.336000,9.817000,-0.947000,28.67
8.267825,0.665000,-0.053000,-0.720000,-2.504000,5.817000,0.275000,28.67
8.275073,0.635000,-0.050000,-0.709000,0.763000,3.908000,2.824000,28.72
8.287559,0.589000,-0.022000,-0.702000,4.611000,5.206000,7.237000,28.72
8.295055,0.655000,-0.070000,-0.742000,7.756000,7.038000,9.679000,28.67
8.307211,0.657000,-0.086000,-0.754000,9.252000,6.397000,11.053000,28.67
8.317564,0.615000,-0.038000,-0.726000,12.260000,5.389000,13.115000,28.72
8.326416,0.604000,-0.014000,-0.750000,16.000000,12.046000,15.557000,28.67
8.335389,0.669000,-0.103000,-0.780000,17.099000,13.603000,17.298000,28.67
8.345814,0.666000,-0.084000,-0.748000,17.771000,14.840000,18.718000,28.58
8.358475,0.548000,-0.027000,-0.727000,21.710000,19.176000,21.924000,28.62
8.365276,0.606000,-0.129000,-0.732000,24.427000,27.740000,24.489000,28.67
8.377397,0.581000,-0.150000,-0.743000,26.229000,28.733000,26.046000,28.67
8.385884,0.554000,-0.154000,-0.805000,26.443000,36.855000,26.626000,28.72
8.396502,0.725000,-0.193000,-0.970000,19.359000,51.588000,24.244000,28.62
8.403427,0.546000,-0.043000,-1.027000,21.481000,65.618000,24.076000,28.67
8.415868,0.442000,0.079000,-0.981000,18.427000,89.893000,23.771000,28.67
8.427722,0.516000,-0.010000,-1.043000,7.756000,108.794000,30.504000,28.72
8.435038,0.642000,0.503000,-1.246000,38.977000,124.748000,48.397000,28.62
8.447326,0.334000,0.721000,-1.806000,-11.527000,127.695000,53.252000,28.72
8.454165,-0.032000,1.244000,-1.991000,-5.771000,112.641000,46.550000,28.67
8.466371,-0.284000,1.258000,-2.077000,6.550000,87.298000,16.229000,28.67
8.473627,-0.409000,1.292000,-2.103000,11.802000,55.710000,-26.168000,28.62
8.485463,-0.479000,1.034000,-2.121000,9.603000,30.382000,-54.107000,28.67
8.497571,-0.457000,0.642000,-2.091000,-3.603000,-1.298000,-61.038000,28.67
8.504269,-0.390000,0.303000,-1.993000,-26.046000,-26.809000,-50.366000,28.67
8.516520,-0.301000,0.117000,-1.843000,-50.107000,-49.481000,-29.435000,28.62
8.528119,-0.139000,-0.008000,-1.695000,-69.145000,-62.748000,-3.267000,28.62
8.535094,0.109000,-0.157000,-1.553000,-82.916000,-72.229000,22.595000,28.67
8.551786,0.313000,-0.357000,-1.296000,-91.893000,-74.550000,43.084000,28.77
8.553428,0.522000,-0.333000,-0.952000,-90.473000,-71.954000,59.573000,28.81
8.565570,0.948000,-0.446000,-0.173000,-53.389000,-41.313000,64.214000,28.72
8.578058,1.491000,-0.653000,0.235000,-17.954000,10.061000,51.160000,28.67
8.584679,1.626000,-0.952000,-0.149000,-26.809000,21.115000,26.107000,28.67
8.596813,0.970000,-0.374000,-0.618000,-42.504000,15.847000,0.611000,28.72
8.605099,0.703000,0.035000,-0.950000,-55.939000,13.618000,-20.748000,28.62
8.616019,0.661000,0.138000,-1.069000,-64.489000,11.023000,-43.786000,28.67
8.630841,0.538000,0.249000,-0.969000,-45.725000,-11.130000,-63.389000,28.67
8.634926,0.516000,0.160000,-0.995000,-14.198000,-19.267000,-78.550000,28.72
8.646981,0.518000,-0.060000,-1.067000,11.496000,-27.542000,-86.244000,28.67
8.653949,0.646000,-0.264000,-1.120000,8.962000,-36.107000,-87.221000,28.77
8.666639,0.709000,-0.393000,-1.115000,3.359000,-68.916000,-78.244000,28.62
8.678177,0.652000,-0.418000,-1.078000,-0.214000,-83.374000,-60.824000,28.72
8.685013,0.565000,-0.429000,-0.994000,-5.511000,-92.931000,-39.511000,28.58
8.696734,0.512000,-0.460000,-0.914000,-15.878000,-94.305000,-22.656000,28.77
8.704117,0.571000,-0.420000,-0.867000,-28.427000,-91.618000,-10.641000,28.72
8.716034,0.644000,-0.322000,-0.840000,-39.603000,-87.008000,-2.168000,28.72
8.727788,0.701000,-0.247000,-0.809000,-43.496000,-83.893000,3.237000,28.58
8.734874,0.702000,-0.198000,-0.745000,-43.282000,-81.206000,5.496000,28.77
8.747047,0.702000,-0.165000,-0.692000,-41.740000,-76.000000,5.344000,28.62
8.754895,0.757000,-0.155000,-0.717000,-43.420000,-66.718000,1.252000,28.62
8.766004,0.949000,-0.211000,-0.731000,-49.679000,-69.450000,-5.725000,28.72
8.777710,1.018000,-0.163000,-0.718000,-51.237000,-78.504000,-11.389000,28.77
8.785248,0.934000,-0.119000,-0.639000,-45.298000,-88.321000,-15.053000,28.77
8.796439,0.833000,-0.111000,-0.566000,-37.069000,-87.038000,-19.450000,28.62
8.804435,0.825000,-0.145000,-0.514000,-31.878000,-81.221000,-27.023000,28.58
8.816208,0.847000,-0.140000,-0.470000,-26.153000,-78.748000,-36.519000,28.67
8.827240,0.855000,-0.112000,-0.416000,-16.137000,-77.405000,-44.870000,28.67
8.836681,0.832000,-0.089000,-0.356000,-2.427000,-74.336000,-51.924000,28.72
8.846076,0.810000,-0.104000,-0.308000,8.809000,-67.298000,-58.534000,28.53
8.860855,0.862000,-0.155000,-0.276000,14.351000,-61.023000,-64.168000,28.67
8.864932,0.900000,-0.155000,-0.221000,16.382000,-56.809000,-67.160000,28.72
8.876793,0.887000,-0.185000,-0.165000,16.092000,-49.206000,-66.840000,28.72
8.883922,0.854000,-0.240000,-0.122000,13.389000,-39.878000,-63.099000,28.67
8.896068,0.822000,-0.298000,-0.080000,7.863000,-28.183000,-55.542000,28.58
8.912253,0.773000,-0.313000,-0.051000,0.595000,-13.069000,-45.618000,28.72
8.916461,0.811000,-0.308000,-0.061000,-6.733000,1.466000,-33.298000,28.62
8.927217,0.983000,-0.393000,0.396000,13.313000,22.046000,-15.588000,28.67
8.934542,0.824000,-0.448000,0.609000,33.786000,64.550000,8.229000,28.67
8.946083,1.249000,-0.664000,0.734000,38.565000,110.519000,33.069000,28.72
8.953392,1.308000,-0.708000,1.377000,54.473000,150.595000,49.496000,28.72
8.965627,0.747000,-0.330000,-0.089000,44.565000,229.298000,44.015000,28.77
8.977548,1.598000,0.198000,-1.890000,45.924000,147.328000,49.817000,28.58
8.984497,0.776000,0.252000,-1.107000,45.985000,116.611000,51.985000,28.62
8.996556,1.032000,0.183000,-0.470000,65.389000,205.038000,19.740000,28.62
9.003578,1.747000,-0.624000,-1.040000,75.389000,170.870000,9.695000,28.58
9.015894,2.634000,-0.345000,-0.990000,77.969000,109.374000,55.603000,28.67
9.021698,1.409000,-0.320000,-0.683000,64.962000,48.550000,55.618000,28.62
9.034966,0.707000,-0.189000,-0.984000,59.939000,61.389000,38.321000,28.62
9.047158,0.775000,-0.553000,-0.877000,65.786000,24.229000,41.634000,28.58
9.054183,1.076000,-0.336000,-0.799000,48.260000,16.992000,28.443000,28.58
9.066491,0.954000,-0.325000,-0.792000,31.878000,4.885000,21.863000,28.62
9.073543,0.731000,-0.271000,-0.811000,19.924000,-4.931000,14.901000,28.72
9.085862,0.765000,-0.273000,-0.789000,12.519000,-7.252000,7.649000,28.58
9.093088,0.677000,-0.214000,-0.808000,5.511000,-7.252000,2.427000,28.67
9.105479,0.627000,-0.133000,-0.808000,0.656000,1.756000,-0.015000,28.72
9.117628,0.631000,-0.178000,-0.788000,-2.641000,6.489000,-1.969000,28.72
9.125050,0.652000,-0.144000,-0.777000,-3.282000,8.855000,-3.176000,28.67
9.137217,0.635000,-0.127000,-0.757000,-4.473000,11.176000,-4.031000,28.67
9.143845,0.645000,-0.095000,-0.750000,-4.534000,13.023000,-4.015000,28.72
9.157657,0.646000,-0.062000,-0.751000,-3.573000,13.817000,-2.840000,28.72
9.163450,0.629000,-0.043000,-0.759000,-1.496000,14.824000,-1.008000,28.67
9.175657,0.665000,-0.079000,-0.733000,0.748000,15.786000,0.901000,28.67
9.187740,0.661000,-0.090000,-0.719000,1.664000,14.763000,1.496000,28.62
9.194893,0.649000,-0.127000,-0.731000,1.817000,14.214000,1.573000,28.72
9.210528,0.663000,-0.137000,-0.723000,1.298000,12.534000,1.710000,28.67
9.215541,0.673000,-0.142000,-0.711000,0.397000,10.397000,2.046000,28.67
9.227192,0.669000,-0.147000,-0.709000,0.718000,7.740000,1.893000,28.72
9.234332,0.671000,-0.152000,-0.707000,0.641000,5.313000,1.710000,28.67
9.246593,0.659000,-0.141000,-0.711000,0.519000,3.282000,1.985000,28.77
9.253674,0.669000,-0.135000,-0.708000,0.489000,1.557000,2.153000,28.67
9.266213,0.682000,-0.118000,-0.702000,0.443000,0.275000,2.000000,28.62
9.273292,0.675000,-0.141000,-0.724000,0.519000,-0.275000,2.046000,28.72
9.285663,0.688000,-0.135000,-0.708000,0.351000,-1.038000,2.000000,28.67
9.291547,0.657000,-0.102000,-0.732000,1.328000,-0.794000,2.229000,28.58
9.305149,0.649000,-0.108000,-0.751000,0.244000,3.038000,3.679000,28.72
9.317506,0.642000,-0.118000,-0.719000,3.252000,-0.351000,4.183000,28.72
9.324879,0.639000,-0.119000,-0.748000,3.756000,1.832000,5.069000,28.67
9.337336,0.657000,-0.150000,-0.735000,2.672000,3.588000,5.008000,28.58
9.344647,0.653000,-0.161000,-0.724000,1.802000,3.359000,4.031000,28.62
9.356873,0.653000,-0.166000,-0.727000,1.618000,4.092000,3.634000,28.62
9.365053,0.667000,-0.171000,-0.712000,2.290000,3.832000,2.656000,28.67
9.376808,0.659000,-0.156000,-0.731000,1.542000,1.634000,1.740000,28.77
9.384513,0.633000,-0.128000,-0.725000,0.473000,3.099000,0.931000,28.62
9.396566,0.615000,-0.136000,-0.764000,0.504000,5.267000,0.336000,28.58
9.403785,0.633000,-0.144000,-0.734000,0.275000,8.840000,0.168000,28.67
9.416217,0.658000,-0.147000,-0.753000,3.511000,10.656000,-0.275000,28.67
9.426184,0.634000,-0.103000,-0.749000,2.626000,11.511000,-0.137000,28.72
9.435331,0.665000,-0.117000,-0.748000,4.412000,16.870000,0.931000,28.62
9.453095,0.645000,-0.098000,-0.747000,4.519000,16.198000,1.802000,28.58
9.454845,0.631000,-0.110000,-0.768000,2.977000,30.137000,2.641000,28.58
9.469604,0.704000,-0.136000,-0.709000,4.718000,17.130000,4.427000,28.62
9.475066,0.658000,-0.163000,-0.741000,-1.115000,27.618000,5.420000,28.62
9.486857,0.700000,-0.148000,-0.742000,13.939000,31.496000,3.802000,28.77
9.494886,0.659000,-0.137000,-0.731000,6.885000,30.595000,5.344000,28.67
9.506828,0.668000,-0.122000,-0.772000,7.313000,32.382000,6.626000,28.62
9.513179,0.589000,-0.068000,-0.918000,9.908000,57.435000,9.924000,28.72
9.525276,0.643000,-0.089000,-0.810000,12.183000,63.298000,15.038000,28.77
9.537555,0.738000,-0.097000,-0.766000,6.733000,69.511000,17.969000,28.67
9.544541,0.467000,0.233000,-1.058000,18.687000,95.527000,24.672000,28.72
9.556864,0.499000,-0.123000,-1.002000,14.305000,112.305000,27.450000,28.67
9.571544,0.823000,-0.100000,-0.740000,25.053000,136.107000,27.664000,28.67
9.575772,0.788000,-0.182000,-0.880000,13.908000,154.031000,29.863000,28.67
9.587757,0.720000,-0.036000,-0.879000,22.992000,161.450000,33.359000,28.72
9.594756,0.905000,-0.026000,-0.899000,25.099000,172.779000,42.382000,28.72
9.606895,0.907000,-0.006000,-0.866000,20.580000,182.260000,50.260000,28.67
9.613820,0.931000,0.061000,-0.899000,10.595000,193.450000,57.206000,28.67
9.626041,1.016000,-0.101000,-0.863000,4.595000,193.420000,65.527000,28.62
9.633177,1.252000,-0.205000,-0.945000,-7.954000,185.847000,74.168000,28.62
9.645063,1.003000,0.071000,-0.850000,-0.550000,172.443000,82.595000,28.67
9.657307,0.802000,0.173000,-1.018000,14.809000,161.527000,78.412000,28.67
9.665388,0.552000,0.361000,-1.364000,21.908000,124.137000,53.954000,28.72
9.676710,0.210000,0.585000,-1.409000,24.504000,90.366000,14.992000,28.72
9.684023,0.192000,0.471000,-1.404000,17.863000,67.344000,-23.527000,28.67
9.696012,0.239000,0.226000,-1.464000,7.069000,26.687000,-36.809000,28.58
9.705094,-0.002000,0.082000,-1.285000,-0.840000,-3.160000,-34.153000,28.62
9.715079,-0.074000,-0.135000,-1.190000,-14.611000,-11.725000,-21.084000,28.62
9.727078,0.010000,-0.298000,-1.128000,-32.870000,-22.473000,-2.733000,28.67
9.734199,0.121000,-0.344000,-1.077000,-49.817000,-35.466000,19.359000,28.67
9.746746,0.184000,-0.368000,-1.037000,-62.458000,-50.168000,40.977000,28.62
9.757823,0.229000,-0.364000,-0.967000,-74.809000,-58.931000,57.878000,28.62
9.764920,0.321000,-0.317000,-0.897000,-82.885000,-67.221000,68.947000,28.67
9.776907,0.458000,-0.247000,-0.861000,-91.954000,-68.885000,74.977000,28.58
9.784020,0.555000,-0.166000,-0.865000,-99.405000,-73.740000,76.382000,28.72
9.795848,0.675000,-0.137000,-0.858000,-104.870000,-80.122000,72.351000,28.72
9.807934,0.760000,-0.082000,-0.848000,-108.382000,-86.183000,65.481000,28.67
9.814519,0.821000,-0.030000,-0.854000,-114.473000,-90.641000,56.275000,28.67
9.826651,0.864000,0.051000,-0.796000,-112.733000,-89.481000,44.534000,28.72
9.833548,0.839000,0.083000,-0.840000,-107.145000,-70.748000,28.840000,28.62
9.845227,0.895000,0.096000,-0.744000,-103.389000,-89.313000,12.489000,28.67
9.857439,0.914000,0.088000,-0.701000,-90.641000,-92.214000,-4.885000,28.67
9.864481,0.930000,0.038000,-0.706000,-79.176000,-90.168000,-22.870000,28.62
9.876257,0.914000,-0.006000,-0.711000,-64.840000,-84.733000,-38.137000,28.72
9.890410,0.886000,-0.046000,-0.706000,-47.847000,-80.702000,-49.191000,28.67
9.894795,0.891000,-0.128000,-0.744000,-31.771000,-76.931000,-57.191000,28.67
9.906715,1.039000,-0.274000,-0.822000,-25.542000,-79.420000,-65.664000,28.62
9.913368,1.149000,-0.348000,-0.862000,-30.885000,-90.183000,-71.786000,28.62
9.925517,1.088000,-0.303000,-0.809000,-31.267000,-109.481000,-73.053000,28.67
9.937139,0.918000,-0.269000,-0.690000,-23.695000,-115.344000,-72.000000,28.58
9.944205,0.806000,-0.306000,-0.607000,-16.947000,-109.450000,-72.305000,28.62
9.956663,0.804000,-0.310000,-0.589000,-14.260000,-99.664000,-73.954000,28.72
9.967808,0.826000,-0.306000,-0.598000,-13.847000,-92.382000,-75.160000,28.67
9.979252,0.896000,-0.094000,-0.714000,13.649000,-81.130000,-70.702000,28.58
9.987011,0.766000,-0.339000,-0.113000,29.389000,-64.183000,-60.748000,28.62
9.997390,1.007000,-0.623000,-0.241000,22.122000,-26.244000,-64.794000,28.62
10.005831,1.124000,-0.521000,-0.324000,9.725000,-26.870000,-66.489000,28.67
