# Gait Analysis Data - MPU6050 IMU
# Duration: 10 seconds
# Format: timestamp(s),ax(g),ay(g),az(g),gx(deg/s),gy(deg/s),gz(deg/s),temp(C)
# Note: Document sensor placement (ankle/wrist) separately
timestamp,ax,ay,az,gx,gy,gz,temp
0.000962,0.831000,-0.201000,-0.135000,97.389000,51.710000,-25.985000,29.33
0.002303,0.508000,-0.016000,-0.463000,78.229000,72.824000,-18.321000,29.24
0.003079,0.746000,0.247000,-1.161000,72.092000,73.374000,-23.969000,29.28
0.003822,0.471000,0.234000,-1.147000,91.145000,15.878000,-32.901000,29.33
0.004581,0.088000,-0.061000,-0.885000,94.504000,11.878000,-14.275000,29.33
0.005331,-0.130000,-0.365000,-0.938000,75.252000,63.817000,1.786000,29.42
0.006071,0.248000,-0.729000,-1.153000,50.412000,84.672000,25.511000,29.28
0.006815,0.617000,-0.888000,-1.127000,30.336000,66.687000,42.168000,29.28
0.007522,0.854000,-0.346000,-0.915000,11.649000,70.916000,42.076000,29.33
0.008227,0.918000,0.195000,-0.911000,10.748000,77.649000,23.282000,29.24
0.008996,0.787000,0.201000,-0.871000,22.519000,62.656000,5.863000,29.38
0.010089,0.675000,-0.053000,-0.882000,15.771000,70.977000,3.847000,29.28
0.010895,1.005000,0.048000,-0.893000,25.542000,25.557000,6.015000,29.24
0.011610,0.837000,0.005000,-0.751000,30.153000,5.176000,4.870000,29.33
0.012381,0.629000,-0.011000,-0.852000,26.336000,13.924000,5.160000,29.33
0.013285,0.707000,0.068000,-0.829000,23.359000,10.962000,12.153000,29.28
0.014174,0.757000,0.140000,-0.782000,34.733000,-7.603000,9.267000,29.28
0.015079,0.727000,-0.006000,-0.842000,34.626000,-9.176000,11.282000,29.33
0.015996,0.682000,-0.082000,-0.894000,28.198000,-15.389000,13.237000,29.33
0.016892,0.635000,-0.024000,-0.860000,21.008000,-18.931000,8.824000,29.38
0.017978,0.618000,-0.032000,-0.860000,14.366000,-14.534000,6.412000,29.38
0.019000,0.572000,-0.008000,-0.872000,12.168000,-12.748000,4.076000,29.33
0.019753,0.571000,-0.005000,-0.847000,9.863000,-10.061000,2.748000,29.42
0.020258,0.585000,-0.044000,-0.866000,6.718000,-8.427000,1.374000,29.38
0.020719,0.565000,-0.016000,-0.860000,3.221000,-6.214000,0.336000,29.42
0.021280,0.577000,0.011000,-0.847000,1.847000,-3.878000,-0.779000,29.33
0.021817,0.583000,0.018000,-0.841000,1.282000,-2.153000,-1.160000,29.33
0.022305,0.609000,0.016000,-0.847000,-0.031000,-0.198000,-1.420000,29.28
0.022771,0.583000,0.041000,-0.830000,-0.046000,-0.427000,-1.313000,29.38
0.023224,0.574000,0.043000,-0.830000,0.092000,1.069000,-0.855000,29.24
0.023693,0.602000,0.015000,-0.839000,-0.840000,1.679000,-0.962000,29.33
0.024150,0.576000,0.033000,-0.837000,-1.298000,0.214000,-0.672000,29.28
0.024581,0.571000,0.049000,-0.823000,-1.435000,0.962000,-0.198000,29.28
0.025017,0.572000,0.034000,-0.828000,-1.405000,1.389000,0.168000,29.33
0.025464,0.569000,0.003000,-0.825000,-1.832000,-0.061000,0.260000,29.33
0.025914,0.551000,0.027000,-0.809000,-2.122000,0.260000,0.947000,29.33
0.026368,0.530000,0.055000,-0.799000,-1.511000,1.802000,1.099000,29.28
0.026819,0.550000,0.055000,-0.806000,-0.092000,1.771000,1.664000,29.38
0.027263,0.563000,0.022000,-0.816000,0.244000,1.191000,1.893000,29.42
0.027721,0.548000,0.039000,-0.804000,1.099000,0.748000,2.504000,29.33
0.028409,0.536000,0.056000,-0.800000,3.282000,1.695000,3.496000,29.28
0.029081,0.542000,0.057000,-0.799000,5.115000,2.122000,4.443000,29.38
0.029749,0.551000,0.035000,-0.817000,6.611000,1.405000,4.809000,29.33
0.030442,0.537000,0.044000,-0.794000,7.588000,2.015000,5.466000,29.33
0.031062,0.550000,0.032000,-0.821000,8.626000,3.405000,5.542000,29.28
0.031526,0.568000,-0.005000,-0.821000,8.702000,2.244000,5.405000,29.33
0.031987,0.538000,0.031000,-0.809000,9.267000,2.000000,5.847000,29.42
0.032632,0.530000,0.040000,-0.806000,11.389000,3.176000,6.718000,29.33
0.033420,0.561000,0.007000,-0.815000,12.763000,3.344000,8.031000,29.38
0.034037,0.558000,0.005000,-0.813000,14.000000,1.817000,8.656000,29.28
0.034652,0.550000,0.028000,-0.814000,15.802000,1.786000,9.557000,29.33
0.035270,0.549000,-0.001000,-0.821000,17.069000,1.847000,9.939000,29.24
0.035887,0.530000,0.007000,-0.819000,18.015000,2.748000,10.336000,29.33
0.036499,0.545000,-0.014000,-0.819000,19.435000,3.053000,10.641000,29.28
0.037148,0.594000,-0.048000,-0.845000,17.466000,3.115000,8.931000,29.28
0.037764,0.581000,-0.016000,-0.844000,15.328000,4.168000,7.511000,29.24
0.038378,0.548000,-0.001000,-0.832000,14.977000,5.618000,7.252000,29.24
0.038987,0.585000,-0.059000,-0.855000,11.176000,8.550000,6.183000,29.19
0.039597,0.523000,-0.016000,-0.843000,7.969000,9.023000,6.092000,29.38
0.040329,0.552000,-0.020000,-0.849000,8.489000,11.069000,5.939000,29.24
0.040954,0.528000,-0.013000,-0.859000,7.221000,14.076000,6.427000,29.33
0.041493,0.535000,0.009000,-0.847000,9.389000,16.565000,7.023000,29.38
0.042011,0.566000,-0.003000,-0.873000,10.580000,19.969000,8.489000,29.28
0.042483,0.525000,-0.006000,-0.876000,13.664000,23.099000,8.519000,29.33
0.042930,0.515000,0.022000,-0.884000,12.824000,30.641000,9.832000,29.33
0.043371,0.526000,-0.014000,-0.886000,14.947000,35.344000,11.359000,29.28
0.043816,0.486000,0.021000,-0.922000,17.679000,42.275000,13.405000,29.28
0.044264,0.473000,-0.011000,-0.943000,15.771000,60.977000,15.023000,29.33
0.044709,0.517000,-0.005000,-0.971000,15.313000,69.038000,17.359000,29.24
0.045151,0.589000,-0.039000,-0.952000,8.198000,83.893000,18.809000,29.28
0.045591,0.737000,0.006000,-0.888000,24.092000,112.885000,24.947000,29.38
0.046048,0.500000,-0.044000,-1.067000,20.580000,150.275000,38.305000,29.33
0.046492,0.672000,-0.077000,-0.957000,31.771000,160.137000,40.840000,29.33
0.046932,0.615000,0.005000,-1.010000,29.206000,177.802000,47.328000,29.28
0.047380,0.727000,0.081000,-0.991000,39.557000,184.916000,51.267000,29.38
0.047944,0.742000,-0.038000,-0.917000,48.626000,182.901000,56.000000,29.38
0.048510,0.784000,0.030000,-0.868000,46.595000,188.580000,60.580000,29.24
0.049901,0.822000,-0.012000,-0.887000,51.527000,194.168000,62.840000,29.33
0.050511,0.816000,-0.030000,-0.875000,45.939000,184.015000,66.840000,29.28
0.051087,1.053000,-0.108000,-0.854000,31.725000,179.695000,71.969000,29.38
0.051650,1.025000,0.020000,-0.778000,20.885000,172.275000,77.969000,29.33
0.052213,0.983000,0.180000,-0.808000,19.115000,157.405000,79.908000,29.33
0.052774,0.863000,0.128000,-0.810000,29.450000,133.695000,83.405000,29.28
0.053337,0.757000,0.203000,-1.102000,12.626000,103.954000,77.145000,29.38
0.053856,0.373000,0.300000,-1.040000,9.710000,54.534000,69.847000,29.33
0.054373,0.496000,0.155000,-1.027000,-26.260000,53.405000,62.779000,29.24
0.054891,0.433000,0.301000,-1.013000,-48.870000,17.863000,52.672000,29.28
0.055401,0.284000,0.367000,-0.832000,-51.389000,1.450000,45.313000,29.33
0.055922,0.247000,0.323000,-0.750000,-49.298000,-13.924000,36.076000,29.24
0.056444,0.271000,0.282000,-0.742000,-56.275000,-11.069000,26.519000,29.33
0.056970,0.328000,0.256000,-0.769000,-56.229000,-25.435000,15.053000,29.28
0.057486,0.353000,0.219000,-0.774000,-57.023000,-35.466000,4.885000,29.28
0.058009,0.360000,0.179000,-0.768000,-55.908000,-46.153000,-4.137000,29.33
0.058536,0.367000,0.121000,-0.753000,-55.252000,-55.740000,-11.802000,29.33
0.059064,0.404000,0.067000,-0.786000,-58.107000,-61.527000,-18.260000,29.28
0.059590,0.486000,0.007000,-0.820000,-64.183000,-69.374000,-23.557000,29.28
0.060115,0.545000,-0.034000,-0.835000,-69.725000,-81.450000,-27.130000,29.33
0.060775,0.564000,-0.056000,-0.812000,-74.244000,-91.450000,-28.626000,29.33
0.061319,0.568000,-0.101000,-0.780000,-77.969000,-97.053000,-28.122000,29.38
0.061861,0.591000,-0.134000,-0.784000,-82.214000,-98.061000,-26.840000,29.38
0.062398,0.649000,-0.149000,-0.802000,-85.282000,-99.374000,-24.992000,29.33
0.062933,0.708000,-0.154000,-0.820000,-87.282000,-101.252000,-22.931000,29.24
0.063446,0.749000,-0.143000,-0.835000,-87.985000,-104.046000,-22.183000,29.19
0.063938,0.788000,-0.132000,-0.832000,-88.656000,-104.779000,-22.763000,29.38
0.064428,0.827000,-0.107000,-0.825000,-87.359000,-105.084000,-24.977000,29.24
0.064927,0.883000,-0.091000,-0.833000,-86.412000,-103.786000,-28.840000,29.33
0.065417,0.939000,-0.081000,-0.837000,-84.672000,-103.679000,-33.847000,29.38
0.065910,0.958000,-0.064000,-0.803000,-80.840000,-103.817000,-39.176000,29.38
0.066401,0.957000,-0.030000,-0.782000,-75.939000,-101.847000,-44.458000,29.24
0.066932,0.933000,-0.029000,-0.749000,-71.267000,-97.420000,-49.817000,29.33
0.067425,0.920000,-0.041000,-0.731000,-67.954000,-91.405000,-54.321000,29.33
0.067896,0.898000,-0.054000,-0.736000,-66.672000,-84.000000,-58.214000,29.28
0.068361,0.912000,-0.081000,-0.748000,-65.618000,-78.992000,-59.344000,29.28
0.068821,0.914000,-0.120000,-0.764000,-65.679000,-74.489000,-59.252000,29.33
0.069265,0.903000,-0.187000,-0.775000,-66.443000,-72.107000,-57.527000,29.33
0.069855,0.870000,-0.228000,-0.779000,-67.847000,-70.519000,-56.168000,29.38
0.070502,0.826000,-0.265000,-0.748000,-66.977000,-69.374000,-52.718000,29.38
0.070993,0.777000,-0.310000,-0.722000,-64.382000,-66.870000,-48.382000,29.24
0.071478,0.786000,-0.319000,-0.726000,-60.382000,-60.412000,-41.863000,29.33
0.071957,0.778000,-0.314000,-0.731000,-55.466000,-57.573000,-34.275000,29.38
0.072458,0.793000,-0.327000,-0.733000,-51.710000,-56.992000,-27.435000,29.28
0.072940,0.805000,-0.299000,-0.734000,-50.489000,-56.916000,-21.695000,29.24
0.073434,0.764000,-0.262000,-0.701000,-48.168000,-57.084000,-18.397000,29.33
0.073904,0.722000,-0.213000,-0.659000,-45.053000,-53.496000,-17.466000,29.28
0.074380,0.641000,-0.164000,-0.619000,-40.565000,-45.237000,-18.916000,29.19
0.074892,0.664000,-0.066000,-0.619000,-34.275000,-36.214000,-21.939000,29.33
0.075395,0.702000,-0.148000,-0.460000,-8.733000,-26.336000,-19.802000,29.33
0.075874,0.775000,-0.263000,-0.448000,8.321000,-21.176000,-23.435000,29.28
0.076337,0.826000,-0.291000,-0.381000,23.740000,-13.725000,-25.740000,29.28
0.076794,0.862000,-0.288000,-0.292000,38.565000,-3.496000,-24.534000,29.42
0.077237,0.909000,-0.334000,-0.243000,50.855000,9.237000,-26.336000,29.33
0.077704,1.082000,-0.474000,-0.167000,54.092000,26.977000,-28.733000,29.33
0.078165,1.157000,-0.550000,-0.004000,55.084000,42.076000,-29.237000,29.38
0.078600,1.162000,-0.675000,0.145000,59.634000,61.420000,-26.275000,29.28
0.079028,0.581000,-0.273000,-0.436000,43.756000,91.573000,-7.206000,29.24
0.079463,0.848000,0.031000,-1.500000,18.336000,89.008000,-10.336000,29.24
0.079980,0.399000,0.110000,-1.294000,39.252000,15.206000,-15.435000,29.28
0.080525,-0.034000,-0.101000,-0.760000,49.802000,14.595000,5.176000,29.28
0.080998,0.070000,-0.203000,-0.744000,24.519000,95.496000,30.702000,29.33
0.081462,0.457000,-0.244000,-0.932000,13.802000,95.557000,40.137000,29.33
0.081917,0.757000,0.116000,-0.825000,6.000000,81.710000,26.885000,29.28
0.082410,0.707000,0.337000,-0.647000,24.947000,78.824000,15.511000,29.28
0.082868,0.675000,0.134000,-0.811000,23.023000,93.924000,8.733000,29.24
0.083351,1.281000,-0.036000,-0.938000,53.924000,6.855000,19.008000,29.33
0.083840,1.100000,-0.324000,-0.851000,51.634000,-18.427000,27.679000,29.28
0.084303,0.768000,-0.026000,-0.882000,42.901000,-8.870000,19.725000,29.28
0.084754,0.591000,-0.081000,-0.919000,42.641000,-13.038000,15.496000,29.38
0.085210,0.698000,-0.173000,-0.927000,34.962000,-18.305000,12.000000,29.33
0.085659,0.728000,-0.132000,-0.855000,22.397000,-12.565000,7.374000,29.33
0.086098,0.648000,-0.027000,-0.871000,20.244000,-15.878000,3.542000,29.28
0.086535,0.652000,-0.026000,-0.815000,16.885000,-12.733000,2.794000,29.33
0.086981,0.672000,-0.033000,-0.847000,12.305000,-10.443000,1.588000,29.24
0.087502,0.627000,-0.047000,-0.834000,8.626000,-10.885000,0.565000,29.33
0.088053,0.589000,-0.026000,-0.851000,4.733000,-7.023000,-1.084000,29.19
0.088510,0.598000,-0.029000,-0.837000,1.985000,-4.015000,-1.527000,29.38
0.088969,0.592000,-0.013000,-0.842000,-0.519000,-1.099000,-2.397000,29.33
0.089417,0.584000,0.005000,-0.835000,-2.183000,1.023000,-2.580000,29.24
0.089872,0.584000,0.013000,-0.828000,-1.969000,1.374000,-2.092000,29.28
0.090330,0.575000,0.022000,-0.828000,-1.588000,2.244000,-1.191000,29.28
0.090779,0.580000,0.014000,-0.819000,-1.359000,3.191000,-0.611000,29.33
0.091238,0.583000,0.012000,-0.828000,-1.160000,3.298000,-0.382000,29.42
0.091718,0.579000,0.023000,-0.823000,-1.115000,3.511000,0.153000,29.28
0.092195,0.583000,0.015000,-0.815000,-0.779000,3.847000,0.351000,29.28
0.092640,0.579000,0.006000,-0.823000,-0.641000,4.031000,0.763000,29.24
0.093110,0.576000,-0.003000,-0.820000,-0.656000,4.260000,1.053000,29.33
0.093555,0.573000,0.004000,-0.823000,-0.885000,4.885000,0.641000,29.28
0.093976,0.572000,0.006000,-0.817000,-0.855000,4.641000,0.427000,29.24
0.094397,0.583000,0.016000,-0.809000,-0.733000,4.565000,0.687000,29.24
0.094832,0.575000,0.017000,-0.815000,-0.031000,3.542000,1.115000,29.33
0.095279,0.585000,0.009000,-0.820000,-0.076000,3.160000,1.725000,29.28
0.095710,0.583000,0.006000,-0.819000,0.412000,2.427000,1.832000,29.38
0.096145,0.581000,-0.016000,-0.821000,-0.382000,2.611000,1.420000,29.33
0.096564,0.573000,0.005000,-0.824000,-0.153000,1.725000,1.176000,29.24
0.096985,0.563000,0.012000,-0.809000,0.611000,1.481000,1.069000,29.33
0.097510,0.568000,0.009000,-0.808000,0.122000,0.794000,0.870000,29.28
0.098114,0.571000,0.008000,-0.808000,0.061000,0.229000,1.008000,29.28
0.098613,0.577000,0.006000,-0.818000,-0.015000,-0.504000,0.962000,29.33
0.099545,0.589000,-0.031000,-0.796000,-2.290000,5.740000,-0.198000,29.28
0.099998,0.582000,-0.020000,-0.802000,-2.305000,5.573000,-0.061000,29.28
0.100447,0.597000,-0.035000,-0.804000,-2.611000,5.115000,0.137000,29.24
0.100904,0.599000,-0.028000,-0.804000,-2.565000,4.290000,-0.290000,29.24
0.101342,0.595000,-0.021000,-0.794000,-2.519000,3.924000,-0.397000,29.19
0.101843,0.596000,-0.029000,-0.800000,-2.092000,3.756000,-0.168000,29.19
0.108228,0.597000,-0.036000,-0.807000,-2.183000,3.649000,-0.168000,29.24
0.120711,0.597000,-0.030000,-0.796000,-2.305000,3.008000,-0.626000,29.24
0.127848,0.602000,-0.030000,-0.794000,-2.061000,2.855000,-0.733000,29.28
0.139865,0.605000,-0.032000,-0.790000,-2.031000,1.893000,-1.069000,29.24
0.146912,0.601000,-0.025000,-0.795000,-1.847000,1.557000,-1.466000,29.24
0.159398,0.602000,-0.024000,-0.795000,-1.786000,0.885000,-1.145000,29.24
0.166221,0.576000,-0.012000,-0.785000,-1.969000,1.069000,-1.115000,29.28
0.178726,0.578000,-0.025000,-0.810000,-2.137000,2.122000,-1.206000,29.19
0.185849,0.604000,-0.043000,-0.794000,-2.183000,1.405000,-1.618000,29.24
0.197928,0.589000,-0.031000,-0.803000,-2.641000,2.275000,-2.092000,29.24
0.210276,0.582000,-0.016000,-0.805000,-2.840000,3.344000,-2.046000,29.24
0.217230,0.588000,-0.026000,-0.798000,-2.489000,2.824000,-2.076000,29.19
0.229652,0.595000,-0.021000,-0.803000,-2.611000,3.267000,-2.275000,29.28
0.236790,0.597000,-0.012000,-0.799000,-2.290000,2.534000,-1.908000,29.24
0.249032,0.601000,-0.023000,-0.801000,-1.954000,2.229000,-1.908000,29.33
0.256170,0.604000,-0.028000,-0.796000,-1.771000,1.160000,-1.542000,29.28
0.268435,0.605000,-0.033000,-0.787000,-1.802000,0.748000,-1.679000,29.28
0.280744,0.596000,-0.017000,-0.789000,-1.542000,0.382000,-1.893000,29.33
0.287783,0.580000,-0.028000,-0.795000,-1.740000,0.748000,-1.893000,29.24
0.299995,0.591000,-0.019000,-0.795000,-1.908000,1.008000,-2.198000,29.28
0.307094,0.579000,-0.024000,-0.809000,-1.710000,1.450000,-2.137000,29.28
0.319336,0.597000,-0.031000,-0.815000,-2.061000,1.634000,-2.137000,29.33
0.326307,0.600000,-0.029000,-0.803000,-1.649000,0.809000,-1.924000,29.24
0.338748,0.596000,-0.018000,-0.803000,-1.313000,1.084000,-1.496000,29.28
0.345818,0.607000,-0.018000,-0.800000,-0.534000,0.260000,-1.679000,29.28
0.357975,0.600000,-0.015000,-0.807000,0.321000,-0.733000,-1.130000,29.24
0.370316,0.603000,-0.026000,-0.799000,-0.107000,0.382000,-0.779000,29.33
0.377515,0.596000,-0.029000,-0.802000,0.641000,0.260000,-0.962000,29.24
0.389687,0.586000,-0.024000,-0.793000,1.130000,-0.290000,-0.947000,29.19
0.396797,0.580000,-0.032000,-0.810000,1.053000,0.595000,-0.962000,29.24
0.409291,0.590000,-0.015000,-0.804000,0.809000,1.130000,-0.595000,29.24
0.416396,0.568000,-0.015000,-0.823000,1.527000,1.221000,-0.519000,29.24
0.428750,0.584000,-0.017000,-0.805000,0.702000,3.191000,-0.458000,29.19
0.435979,0.583000,-0.021000,-0.813000,1.588000,1.969000,-0.244000,29.28
0.448313,0.591000,-0.020000,-0.816000,0.916000,3.832000,0.137000,29.24
0.460744,0.581000,-0.015000,-0.812000,1.252000,3.435000,0.519000,29.33
0.468167,0.582000,-0.021000,-0.813000,1.634000,3.863000,0.687000,29.28
0.480534,0.579000,-0.022000,-0.816000,1.557000,4.290000,0.702000,29.19
0.488143,0.577000,-0.025000,-0.821000,1.695000,5.664000,1.053000,29.14
0.500296,0.576000,-0.020000,-0.828000,1.710000,6.473000,0.840000,29.14
0.507344,0.575000,-0.022000,-0.823000,1.160000,9.542000,1.160000,29.19
0.520043,0.584000,-0.035000,-0.817000,0.885000,12.092000,1.496000,29.19
0.526906,0.587000,-0.032000,-0.841000,0.473000,15.053000,1.237000,29.33
0.539324,0.582000,-0.026000,-0.838000,-0.107000,19.099000,1.344000,29.24
0.546597,0.580000,-0.021000,-0.854000,0.443000,23.008000,0.550000,29.28
0.558931,0.552000,0.005000,-0.876000,0.626000,28.351000,1.405000,29.09
0.566580,0.525000,0.020000,-0.869000,2.962000,36.122000,4.153000,29.19
0.578657,0.540000,-0.027000,-0.874000,6.443000,44.947000,3.237000,29.14
0.591225,0.562000,-0.035000,-0.883000,4.840000,52.916000,1.969000,29.14
0.598037,0.549000,0.062000,-0.894000,7.008000,64.611000,11.145000,29.28
0.612859,0.504000,0.038000,-1.008000,0.382000,85.710000,18.702000,29.14
0.617358,0.538000,-0.058000,-0.898000,2.290000,86.443000,23.023000,29.24
0.632202,0.610000,0.017000,-0.925000,-12.840000,94.031000,32.626000,29.14
0.636589,0.597000,0.130000,-0.870000,-17.298000,102.031000,39.084000,29.28
0.649173,0.755000,0.191000,-0.844000,-11.450000,93.237000,44.061000,29.19
0.657999,0.610000,0.149000,-0.889000,-7.786000,89.252000,48.336000,29.14
0.668492,0.463000,0.284000,-1.063000,-8.656000,87.893000,50.550000,29.33
0.680449,0.273000,0.423000,-1.137000,0.092000,67.939000,44.687000,29.28
0.688140,0.160000,0.502000,-1.214000,4.229000,47.496000,33.847000,29.28
0.703277,0.095000,0.570000,-1.214000,3.282000,29.847000,20.885000,29.24
0.707757,0.055000,0.600000,-1.192000,0.107000,14.504000,7.237000,29.24
0.719894,0.066000,0.622000,-1.194000,-4.931000,1.145000,-5.878000,29.19
0.726815,0.108000,0.586000,-1.197000,-9.634000,-9.420000,-18.046000,29.28
0.739103,0.184000,0.555000,-1.186000,-13.679000,-20.122000,-29.053000,29.24
0.752726,0.320000,0.494000,-1.195000,-15.710000,-30.763000,-38.702000,29.33
0.757683,0.436000,0.458000,-1.200000,-15.282000,-42.901000,-45.557000,29.19
0.773920,0.491000,0.427000,-1.138000,-9.954000,-59.359000,-52.107000,29.24
0.776447,0.508000,0.375000,-1.046000,-6.137000,-67.557000,-59.176000,29.24
0.788628,0.508000,0.323000,-0.988000,-5.664000,-66.000000,-65.084000,29.14
0.803776,0.523000,0.276000,-0.929000,-5.313000,-63.618000,-69.664000,29.19
0.807625,0.543000,0.221000,-0.901000,-5.191000,-58.992000,-71.985000,29.28
0.822534,0.628000,0.176000,-0.924000,-6.534000,-55.847000,-71.817000,29.24
0.826549,0.722000,0.118000,-1.007000,-8.672000,-56.672000,-68.565000,29.24
0.838551,0.846000,0.017000,-1.052000,-16.061000,-68.794000,-64.534000,29.28
0.853018,0.843000,-0.036000,-1.041000,-25.649000,-84.412000,-59.359000,29.19
0.857490,0.736000,-0.064000,-0.938000,-32.611000,-92.137000,-53.237000,29.24
0.869380,0.627000,-0.079000,-0.816000,-36.855000,-87.954000,-46.229000,29.24
0.878999,0.599000,-0.112000,-0.746000,-39.298000,-78.824000,-40.534000,29.19
0.888109,0.627000,-0.137000,-0.742000,-41.221000,-71.908000,-36.336000,29.28
0.899743,0.663000,-0.142000,-0.723000,-41.359000,-69.496000,-33.573000,29.24
0.906884,0.689000,-0.152000,-0.684000,-39.023000,-66.519000,-33.313000,29.14
0.918624,0.715000,-0.193000,-0.647000,-35.832000,-63.084000,-34.458000,29.19
0.935892,0.787000,-0.229000,-0.639000,-33.405000,-62.718000,-37.191000,29.28
0.937848,0.875000,-0.337000,-0.617000,-33.206000,-68.885000,-40.504000,29.33
0.949530,0.818000,-0.376000,-0.535000,-30.687000,-76.412000,-44.336000,29.24
0.956297,0.787000,-0.523000,-0.033000,8.565000,-66.748000,-28.107000,29.33
0.968438,0.854000,-0.802000,0.190000,21.053000,-36.550000,-17.832000,29.19
0.982215,1.104000,-1.059000,0.378000,5.557000,9.679000,-1.664000,29.24
0.989233,1.389000,-1.199000,0.738000,9.527000,41.863000,20.458000,29.24
1.000570,1.679000,-1.453000,1.025000,12.397000,71.679000,54.779000,29.24
1.007004,1.165000,-0.803000,0.512000,-12.366000,139.969000,119.252000,29.19
1.019158,1.818000,0.359000,-1.785000,-60.672000,149.527000,127.298000,29.28
1.025936,1.121000,1.574000,-1.280000,-36.366000,25.008000,47.008000,29.24
1.038039,0.394000,1.089000,-0.289000,99.435000,-34.885000,-3.542000,29.24
1.050283,0.678000,-0.356000,-1.088000,56.214000,114.794000,2.672000,29.19
1.057287,1.169000,-0.876000,-1.500000,33.466000,93.740000,26.458000,29.28
1.069496,1.281000,-0.199000,-0.952000,35.664000,-17.252000,21.969000,29.14
1.076612,0.776000,0.321000,-0.784000,36.260000,5.527000,2.015000,29.24
1.088911,0.494000,-0.167000,-0.925000,39.008000,13.405000,4.183000,29.28
1.096161,0.599000,-0.250000,-0.870000,33.328000,-2.458000,10.931000,29.19
1.108258,0.879000,-0.068000,-0.867000,24.275000,1.298000,4.702000,29.24
1.120870,0.739000,-0.149000,-0.862000,19.389000,-11.496000,1.557000,29.33
1.127456,0.629000,-0.089000,-0.875000,11.542000,-14.748000,2.305000,29.28
1.139717,0.639000,0.017000,-0.825000,6.366000,-6.504000,-0.427000,29.24
1.146780,0.648000,-0.113000,-0.871000,1.511000,-8.473000,-2.489000,29.24
1.159043,0.578000,-0.012000,-0.834000,-4.214000,-6.305000,-2.977000,29.14
1.166168,0.571000,0.062000,-0.814000,-4.336000,-2.412000,-4.046000,29.19
1.178940,0.569000,0.060000,-0.810000,-2.305000,-0.748000,-2.153000,29.28
1.190629,0.592000,0.061000,-0.809000,0.321000,-0.519000,-1.145000,29.24
1.198101,0.567000,0.040000,-0.820000,1.252000,1.511000,-0.321000,29.24
1.210540,0.592000,0.026000,-0.840000,0.733000,3.206000,-0.031000,29.19
1.217851,0.609000,-0.018000,-0.836000,-2.031000,3.847000,-0.641000,29.19
1.230257,0.576000,-0.005000,-0.828000,-4.000000,5.450000,-1.466000,29.14
1.237341,0.570000,-0.004000,-0.828000,-4.702000,7.099000,-1.450000,29.24
1.249460,0.577000,-0.025000,-0.826000,-5.038000,7.481000,-1.389000,29.09
1.257177,0.565000,-0.003000,-0.806000,-5.603000,7.924000,-1.191000,29.28
1.278488,0.529000,0.040000,-0.812000,-3.389000,8.427000,-0.076000,29.24
1.279687,0.533000,0.072000,-0.786000,0.382000,9.023000,1.603000,29.24
1.288658,0.554000,0.044000,-0.795000,2.733000,9.863000,3.099000,29.24
1.295821,0.572000,0.020000,-0.795000,4.763000,8.641000,4.107000,29.19
1.308333,0.580000,0.019000,-0.776000,6.076000,7.847000,4.397000,29.19
1.320685,0.584000,0.025000,-0.770000,7.511000,7.069000,5.481000,29.14
1.328107,0.534000,0.062000,-0.770000,11.771000,6.519000,6.244000,29.24
1.340551,0.568000,0.043000,-0.812000,13.924000,9.099000,7.191000,29.19
1.347586,0.625000,-0.027000,-0.812000,10.641000,6.962000,4.763000,29.24
1.360281,0.577000,0.031000,-0.827000,8.427000,6.382000,3.802000,29.24
1.367452,0.615000,-0.035000,-0.832000,3.634000,9.679000,2.092000,29.24
1.380220,0.593000,-0.034000,-0.817000,0.550000,7.924000,0.351000,29.38
1.387499,0.593000,0.046000,-0.810000,0.565000,9.053000,0.885000,29.28
1.399863,0.589000,0.021000,-0.821000,1.573000,9.298000,2.000000,29.33
1.407559,0.577000,0.020000,-0.826000,1.954000,9.053000,3.069000,29.14
1.419682,0.573000,0.031000,-0.844000,2.443000,11.802000,3.893000,29.19
1.427048,0.577000,0.026000,-0.852000,5.374000,12.260000,4.748000,29.19
1.439226,0.570000,0.022000,-0.842000,6.626000,15.924000,4.992000,29.24
1.446497,0.521000,-0.012000,-0.872000,10.595000,18.290000,2.015000,29.24
1.458567,0.571000,-0.048000,-0.884000,13.221000,25.603000,-0.046000,29.19
1.470777,0.579000,-0.162000,-0.884000,13.939000,33.481000,-7.908000,29.19
1.477953,0.514000,-0.069000,-0.923000,15.847000,40.076000,-16.504000,29.24
1.490252,0.461000,0.006000,-0.988000,16.489000,64.321000,-11.878000,29.24
1.497168,0.458000,0.100000,-1.001000,22.198000,80.137000,-4.489000,29.28
1.509322,0.209000,0.087000,-1.221000,-8.046000,110.183000,19.313000,29.24
1.516279,0.477000,0.052000,-1.099000,36.489000,124.000000,17.481000,29.24
1.538017,0.760000,-0.177000,-0.901000,0.916000,138.885000,27.618000,29.24
1.540133,0.727000,-0.047000,-0.854000,21.176000,147.924000,31.664000,29.28
1.547318,0.704000,-0.070000,-0.944000,5.527000,153.878000,30.260000,29.38
1.559357,0.580000,0.191000,-1.062000,6.412000,140.046000,37.802000,29.24
1.566745,0.036000,0.563000,-1.517000,19.618000,132.519000,34.061000,29.33
1.579073,-0.551000,0.679000,-1.824000,31.344000,86.137000,22.015000,29.19
1.586716,-0.752000,0.808000,-1.926000,29.420000,29.802000,5.466000,29.19
1.598329,-0.802000,0.855000,-1.886000,21.588000,-12.641000,-7.557000,29.24
1.610276,-0.737000,0.772000,-1.788000,10.321000,-44.763000,-16.595000,29.33
1.620323,-0.404000,0.674000,-1.721000,-7.908000,-70.565000,-23.878000,29.33
1.629027,-0.108000,0.636000,-1.576000,-13.786000,-95.802000,-31.069000,29.19
1.640810,0.065000,0.568000,-1.374000,-14.198000,-108.779000,-36.931000,29.19
1.647637,0.394000,0.438000,-1.232000,-12.687000,-110.840000,-38.656000,29.14
1.660096,0.438000,0.303000,-1.099000,-8.366000,-110.504000,-38.916000,29.24
1.666773,0.711000,0.114000,-0.931000,-4.962000,-105.527000,-27.985000,29.28
1.678724,0.714000,-0.073000,-0.819000,-4.840000,-93.740000,-15.634000,29.28
1.690692,0.895000,-0.236000,-0.819000,-19.084000,-66.366000,0.137000,29.24
1.702876,0.856000,-0.292000,-0.683000,-26.656000,-49.679000,12.183000,29.24
1.709413,0.865000,-0.349000,-0.732000,-37.786000,-31.756000,19.145000,29.19
1.716754,0.803000,-0.314000,-0.794000,-52.840000,-24.214000,19.328000,29.24
1.728508,0.792000,-0.209000,-0.942000,-64.244000,-24.672000,16.031000,29.24
1.740557,0.692000,-0.066000,-0.874000,-67.893000,-24.382000,10.000000,29.24
1.750382,0.565000,-0.124000,-0.687000,-49.069000,-28.672000,2.534000,29.19
1.759411,0.651000,-0.193000,-0.669000,-43.985000,-19.267000,-6.107000,29.19
1.769999,0.661000,-0.248000,-0.632000,-31.466000,-24.550000,-9.344000,29.24
1.783666,0.665000,-0.378000,-0.518000,-24.290000,-22.519000,-9.786000,29.24
1.797366,0.736000,-0.402000,-0.402000,-25.038000,-10.672000,-9.023000,29.28
1.798749,1.172000,-0.608000,-0.394000,-40.992000,12.061000,-8.702000,29.19
1.809304,1.703000,-0.844000,-0.260000,-58.595000,-1.710000,-12.626000,29.14
1.817263,2.043000,-0.915000,0.195000,-45.847000,-35.954000,-4.336000,29.24
1.828005,2.161000,-1.183000,0.951000,-25.695000,-50.427000,10.031000,29.14
1.840227,2.399000,-1.368000,1.871000,-19.924000,-5.160000,29.893000,29.19
1.847133,3.298000,-1.656000,2.598000,-20.198000,67.252000,67.008000,29.28
1.859785,4.000000,1.427000,-0.349000,5.542000,64.824000,16.275000,29.14
1.867254,0.344000,0.029000,-1.021000,41.664000,-113.405000,-45.863000,29.24
1.878217,-0.923000,-0.219000,-1.127000,56.321000,-58.137000,44.382000,29.19
1.893503,0.771000,0.603000,-0.806000,20.931000,16.550000,41.878000,29.19
1.898751,1.092000,-0.097000,-0.645000,65.634000,-25.298000,17.634000,29.24
1.909867,0.226000,-0.667000,-1.139000,43.985000,-63.603000,14.733000,29.24
1.919278,0.441000,0.022000,-0.998000,10.901000,2.687000,14.321000,29.19
1.937417,0.729000,-0.545000,-0.775000,9.252000,-18.275000,-3.099000,29.24
1.939027,0.506000,-0.194000,-0.950000,-12.092000,-9.145000,-11.802000,29.24
1.948131,0.602000,-0.007000,-0.857000,-14.702000,5.771000,-16.244000,29.24
1.962761,0.580000,0.018000,-0.853000,-14.947000,8.122000,-16.901000,29.28
1.988511,0.632000,0.133000,-0.803000,-9.710000,5.359000,-12.489000,29.28
1.989368,0.674000,0.153000,-0.763000,-4.611000,8.824000,-2.489000,29.24
1.990389,0.638000,0.143000,-0.761000,1.725000,6.305000,4.061000,29.24
2.000877,0.596000,0.025000,-0.822000,6.198000,4.015000,6.168000,29.28
2.007552,0.575000,-0.027000,-0.845000,3.878000,9.710000,6.260000,29.28
2.020327,0.558000,-0.062000,-0.853000,3.954000,9.679000,4.824000,29.28
2.026786,0.572000,-0.075000,-0.840000,1.267000,13.954000,3.359000,29.24
2.040313,0.560000,-0.015000,-0.825000,0.565000,14.443000,2.427000,29.24
2.044398,0.596000,-0.035000,-0.805000,-0.061000,16.351000,2.046000,29.28
2.057938,0.596000,-0.029000,-0.791000,-0.733000,15.481000,1.344000,29.19
2.070284,0.611000,0.012000,-0.769000,-0.275000,13.313000,2.031000,29.33
2.077389,0.604000,-0.001000,-0.786000,0.733000,11.405000,2.916000,29.24
2.089867,0.593000,0.004000,-0.817000,1.237000,11.130000,3.573000,29.19
2.096974,0.601000,-0.009000,-0.799000,1.985000,10.458000,4.168000,29.28
2.109416,0.597000,-0.017000,-0.800000,2.366000,9.786000,4.031000,29.14
2.116463,0.604000,-0.022000,-0.785000,2.748000,10.214000,3.756000,29.24
2.129147,0.578000,0.003000,-0.815000,2.702000,11.053000,3.863000,29.09
2.136316,0.583000,-0.005000,-0.822000,3.496000,12.763000,3.954000,29.24
2.148794,0.598000,-0.010000,-0.809000,4.366000,12.916000,4.000000,29.14
2.155890,0.587000,-0.016000,-0.812000,5.176000,14.687000,4.107000,29.33
2.168216,0.580000,-0.029000,-0.825000,5.344000,16.519000,3.649000,29.28
2.181601,0.562000,-0.056000,-0.871000,5.374000,18.794000,2.947000,29.28
2.187753,0.578000,-0.042000,-0.841000,4.595000,22.412000,2.870000,29.24
2.200031,0.584000,-0.041000,-0.846000,5.740000,27.573000,1.786000,29.24
2.207279,0.504000,-0.066000,-0.899000,8.198000,37.527000,-1.893000,29.19
2.219420,0.539000,-0.008000,-0.903000,9.893000,49.924000,-7.450000,29.28
2.226661,0.499000,-0.131000,-0.958000,13.313000,57.786000,-8.183000,29.24
2.239358,0.395000,0.282000,-1.167000,14.595000,89.771000,8.214000,29.14
2.244670,0.544000,0.099000,-1.040000,21.985000,112.153000,11.237000,29.28
2.258247,0.603000,0.010000,-0.964000,25.115000,115.817000,16.809000,29.19
2.270130,0.612000,-0.037000,-0.938000,21.282000,135.511000,22.748000,29.24
2.277034,0.759000,-0.082000,-0.821000,24.397000,145.511000,19.985000,29.24
2.290503,0.784000,-0.055000,-0.821000,29.954000,140.824000,17.069000,29.24
2.296371,0.709000,0.037000,-0.816000,38.885000,140.809000,16.519000,29.19
2.308879,0.609000,0.105000,-0.953000,45.557000,131.618000,14.122000,29.19
2.320899,0.176000,0.521000,-1.302000,54.351000,110.321000,4.305000,29.24
2.327515,-0.075000,0.659000,-1.692000,45.710000,74.534000,-13.405000,29.24
2.340149,-0.442000,0.872000,-1.608000,44.443000,27.542000,-29.542000,29.28
2.346929,-0.479000,0.796000,-1.651000,31.191000,6.733000,-39.328000,29.24
2.358726,-0.450000,0.636000,-1.616000,15.985000,-21.466000,-38.000000,29.24
2.370622,-0.327000,0.487000,-1.595000,-1.649000,-53.756000,-28.473000,29.14
2.377611,-0.223000,0.429000,-1.555000,-18.885000,-83.130000,-19.679000,29.19
2.391490,-0.154000,0.361000,-1.410000,-30.916000,-109.618000,-15.695000,29.19
2.396004,0.371000,0.175000,-1.383000,-50.198000,-117.496000,-15.588000,29.24
2.407835,0.433000,0.282000,-1.080000,-43.252000,-136.702000,-19.878000,29.24
2.419732,0.743000,0.255000,-0.962000,-34.076000,-122.687000,-23.710000,29.33
2.426580,0.794000,0.294000,-0.912000,-18.534000,-133.252000,-31.847000,29.28
2.438510,0.850000,0.301000,-0.977000,-12.733000,-127.969000,-36.748000,29.28
2.450506,0.870000,0.239000,-0.939000,-16.992000,-119.450000,-46.534000,29.14
2.457324,1.054000,0.374000,-0.975000,-26.916000,-96.855000,-63.939000,29.24
2.469300,1.269000,0.259000,-0.756000,-12.305000,-121.053000,-87.954000,29.28
2.476495,1.488000,0.289000,0.364000,33.328000,-89.924000,-92.641000,29.19
2.488695,1.735000,-0.464000,0.256000,63.557000,-54.168000,-99.359000,29.14
2.500768,1.534000,-0.520000,0.073000,36.718000,-16.168000,-100.305000,29.14
2.507406,1.221000,-0.467000,-0.030000,38.489000,-16.626000,-92.794000,29.19
2.519310,1.052000,-0.491000,-0.082000,40.168000,-7.145000,-77.634000,29.19
2.526574,1.018000,-0.542000,-0.275000,18.855000,18.275000,-64.595000,29.24
2.538400,1.271000,-0.673000,-0.278000,-4.779000,18.015000,-51.115000,29.14
2.550455,1.423000,-0.769000,-0.139000,-5.832000,-2.458000,-29.618000,29.19
2.557911,1.434000,-0.896000,0.240000,0.504000,-5.878000,-2.809000,29.33
2.570205,1.519000,-1.039000,0.762000,0.611000,23.191000,21.954000,29.24
2.577494,2.516000,-1.410000,1.133000,10.092000,66.977000,60.931000,29.24
2.589542,2.675000,0.219000,-0.470000,19.069000,60.305000,40.626000,29.19
2.596860,1.279000,0.203000,-0.779000,27.908000,-74.382000,-32.824000,29.09
2.608823,-0.335000,-0.076000,-0.604000,54.748000,-73.832000,13.618000,29.14
2.621078,0.407000,0.141000,-1.362000,8.962000,16.122000,23.023000,29.24
2.627761,0.792000,-0.188000,-0.790000,25.618000,-25.725000,7.756000,29.19
2.640087,0.783000,-0.492000,-1.080000,4.198000,-41.206000,-4.275000,29.19
2.647745,0.389000,-0.012000,-0.897000,-14.397000,0.183000,-4.443000,29.14
2.659137,0.654000,0.023000,-0.814000,-7.237000,-7.817000,-7.496000,29.24
2.666267,0.678000,-0.134000,-0.810000,-5.206000,-15.756000,-11.328000,29.28
2.678456,0.562000,-0.044000,-0.860000,-12.260000,-6.046000,-13.847000,29.19
2.690456,0.548000,0.048000,-0.838000,-9.359000,-8.733000,-12.977000,29.19
2.698030,0.588000,0.046000,-0.818000,-6.443000,-7.878000,-10.061000,29.14
2.709679,0.659000,0.071000,-0.786000,-5.313000,-3.771000,-5.847000,29.24
2.716942,0.632000,0.088000,-0.794000,-0.412000,-6.000000,-2.198000,29.19
2.729423,0.610000,0.019000,-0.819000,2.519000,-3.405000,0.473000,29.09
2.736336,0.566000,-0.023000,-0.853000,2.504000,-1.969000,0.702000,29.24
2.749009,0.544000,0.004000,-0.842000,1.817000,0.702000,0.931000,29.24
2.756775,0.547000,-0.028000,-0.839000,1.435000,3.679000,1.099000,29.19
2.768568,0.571000,-0.019000,-0.817000,0.519000,3.863000,0.763000,29.24
2.780951,0.569000,0.006000,-0.812000,1.313000,3.664000,0.779000,29.24
2.788452,0.590000,-0.011000,-0.805000,0.260000,5.420000,0.870000,29.14
2.800488,0.592000,-0.010000,-0.813000,0.687000,4.901000,1.145000,29.19
2.808209,0.575000,-0.005000,-0.824000,0.336000,6.947000,1.511000,29.28
2.820444,0.565000,-0.012000,-0.846000,0.809000,8.504000,2.061000,29.24
2.827778,0.585000,-0.009000,-0.818000,1.542000,8.733000,1.985000,29.24
2.840720,0.586000,0.007000,-0.802000,2.137000,8.443000,2.824000,29.19
2.848279,0.586000,-0.033000,-0.796000,3.176000,6.733000,3.573000,29.28
2.859655,0.581000,-0.024000,-0.799000,2.687000,6.137000,3.435000,29.28
2.867061,0.580000,-0.003000,-0.810000,3.374000,7.664000,3.405000,29.24
2.880795,0.573000,0.005000,-0.821000,4.489000,8.611000,3.664000,29.24
2.886970,0.576000,0.042000,-0.835000,6.092000,9.939000,5.344000,29.19
2.899227,0.602000,0.038000,-0.820000,7.954000,12.672000,6.733000,29.09
2.906696,0.580000,0.017000,-0.808000,10.046000,14.168000,7.557000,29.24
2.918902,0.584000,-0.063000,-0.805000,11.084000,16.366000,6.107000,29.14
2.930859,0.579000,-0.128000,-0.818000,11.679000,17.664000,2.748000,29.19
2.938215,0.568000,-0.147000,-0.859000,13.985000,16.229000,-4.443000,29.28
2.950231,0.502000,-0.027000,-0.873000,17.481000,23.344000,-9.679000,29.14
2.957437,0.489000,-0.053000,-0.902000,19.191000,28.336000,-9.725000,29.14
2.969704,0.465000,0.045000,-0.948000,17.267000,39.893000,-7.771000,29.09
2.976717,0.417000,0.181000,-0.938000,16.794000,53.298000,-1.252000,29.28
2.989305,0.528000,0.125000,-0.878000,20.809000,61.786000,4.733000,29.19
2.996128,0.482000,0.019000,-0.923000,21.985000,79.389000,17.802000,29.14
3.008588,0.565000,0.050000,-0.961000,10.870000,95.740000,28.763000,29.24
3.020674,0.637000,-0.070000,-0.907000,10.107000,100.473000,32.366000,29.28
3.027557,0.614000,0.009000,-0.965000,3.603000,109.802000,40.336000,29.24
3.040349,0.438000,0.124000,-1.096000,-4.260000,112.092000,43.985000,29.24
3.047027,0.199000,0.300000,-1.300000,-1.969000,103.221000,42.580000,29.14
3.059064,-0.004000,0.296000,-1.407000,0.076000,84.885000,33.969000,29.19
3.064930,-0.098000,0.347000,-1.469000,-3.847000,66.794000,27.878000,29.19
3.078254,-0.084000,0.372000,-1.507000,-8.214000,57.405000,24.702000,29.24
3.090145,-0.050000,0.400000,-1.505000,-7.863000,36.183000,24.473000,29.24
3.097765,-0.015000,0.390000,-1.484000,-8.550000,19.985000,25.221000,29.19
3.109503,0.038000,0.388000,-1.462000,-12.092000,8.305000,24.718000,29.19
3.116847,0.054000,0.450000,-1.402000,-8.687000,-6.931000,23.359000,29.14
3.129094,0.081000,0.346000,-1.451000,-13.878000,-20.092000,19.603000,29.24
3.141062,0.160000,0.421000,-1.374000,-26.534000,-27.069000,10.672000,29.19
3.150102,0.118000,0.452000,-1.279000,-22.244000,-42.076000,-0.763000,29.19
3.159765,0.084000,0.367000,-1.208000,-22.168000,-42.092000,-10.672000,29.28
3.166882,0.125000,0.289000,-1.216000,-26.748000,-39.847000,-18.641000,29.24
3.178958,0.221000,0.211000,-1.216000,-30.656000,-45.466000,-24.427000,29.24
3.190643,0.249000,0.161000,-1.187000,-31.344000,-53.588000,-27.466000,29.19
3.197702,0.282000,0.128000,-1.135000,-29.191000,-58.962000,-28.550000,29.19
3.209641,0.325000,0.068000,-1.073000,-28.550000,-59.664000,-29.756000,29.24
3.216372,0.366000,0.041000,-1.028000,-27.649000,-59.344000,-31.069000,29.24
3.228579,0.514000,0.018000,-1.072000,-29.863000,-54.427000,-32.473000,29.19
3.240452,0.697000,-0.017000,-1.124000,-31.542000,-68.427000,-33.160000,29.24
3.247272,0.716000,-0.024000,-1.094000,-30.534000,-90.168000,-32.580000,29.24
3.258893,0.645000,-0.017000,-0.972000,-29.237000,-100.168000,-31.817000,29.14
3.270914,0.625000,-0.017000,-0.911000,-32.000000,-95.466000,-31.817000,29.19
3.278006,0.716000,-0.031000,-0.926000,-37.298000,-91.115000,-32.611000,29.19
3.289959,0.824000,-0.013000,-0.931000,-39.023000,-97.649000,-34.550000,29.24
3.296604,0.825000,0.010000,-0.893000,-36.290000,-108.718000,-36.977000,29.33
3.310327,0.767000,0.007000,-0.817000,-33.038000,-112.397000,-39.817000,29.19
3.320331,0.725000,-0.000000,-0.776000,-31.435000,-107.374000,-42.183000,29.19
3.327936,0.687000,-0.016000,-0.745000,-31.969000,-98.458000,-44.137000,29.24
3.339213,0.710000,-0.009000,-0.731000,-33.695000,-89.206000,-45.313000,29.24
3.350827,0.748000,0.016000,-0.734000,-29.893000,-83.649000,-45.527000,29.19
3.358046,0.772000,0.021000,-0.726000,-24.046000,-80.412000,-44.580000,29.19
3.369721,0.746000,0.014000,-0.653000,-16.351000,-78.641000,-43.771000,29.24
3.376873,0.731000,-0.009000,-0.671000,-12.947000,-71.053000,-42.779000,29.24
3.390085,0.799000,-0.081000,-0.675000,-16.260000,-62.092000,-40.916000,29.19
3.400439,0.818000,-0.108000,-0.693000,-22.183000,-61.145000,-41.359000,29.19
3.407411,0.853000,-0.094000,-0.685000,-28.366000,-61.221000,-39.069000,29.24
3.419567,0.864000,-0.091000,-0.658000,-31.023000,-62.305000,-35.634000,29.24
3.425267,0.809000,-0.114000,-0.569000,-32.611000,-61.053000,-32.198000,29.19
3.437983,0.808000,-0.131000,-0.501000,-34.840000,-54.901000,-28.427000,29.19
3.449639,0.778000,-0.122000,-0.432000,-37.924000,-43.618000,-25.282000,29.24
3.456840,0.826000,-0.151000,-0.378000,-40.076000,-30.458000,-21.313000,29.14
3.468705,0.871000,-0.160000,-0.349000,-35.557000,-22.580000,-17.924000,29.24
3.481107,1.022000,-0.196000,-0.417000,-34.092000,-12.840000,-17.053000,29.28
3.487549,1.195000,-0.254000,-0.439000,-32.779000,-22.992000,-17.069000,29.19
3.499200,1.095000,-0.217000,-0.339000,-25.450000,-34.214000,-18.534000,29.33
3.505020,0.917000,-0.206000,-0.130000,-11.252000,-28.061000,-18.504000,29.14
3.518373,0.823000,-0.263000,-0.052000,-0.122000,-6.794000,-18.809000,29.19
3.530389,0.858000,-0.343000,-0.072000,2.458000,16.321000,-19.466000,29.19
3.537120,0.951000,-0.352000,-0.205000,-0.336000,30.305000,-19.802000,29.24
3.549504,1.371000,-0.724000,0.281000,5.878000,71.008000,9.282000,29.05
3.556651,0.864000,-0.859000,0.585000,32.427000,63.130000,42.321000,29.09
3.568874,0.309000,-0.151000,-0.435000,-24.550000,171.206000,97.053000,29.19
3.581514,0.457000,0.235000,-1.567000,-31.863000,190.595000,87.008000,29.33
3.587976,0.217000,0.472000,-1.253000,13.252000,58.443000,72.748000,29.14
3.599984,0.250000,0.103000,-0.642000,46.351000,108.550000,72.198000,29.09
3.608149,1.624000,0.057000,-1.187000,-19.359000,242.427000,64.962000,29.24
3.619536,2.016000,0.198000,-1.008000,12.916000,142.595000,46.061000,29.14
3.626285,1.153000,-0.092000,-1.004000,69.435000,36.321000,19.237000,29.14
3.638404,0.728000,-0.191000,-1.133000,32.962000,99.740000,14.458000,29.19
3.650491,1.136000,0.056000,-0.973000,40.290000,51.939000,7.756000,29.19
3.657957,0.851000,-0.151000,-0.812000,61.542000,-1.924000,4.580000,29.14
3.669960,0.690000,-0.159000,-1.014000,39.908000,30.290000,8.595000,29.24
3.676960,0.883000,-0.037000,-0.854000,34.763000,19.511000,8.122000,29.19
3.689455,0.770000,0.072000,-0.826000,45.893000,-11.618000,2.519000,29.09
3.696816,0.687000,-0.022000,-0.910000,35.038000,-2.351000,7.878000,29.24
3.708773,0.645000,-0.013000,-0.879000,25.863000,-2.931000,8.076000,29.24
3.720944,0.582000,-0.019000,-0.892000,22.901000,-8.183000,5.557000,29.19
3.728162,0.567000,-0.039000,-0.882000,17.053000,-2.290000,2.748000,29.19
3.740382,0.620000,-0.063000,-0.879000,11.099000,0.260000,0.321000,29.24
3.747859,0.517000,-0.005000,-0.866000,6.580000,0.534000,-1.145000,29.14
3.760121,0.509000,0.063000,-0.832000,7.221000,5.435000,-1.939000,29.28
3.767472,0.599000,0.036000,-0.835000,7.725000,5.893000,-1.817000,29.09
3.780876,0.587000,0.040000,-0.822000,8.290000,6.168000,-1.069000,29.14
3.788882,0.571000,0.023000,-0.836000,7.908000,6.916000,-0.473000,29.14
3.802324,0.616000,0.001000,-0.842000,5.924000,7.252000,0.290000,29.19
3.806936,0.546000,0.040000,-0.835000,5.710000,7.221000,1.038000,29.19
3.820142,0.577000,0.028000,-0.825000,5.893000,8.168000,2.275000,29.14
3.826763,0.588000,0.037000,-0.816000,5.634000,6.763000,2.977000,29.24
3.841398,0.589000,0.020000,-0.818000,4.824000,5.817000,3.038000,29.19
3.846885,0.597000,0.020000,-0.805000,4.214000,4.275000,2.565000,29.19
3.859222,0.591000,0.001000,-0.801000,3.786000,2.260000,2.244000,29.24
3.866463,0.591000,0.006000,-0.807000,2.794000,1.542000,1.924000,29.24
3.878874,0.573000,0.014000,-0.811000,2.183000,0.000000,1.252000,29.14
3.886564,0.537000,0.045000,-0.810000,1.710000,-0.229000,1.847000,29.19
3.904127,0.507000,0.039000,-0.849000,2.397000,0.718000,2.168000,29.19
3.910759,0.567000,-0.008000,-0.837000,1.603000,2.718000,1.695000,29.24
3.918864,0.572000,-0.010000,-0.825000,0.687000,3.023000,0.641000,29.24
3.930419,0.550000,0.032000,-0.824000,0.641000,2.702000,0.183000,29.19
3.937722,0.550000,0.019000,-0.825000,0.412000,2.611000,-0.550000,29.19
3.950342,0.550000,0.023000,-0.819000,0.321000,3.359000,-0.748000,29.14
3.958510,0.554000,0.037000,-0.827000,1.069000,3.893000,-0.794000,29.14
3.970321,0.542000,0.030000,-0.840000,1.176000,6.321000,-0.260000,29.09
3.977831,0.563000,0.032000,-0.821000,1.573000,5.939000,0.046000,29.14
3.989715,0.574000,-0.001000,-0.832000,2.779000,6.168000,-0.626000,29.24
3.998226,0.532000,0.052000,-0.822000,3.908000,5.344000,-0.412000,29.14
4.009519,0.534000,0.049000,-0.825000,5.725000,4.885000,0.748000,29.19
4.019287,0.567000,0.011000,-0.846000,7.603000,8.427000,-0.107000,29.28
4.029098,0.562000,-0.011000,-0.858000,7.237000,10.626000,0.595000,29.14
4.036855,0.561000,-0.016000,-0.852000,6.885000,13.588000,0.687000,29.14
4.048746,0.556000,0.016000,-0.864000,6.351000,15.084000,0.107000,29.09
4.056583,0.556000,0.005000,-0.867000,7.252000,19.145000,0.015000,29.19
4.068406,0.552000,0.004000,-0.868000,10.458000,22.870000,-1.191000,29.14
4.087228,0.516000,0.040000,-0.893000,7.298000,28.641000,-1.069000,29.24
4.088565,0.535000,0.100000,-0.916000,15.359000,35.405000,-1.664000,29.19
4.100027,0.488000,0.001000,-0.874000,17.038000,37.771000,-0.443000,29.19
4.107368,0.506000,0.027000,-0.949000,15.893000,50.427000,-0.412000,29.19
4.119249,0.497000,0.006000,-0.957000,14.443000,61.374000,-0.702000,29.14
4.126898,0.409000,0.054000,-1.023000,6.092000,83.282000,11.252000,29.14
4.139187,0.521000,-0.167000,-0.978000,37.176000,105.771000,9.679000,29.19
4.154210,0.546000,-0.072000,-0.956000,16.580000,116.794000,14.977000,29.09
4.158010,0.645000,-0.020000,-0.962000,16.687000,137.618000,18.427000,29.14
4.169805,0.599000,-0.128000,-0.919000,17.191000,147.145000,23.191000,29.14
4.178220,0.667000,-0.053000,-0.979000,7.588000,155.008000,25.191000,29.09
4.189188,0.667000,0.092000,-1.051000,-2.763000,167.008000,27.466000,29.14
4.196258,0.331000,0.275000,-1.169000,-4.031000,155.603000,33.435000,29.14
4.212744,-0.312000,0.803000,-1.785000,4.244000,138.519000,27.695000,29.05
4.220192,-1.055000,0.800000,-2.229000,17.206000,68.244000,7.511000,29.19
4.227205,-1.251000,0.729000,-2.296000,-1.130000,-2.870000,-9.496000,29.19
4.239152,-1.065000,0.542000,-2.253000,-15.740000,-58.397000,-11.008000,29.05
4.246049,-0.589000,0.369000,-1.993000,-27.344000,-95.634000,-0.626000,29.14
4.257941,-0.193000,0.347000,-1.644000,-30.153000,-120.626000,8.733000,29.14
4.269917,0.205000,0.323000,-1.309000,-31.328000,-124.046000,15.084000,29.09
4.276627,0.481000,0.277000,-1.031000,-36.763000,-111.740000,18.580000,29.19
4.289020,0.762000,0.237000,-0.917000,-34.519000,-105.954000,21.740000,29.14
4.295902,0.834000,0.057000,-0.708000,-30.000000,-89.496000,25.786000,29.14
4.307742,0.886000,-0.070000,-0.666000,-32.015000,-69.786000,29.939000,29.09
4.320055,0.920000,-0.164000,-0.627000,-32.260000,-46.779000,32.107000,29.19
4.326821,0.814000,-0.146000,-0.583000,-27.771000,-37.374000,33.710000,29.14
4.338967,0.799000,-0.177000,-0.685000,-26.244000,-19.618000,32.046000,29.24
4.350874,0.724000,-0.180000,-0.753000,-27.664000,-15.435000,30.092000,29.19
4.357663,0.591000,-0.096000,-0.845000,-30.565000,-14.458000,26.901000,29.19
4.369851,0.536000,-0.045000,-0.925000,-34.046000,-17.527000,23.328000,29.14
4.376834,0.506000,0.001000,-0.973000,-42.519000,-24.550000,16.427000,29.14
4.389088,0.498000,0.106000,-1.081000,-43.267000,-38.702000,8.855000,29.19
4.394539,0.483000,0.022000,-0.931000,-39.099000,-41.740000,-2.763000,29.19
4.408151,0.691000,0.064000,-0.579000,-31.710000,-30.824000,-15.679000,29.24
4.419807,0.889000,-0.045000,-0.251000,-4.748000,-9.679000,-15.573000,29.14
4.427194,1.020000,-0.291000,-0.330000,9.649000,6.565000,-17.679000,29.09
4.439328,0.982000,-0.238000,-0.491000,6.031000,14.107000,-20.534000,29.09
4.446357,0.912000,-0.176000,-0.681000,-0.427000,19.008000,-21.969000,29.14
4.458597,0.932000,-0.056000,-0.903000,-8.015000,6.275000,-26.992000,29.24
4.470615,1.014000,-0.021000,-1.063000,-14.046000,-22.641000,-36.260000,29.24
4.476997,1.018000,-0.031000,-1.051000,-15.664000,-65.099000,-44.519000,29.09
4.489681,0.792000,-0.044000,-0.809000,-9.878000,-95.267000,-49.130000,29.19
4.496009,0.673000,-0.207000,-0.374000,2.672000,-91.115000,-44.427000,29.05
4.508282,0.701000,-0.455000,-0.110000,1.160000,-61.191000,-34.824000,29.14
4.520195,0.914000,-0.515000,0.135000,-11.099000,-25.160000,-25.771000,29.09
4.527173,1.207000,-0.623000,0.221000,-12.214000,5.588000,-16.702000,29.19
4.539316,1.562000,-0.706000,0.490000,-7.954000,19.313000,-11.191000,29.14
4.546517,1.818000,-0.862000,0.970000,5.618000,39.069000,-5.954000,29.24
4.558472,2.312000,-1.056000,1.531000,11.832000,85.939000,-2.214000,29.09
4.565926,3.045000,-0.640000,1.803000,1.389000,166.855000,5.847000,29.09
4.578008,3.992000,0.320000,-1.805000,-8.763000,91.863000,15.359000,29.24
4.590230,0.511000,0.170000,-0.794000,38.580000,-165.542000,-2.229000,29.24
4.597350,-0.788000,0.394000,-0.826000,76.641000,-74.687000,31.756000,29.19
4.609489,0.685000,0.095000,-1.330000,8.244000,49.069000,21.863000,29.24
4.616238,0.958000,-0.460000,-0.844000,31.328000,-30.870000,12.382000,29.14
4.628462,0.417000,-0.127000,-0.947000,21.160000,-65.221000,0.183000,29.14
4.635809,0.594000,0.058000,-1.033000,-6.901000,8.977000,2.427000,29.19
4.648371,0.779000,-0.169000,-0.807000,-0.595000,-1.099000,-0.855000,29.19
4.660198,0.642000,-0.214000,-0.828000,0.718000,-20.260000,-9.435000,29.24
4.667183,0.519000,-0.019000,-0.874000,-9.908000,4.321000,-11.053000,29.14
4.679584,0.580000,0.055000,-0.849000,-4.901000,0.214000,-9.878000,29.19
4.686625,0.633000,0.056000,-0.803000,0.290000,-3.481000,-6.153000,29.19
4.699157,0.654000,0.092000,-0.787000,1.206000,1.863000,-1.420000,29.14
4.706516,0.617000,0.047000,-0.806000,4.809000,0.901000,1.313000,29.14
4.718897,0.616000,-0.016000,-0.816000,6.763000,1.969000,1.893000,29.19
4.726330,0.588000,-0.045000,-0.825000,5.725000,3.969000,1.420000,29.19
4.738783,0.563000,-0.044000,-0.846000,4.000000,5.832000,0.656000,29.24
4.746202,0.582000,-0.050000,-0.816000,3.053000,7.695000,0.824000,29.14
4.758578,0.576000,-0.040000,-0.817000,2.443000,7.313000,0.427000,29.19
4.771106,0.545000,-0.018000,-0.824000,1.160000,8.336000,0.458000,29.14
4.778022,0.562000,-0.029000,-0.823000,1.206000,9.298000,0.504000,29.14
4.790871,0.570000,-0.003000,-0.801000,1.588000,8.137000,0.366000,29.14
4.799340,0.572000,-0.007000,-0.814000,2.916000,8.046000,0.718000,29.19
4.810157,0.567000,0.004000,-0.834000,3.328000,9.542000,1.527000,29.09
4.817517,0.565000,0.002000,-0.833000,4.565000,11.008000,2.397000,29.24
4.830441,0.574000,0.012000,-0.831000,4.840000,14.885000,3.282000,29.14
4.837003,0.581000,0.033000,-0.842000,6.763000,15.511000,4.687000,29.09
4.849508,0.547000,0.016000,-0.857000,8.748000,18.687000,6.336000,29.19
4.856585,0.557000,-0.012000,-0.831000,11.176000,19.252000,6.122000,29.14
4.868744,0.546000,-0.090000,-0.858000,14.824000,25.954000,2.198000,29.14
4.875723,0.549000,-0.045000,-0.888000,15.756000,33.328000,-3.344000,29.19
4.888203,0.429000,-0.043000,-0.927000,16.885000,36.031000,-6.061000,29.19
4.900167,0.400000,0.038000,-0.986000,15.130000,46.992000,-6.443000,29.24
4.907222,0.372000,0.046000,-1.048000,16.443000,70.168000,-5.389000,29.14
4.919716,0.295000,0.060000,-1.075000,16.412000,93.420000,3.802000,29.28
4.926766,0.498000,0.090000,-1.035000,9.374000,113.069000,11.603000,29.14
4.939122,0.670000,0.104000,-0.973000,16.504000,122.092000,14.229000,29.14
4.945876,0.405000,0.213000,-1.190000,14.763000,132.458000,15.176000,29.24
4.958330,-0.061000,0.602000,-1.534000,9.099000,118.840000,2.931000,29.09
4.970401,-0.408000,0.989000,-1.779000,15.588000,81.389000,-21.053000,29.19
4.977251,-0.747000,1.092000,-1.881000,15.954000,36.534000,-49.603000,29.14
4.989627,-0.874000,0.995000,-1.928000,7.939000,-8.427000,-71.053000,29.24
4.996556,-0.815000,0.775000,-1.922000,-6.107000,-44.550000,-73.588000,29.19
5.008408,-0.656000,0.534000,-1.833000,-15.939000,-80.382000,-59.725000,29.28
5.020119,-0.193000,0.369000,-1.773000,-25.786000,-104.198000,-33.527000,29.24
5.027126,-0.128000,0.145000,-1.562000,-31.435000,-125.954000,-7.130000,29.14
5.039011,0.134000,0.089000,-1.317000,-48.382000,-120.779000,18.702000,29.19
5.044900,0.513000,0.148000,-0.995000,-47.252000,-117.969000,41.786000,29.19
5.058235,1.368000,0.129000,-0.563000,-38.916000,-66.733000,56.473000,29.14
5.070154,1.381000,-0.219000,0.595000,21.435000,-1.267000,66.550000,29.14
5.077601,1.684000,-0.412000,0.003000,3.588000,77.710000,50.550000,29.28
5.089485,1.600000,-0.205000,-0.686000,-11.527000,51.435000,29.160000,29.24
5.096714,0.764000,0.040000,-0.956000,-27.359000,21.084000,8.076000,29.14
5.108786,0.507000,0.300000,-1.074000,-44.473000,12.641000,-15.603000,29.24
5.120980,0.019000,0.366000,-0.647000,36.366000,-22.580000,-63.969000,29.19
5.127683,0.703000,-0.042000,-1.473000,-42.840000,-30.275000,-95.420000,29.09
5.139795,0.447000,0.190000,-1.231000,-34.534000,-53.374000,-89.649000,29.14
5.148484,0.151000,-0.221000,-0.584000,5.679000,-60.183000,-61.344000,29.14
5.158514,0.660000,-0.684000,-0.160000,31.511000,-58.656000,-38.702000,29.19
5.170886,1.268000,-1.019000,0.161000,17.573000,-4.458000,-8.382000,29.28
5.178061,1.891000,-1.304000,0.420000,9.389000,14.977000,24.641000,29.14
5.190520,2.435000,-1.389000,0.735000,4.321000,8.962000,45.542000,29.05
5.197517,2.770000,-1.203000,1.241000,3.679000,18.947000,52.183000,29.09
5.209950,3.350000,-1.019000,1.654000,26.840000,35.313000,40.489000,29.09
5.217235,2.662000,-0.567000,0.113000,34.809000,18.855000,1.527000,29.14
5.229165,0.316000,-0.554000,-1.017000,8.336000,-84.718000,-28.870000,29.14
5.236478,-0.095000,0.135000,-1.085000,6.718000,-47.557000,7.405000,29.09
5.248612,0.706000,0.399000,-0.832000,6.290000,-35.038000,6.840000,29.14
5.261029,0.642000,-0.239000,-0.840000,8.382000,-28.916000,1.496000,29.14
5.267996,0.386000,-0.197000,-0.913000,0.702000,-44.611000,0.412000,29.14
5.281791,0.438000,0.040000,-0.894000,-6.015000,-15.496000,-0.962000,29.19
5.287028,0.571000,-0.136000,-0.885000,-4.702000,-12.550000,-4.122000,29.09
5.299437,0.601000,-0.152000,-0.893000,-7.466000,-11.099000,-6.550000,29.14
5.306085,0.557000,-0.037000,-0.861000,-9.832000,-3.527000,-8.366000,29.24
5.318717,0.577000,0.027000,-0.834000,-10.443000,1.115000,-8.550000,29.09
5.330968,0.611000,0.104000,-0.815000,-6.840000,0.443000,-6.076000,29.09
5.338874,0.615000,0.114000,-0.811000,-2.595000,3.282000,-2.519000,29.24
5.350437,0.597000,0.081000,-0.816000,1.252000,5.664000,1.038000,29.14
5.357753,0.591000,0.038000,-0.816000,3.725000,6.229000,3.420000,29.24
5.376731,0.588000,0.029000,-0.818000,3.267000,6.962000,5.832000,29.09
5.377522,0.568000,-0.022000,-0.815000,3.176000,9.588000,7.435000,29.09
5.389805,0.566000,-0.036000,-0.809000,3.084000,8.550000,7.237000,29.14
5.397252,0.567000,-0.046000,-0.814000,2.305000,8.122000,6.702000,29.14
5.409722,0.563000,-0.042000,-0.831000,0.855000,9.053000,4.855000,29.09
5.416751,0.546000,-0.000000,-0.851000,0.733000,11.969000,3.740000,29.09
5.429299,0.563000,-0.022000,-0.814000,2.153000,11.786000,3.435000,29.24
5.436132,0.562000,-0.043000,-0.802000,1.908000,11.924000,3.435000,29.14
5.448540,0.592000,-0.024000,-0.811000,0.916000,10.901000,3.450000,29.19
5.455982,0.583000,0.030000,-0.829000,3.099000,9.863000,5.573000,29.14
5.468480,0.583000,0.027000,-0.825000,5.634000,13.221000,7.023000,29.14
5.480746,0.561000,0.073000,-0.868000,7.924000,15.649000,8.305000,29.14
5.487973,0.551000,0.027000,-0.871000,10.443000,25.344000,10.061000,29.19
5.500017,0.528000,-0.029000,-0.872000,13.481000,28.611000,8.229000,29.09
5.507097,0.463000,-0.012000,-0.889000,12.870000,37.145000,5.573000,29.05
5.519671,0.351000,0.037000,-1.009000,13.649000,47.466000,3.053000,29.14
5.528237,0.266000,0.034000,-1.079000,16.397000,60.702000,2.748000,29.28
5.547438,0.172000,0.065000,-1.203000,12.809000,89.863000,14.107000,29.19
5.548085,0.368000,0.187000,-1.214000,-7.084000,108.641000,31.847000,29.14
5.558151,0.329000,0.592000,-1.287000,-9.496000,115.252000,35.603000,29.05
5.570516,0.011000,0.852000,-1.569000,16.519000,92.321000,18.595000,29.19
5.577324,-0.263000,0.894000,-1.682000,33.542000,54.031000,-9.160000,29.09
5.589761,-0.511000,0.951000,-1.667000,31.634000,27.527000,-37.053000,29.24
5.596444,-0.595000,0.920000,-1.699000,22.809000,6.550000,-56.168000,29.14
5.608834,-0.642000,0.732000,-1.707000,11.679000,-25.374000,-63.023000,29.19
5.620668,-0.635000,0.476000,-1.715000,-12.397000,-48.229000,-56.473000,29.24
5.628599,-0.489000,0.236000,-1.733000,-40.809000,-64.046000,-38.153000,29.14
5.646120,-0.148000,0.097000,-1.691000,-60.595000,-81.985000,-12.183000,29.14
5.646759,0.146000,-0.284000,-1.481000,-57.924000,-112.947000,17.069000,29.19
5.657794,0.332000,-0.202000,-1.176000,-62.992000,-109.618000,47.221000,29.19
5.669993,0.882000,-0.412000,0.111000,-16.122000,-49.603000,68.153000,29.14
5.677135,1.855000,-0.918000,0.665000,21.405000,41.084000,80.153000,29.14
5.692133,2.276000,-0.961000,-0.241000,-3.618000,77.252000,69.053000,29.09
5.696923,1.392000,-0.700000,-0.629000,-48.168000,16.718000,37.069000,29.09
5.708461,0.700000,-0.122000,-0.558000,-34.198000,-2.031000,29.115000,29.14
5.720435,0.745000,-0.218000,-0.575000,-32.076000,17.191000,24.137000,29.05
5.727387,0.905000,-0.365000,-0.515000,-22.672000,-10.076000,10.183000,29.19
5.739512,1.250000,-0.556000,-0.029000,-4.931000,-19.863000,-1.939000,29.19
5.746557,2.114000,-0.990000,0.653000,11.878000,-14.122000,-16.687000,29.24
5.758378,3.223000,-1.495000,1.502000,21.267000,-15.786000,-33.160000,29.14
5.787579,4.000000,-1.994000,2.308000,5.634000,-15.038000,-26.534000,29.09
5.788485,1.121000,0.441000,-0.540000,-23.221000,-70.336000,-20.870000,29.19
5.789669,0.321000,0.156000,-1.170000,-16.595000,-28.504000,-9.084000,29.14
5.796609,0.646000,0.236000,-0.915000,12.718000,-92.061000,0.718000,29.14
5.808809,0.367000,-0.338000,-1.129000,-8.229000,-10.672000,1.435000,29.09
5.815794,0.453000,0.198000,-0.968000,-12.244000,-2.977000,4.336000,29.09
5.828097,0.754000,-0.121000,-0.776000,9.038000,-22.153000,0.000000,29.24
5.840322,0.578000,-0.280000,-0.850000,-14.641000,7.740000,-7.511000,29.14
5.849434,0.555000,0.047000,-0.853000,-11.038000,3.176000,-10.504000,29.19
5.859758,0.593000,-0.002000,-0.835000,-8.061000,4.229000,-8.702000,29.19
5.866957,0.594000,0.030000,-0.814000,-8.489000,8.992000,-6.061000,29.24
5.879370,0.626000,0.096000,-0.800000,-4.687000,11.725000,-2.046000,29.24
5.886907,0.642000,0.044000,-0.776000,0.397000,8.519000,0.366000,29.09
5.900466,0.615000,0.017000,-0.796000,1.237000,10.061000,2.275000,29.28
5.910894,0.610000,0.000000,-0.796000,2.275000,8.702000,4.153000,29.09
5.919080,0.596000,-0.003000,-0.798000,2.397000,7.786000,5.389000,29.05
5.926233,0.584000,-0.001000,-0.803000,3.710000,5.817000,6.489000,29.24
5.938542,0.591000,-0.043000,-0.804000,4.977000,3.725000,6.336000,29.09
5.950546,0.580000,-0.069000,-0.825000,2.824000,5.130000,4.779000,29.19
5.958182,0.570000,-0.023000,-0.834000,2.916000,8.092000,4.489000,29.14
5.970623,0.579000,-0.038000,-0.833000,3.328000,8.809000,4.779000,29.14
5.977657,0.591000,-0.022000,-0.814000,2.885000,11.588000,5.038000,29.19
5.990025,0.590000,0.026000,-0.831000,3.817000,14.748000,7.786000,29.14
6.001173,0.595000,0.076000,-0.846000,6.580000,18.122000,10.977000,29.14
6.009418,0.560000,0.136000,-0.858000,13.069000,23.145000,13.542000,29.05
6.016838,0.514000,0.037000,-0.879000,18.626000,28.702000,15.695000,29.19
6.029255,0.446000,-0.053000,-0.903000,20.137000,27.160000,13.527000,29.19
6.040864,0.431000,-0.024000,-0.962000,19.527000,51.176000,11.237000,29.14
6.048045,0.385000,-0.046000,-1.049000,18.275000,63.954000,10.244000,29.14
6.060167,0.453000,-0.032000,-1.096000,12.122000,95.679000,28.534000,29.09
6.067309,0.640000,0.283000,-1.182000,-11.115000,135.130000,51.328000,29.19
6.079325,0.717000,0.346000,-1.240000,6.260000,125.817000,55.573000,29.24
6.086536,0.325000,0.672000,-1.424000,16.122000,112.397000,51.176000,29.14
6.098671,-0.153000,0.882000,-1.528000,25.573000,95.252000,28.382000,29.00
6.110798,-0.316000,1.031000,-1.631000,20.626000,82.183000,1.389000,29.19
6.117911,-0.525000,1.103000,-1.706000,15.420000,54.305000,-25.115000,29.14
6.129996,-0.618000,1.032000,-1.739000,3.237000,25.053000,-46.626000,29.14
6.136915,-0.654000,0.852000,-1.715000,-11.008000,-5.802000,-58.595000,29.19
6.148865,-0.584000,0.613000,-1.673000,-30.809000,-25.634000,-59.099000,29.14
6.160749,-0.354000,0.331000,-1.615000,-51.053000,-44.748000,-53.389000,29.14
6.167429,-0.159000,0.171000,-1.506000,-57.618000,-69.878000,-42.840000,29.14
6.179686,0.143000,0.066000,-1.342000,-57.573000,-83.542000,-28.290000,29.19
6.186600,0.261000,-0.086000,-1.214000,-50.244000,-90.443000,-9.939000,29.09
6.198093,0.387000,-0.219000,-1.105000,-31.160000,-112.443000,18.809000,29.24
6.210264,0.614000,-0.496000,-0.851000,-32.611000,-94.336000,41.328000,29.14
6.217150,0.837000,-0.410000,-0.657000,-35.527000,-69.511000,56.351000,29.19
6.229256,1.247000,-0.557000,-0.550000,-38.763000,-40.626000,57.878000,29.09
6.236271,1.435000,-0.383000,0.136000,-15.130000,-17.939000,51.527000,29.14
6.248442,1.768000,-0.596000,-0.025000,-5.802000,4.702000,21.786000,29.05
6.260249,1.502000,-0.471000,-0.117000,-14.214000,-3.573000,-9.847000,29.09
6.269780,1.492000,-0.504000,-0.094000,-5.863000,-2.183000,-38.229000,29.09
6.279389,1.647000,-0.689000,0.109000,12.519000,-12.351000,-58.672000,29.14
6.286039,2.013000,-1.001000,0.554000,39.099000,-21.450000,-71.374000,29.24
6.298328,2.588000,-1.523000,1.186000,60.321000,-25.710000,-66.580000,29.09
6.310225,3.307000,-2.240000,1.958000,58.458000,-21.405000,-42.397000,29.24
6.317593,2.862000,-1.795000,-0.148000,-46.702000,9.466000,12.626000,29.14
6.329368,-0.098000,1.107000,-0.787000,-1.008000,-65.863000,-26.183000,29.24
6.336665,0.189000,0.408000,-1.297000,0.092000,-47.634000,14.061000,29.09
6.348650,0.373000,0.023000,-0.842000,33.435000,-79.634000,14.733000,29.19
6.360714,0.548000,-0.605000,-1.000000,-11.466000,-3.634000,7.069000,29.14
6.368739,0.408000,-0.151000,-1.027000,-6.397000,-24.534000,-3.588000,29.14
6.380170,0.560000,0.044000,-0.871000,-7.618000,-6.977000,-5.282000,29.19
6.387458,0.597000,-0.100000,-0.847000,-7.374000,-3.542000,-5.069000,29.09
6.399407,0.620000,-0.088000,-0.840000,-7.679000,-4.672000,-6.977000,29.19
6.406530,0.597000,-0.036000,-0.848000,-8.763000,-3.695000,-8.260000,29.05
6.418760,0.580000,0.070000,-0.828000,-8.382000,-0.412000,-7.435000,29.05
6.430764,0.570000,0.080000,-0.820000,-5.389000,0.977000,-4.901000,29.19
6.438426,0.579000,0.053000,-0.828000,-2.656000,4.107000,-2.443000,29.19
6.450633,0.583000,0.048000,-0.850000,-1.038000,7.267000,0.595000,29.05
6.458872,0.604000,0.016000,-0.817000,1.176000,7.099000,2.504000,29.14
6.476365,0.605000,0.022000,-0.802000,2.840000,8.519000,4.718000,29.09
6.477909,0.576000,-0.013000,-0.798000,5.252000,6.870000,6.473000,29.19
6.490288,0.543000,-0.043000,-0.813000,3.649000,9.008000,7.481000,29.14
6.551917,0.543000,-0.061000,-0.813000,1.954000,9.603000,6.275000,29.14
6.553680,0.543000,-0.032000,-0.828000,0.656000,9.344000,5.420000,29.09
6.554306,0.562000,-0.029000,-0.820000,0.061000,8.580000,4.153000,29.09
6.554881,0.570000,-0.031000,-0.833000,0.000000,8.244000,3.099000,29.05
6.555451,0.569000,-0.027000,-0.839000,0.519000,11.160000,3.344000,29.14
6.556039,0.563000,-0.019000,-0.829000,1.420000,13.847000,4.397000,29.09
6.556628,0.551000,0.013000,-0.823000,2.427000,19.344000,6.107000,29.19
6.568416,0.548000,0.060000,-0.806000,5.603000,24.489000,8.779000,29.24
6.580632,0.491000,0.055000,-0.832000,10.305000,32.885000,11.618000,29.05
6.587690,0.453000,0.002000,-0.908000,13.511000,37.969000,11.710000,29.24
6.600234,0.415000,0.034000,-0.983000,14.412000,48.443000,9.939000,29.09
6.607412,0.256000,0.085000,-1.042000,11.954000,67.542000,8.901000,29.00
6.623902,0.394000,0.020000,-1.092000,12.031000,86.718000,9.679000,29.05
6.626951,0.311000,0.066000,-1.304000,-0.473000,136.183000,28.595000,29.05
6.638886,0.525000,0.301000,-1.350000,-19.664000,170.244000,58.779000,29.19
6.644650,0.547000,0.488000,-1.360000,-14.351000,170.046000,70.656000,29.19
6.657737,0.379000,0.703000,-1.532000,10.473000,157.450000,68.427000,29.14
6.669909,-0.068000,0.695000,-1.610000,33.099000,126.168000,49.985000,29.14
6.676708,-0.288000,0.688000,-1.659000,26.656000,107.649000,29.374000,29.09
6.689183,-0.427000,0.785000,-1.758000,13.405000,77.817000,7.420000,29.19
6.695997,-0.449000,0.737000,-1.774000,-1.817000,42.977000,-9.115000,29.14
6.708364,-0.491000,0.696000,-1.684000,-11.115000,0.534000,-19.267000,29.05
6.720421,-0.155000,0.440000,-1.765000,-39.740000,-17.115000,-22.321000,29.09
6.727143,0.093000,0.359000,-1.773000,-57.038000,-69.084000,-18.229000,29.09
6.739014,0.074000,0.315000,-1.510000,-56.473000,-112.214000,-10.198000,29.14
6.745817,0.083000,0.198000,-1.281000,-58.076000,-124.779000,-3.954000,29.14
6.760429,0.205000,0.140000,-1.139000,-64.458000,-119.099000,-2.458000,29.09
6.770322,0.362000,0.159000,-1.086000,-62.076000,-122.092000,-6.168000,29.09
6.776820,0.547000,0.166000,-1.086000,-59.115000,-122.427000,-14.092000,29.14
6.788663,0.678000,0.149000,-1.048000,-56.229000,-126.962000,-24.244000,29.05
6.800455,0.684000,0.145000,-0.969000,-51.649000,-129.588000,-34.305000,29.05
6.807466,0.689000,0.122000,-0.879000,-47.756000,-121.618000,-43.084000,29.09
6.819487,0.717000,0.095000,-0.848000,-41.939000,-112.076000,-51.008000,29.09
6.827727,0.758000,0.059000,-0.845000,-35.267000,-101.786000,-58.748000,29.24
6.838512,0.832000,0.015000,-0.853000,-28.412000,-95.466000,-66.183000,29.14
6.850458,0.839000,-0.004000,-0.830000,-20.275000,-92.931000,-72.336000,29.09
6.857658,0.814000,-0.036000,-0.778000,-10.321000,-88.824000,-75.802000,29.09
6.869245,0.771000,-0.088000,-0.703000,-2.275000,-79.603000,-76.641000,29.14
6.880900,0.779000,-0.128000,-0.713000,-2.443000,-64.305000,-75.496000,29.05
6.887960,0.904000,-0.206000,-0.728000,-11.176000,-57.084000,-73.450000,29.19
6.899766,0.959000,-0.204000,-0.723000,-17.282000,-61.511000,-68.672000,29.00
6.906566,0.915000,-0.171000,-0.619000,-16.244000,-65.786000,-61.023000,29.14
6.918682,0.818000,-0.218000,-0.508000,-15.435000,-62.153000,-52.672000,29.24
6.930788,0.796000,-0.248000,-0.443000,-19.786000,-49.893000,-44.901000,29.19
6.937012,0.831000,-0.269000,-0.420000,-25.542000,-39.542000,-36.168000,29.14
6.948967,0.835000,-0.277000,-0.381000,-29.084000,-33.344000,-27.160000,29.14
6.960878,0.832000,-0.274000,-0.353000,-31.405000,-26.244000,-17.496000,29.14
6.967961,0.827000,-0.292000,-0.312000,-32.168000,-20.137000,-7.176000,29.09
6.980008,0.783000,-0.308000,-0.301000,-33.969000,-10.137000,2.840000,29.09
6.987260,0.810000,-0.276000,-0.336000,-39.298000,4.198000,13.466000,29.05
6.999185,0.939000,-0.278000,-0.406000,-44.672000,11.389000,19.099000,29.14
7.006470,1.024000,-0.175000,-0.430000,-47.374000,9.939000,23.069000,29.09
7.018474,1.010000,-0.050000,-0.400000,-36.855000,-1.435000,24.305000,29.09
7.030456,0.945000,0.029000,-0.363000,-24.198000,-4.076000,21.664000,29.14
7.037639,0.869000,0.073000,-0.315000,-15.466000,1.832000,14.885000,29.05
7.049821,0.642000,0.417000,-0.558000,-12.809000,19.038000,11.023000,29.09
7.056901,0.587000,0.345000,0.055000,41.313000,52.443000,23.817000,29.09
7.069215,1.078000,-0.269000,0.369000,65.924000,76.473000,14.656000,29.05
7.076191,1.359000,-0.173000,0.559000,61.420000,132.718000,11.939000,29.14
7.088337,0.775000,0.076000,-0.080000,75.389000,165.252000,-1.267000,29.09
7.100445,1.320000,0.196000,-1.552000,47.969000,159.374000,-0.687000,29.09
7.107489,0.888000,-0.357000,-1.520000,98.519000,78.153000,12.168000,29.14
7.119494,0.305000,-1.142000,-0.891000,109.069000,48.122000,45.740000,29.05
7.126328,0.571000,-0.939000,-0.936000,53.832000,151.130000,63.420000,29.09
7.138526,1.192000,-0.449000,-1.252000,10.763000,156.427000,43.481000,29.19
7.150797,2.001000,0.085000,-1.500000,29.832000,91.176000,47.084000,29.14
7.157834,1.610000,0.198000,-0.835000,54.687000,5.344000,12.550000,29.14
7.170343,0.783000,-0.112000,-0.877000,60.260000,-4.519000,21.191000,29.14
7.176813,0.569000,-0.061000,-0.989000,45.359000,-10.748000,20.046000,29.19
7.189163,0.781000,-0.061000,-0.870000,42.550000,-16.611000,12.733000,29.19
7.196460,0.854000,-0.214000,-0.890000,26.336000,-23.832000,6.763000,29.05
7.208536,0.594000,-0.101000,-0.847000,11.084000,-21.756000,3.176000,29.24
7.220780,0.554000,-0.073000,-0.877000,8.947000,-20.382000,-0.992000,29.09
7.227368,0.603000,-0.185000,-0.892000,0.260000,-13.053000,-3.618000,29.19
7.239694,0.569000,-0.083000,-0.874000,-5.664000,-6.550000,-6.656000,29.14
7.246636,0.568000,-0.016000,-0.867000,-6.840000,-2.000000,-8.061000,29.14
7.259171,0.573000,0.016000,-0.838000,-7.115000,0.947000,-8.427000,29.09
7.267332,0.593000,0.039000,-0.814000,-5.908000,2.015000,-7.740000,29.09
7.281126,0.578000,0.044000,-0.830000,-4.427000,3.267000,-6.122000,29.14
7.291316,0.581000,0.056000,-0.821000,-2.687000,4.962000,-3.924000,29.05
7.298213,0.579000,0.042000,-0.825000,-0.733000,6.168000,-1.802000,29.00
7.310484,0.570000,0.013000,-0.828000,0.031000,7.160000,-0.061000,29.14
7.317780,0.568000,-0.014000,-0.833000,0.061000,7.679000,0.351000,28.95
7.333043,0.566000,-0.009000,-0.821000,0.443000,7.969000,0.855000,29.05
7.337838,0.553000,-0.015000,-0.816000,0.382000,8.122000,0.870000,29.00
7.350550,0.550000,-0.013000,-0.823000,0.305000,7.740000,0.702000,29.19
7.357816,0.572000,-0.019000,-0.802000,-0.412000,7.481000,0.305000,29.14
7.371908,0.560000,-0.025000,-0.811000,-0.702000,6.870000,0.107000,29.14
7.378518,0.547000,0.009000,-0.816000,-0.489000,6.489000,0.076000,29.09
7.391083,0.547000,0.037000,-0.797000,1.649000,4.992000,0.916000,29.19
7.396251,0.529000,0.050000,-0.789000,3.084000,4.748000,2.809000,29.14
7.408674,0.537000,0.039000,-0.798000,5.008000,5.374000,3.908000,29.05
7.415993,0.568000,-0.005000,-0.786000,6.351000,5.679000,3.282000,29.00
7.428443,0.568000,-0.019000,-0.825000,5.725000,5.542000,2.672000,29.09
7.435731,0.571000,-0.010000,-0.821000,5.740000,9.878000,1.817000,29.14
7.448356,0.559000,-0.024000,-0.827000,7.176000,4.046000,0.947000,28.95
7.460686,0.578000,-0.013000,-0.817000,6.809000,7.679000,0.397000,29.09
7.467754,0.569000,0.006000,-0.828000,8.443000,11.115000,1.145000,29.05
7.480263,0.566000,-0.001000,-0.824000,9.863000,13.588000,1.664000,29.05
7.487311,0.550000,0.009000,-0.828000,12.565000,13.634000,1.832000,29.14
7.499379,0.497000,-0.021000,-0.855000,15.924000,16.229000,-0.092000,29.09
7.506579,0.550000,-0.046000,-0.882000,17.176000,23.160000,-1.588000,29.09
7.518810,0.528000,-0.058000,-0.894000,18.214000,22.427000,-1.679000,29.05
7.526038,0.531000,-0.052000,-0.884000,17.420000,29.786000,-3.053000,29.24
7.538169,0.535000,-0.081000,-0.943000,16.763000,39.344000,-8.702000,29.09
7.550301,0.544000,-0.062000,-0.922000,14.779000,52.015000,-7.511000,29.09
7.557687,0.477000,0.000000,-1.052000,11.344000,69.954000,-4.519000,29.05
7.569788,0.431000,0.135000,-1.076000,14.656000,99.313000,1.145000,29.05
7.576987,0.331000,0.001000,-1.245000,37.817000,137.511000,19.725000,29.09
7.589053,0.581000,0.180000,-1.152000,28.000000,203.160000,37.679000,29.09
7.594720,0.408000,-0.134000,-1.149000,55.328000,222.443000,36.305000,29.05
7.607941,0.634000,0.013000,-1.093000,49.939000,268.855000,42.076000,29.05
7.620468,0.749000,0.016000,-1.126000,78.733000,243.053000,43.908000,29.19
7.627642,0.829000,-0.014000,-1.140000,73.603000,267.817000,54.229000,29.14
7.639558,0.910000,0.025000,-1.162000,75.664000,249.344000,52.580000,29.14
7.648834,1.213000,-0.003000,-1.370000,39.374000,261.588000,46.687000,29.24
7.658280,0.896000,0.264000,-1.235000,37.756000,205.221000,53.771000,29.09
7.670405,0.466000,0.626000,-1.695000,29.603000,192.672000,45.542000,29.09
7.677544,0.047000,0.706000,-1.967000,18.718000,113.176000,38.504000,29.05
7.690066,-0.450000,0.685000,-1.858000,16.626000,37.664000,41.481000,29.14
7.696741,-0.277000,0.464000,-1.751000,-25.863000,11.038000,53.527000,29.09
7.708585,-0.364000,0.571000,-1.664000,-57.527000,-32.260000,59.664000,29.00
7.720781,-0.393000,0.593000,-1.435000,-75.298000,-47.832000,67.771000,29.05
7.727674,-0.305000,0.521000,-1.296000,-87.527000,-74.076000,67.389000,29.14
7.739630,-0.148000,0.504000,-1.252000,-109.496000,-73.313000,62.382000,29.09
7.746573,-0.054000,0.493000,-1.156000,-110.916000,-97.405000,50.366000,29.09
7.758284,-0.021000,0.460000,-1.084000,-112.321000,-99.450000,34.840000,29.14
7.770433,0.079000,0.394000,-1.038000,-107.481000,-94.122000,15.969000,29.14
7.777302,0.189000,0.332000,-1.013000,-97.130000,-94.321000,-3.542000,29.19
7.793208,0.292000,0.239000,-1.025000,-92.947000,-83.542000,-24.382000,29.05
7.796334,1.328000,-0.274000,-1.449000,-124.076000,-77.145000,-43.496000,29.05
7.808943,0.944000,0.062000,-1.103000,-89.725000,-168.427000,-52.534000,29.05
7.819765,0.694000,-0.045000,-0.960000,-68.702000,-156.336000,-55.954000,29.09
7.826967,0.912000,-0.191000,-0.885000,-64.550000,-141.466000,-64.550000,29.19
7.838357,0.826000,-0.140000,-0.768000,-55.206000,-135.634000,-68.458000,29.14
7.850573,0.845000,-0.142000,-0.829000,-39.664000,-148.962000,-72.137000,29.14
7.857071,0.772000,-0.069000,-0.814000,-30.656000,-133.939000,-75.328000,29.19
7.868799,0.809000,-0.048000,-0.939000,-28.489000,-122.198000,-80.458000,29.09
7.880772,0.923000,-0.016000,-0.964000,-29.618000,-111.969000,-88.305000,29.14
7.893631,1.057000,-0.008000,-1.000000,-22.336000,-103.038000,-103.496000,29.05
7.898798,1.441000,-0.062000,-1.101000,-25.756000,-118.229000,-120.443000,29.09
7.910668,1.869000,-0.029000,-0.886000,0.107000,-125.328000,-99.099000,29.19
7.917553,1.552000,-0.032000,-0.571000,50.794000,-178.718000,-113.496000,29.14
7.929256,1.645000,-0.699000,-0.214000,45.450000,-145.374000,-115.954000,29.05
7.936224,1.700000,-0.724000,-0.109000,15.053000,-117.969000,-113.573000,29.09
7.952626,1.770000,-0.790000,-0.072000,-11.664000,-105.985000,-108.198000,29.09
7.960661,1.712000,-0.686000,0.007000,-23.496000,-100.412000,-97.511000,29.05
7.968902,1.644000,-0.741000,0.143000,-23.344000,-94.824000,-84.244000,29.14
7.978591,1.524000,-0.790000,0.314000,-19.618000,-82.992000,-68.962000,29.09
7.990738,1.445000,-0.849000,0.500000,-13.954000,-61.756000,-48.733000,29.09
7.997883,1.494000,-0.931000,0.565000,-16.443000,-27.725000,-26.321000,29.05
8.011904,1.557000,-1.015000,0.604000,-24.595000,0.153000,-2.672000,29.05
8.020037,1.585000,-0.982000,0.779000,-21.603000,20.519000,24.443000,29.00
8.033945,1.522000,-0.954000,0.949000,0.275000,53.115000,50.656000,29.09
8.036612,1.258000,-0.927000,0.866000,13.176000,88.901000,71.069000,29.14
8.048629,1.147000,-0.025000,-1.470000,-70.305000,160.489000,89.496000,29.14
8.060877,0.762000,0.763000,-1.448000,-59.924000,54.779000,58.244000,29.05
8.068185,0.365000,0.968000,-0.247000,44.076000,-9.038000,34.076000,29.09
8.080647,0.894000,0.490000,-0.806000,42.702000,135.130000,9.115000,29.00
8.087226,1.382000,-0.456000,-1.258000,17.023000,131.328000,0.824000,29.05
8.099429,1.667000,-0.619000,-1.295000,50.214000,6.336000,26.000000,29.05
8.106556,1.132000,-0.043000,-0.911000,28.763000,-6.611000,15.466000,29.09
8.120740,0.623000,0.063000,-0.913000,26.336000,17.618000,-1.069000,29.09
8.131335,0.633000,-0.239000,-0.998000,21.939000,6.977000,5.023000,29.05
8.137794,0.687000,-0.126000,-0.880000,9.542000,8.565000,2.244000,29.05
8.150878,0.692000,0.031000,-0.844000,3.863000,11.053000,-1.679000,29.09
8.157228,0.672000,0.053000,-0.831000,8.031000,-0.718000,-2.992000,29.05
8.169753,0.625000,0.012000,-0.873000,6.000000,0.046000,-3.771000,29.05
8.177205,0.638000,-0.069000,-0.859000,0.031000,-0.412000,-4.977000,29.14
8.189243,0.601000,-0.030000,-0.862000,-4.962000,-1.145000,-5.557000,29.09
8.199732,0.574000,-0.003000,-0.876000,-8.763000,1.359000,-6.702000,29.09
8.208447,0.610000,-0.009000,-0.871000,-12.519000,2.336000,-7.191000,29.14
8.220781,0.580000,0.069000,-0.815000,-12.107000,0.733000,-7.145000,29.14
8.228129,0.554000,0.098000,-0.805000,-10.290000,2.427000,-6.046000,29.09
8.240398,0.554000,0.101000,-0.810000,-7.603000,3.679000,-4.153000,29.09
8.247694,0.586000,0.075000,-0.837000,-6.229000,1.389000,-3.313000,29.05
8.259650,0.551000,0.055000,-0.819000,-4.931000,-2.412000,-2.504000,29.14
8.266964,0.511000,0.052000,-0.794000,-4.107000,-0.672000,-1.557000,29.00
8.279316,0.528000,0.067000,-0.806000,-5.023000,4.534000,-1.954000,29.09
8.286501,0.521000,0.035000,-0.805000,-3.740000,5.206000,-1.786000,29.05
8.298662,0.528000,0.049000,-0.803000,-3.084000,6.351000,-0.443000,29.05
8.304516,0.551000,0.086000,-0.794000,-1.344000,8.244000,0.794000,29.09
8.318535,0.525000,0.084000,-0.776000,2.779000,6.504000,2.382000,29.09
8.330867,0.524000,0.097000,-0.769000,7.267000,7.374000,5.328000,29.14
8.338420,0.539000,0.083000,-0.798000,11.450000,7.924000,6.336000,29.14
8.350634,0.533000,0.044000,-0.804000,13.969000,8.672000,7.679000,29.00
8.358214,0.501000,0.083000,-0.760000,18.412000,8.702000,10.214000,29.09
8.370415,0.500000,0.106000,-0.778000,25.664000,8.687000,11.710000,29.05
8.377686,0.571000,0.076000,-0.788000,31.756000,7.496000,12.305000,29.14
8.389672,0.569000,0.064000,-0.808000,34.626000,4.168000,13.069000,29.19
8.396959,0.469000,0.134000,-0.789000,37.740000,5.038000,11.695000,29.09
8.409279,0.515000,0.092000,-0.838000,42.519000,8.931000,11.557000,29.09
8.416557,0.567000,0.033000,-0.877000,44.046000,5.573000,7.527000,29.14
8.428895,0.665000,-0.135000,-0.889000,30.443000,11.878000,5.511000,29.05
8.441052,0.587000,-0.154000,-0.845000,18.763000,12.687000,-0.840000,29.09
8.447876,0.550000,-0.026000,-0.906000,15.588000,13.588000,-4.000000,29.09
8.460108,0.592000,-0.068000,-0.883000,12.931000,20.061000,-5.710000,29.05
8.467469,0.593000,-0.017000,-0.871000,13.603000,23.115000,-6.550000,29.14
8.480597,0.523000,0.009000,-0.919000,11.084000,30.748000,-3.740000,29.09
8.486543,0.519000,-0.011000,-0.927000,12.015000,39.084000,-5.099000,29.09
8.498702,0.554000,-0.007000,-0.957000,12.397000,49.252000,-2.977000,29.14
8.510705,0.564000,0.066000,-0.960000,13.359000,64.916000,-1.573000,29.14
8.518080,0.421000,-0.020000,-0.999000,20.916000,81.069000,-0.794000,29.09
8.529872,0.420000,0.108000,-1.103000,4.626000,109.145000,10.504000,29.05
8.537030,0.511000,-0.060000,-1.114000,35.771000,141.725000,15.069000,29.14
8.549429,0.666000,0.010000,-1.022000,14.473000,174.947000,26.763000,29.14
8.556154,0.483000,-0.105000,-1.135000,36.412000,194.290000,26.992000,29.09
8.568652,0.652000,-0.031000,-1.147000,14.519000,228.046000,27.847000,29.09
8.580594,0.834000,0.094000,-1.283000,28.366000,223.420000,28.153000,29.14
8.587403,0.648000,0.000000,-1.203000,33.328000,224.855000,29.359000,29.05
8.599852,0.972000,0.254000,-1.785000,4.565000,228.794000,26.611000,29.19
8.606731,-0.053000,0.801000,-1.857000,11.817000,179.389000,18.977000,29.09
8.618923,-0.363000,0.858000,-2.090000,22.153000,131.344000,-3.069000,29.05
8.630676,-0.801000,0.831000,-2.155000,19.282000,65.786000,-12.473000,29.05
8.637905,-0.725000,0.661000,-2.156000,-4.244000,35.466000,-13.725000,29.00
8.649816,-0.776000,0.528000,-2.121000,-10.718000,-32.733000,-2.687000,29.09
8.656693,-0.907000,0.372000,-1.827000,-19.924000,-68.305000,12.977000,29.14
8.668646,-0.800000,0.270000,-1.685000,-39.603000,-83.069000,27.756000,29.05
8.680719,-0.627000,0.289000,-1.583000,-57.237000,-87.145000,39.420000,29.00
8.687513,-0.418000,0.304000,-1.480000,-58.122000,-109.389000,43.954000,29.05
8.699225,-0.169000,0.330000,-1.426000,-62.183000,-115.420000,42.000000,29.05
8.706186,0.770000,0.250000,-1.479000,-81.267000,-108.870000,40.000000,29.05
8.718435,0.836000,0.217000,-1.237000,-67.985000,-207.313000,18.840000,29.00
8.730162,0.979000,0.125000,-1.209000,-85.527000,-171.221000,0.779000,29.09
8.736996,0.897000,0.266000,-0.974000,-83.023000,-181.221000,-17.389000,29.05
8.748900,0.926000,0.238000,-1.061000,-79.237000,-161.924000,-26.275000,28.95
8.760796,0.893000,0.221000,-1.051000,-71.053000,-162.931000,-43.557000,29.09
8.767646,1.180000,0.273000,-1.137000,-75.359000,-156.366000,-59.649000,29.09
8.779602,1.129000,0.443000,-1.086000,-52.733000,-184.412000,-72.611000,29.24
8.786293,1.768000,0.202000,0.190000,24.534000,-166.366000,-60.092000,29.05
8.798473,1.858000,-0.806000,0.523000,64.641000,-136.351000,-72.321000,29.09
8.810420,1.579000,-0.451000,0.050000,-4.107000,-39.939000,-87.435000,29.09
8.817308,1.912000,-0.498000,-0.288000,-18.046000,-15.802000,-92.275000,29.05
8.829321,2.118000,-0.621000,-0.624000,-9.267000,-77.695000,-100.366000,29.05
8.835826,1.777000,-0.542000,-0.283000,-2.565000,-115.725000,-96.580000,29.00
8.848371,1.321000,-0.608000,0.115000,11.588000,-104.473000,-82.885000,29.05
8.860248,1.126000,-0.772000,0.344000,12.382000,-79.511000,-68.977000,29.05
8.867299,1.222000,-0.728000,0.317000,-4.779000,-41.634000,-56.901000,29.05
8.879120,1.441000,-0.765000,0.311000,-16.351000,-17.389000,-39.847000,29.09
8.885966,1.523000,-0.823000,0.478000,-12.901000,-20.076000,-19.359000,29.00
8.898247,1.591000,-1.009000,0.794000,-11.771000,-1.145000,1.954000,29.05
8.910584,1.938000,-1.250000,1.455000,-10.260000,40.947000,31.176000,29.05
8.917504,2.342000,-1.391000,2.043000,-6.855000,117.435000,76.992000,29.09
8.933289,2.660000,0.740000,-1.908000,-131.527000,264.046000,68.214000,29.00
8.936263,1.883000,1.718000,-1.408000,-57.542000,65.664000,46.794000,29.05
8.948269,0.103000,0.553000,-0.306000,153.359000,-155.649000,-1.344000,28.95
8.960451,0.524000,-0.646000,-1.296000,70.275000,13.115000,-2.504000,29.19
8.967362,1.231000,-0.737000,-1.216000,-26.168000,154.779000,31.023000,29.09
8.980004,0.954000,0.022000,-0.809000,30.519000,-24.046000,8.275000,29.14
8.986484,0.534000,0.251000,-0.846000,42.137000,-25.191000,-6.427000,29.14
8.999111,0.570000,-0.218000,-0.897000,16.382000,37.328000,5.481000,29.09
9.006411,0.699000,-0.222000,-0.898000,10.168000,21.542000,3.847000,29.14
9.018560,0.683000,-0.113000,-0.895000,13.145000,-7.786000,-4.595000,29.05
9.030493,0.613000,-0.065000,-0.905000,-3.725000,12.000000,-3.679000,29.05
9.037669,0.640000,0.061000,-0.849000,-3.771000,6.595000,-3.389000,29.09
9.050104,0.606000,0.098000,-0.837000,2.794000,-3.420000,-5.786000,29.09
9.060690,0.563000,0.075000,-0.823000,1.130000,6.244000,-2.550000,29.14
9.070450,0.540000,0.148000,-0.793000,5.069000,6.107000,1.023000,29.05
9.077124,0.551000,0.159000,-0.801000,11.985000,8.382000,4.046000,29.09
9.089361,0.585000,0.104000,-0.798000,16.122000,8.870000,6.992000,29.00
9.100084,0.573000,0.057000,-0.806000,17.740000,9.084000,8.198000,29.05
9.109345,0.544000,0.042000,-0.813000,20.748000,7.924000,9.679000,29.05
9.116479,0.546000,0.029000,-0.819000,22.901000,9.176000,10.580000,29.00
9.128428,0.553000,0.001000,-0.808000,25.023000,7.908000,10.626000,29.00
9.140625,0.584000,-0.013000,-0.837000,25.267000,6.443000,10.489000,29.05
9.151652,0.576000,-0.027000,-0.887000,21.863000,9.328000,9.008000,29.14
9.160210,0.587000,-0.004000,-0.919000,14.351000,17.130000,6.458000,29.09
9.169790,0.562000,0.048000,-0.835000,13.771000,17.282000,5.450000,29.14
9.179975,0.587000,-0.037000,-0.800000,14.351000,15.313000,6.061000,29.05
9.186990,0.666000,-0.075000,-0.852000,7.542000,13.771000,4.321000,29.05
9.199255,0.579000,0.008000,-0.850000,7.863000,10.489000,4.061000,29.09
9.206355,0.543000,-0.020000,-0.860000,9.725000,12.718000,3.374000,29.09
9.218686,0.576000,0.052000,-0.853000,8.733000,21.344000,1.603000,28.95
9.225775,0.504000,0.092000,-0.856000,15.557000,22.229000,-0.153000,29.05
9.238028,0.469000,-0.071000,-0.952000,16.672000,36.519000,-1.863000,29.00
9.250170,0.433000,-0.085000,-0.979000,14.916000,52.412000,-5.771000,29.00
9.257139,0.243000,-0.046000,-1.138000,13.908000,70.748000,-1.527000,29.05
9.269346,0.219000,0.085000,-1.218000,15.679000,93.557000,-0.779000,28.95
9.276407,0.162000,0.133000,-1.369000,21.450000,147.145000,21.237000,29.09
9.288829,0.422000,-0.047000,-1.239000,8.397000,182.748000,29.328000,29.09
9.295823,0.470000,0.441000,-1.179000,11.893000,187.802000,39.603000,29.05
9.307988,0.290000,0.708000,-1.803000,12.092000,212.885000,49.069000,29.05
9.320031,-0.358000,0.917000,-2.233000,38.168000,177.420000,36.305000,29.09
9.326986,-0.711000,0.925000,-2.424000,35.618000,112.153000,13.313000,29.09
9.339233,-1.161000,1.129000,-2.314000,19.618000,53.145000,-9.924000,28.95
9.346169,-1.418000,1.164000,-2.336000,10.214000,13.664000,-28.565000,29.14
9.357991,-1.335000,0.877000,-2.287000,-10.229000,-44.351000,-42.840000,29.09
9.370059,-1.153000,0.643000,-2.314000,-41.634000,-95.420000,-42.733000,29.09
9.376642,-0.979000,0.473000,-2.087000,-56.412000,-142.305000,-33.328000,29.05
9.388825,-0.682000,0.258000,-1.820000,-69.160000,-170.794000,-18.718000,29.05
9.400455,-0.391000,0.223000,-1.624000,-82.305000,-171.802000,-7.573000,29.09
9.407202,-0.093000,0.257000,-1.465000,-85.069000,-156.977000,-4.641000,29.09
9.419272,0.910000,0.818000,-1.811000,-93.511000,-100.565000,-4.321000,28.95
9.425981,1.250000,0.258000,-1.628000,-35.115000,-159.267000,15.527000,29.05
9.438340,2.061000,-0.708000,0.973000,-9.099000,-146.275000,-6.794000,29.00
9.450188,3.259000,-0.960000,1.282000,-35.084000,-38.901000,-42.412000,29.09
9.457243,3.381000,-1.021000,0.921000,-72.244000,31.847000,-66.733000,29.05
9.469265,3.257000,-0.934000,0.871000,-22.061000,-46.824000,-86.947000,29.05
9.476206,2.674000,-1.001000,1.324000,43.252000,-93.084000,-98.962000,29.00
9.488436,2.422000,-1.349000,2.189000,55.221000,-31.863000,-88.198000,29.14
9.500630,2.806000,-1.990000,3.007000,38.931000,84.656000,-59.038000,29.05
9.507691,3.382000,-1.018000,0.568000,0.504000,185.985000,69.969000,29.05
9.519559,2.428000,0.067000,-1.809000,-12.779000,-72.046000,-11.832000,29.00
9.526443,-1.439000,0.558000,-0.032000,108.550000,-247.817000,46.366000,29.09
9.538742,0.392000,0.786000,-1.254000,61.527000,42.504000,42.779000,29.05
9.550673,1.057000,-0.771000,-0.900000,51.924000,22.504000,26.550000,29.05
9.558389,0.707000,-0.699000,-1.233000,41.221000,-64.580000,7.679000,29.09
9.570117,0.320000,0.045000,-0.885000,22.916000,-34.260000,3.191000,29.09
9.577339,0.574000,-0.079000,-0.927000,6.885000,12.824000,-0.427000,29.05
9.589488,0.549000,-0.391000,-0.892000,6.885000,-20.916000,-7.863000,29.05
9.596441,0.539000,-0.089000,-0.876000,-8.229000,-6.580000,-15.237000,29.00
9.608483,0.602000,0.021000,-0.824000,-14.122000,6.885000,-16.443000,29.09
9.620800,0.584000,0.093000,-0.832000,-6.794000,-4.641000,-13.695000,28.95
9.628029,0.594000,0.099000,-0.829000,-4.473000,3.573000,-8.031000,29.05
9.640166,0.590000,0.073000,-0.838000,-2.870000,10.214000,-2.443000,29.00
9.647588,0.586000,0.056000,-0.820000,1.298000,7.573000,1.023000,29.09
9.659988,0.565000,0.052000,-0.827000,2.626000,10.198000,3.985000,29.14
9.667359,0.560000,0.003000,-0.829000,3.542000,10.641000,5.481000,29.14
9.679792,0.559000,-0.050000,-0.822000,2.962000,8.855000,4.779000,29.00
9.687122,0.550000,-0.062000,-0.811000,1.115000,8.489000,2.992000,29.00
9.699458,0.536000,-0.045000,-0.828000,-0.031000,6.260000,1.527000,29.05
9.706629,0.548000,-0.029000,-0.819000,-1.206000,6.779000,0.382000,29.05
9.720013,0.552000,-0.000000,-0.824000,-0.824000,5.542000,0.656000,29.00
9.727789,0.563000,0.022000,-0.840000,-0.458000,7.023000,1.664000,29.09
9.738754,0.560000,0.033000,-0.864000,2.504000,8.870000,2.779000,29.14
9.750968,0.534000,0.060000,-0.869000,4.092000,13.420000,5.038000,29.14
9.761262,0.567000,0.052000,-0.827000,7.634000,15.069000,6.336000,29.09
9.770748,0.568000,0.059000,-0.855000,10.885000,14.870000,8.351000,29.00
9.777885,0.543000,0.060000,-0.856000,14.748000,22.534000,10.015000,29.05
9.790136,0.533000,-0.039000,-0.863000,17.924000,19.053000,8.504000,28.95
9.797444,0.482000,-0.047000,-0.917000,15.099000,38.534000,3.374000,29.09
9.809308,0.434000,-0.012000,-1.001000,17.466000,46.977000,-2.092000,29.00
9.816168,0.242000,-0.000000,-1.128000,16.183000,72.351000,-2.046000,29.00
9.828755,0.168000,0.032000,-1.188000,17.328000,92.733000,-0.672000,29.05
9.840462,0.282000,-0.158000,-1.205000,12.840000,133.328000,18.992000,28.95
9.854414,0.501000,0.342000,-1.236000,-3.954000,172.595000,35.328000,29.00
9.859401,0.535000,0.460000,-1.334000,13.954000,169.435000,38.382000,29.05
9.866437,-0.040000,0.747000,-1.826000,21.511000,154.824000,27.053000,29.14
9.878450,-0.553000,0.861000,-1.912000,31.206000,118.779000,6.824000,29.05
9.890772,-0.822000,0.926000,-2.026000,21.557000,82.046000,-18.321000,29.09
9.898083,-1.002000,0.905000,-2.109000,7.634000,39.038000,-39.496000,29.00
9.910268,-1.081000,0.651000,-2.080000,-8.153000,-12.763000,-49.863000,29.05
9.917341,-0.925000,0.365000,-2.060000,-36.687000,-52.595000,-46.901000,28.95
9.928978,-0.748000,0.176000,-1.965000,-56.336000,-89.878000,-33.542000,29.09
9.940528,-0.478000,-0.115000,-1.780000,-67.496000,-121.908000,-12.748000,29.09
9.947500,-0.072000,-0.108000,-1.714000,-82.214000,-130.427000,8.870000,28.95
9.959236,0.041000,-0.260000,-1.435000,-64.076000,-164.015000,39.267000,29.05
9.965089,0.756000,-0.912000,-1.170000,-73.802000,-141.802000,67.405000,29.09
9.977942,1.743000,-0.872000,-0.626000,-73.756000,-98.565000,78.824000,29.00
9.990312,1.334000,-0.699000,1.350000,4.397000,-59.221000,100.672000,29.14
9.997340,3.144000,-1.158000,0.521000,-8.336000,58.000000,85.450000,28.95
10.009363,2.241000,-0.838000,-0.127000,-67.527000,4.763000,37.939000,29.00
