# Gait Analysis Data - MPU6050 IMU
# Duration: 10 seconds
# Format: timestamp(s),ax(g),ay(g),az(g),gx(deg/s),gy(deg/s),gz(deg/s),temp(C)
# Note: Document sensor placement (ankle/wrist) separately
timestamp,ax,ay,az,gx,gy,gz,temp
0.000727,0.550000,-0.127000,-0.816000,-1.725000,2.977000,-0.595000,29.47
0.002170,0.554000,-0.127000,-0.823000,-1.878000,3.115000,-0.397000,29.38
0.002793,0.552000,-0.129000,-0.809000,-1.847000,3.069000,-0.489000,29.38
0.003592,0.548000,-0.126000,-0.813000,-2.092000,3.160000,-0.672000,29.42
0.004286,0.554000,-0.122000,-0.816000,-2.183000,3.328000,-0.489000,29.47
0.004902,0.558000,-0.129000,-0.813000,-2.260000,3.252000,-0.733000,29.47
0.005700,0.549000,-0.131000,-0.811000,-2.229000,3.252000,-0.763000,29.38
0.006463,0.546000,-0.121000,-0.829000,-2.275000,3.115000,-0.702000,29.33
0.007168,0.546000,-0.125000,-0.816000,-2.168000,3.160000,-0.855000,29.42
0.007817,0.559000,-0.122000,-0.814000,-2.275000,3.221000,-0.733000,29.38
0.008357,0.554000,-0.128000,-0.819000,-2.122000,3.344000,-0.733000,29.38
0.008941,0.550000,-0.123000,-0.813000,-1.908000,3.252000,-0.748000,29.33
0.009614,0.559000,-0.124000,-0.818000,-2.000000,3.084000,-0.794000,29.42
0.010287,0.554000,-0.120000,-0.800000,-1.679000,2.901000,-0.611000,29.38
0.010957,0.547000,-0.121000,-0.818000,-1.664000,2.779000,-0.550000,29.47
0.011546,0.549000,-0.122000,-0.818000,-1.527000,2.641000,-0.366000,29.33
0.012075,0.560000,-0.125000,-0.819000,-1.817000,2.489000,-0.550000,29.42
0.012602,0.559000,-0.122000,-0.820000,-1.863000,2.794000,-0.504000,29.38
0.013242,0.552000,-0.128000,-0.823000,-1.863000,2.748000,-0.580000,29.28
0.013788,0.548000,-0.117000,-0.821000,-1.817000,3.130000,-0.580000,29.42
0.014328,0.550000,-0.124000,-0.825000,-2.031000,3.221000,-0.702000,29.42
0.014856,0.555000,-0.118000,-0.814000,-1.985000,3.313000,-0.656000,29.38
0.015395,0.550000,-0.127000,-0.813000,-1.954000,3.115000,-0.611000,29.47
0.015937,0.554000,-0.128000,-0.817000,-1.969000,3.115000,-0.733000,29.33
0.016638,0.556000,-0.128000,-0.814000,-1.817000,2.916000,-0.656000,29.42
0.017442,0.550000,-0.118000,-0.825000,-1.786000,2.916000,-0.626000,29.47
0.018071,0.552000,-0.126000,-0.819000,-1.771000,2.870000,-0.412000,29.38
0.018747,0.554000,-0.125000,-0.820000,-1.710000,2.870000,-0.656000,29.33
0.019365,0.559000,-0.119000,-0.820000,-1.756000,2.824000,-0.565000,29.42
0.019956,0.551000,-0.125000,-0.810000,-1.847000,2.931000,-0.672000,29.38
0.020666,0.552000,-0.126000,-0.819000,-1.802000,2.870000,-0.565000,29.38
0.021362,0.554000,-0.123000,-0.815000,-1.908000,2.901000,-0.718000,29.38
0.021991,0.551000,-0.126000,-0.820000,-2.137000,2.962000,-0.718000,29.42
0.022752,0.555000,-0.124000,-0.823000,-2.076000,3.206000,-0.718000,29.33
0.023876,0.556000,-0.120000,-0.816000,-2.015000,3.160000,-0.763000,29.38
0.024929,0.550000,-0.119000,-0.822000,-2.000000,3.130000,-0.595000,29.47
0.025551,0.551000,-0.120000,-0.814000,-2.076000,3.084000,-0.641000,29.42
0.026156,0.551000,-0.127000,-0.817000,-2.061000,3.053000,-0.809000,29.42
0.026766,0.555000,-0.124000,-0.815000,-2.015000,2.916000,-0.702000,29.38
0.027487,0.552000,-0.126000,-0.820000,-2.168000,2.992000,-0.687000,29.38
0.028275,0.556000,-0.125000,-0.819000,-1.893000,3.176000,-0.702000,29.42
0.028765,0.551000,-0.123000,-0.823000,-2.061000,3.176000,-0.550000,29.38
0.029275,0.552000,-0.125000,-0.816000,-2.015000,3.130000,-0.595000,29.47
0.029833,0.552000,-0.124000,-0.815000,-2.000000,2.992000,-0.702000,29.38
0.030383,0.554000,-0.124000,-0.822000,-1.985000,2.885000,-0.641000,29.42
0.030847,0.551000,-0.120000,-0.816000,-2.031000,2.947000,-0.672000,29.33
0.031291,0.556000,-0.125000,-0.817000,-2.015000,2.794000,-0.702000,29.38
0.031742,0.554000,-0.122000,-0.817000,-2.122000,2.794000,-0.626000,29.38
0.032215,0.557000,-0.120000,-0.826000,-1.817000,3.053000,-0.550000,29.33
0.032991,0.559000,-0.116000,-0.822000,-1.771000,3.023000,-0.458000,29.42
0.033576,0.551000,-0.124000,-0.809000,-1.817000,3.130000,-0.489000,29.47
0.034050,0.557000,-0.126000,-0.814000,-1.969000,3.084000,-0.672000,29.38
0.034634,0.550000,-0.128000,-0.816000,-1.954000,3.038000,-0.641000,29.33
0.035325,0.549000,-0.114000,-0.822000,-1.863000,3.023000,-0.550000,29.42
0.035799,0.552000,-0.120000,-0.821000,-1.740000,2.916000,-0.580000,29.38
0.036243,0.554000,-0.123000,-0.820000,-1.817000,3.099000,-0.504000,29.38
0.036687,0.549000,-0.120000,-0.817000,-1.725000,3.115000,-0.458000,29.42
0.037128,0.546000,-0.122000,-0.818000,-1.573000,3.008000,-0.489000,29.42
0.037579,0.556000,-0.127000,-0.821000,-1.710000,3.221000,-0.534000,29.42
0.038129,0.561000,-0.126000,-0.810000,-1.695000,3.160000,-0.565000,29.38
0.038747,0.556000,-0.117000,-0.822000,-1.588000,3.069000,-0.290000,29.47
0.039207,0.559000,-0.119000,-0.822000,-1.603000,2.931000,-0.244000,29.33
0.039655,0.554000,-0.129000,-0.816000,-1.527000,2.718000,-0.412000,29.57
0.040121,0.549000,-0.129000,-0.818000,-1.664000,2.794000,-0.351000,29.38
0.040965,0.555000,-0.126000,-0.818000,-1.527000,2.962000,-0.412000,29.38
0.041460,0.551000,-0.121000,-0.814000,-1.802000,2.947000,-0.366000,29.42
0.041992,0.554000,-0.133000,-0.820000,-1.710000,2.840000,-0.443000,29.33
0.042550,0.549000,-0.124000,-0.818000,-1.939000,3.053000,-0.534000,29.38
0.043056,0.552000,-0.121000,-0.812000,-1.756000,3.069000,-0.473000,29.38
0.043512,0.558000,-0.119000,-0.815000,-1.740000,2.962000,-0.260000,29.42
0.043953,0.552000,-0.124000,-0.817000,-1.740000,2.855000,-0.260000,29.33
0.044396,0.561000,-0.127000,-0.816000,-1.710000,3.053000,-0.519000,29.47
0.045072,0.549000,-0.128000,-0.813000,-1.817000,2.885000,-0.351000,29.38
0.045539,0.549000,-0.122000,-0.817000,-1.786000,2.885000,-0.275000,29.38
0.045987,0.553000,-0.124000,-0.815000,-1.832000,3.038000,-0.443000,29.33
0.046533,0.555000,-0.125000,-0.817000,-1.725000,2.870000,-0.534000,29.42
0.047005,0.551000,-0.128000,-0.812000,-1.756000,2.748000,-0.382000,29.38
0.052168,0.556000,-0.125000,-0.816000,-1.786000,2.840000,-0.519000,29.47
0.052735,0.554000,-0.119000,-0.823000,-1.618000,2.931000,-0.534000,29.42
0.053222,0.552000,-0.115000,-0.819000,-1.786000,2.931000,-0.458000,29.33
0.053707,0.555000,-0.126000,-0.815000,-1.664000,2.916000,-0.366000,29.38
0.054151,0.558000,-0.125000,-0.818000,-1.618000,2.885000,-0.366000,29.38
0.054604,0.556000,-0.120000,-0.819000,-1.634000,2.718000,-0.565000,29.33
0.055052,0.555000,-0.118000,-0.808000,-1.679000,2.702000,-0.321000,29.38
0.055508,0.554000,-0.129000,-0.819000,-1.710000,2.809000,-0.580000,29.47
0.055964,0.552000,-0.120000,-0.818000,-1.771000,3.008000,-0.534000,29.38
0.056457,0.556000,-0.120000,-0.820000,-1.893000,3.206000,-0.550000,29.33
0.056948,0.546000,-0.133000,-0.820000,-1.893000,3.206000,-0.641000,29.33
0.057610,0.557000,-0.126000,-0.809000,-1.924000,3.206000,-0.565000,29.47
0.058084,0.546000,-0.125000,-0.813000,-1.695000,2.977000,-0.397000,29.38
0.058555,0.553000,-0.123000,-0.814000,-1.725000,3.130000,-0.519000,29.42
0.059011,0.548000,-0.125000,-0.817000,-1.618000,3.359000,-0.489000,29.33
0.059453,0.551000,-0.131000,-0.823000,-1.893000,3.374000,-0.427000,29.47
0.059896,0.559000,-0.116000,-0.819000,-1.756000,3.466000,-0.412000,29.28
0.060339,0.542000,-0.124000,-0.824000,-1.893000,3.603000,-0.534000,29.38
0.060781,0.552000,-0.127000,-0.813000,-1.832000,3.328000,-0.626000,29.42
0.061216,0.556000,-0.118000,-0.812000,-1.557000,3.420000,-0.595000,29.42
0.061653,0.561000,-0.132000,-0.817000,-1.756000,3.420000,-0.412000,29.47
0.062171,0.551000,-0.125000,-0.816000,-1.542000,3.176000,-0.626000,29.28
0.062785,0.556000,-0.116000,-0.822000,-1.695000,2.962000,-0.534000,29.33
0.063233,0.560000,-0.128000,-0.817000,-1.710000,2.962000,-0.321000,29.42
0.063654,0.551000,-0.122000,-0.817000,-1.695000,2.977000,-0.656000,29.38
0.064076,0.548000,-0.124000,-0.819000,-1.878000,3.115000,-0.504000,29.38
0.064496,0.547000,-0.121000,-0.814000,-1.817000,3.206000,-0.489000,29.42
0.064931,0.553000,-0.128000,-0.813000,-1.863000,3.344000,-0.397000,29.47
0.065350,0.554000,-0.127000,-0.809000,-1.893000,3.237000,-0.672000,29.38
0.065783,0.546000,-0.123000,-0.819000,-1.802000,3.191000,-0.656000,29.38
0.066221,0.566000,-0.122000,-0.808000,-1.817000,2.733000,-0.534000,29.33
0.066653,0.564000,-0.122000,-0.815000,-1.557000,2.382000,-0.626000,29.33
0.067071,0.548000,-0.121000,-0.806000,-1.603000,2.260000,-0.534000,29.38
0.067540,0.555000,-0.127000,-0.812000,-1.527000,2.183000,-0.458000,29.38
0.067972,0.554000,-0.128000,-0.821000,-1.679000,2.305000,-0.656000,29.52
0.068413,0.545000,-0.122000,-0.823000,-1.878000,2.733000,-0.870000,29.42
0.068851,0.550000,-0.124000,-0.823000,-2.122000,3.053000,-0.931000,29.47
0.069288,0.551000,-0.125000,-0.821000,-2.168000,3.252000,-0.779000,29.38
0.069714,0.551000,-0.120000,-0.816000,-2.229000,3.481000,-0.855000,29.52
0.070152,0.554000,-0.124000,-0.814000,-2.061000,3.206000,-0.916000,29.42
0.070590,0.561000,-0.126000,-0.810000,-2.183000,3.176000,-0.870000,29.38
0.071033,0.558000,-0.120000,-0.806000,-2.412000,2.931000,-0.916000,29.38
0.071489,0.553000,-0.119000,-0.820000,-2.229000,2.687000,-0.748000,29.33
0.071937,0.552000,-0.119000,-0.817000,-2.137000,2.916000,-0.992000,29.42
0.072393,0.555000,-0.127000,-0.818000,-2.183000,3.145000,-0.794000,29.38
0.072946,0.554000,-0.125000,-0.813000,-2.107000,3.191000,-0.931000,29.28
0.073452,0.554000,-0.132000,-0.821000,-2.458000,3.176000,-0.840000,29.28
0.073924,0.554000,-0.125000,-0.821000,-2.412000,3.252000,-0.885000,29.42
0.074361,0.547000,-0.128000,-0.822000,-2.504000,2.947000,-0.763000,29.38
0.074809,0.555000,-0.126000,-0.816000,-2.351000,2.779000,-0.992000,29.38
0.075249,0.552000,-0.124000,-0.820000,-2.565000,2.763000,-0.947000,29.38
0.075681,0.554000,-0.127000,-0.813000,-2.504000,2.534000,-0.809000,29.42
0.076124,0.563000,-0.123000,-0.812000,-2.473000,2.473000,-0.870000,29.42
0.076567,0.551000,-0.119000,-0.816000,-2.183000,2.000000,-0.794000,29.38
0.077011,0.559000,-0.118000,-0.817000,-2.137000,1.878000,-0.779000,29.47
0.077453,0.557000,-0.122000,-0.818000,-1.908000,1.756000,-0.626000,29.42
0.077890,0.550000,-0.117000,-0.825000,-1.893000,2.061000,-0.611000,29.42
0.078331,0.544000,-0.122000,-0.832000,-1.832000,2.092000,-0.595000,29.28
0.078775,0.553000,-0.114000,-0.821000,-1.756000,2.351000,-0.473000,29.47
0.079214,0.552000,-0.117000,-0.821000,-1.832000,2.412000,-0.489000,29.42
0.079637,0.545000,-0.119000,-0.810000,-1.695000,2.427000,-0.443000,29.33
0.080069,0.552000,-0.117000,-0.817000,-1.405000,2.137000,-0.290000,29.38
0.080494,0.557000,-0.119000,-0.816000,-1.008000,1.802000,-0.198000,29.28
0.080929,0.559000,-0.109000,-0.810000,-0.947000,1.939000,-0.153000,29.38
0.081348,0.547000,-0.122000,-0.818000,-1.053000,1.817000,0.031000,29.42
0.081774,0.550000,-0.120000,-0.820000,-0.748000,1.649000,-0.107000,29.33
0.082200,0.552000,-0.121000,-0.806000,-0.931000,1.847000,-0.122000,29.38
0.082628,0.552000,-0.127000,-0.817000,-1.145000,1.985000,-0.198000,29.47
0.083147,0.558000,-0.125000,-0.829000,-1.099000,1.924000,-0.107000,29.42
0.083811,0.552000,-0.123000,-0.822000,-1.053000,1.908000,-0.260000,29.38
0.084270,0.545000,-0.133000,-0.820000,-1.191000,2.412000,-0.427000,29.38
0.084704,0.552000,-0.124000,-0.817000,-1.527000,2.489000,-0.504000,29.38
0.085136,0.548000,-0.135000,-0.816000,-1.924000,2.656000,-0.351000,29.42
0.085563,0.558000,-0.130000,-0.828000,-1.878000,2.763000,-0.534000,29.52
0.086004,0.552000,-0.125000,-0.820000,-2.229000,2.931000,-0.687000,29.38
0.086435,0.553000,-0.135000,-0.812000,-2.244000,2.977000,-0.473000,29.47
0.086865,0.552000,-0.123000,-0.819000,-2.198000,2.626000,-0.916000,29.52
0.087294,0.551000,-0.127000,-0.816000,-2.198000,2.702000,-0.718000,29.42
0.087721,0.555000,-0.125000,-0.825000,-2.198000,2.198000,-0.626000,29.38
0.088144,0.548000,-0.126000,-0.820000,-2.244000,2.290000,-0.794000,29.47
0.088564,0.553000,-0.126000,-0.811000,-2.397000,2.504000,-0.901000,29.42
0.088996,0.551000,-0.126000,-0.817000,-2.443000,2.122000,-0.962000,29.33
0.089550,0.552000,-0.125000,-0.823000,-2.504000,1.740000,-0.931000,29.47
0.089980,0.558000,-0.123000,-0.815000,-2.427000,1.985000,-1.053000,29.47
0.090405,0.552000,-0.122000,-0.814000,-2.550000,1.939000,-0.931000,29.42
0.090832,0.549000,-0.126000,-0.828000,-2.748000,2.122000,-0.901000,29.42
0.091263,0.551000,-0.131000,-0.814000,-2.855000,2.702000,-1.191000,29.38
0.091697,0.546000,-0.116000,-0.818000,-3.130000,2.672000,-1.313000,29.47
0.092148,0.552000,-0.125000,-0.818000,-3.053000,2.550000,-1.008000,29.33
0.092635,0.555000,-0.131000,-0.823000,-2.947000,2.397000,-1.130000,29.42
0.093100,0.550000,-0.125000,-0.812000,-3.084000,2.489000,-1.511000,29.47
0.093859,0.540000,-0.126000,-0.825000,-3.176000,2.687000,-1.527000,29.38
0.094491,0.547000,-0.123000,-0.819000,-3.221000,2.916000,-1.405000,29.38
0.095036,0.551000,-0.116000,-0.824000,-3.496000,3.053000,-1.511000,29.33
0.095649,0.549000,-0.123000,-0.819000,-3.527000,3.282000,-1.634000,29.33
0.096113,0.553000,-0.115000,-0.814000,-3.405000,3.130000,-1.542000,29.38
0.096582,0.556000,-0.116000,-0.816000,-3.099000,2.870000,-1.420000,29.28
0.097058,0.548000,-0.115000,-0.816000,-3.145000,3.084000,-1.603000,29.33
0.097515,0.548000,-0.123000,-0.811000,-3.191000,3.466000,-1.450000,29.42
0.097981,0.552000,-0.115000,-0.822000,-2.824000,3.618000,-1.298000,29.47
0.098458,0.559000,-0.118000,-0.825000,-2.809000,3.573000,-1.221000,29.47
0.098917,0.548000,-0.106000,-0.828000,-2.748000,3.695000,-1.206000,29.42
0.099386,0.552000,-0.116000,-0.823000,-2.794000,4.015000,-0.931000,29.33
0.099850,0.548000,-0.119000,-0.816000,-2.580000,3.756000,-0.992000,29.38
0.100617,0.587000,-0.135000,-0.816000,-0.733000,5.221000,-0.733000,29.47
0.101067,0.568000,-0.113000,-0.818000,-0.901000,6.183000,-0.947000,29.52
0.101516,0.574000,-0.129000,-0.809000,-1.374000,6.641000,-1.038000,29.47
0.101944,0.580000,-0.100000,-0.812000,-1.191000,6.916000,-0.794000,29.47
0.102374,0.586000,-0.112000,-0.811000,-0.992000,6.916000,0.214000,29.47
0.102809,0.585000,-0.115000,-0.813000,-1.634000,6.870000,0.382000,29.52
0.103547,0.578000,-0.119000,-0.816000,-0.748000,8.382000,-0.244000,29.52
0.115817,0.577000,-0.105000,-0.818000,-0.122000,7.557000,-0.229000,29.47
0.122936,0.571000,-0.114000,-0.819000,0.153000,8.168000,-0.076000,29.47
0.135401,0.578000,-0.102000,-0.819000,0.397000,9.023000,0.260000,29.52
0.143066,0.552000,-0.105000,-0.833000,0.351000,10.870000,0.672000,29.42
0.155151,0.550000,-0.128000,-0.834000,-0.962000,13.664000,0.718000,29.57
0.167471,0.541000,-0.113000,-0.846000,-1.939000,17.038000,0.748000,29.57
0.174820,0.534000,-0.104000,-0.862000,-1.450000,21.221000,0.824000,29.47
0.186928,0.536000,-0.092000,-0.839000,-2.015000,26.580000,2.550000,29.42
0.194231,0.554000,-0.092000,-0.851000,-1.985000,31.557000,4.779000,29.52
0.206778,0.552000,0.022000,-0.923000,3.603000,38.061000,8.519000,29.38
0.213750,0.616000,0.088000,-0.889000,10.992000,40.733000,13.618000,29.47
0.226165,0.559000,-0.072000,-0.885000,14.015000,47.588000,20.443000,29.52
0.233433,0.501000,-0.089000,-0.929000,8.626000,53.420000,29.099000,29.42
0.245821,0.525000,-0.004000,-1.000000,0.168000,61.206000,33.618000,29.47
0.252831,0.493000,0.219000,-1.094000,2.061000,58.473000,35.618000,29.47
0.265265,0.436000,0.384000,-1.183000,3.634000,57.252000,27.802000,29.52
0.272443,0.478000,0.348000,-1.260000,0.595000,41.267000,12.305000,29.52
0.284943,0.379000,0.360000,-1.242000,-1.557000,28.687000,3.191000,29.47
0.297444,0.288000,0.325000,-1.177000,-0.824000,16.809000,-2.962000,29.47
0.304720,0.218000,0.294000,-1.127000,-0.641000,9.924000,-7.771000,29.57
0.317233,0.208000,0.269000,-1.086000,-1.313000,5.802000,-10.870000,29.52
0.324185,0.257000,0.260000,-1.099000,-2.962000,2.321000,-14.046000,29.57
0.336458,0.312000,0.245000,-1.107000,-5.618000,-3.145000,-17.160000,29.57
0.343665,0.330000,0.232000,-1.090000,-8.809000,-10.015000,-21.053000,29.47
0.355634,0.323000,0.243000,-1.053000,-9.527000,-16.244000,-24.748000,29.52
0.362709,0.301000,0.247000,-1.001000,-9.069000,-20.595000,-28.550000,29.42
0.374872,0.314000,0.236000,-0.996000,-9.237000,-23.847000,-33.267000,29.47
0.387020,0.343000,0.222000,-1.005000,-10.473000,-28.336000,-38.107000,29.47
0.393669,0.356000,0.210000,-1.012000,-10.809000,-33.863000,-41.969000,29.42
0.405980,0.350000,0.168000,-0.992000,-10.885000,-38.809000,-45.435000,29.52
0.412793,0.337000,0.136000,-0.961000,-11.328000,-41.771000,-47.908000,29.38
0.425014,0.337000,0.108000,-0.942000,-11.313000,-43.130000,-49.695000,29.38
0.436973,0.371000,0.069000,-0.951000,-11.969000,-43.084000,-50.336000,29.42
0.444092,0.392000,0.048000,-0.950000,-11.847000,-43.634000,-50.031000,29.61
0.456098,0.406000,0.028000,-0.962000,-11.786000,-44.672000,-48.550000,29.38
0.463168,0.419000,0.004000,-0.967000,-13.176000,-45.634000,-46.824000,29.47
0.475110,0.432000,-0.028000,-0.956000,-16.183000,-46.824000,-44.427000,29.57
0.486877,0.432000,-0.056000,-0.949000,-19.588000,-48.107000,-41.679000,29.52
0.493717,0.458000,-0.074000,-0.944000,-20.687000,-48.366000,-38.580000,29.42
0.505988,0.489000,-0.096000,-0.942000,-21.008000,-48.687000,-35.267000,29.47
0.512833,0.527000,-0.112000,-0.962000,-23.084000,-49.237000,-32.107000,29.38
0.524820,0.580000,-0.123000,-0.973000,-26.580000,-52.061000,-29.237000,29.52
0.536731,0.581000,-0.092000,-0.929000,-28.901000,-54.901000,-27.160000,29.38
0.543573,0.561000,-0.048000,-0.854000,-28.489000,-54.718000,-26.198000,29.47
0.555787,0.538000,-0.023000,-0.804000,-26.885000,-51.511000,-26.412000,29.47
0.562679,0.555000,-0.008000,-0.779000,-25.298000,-47.206000,-27.481000,29.42
0.574591,0.583000,-0.005000,-0.760000,-24.641000,-42.992000,-28.305000,29.42
0.586589,0.584000,-0.022000,-0.760000,-24.733000,-39.237000,-28.824000,29.47
0.593414,0.576000,-0.046000,-0.732000,-25.160000,-36.183000,-28.763000,29.47
0.605567,0.573000,-0.061000,-0.697000,-25.511000,-32.947000,-27.344000,29.52
0.617507,0.597000,-0.092000,-0.695000,-25.924000,-29.053000,-25.282000,29.42
0.624389,0.665000,-0.121000,-0.667000,-25.557000,-24.855000,-22.000000,29.42
0.639135,0.708000,-0.128000,-0.617000,-24.519000,-19.771000,-17.115000,29.47
0.642903,0.761000,-0.141000,-0.576000,-23.710000,-13.191000,-12.183000,29.47
0.655541,0.824000,-0.145000,-0.544000,-23.221000,-10.000000,-7.802000,29.52
0.667403,0.917000,-0.076000,-0.571000,-25.771000,7.847000,-1.939000,29.42
0.674768,0.911000,-0.094000,-0.229000,5.603000,13.466000,12.656000,29.57
0.687095,1.218000,-0.426000,-0.299000,13.359000,21.267000,12.550000,29.47
0.697125,1.874000,-0.571000,0.457000,24.824000,126.794000,-4.198000,29.42
0.706479,1.341000,-0.393000,0.051000,12.076000,58.122000,-3.069000,29.52
0.713748,1.339000,-0.389000,0.141000,45.863000,51.450000,-10.595000,29.47
0.730472,1.288000,-0.515000,0.215000,67.252000,67.603000,-29.221000,29.47
0.732707,1.286000,-0.630000,0.275000,91.954000,88.458000,-48.626000,29.52
0.745214,0.880000,-0.750000,-0.146000,104.611000,99.420000,-64.733000,29.42
0.757587,0.461000,-0.238000,-1.445000,99.664000,66.382000,-65.450000,29.47
0.763919,-0.257000,-0.559000,-1.166000,82.107000,6.672000,-26.626000,29.57
0.776384,-0.215000,-0.971000,-1.134000,46.733000,74.870000,30.840000,29.47
0.783249,0.578000,-0.417000,-0.918000,51.847000,88.397000,43.511000,29.52
0.795737,2.925000,0.505000,-1.869000,62.092000,42.412000,46.000000,29.57
0.802696,1.783000,-0.163000,-0.647000,61.908000,-24.321000,20.153000,29.47
0.815045,0.374000,-0.523000,-1.170000,26.519000,28.076000,31.267000,29.47
0.827576,0.459000,-0.365000,-1.132000,36.855000,1.435000,32.611000,29.42
0.834252,0.915000,-0.238000,-0.888000,31.603000,-31.466000,14.351000,29.52
0.846785,0.561000,-0.310000,-0.870000,28.183000,-74.336000,6.000000,29.47
0.854408,0.653000,-0.241000,-0.917000,9.969000,-42.031000,2.305000,29.47
0.866534,0.567000,-0.222000,-0.863000,1.511000,-23.924000,-0.061000,29.52
0.872944,0.532000,-0.195000,-0.865000,-1.878000,-10.382000,-1.924000,29.42
0.885300,0.583000,-0.088000,-0.849000,-3.450000,-10.046000,-2.931000,29.38
0.897396,0.568000,-0.091000,-0.835000,-5.588000,-0.641000,-3.069000,29.47
0.904773,0.543000,-0.094000,-0.819000,-5.893000,0.718000,-2.794000,29.52
0.917052,0.588000,-0.068000,-0.831000,-4.687000,6.305000,-1.771000,29.52
0.924061,0.574000,-0.049000,-0.828000,-2.687000,-1.191000,-0.580000,29.38
0.936682,0.551000,-0.051000,-0.840000,-0.733000,-4.260000,-0.092000,29.38
0.943600,0.561000,-0.078000,-0.838000,-0.916000,-1.893000,0.137000,29.52
0.955884,0.549000,-0.093000,-0.822000,0.092000,2.397000,0.458000,29.47
0.963328,0.552000,-0.086000,-0.821000,0.611000,2.397000,1.191000,29.47
0.976074,0.549000,-0.090000,-0.820000,1.710000,7.756000,1.145000,29.38
0.983419,0.536000,-0.087000,-0.823000,0.947000,2.473000,1.573000,29.52
0.995705,0.554000,-0.079000,-0.834000,2.321000,0.137000,2.183000,29.52
1.003465,0.533000,-0.081000,-0.815000,1.863000,1.313000,2.168000,29.47
1.015345,0.546000,-0.079000,-0.813000,3.176000,1.191000,2.550000,29.47
1.022729,0.561000,-0.079000,-0.795000,3.573000,-1.450000,2.794000,29.52
1.035073,0.536000,-0.091000,-0.830000,3.435000,-1.099000,2.458000,29.61
1.042411,0.529000,-0.087000,-0.837000,3.405000,-1.328000,2.916000,29.52
1.054875,0.539000,-0.113000,-0.821000,2.870000,1.893000,2.366000,29.47
1.067426,0.515000,-0.083000,-0.855000,2.198000,1.313000,2.336000,29.47
1.074761,0.510000,-0.077000,-0.872000,3.160000,4.534000,3.542000,29.52
1.087392,0.542000,-0.096000,-0.852000,4.183000,9.557000,4.901000,29.52
1.094603,0.533000,-0.128000,-0.855000,4.168000,11.954000,5.344000,29.47
1.106909,0.528000,-0.070000,-0.875000,5.237000,15.221000,7.008000,29.47
1.114151,0.515000,-0.090000,-0.878000,6.443000,17.374000,9.634000,29.52
1.126821,0.469000,-0.107000,-0.868000,8.336000,17.282000,11.038000,29.52
1.133701,0.454000,-0.169000,-0.957000,5.374000,29.863000,10.794000,29.47
1.146179,0.485000,-0.222000,-0.954000,5.710000,39.786000,6.031000,29.57
1.153466,0.303000,-0.131000,-1.075000,8.641000,51.710000,0.962000,29.52
1.165993,0.205000,0.104000,-1.242000,11.374000,77.618000,3.282000,29.52
1.172890,0.087000,0.909000,-1.673000,78.947000,148.489000,3.115000,29.47
1.185167,0.184000,0.070000,-1.433000,82.260000,211.420000,29.069000,29.47
1.197393,0.450000,0.273000,-1.529000,103.832000,247.664000,45.374000,29.52
1.204524,0.859000,0.128000,-1.677000,123.267000,293.832000,64.595000,29.52
1.216861,0.850000,-0.075000,-1.361000,146.595000,323.466000,75.282000,29.57
1.223383,1.008000,0.038000,-1.633000,155.756000,346.885000,79.191000,29.47
1.235811,1.208000,0.098000,-1.769000,136.290000,309.481000,77.313000,29.47
1.242710,0.701000,0.559000,-2.045000,133.893000,279.420000,72.885000,29.42
1.255158,0.507000,0.989000,-2.351000,122.855000,201.359000,40.489000,29.42
1.267174,-0.121000,0.919000,-2.170000,89.115000,116.092000,-0.061000,29.57
1.274180,-0.338000,1.012000,-2.191000,51.878000,27.847000,-21.298000,29.47
1.286344,-1.108000,1.048000,-1.489000,28.046000,-10.977000,-28.763000,29.42
1.293304,-1.469000,1.056000,-1.458000,5.252000,-33.328000,-28.611000,29.42
1.307559,-1.552000,0.954000,-1.601000,-25.069000,-67.740000,-28.611000,29.38
1.318470,-1.310000,0.698000,-1.806000,-65.176000,-121.160000,-32.550000,29.57
1.326029,-1.056000,0.661000,-1.859000,-97.511000,-156.046000,-33.145000,29.52
1.336205,-0.746000,0.443000,-1.743000,-126.076000,-220.427000,-33.115000,29.52
1.342807,-0.311000,0.352000,-1.671000,-139.771000,-225.038000,-30.504000,29.47
1.355184,0.131000,0.216000,-1.641000,-140.107000,-226.244000,-31.878000,29.47
1.366507,1.827000,0.136000,-1.540000,-145.573000,-296.412000,-44.397000,29.52
1.372976,3.271000,-0.688000,-1.759000,-179.374000,-315.618000,-40.412000,29.42
1.384958,2.004000,-0.480000,-0.477000,-112.977000,-264.534000,-13.817000,29.52
1.396884,2.060000,-0.846000,-0.405000,-114.718000,-195.634000,1.939000,29.57
1.403795,2.346000,-0.911000,0.001000,-103.069000,-145.023000,21.221000,29.47
1.415888,2.294000,-0.881000,0.121000,-72.290000,-96.168000,31.267000,29.52
1.422958,1.507000,-1.118000,4.000000,-340.718000,500.260000,72.962000,29.38
1.434988,2.488000,-1.424000,0.764000,-20.672000,384.290000,-32.000000,29.57
1.447115,1.479000,-0.542000,-0.529000,-12.366000,-46.061000,-69.221000,29.38
1.454080,0.593000,0.499000,-1.243000,-48.198000,-81.420000,-117.328000,29.52
1.466026,0.319000,0.851000,-1.044000,-36.168000,-95.924000,-122.611000,29.52
1.472838,0.192000,0.104000,-0.992000,2.763000,-213.527000,-114.458000,29.57
1.484959,0.133000,-0.520000,-1.244000,0.977000,-111.008000,-93.832000,29.57
1.496968,0.214000,-0.880000,-1.078000,-10.718000,-66.733000,-60.092000,29.42
1.504125,0.281000,-0.966000,-1.182000,-39.878000,-52.198000,-12.733000,29.42
1.516132,0.398000,-0.892000,-1.201000,-62.473000,-70.748000,27.893000,29.47
1.522994,0.490000,-0.740000,-1.079000,-80.779000,-71.557000,60.504000,29.47
1.535081,0.544000,-0.628000,-0.892000,-90.916000,-73.282000,80.779000,29.42
1.547527,0.542000,-0.548000,-0.701000,-99.008000,-63.435000,88.870000,29.52
1.554214,0.475000,-0.530000,-0.574000,-110.076000,28.275000,88.031000,29.42
1.570862,0.611000,-0.410000,-0.454000,-80.290000,-39.527000,75.221000,29.47
1.572933,0.716000,-0.291000,-0.490000,-69.649000,-18.992000,52.595000,29.38
1.585372,0.816000,-0.234000,-0.475000,-58.412000,27.328000,25.603000,29.52
1.597598,0.924000,-0.293000,-0.469000,-28.947000,-6.153000,-8.580000,29.52
1.604934,1.104000,-0.520000,-0.412000,-5.084000,-1.588000,-36.718000,29.57
1.616740,1.177000,-0.754000,-0.226000,-32.794000,197.756000,-44.947000,29.57
1.623636,1.300000,-1.036000,0.102000,10.183000,76.656000,-42.122000,29.52
1.636190,1.258000,-1.412000,0.678000,44.015000,-11.557000,-25.115000,29.47
1.643210,1.448000,-1.596000,1.183000,23.069000,20.397000,9.557000,29.57
1.655785,1.731000,-1.736000,1.469000,7.282000,56.366000,60.427000,29.47
1.661592,2.014000,-1.602000,1.992000,-11.695000,83.878000,113.588000,29.52
1.674454,2.123000,-0.297000,0.319000,45.374000,110.412000,152.305000,29.42
1.687015,2.690000,0.853000,-1.998000,-12.122000,139.695000,77.176000,29.47
1.693997,1.454000,2.122000,-0.262000,28.046000,103.115000,16.977000,29.47
1.706948,0.978000,-0.094000,-0.690000,81.466000,90.626000,60.489000,29.57
1.713307,0.953000,-2.221000,-1.627000,104.229000,-16.092000,57.130000,29.52
1.725491,1.166000,-0.627000,-0.734000,47.130000,-242.260000,32.962000,29.52
1.737704,0.951000,0.331000,-0.938000,25.176000,-135.053000,13.130000,29.47
1.744568,0.650000,-0.791000,-1.009000,36.260000,-120.000000,7.817000,29.47
1.757131,0.643000,-0.444000,-0.888000,25.634000,-42.656000,3.160000,29.42
1.764045,0.577000,-0.268000,-0.838000,5.511000,-30.534000,-4.366000,29.52
1.776288,0.559000,-0.204000,-0.863000,0.076000,-18.855000,-4.611000,29.47
1.783572,0.593000,-0.115000,-0.832000,-4.794000,-5.740000,-4.580000,29.57
1.795736,0.601000,-0.082000,-0.845000,-8.962000,0.977000,-3.618000,29.57
1.803059,0.619000,-0.006000,-0.816000,-9.130000,1.420000,-1.221000,29.52
1.815252,0.616000,-0.003000,-0.801000,-4.046000,6.168000,2.275000,29.52
1.827891,0.607000,-0.016000,-0.796000,0.214000,5.176000,4.809000,29.47
1.835245,0.586000,-0.083000,-0.833000,2.489000,4.748000,5.985000,29.57
1.847487,0.565000,-0.143000,-1.017000,0.397000,14.656000,6.107000,29.42
1.854764,0.549000,-0.162000,-0.838000,-2.519000,13.756000,4.504000,29.42
1.867150,0.542000,-0.179000,-0.830000,4.336000,5.863000,1.924000,29.57
1.874280,0.541000,-0.161000,-0.808000,4.595000,0.198000,0.748000,29.47
1.887044,0.544000,-0.114000,-0.818000,2.122000,0.519000,1.511000,29.52
1.894253,0.566000,-0.104000,-0.777000,2.305000,-3.221000,2.595000,29.52
1.906662,0.569000,-0.020000,-0.835000,9.557000,-13.985000,4.870000,29.42
1.913873,0.571000,-0.040000,-0.782000,11.649000,-18.916000,9.527000,29.57
1.926034,0.556000,-0.067000,-0.796000,16.275000,-18.489000,11.725000,29.57
1.932807,0.569000,-0.067000,-0.813000,12.733000,-26.229000,8.870000,29.42
1.945817,0.471000,-0.223000,-0.867000,7.038000,-5.954000,7.176000,29.57
1.951132,0.481000,-0.305000,-0.840000,7.130000,-8.183000,4.351000,29.47
1.965024,0.476000,-0.148000,-0.869000,-1.527000,-7.573000,3.191000,29.57
1.977558,0.476000,-0.115000,-0.888000,-0.061000,4.427000,4.275000,29.42
1.984704,0.545000,-0.063000,-0.865000,1.786000,15.206000,4.901000,29.52
1.997019,0.589000,-0.080000,-0.958000,-22.122000,26.046000,5.344000,29.57
2.003976,0.513000,-0.093000,-0.931000,-6.076000,11.939000,8.290000,29.38
2.016528,0.515000,-0.066000,-0.918000,0.382000,8.183000,11.664000,29.47
2.024644,0.475000,-0.094000,-0.938000,2.595000,39.053000,14.748000,29.33
2.036553,0.483000,-0.078000,-0.937000,4.198000,46.305000,17.084000,29.42
2.042779,0.336000,-0.080000,-0.896000,86.412000,-11.924000,9.084000,29.47
2.057635,0.415000,-0.109000,-0.886000,46.458000,86.947000,21.756000,29.47
2.068293,0.537000,-0.001000,-1.212000,22.702000,75.908000,24.626000,29.52
2.074758,0.493000,0.052000,-1.564000,45.191000,64.214000,22.779000,29.52
2.088037,0.486000,-0.049000,-1.241000,51.328000,114.595000,25.389000,29.47
2.093853,0.587000,-0.108000,-1.047000,45.053000,239.878000,34.702000,29.38
2.105881,0.430000,-0.043000,-0.361000,9.603000,403.634000,34.458000,29.52
2.113000,0.827000,-0.160000,-1.148000,89.618000,190.412000,22.351000,29.42
2.125313,0.768000,-0.062000,-1.183000,107.679000,224.198000,19.939000,29.47
2.137426,0.669000,0.292000,-1.599000,116.519000,206.153000,15.924000,29.57
2.144418,0.288000,0.975000,-2.439000,101.206000,140.718000,-9.053000,29.52
2.156381,-0.586000,2.027000,-2.284000,88.748000,89.221000,-66.031000,29.42
2.163557,-0.925000,2.048000,-2.199000,80.046000,28.015000,-122.031000,29.52
2.175511,-0.883000,1.404000,-2.229000,54.824000,-23.328000,-143.557000,29.57
2.187412,-0.837000,0.860000,-2.207000,31.893000,-60.305000,-121.053000,29.57
2.194497,-0.792000,0.475000,-1.948000,6.137000,-80.977000,-80.931000,29.42
2.206451,-0.515000,0.268000,-1.880000,-17.160000,-113.496000,-37.756000,29.47
2.213326,-0.264000,0.234000,-1.671000,-37.573000,-126.336000,0.107000,29.47
2.225608,-0.066000,0.275000,-1.420000,-48.305000,-122.275000,30.763000,29.47
2.237440,0.049000,0.333000,-1.181000,-62.336000,-103.267000,54.137000,29.42
2.244523,0.228000,0.345000,-1.110000,-71.603000,-74.779000,67.863000,29.42
2.256652,0.430000,0.334000,-1.099000,-80.061000,-52.290000,70.351000,29.47
2.263685,1.493000,-0.276000,-0.981000,-101.008000,-75.832000,52.626000,29.38
2.275701,1.256000,-0.128000,-0.584000,-86.550000,-86.260000,40.031000,29.47
2.282860,1.050000,-0.126000,-0.568000,-77.588000,-60.260000,22.824000,29.42
2.294904,1.043000,-0.152000,-0.602000,-61.756000,-49.420000,5.221000,29.52
2.306787,0.956000,-0.067000,-0.727000,-44.107000,-42.321000,-13.008000,29.47
2.313925,0.728000,0.207000,-0.857000,-29.099000,-40.824000,-43.405000,29.47
2.325791,0.713000,0.270000,-1.049000,-22.977000,-48.198000,-79.588000,29.42
2.332608,0.820000,0.233000,-1.063000,-13.969000,-71.527000,-108.550000,29.42
2.345021,0.718000,0.120000,-1.012000,-3.267000,-81.924000,-125.115000,29.47
2.357119,0.622000,0.029000,-0.913000,6.214000,-81.328000,-133.405000,29.57
2.364073,0.586000,-0.045000,-0.900000,13.420000,-79.664000,-136.260000,29.57
2.376114,0.583000,-0.095000,-0.939000,17.130000,-82.214000,-137.221000,29.52
2.382542,0.547000,-0.130000,-0.954000,20.015000,-86.443000,-136.244000,29.42
2.396415,0.538000,-0.197000,-0.992000,21.679000,-86.412000,-132.366000,29.47
2.406872,0.591000,-0.248000,-1.030000,21.084000,-97.985000,-122.794000,29.47
2.413833,0.484000,-0.486000,-0.370000,51.802000,-73.817000,-80.763000,29.52
2.427189,0.823000,-1.036000,-0.405000,34.473000,-52.305000,-48.168000,29.52
2.432574,1.015000,-0.799000,-0.546000,14.473000,-47.115000,-23.450000,29.47
2.445222,0.960000,-0.554000,-0.703000,7.786000,-49.939000,-7.084000,29.47
2.457258,0.832000,-0.426000,-0.767000,-4.275000,-42.092000,-0.901000,29.61
2.464165,0.717000,-0.274000,-0.721000,-13.908000,-40.229000,-0.198000,29.52
2.476571,0.661000,-0.268000,-0.735000,-18.672000,-20.366000,-2.885000,29.42
2.483147,0.844000,-0.357000,-0.796000,-31.649000,-26.733000,-8.168000,29.47
2.496244,0.976000,-0.388000,-0.860000,-35.908000,-47.359000,-9.374000,29.47
2.507308,0.998000,-0.322000,-0.806000,-34.519000,-67.237000,-8.336000,29.42
2.514566,0.951000,-0.397000,-0.567000,-32.595000,-67.939000,-6.534000,29.47
2.526567,0.942000,-0.274000,-0.525000,-31.023000,-62.214000,-9.618000,29.57
2.533200,0.930000,-0.371000,-0.267000,-28.550000,-55.237000,-12.656000,29.47
2.545912,0.926000,-0.473000,-0.144000,-22.779000,-41.954000,-15.069000,29.42
2.557301,0.985000,-0.514000,-0.041000,-17.374000,-22.244000,-15.267000,29.52
2.564736,1.154000,-0.678000,0.002000,-21.099000,2.962000,-10.015000,29.47
2.576940,1.459000,-0.930000,0.146000,-32.824000,9.542000,-0.595000,29.38
2.584025,1.586000,-1.045000,0.610000,-35.359000,16.550000,18.840000,29.47
2.596166,1.611000,-1.253000,1.418000,-22.397000,52.366000,47.252000,29.52
2.603330,1.802000,-1.615000,2.522000,0.412000,138.412000,80.550000,29.42
2.615190,1.891000,-1.624000,3.304000,25.756000,262.351000,105.206000,29.47
2.621242,3.400000,0.420000,-2.167000,15.481000,429.496000,59.771000,29.47
2.634835,4.000000,1.228000,-3.898000,72.489000,54.183000,76.702000,29.47
2.646904,1.747000,-1.238000,-1.082000,148.458000,64.137000,76.611000,29.52
2.654092,0.877000,-1.667000,-1.833000,61.511000,-55.420000,50.840000,29.52
2.666180,-0.467000,-0.513000,-2.407000,-30.718000,457.389000,25.634000,29.47
2.672769,0.648000,-0.255000,-0.398000,50.809000,-131.557000,12.885000,29.47
2.685094,-0.127000,0.367000,-1.076000,119.481000,250.412000,-10.183000,29.47
2.697281,0.341000,-0.258000,-0.735000,12.382000,-97.099000,-1.405000,29.42
2.704295,0.612000,-0.077000,-0.757000,-0.092000,-26.214000,-3.145000,29.42
2.716262,0.639000,-0.082000,-0.948000,12.275000,-83.969000,-6.336000,29.47
2.723415,0.535000,-0.151000,-0.845000,6.519000,-30.916000,-2.137000,29.47
2.735732,0.517000,-0.124000,-0.820000,14.763000,-20.015000,-3.053000,29.52
2.742912,0.552000,-0.114000,-0.840000,8.672000,-41.298000,-3.939000,29.42
2.755231,0.543000,-0.100000,-0.839000,1.145000,-12.992000,-0.931000,29.47
2.767780,0.549000,-0.118000,-0.835000,10.092000,-15.023000,0.198000,29.47
2.774796,0.547000,-0.146000,-0.837000,5.863000,-6.076000,1.740000,29.47
2.787370,0.510000,-0.151000,-0.808000,2.183000,-9.634000,2.397000,29.52
2.794460,0.571000,-0.065000,-0.868000,2.229000,-28.947000,-1.405000,29.42
2.806563,0.572000,-0.177000,-0.839000,-2.748000,-3.237000,2.336000,29.47
2.813900,0.516000,-0.104000,-0.799000,-7.389000,19.817000,4.076000,29.47
2.826105,0.542000,-0.085000,-0.799000,-2.595000,12.718000,5.160000,29.61
2.833698,0.559000,-0.111000,-0.731000,-7.176000,89.954000,8.168000,29.42
2.846059,0.546000,-0.072000,-0.822000,2.901000,33.267000,8.382000,29.38
2.853161,0.624000,-0.053000,-0.695000,20.198000,-44.809000,7.466000,29.47
2.865097,0.514000,-0.156000,-0.794000,7.038000,-34.916000,2.901000,29.52
2.877562,0.512000,-0.138000,-0.825000,9.313000,-51.496000,1.405000,29.52
2.884539,0.458000,-0.100000,-0.855000,7.130000,-23.634000,2.504000,29.42
2.896987,0.465000,-0.194000,-0.885000,2.031000,-8.275000,2.672000,29.47
2.904512,0.518000,-0.132000,-0.893000,-0.473000,-7.450000,2.779000,29.47
2.916363,0.497000,-0.083000,-0.956000,7.679000,-11.939000,5.802000,29.42
2.924005,0.526000,-0.042000,-0.904000,5.802000,8.458000,10.702000,29.47
2.936253,0.461000,-0.028000,-0.892000,8.443000,17.878000,16.275000,29.47
2.943363,0.448000,-0.119000,-0.970000,10.382000,25.344000,19.649000,29.47
2.955632,0.465000,-0.128000,-0.908000,7.847000,49.939000,21.557000,29.52
2.963132,0.427000,-0.174000,-0.956000,9.466000,54.214000,20.809000,29.42
2.975078,0.429000,-0.118000,-0.981000,-1.298000,79.221000,18.137000,29.38
2.987226,0.479000,-0.258000,-1.061000,-7.573000,71.786000,14.611000,29.47
2.994487,0.419000,0.292000,-1.295000,11.359000,90.489000,20.000000,29.57
3.006618,0.282000,0.209000,-1.419000,59.069000,146.229000,28.382000,29.52
3.013755,0.580000,0.357000,-1.384000,76.595000,210.183000,45.023000,29.42
3.026067,0.491000,0.327000,-1.451000,117.985000,250.443000,66.641000,29.47
3.032954,0.703000,0.285000,-1.551000,122.473000,262.290000,84.595000,29.47
3.045220,0.704000,-0.115000,-1.475000,136.687000,294.947000,90.641000,29.42
3.057125,0.870000,-0.120000,-1.660000,160.504000,310.458000,81.863000,29.52
3.064228,1.012000,-0.227000,-1.875000,153.237000,297.038000,80.748000,29.57
3.076310,0.950000,0.140000,-1.876000,145.420000,248.870000,75.252000,29.47
3.083461,0.451000,0.962000,-2.581000,130.702000,169.756000,24.901000,29.52
3.095511,-0.264000,1.330000,-2.122000,103.435000,95.939000,-22.290000,29.52
3.107803,-0.286000,1.040000,-1.806000,57.206000,57.298000,-47.481000,29.47
3.114786,-0.788000,1.071000,-1.631000,45.069000,-5.053000,-52.626000,29.47
3.126899,-0.800000,0.750000,-1.603000,18.046000,-23.237000,-46.733000,29.47
3.133606,-0.680000,0.605000,-1.531000,-16.565000,-60.626000,-35.817000,29.52
3.145981,-0.587000,0.508000,-1.444000,-42.687000,-94.672000,-23.389000,29.42
3.157434,-0.458000,0.407000,-1.326000,-63.969000,-117.008000,-15.969000,29.38
3.164708,-0.240000,0.336000,-1.218000,-81.038000,-139.817000,-14.229000,29.57
3.176293,-0.044000,0.289000,-1.126000,-90.244000,-134.947000,-13.954000,29.52
3.183099,0.133000,0.241000,-1.045000,-92.962000,-141.649000,-17.130000,29.47
3.195234,0.384000,0.239000,-1.055000,-93.282000,-133.557000,-21.145000,29.57
3.207136,0.627000,0.242000,-1.126000,-88.168000,-131.405000,-25.893000,29.47
3.214249,0.785000,0.205000,-1.170000,-84.046000,-129.221000,-35.634000,29.47
3.226044,1.099000,0.058000,-1.308000,-91.695000,-137.863000,-52.061000,29.52
3.232761,1.321000,0.014000,-1.269000,-95.069000,-161.573000,-76.107000,29.57
3.244716,1.251000,-0.024000,-1.018000,-80.916000,-189.695000,-102.198000,29.38
3.256502,1.137000,-0.077000,-0.759000,-61.817000,-177.954000,-121.466000,29.47
3.263274,1.112000,-0.205000,-0.703000,-52.412000,-139.038000,-129.863000,29.52
3.275198,1.154000,-0.294000,-0.668000,-29.878000,-142.840000,-131.542000,29.52
3.287026,1.174000,-0.386000,-0.751000,-19.802000,-138.183000,-118.504000,29.47
3.293799,1.124000,-0.442000,-0.776000,-29.130000,-113.924000,-99.053000,29.38
3.305822,0.998000,-0.460000,-0.740000,-30.473000,-115.023000,-80.244000,29.47
3.317652,0.843000,-0.652000,-0.923000,10.718000,301.863000,-58.580000,29.42
3.324376,1.428000,-0.212000,-1.094000,-21.695000,-127.771000,-40.992000,29.52
3.337144,1.167000,-0.697000,-0.330000,1.252000,-24.153000,4.504000,29.47
3.343733,1.163000,-1.226000,-0.544000,-52.046000,-25.374000,21.664000,29.38
3.356079,1.186000,-0.797000,-0.670000,-73.206000,-24.458000,28.489000,29.52
3.362857,0.968000,-0.482000,-0.818000,-73.847000,-34.290000,34.702000,29.42
3.375086,0.748000,-0.280000,-0.724000,-80.519000,-49.710000,27.344000,29.42
3.386984,0.665000,-0.090000,-0.759000,-87.481000,-62.595000,23.847000,29.47
3.394053,0.562000,-0.119000,-0.664000,-77.893000,-48.015000,21.053000,29.38
3.405980,0.559000,-0.210000,-0.651000,-63.573000,-32.443000,13.130000,29.52
3.413138,0.580000,-0.163000,-0.650000,-47.191000,-27.176000,3.679000,29.42
3.425421,0.567000,-0.141000,-0.662000,-37.756000,-29.557000,-5.618000,29.47
3.437281,0.570000,-0.140000,-0.660000,-25.542000,-25.756000,-15.374000,29.47
3.444211,0.682000,-0.254000,-0.717000,-25.023000,-19.115000,-27.206000,29.42
3.456214,0.847000,-0.329000,-0.830000,-27.542000,-29.435000,-37.450000,29.42
3.463123,0.915000,-0.360000,-0.862000,-29.252000,-46.595000,-43.725000,29.57
3.475300,0.815000,-0.369000,-0.716000,-27.985000,-66.443000,-46.901000,29.47
3.487051,0.773000,-0.391000,-0.567000,-26.550000,-71.679000,-48.366000,29.38
3.493838,0.837000,-0.443000,-0.469000,-23.008000,-69.924000,-49.374000,29.52
3.505871,0.943000,-0.456000,-0.447000,-20.580000,-70.763000,-48.061000,29.52
3.511587,0.990000,-0.518000,-0.332000,-23.573000,-67.511000,-43.237000,29.47
3.524615,0.926000,-0.535000,0.181000,-3.710000,-46.046000,-22.061000,29.47
3.538294,1.240000,-0.913000,0.377000,6.015000,-3.435000,5.557000,29.42
3.544528,1.454000,-0.973000,0.443000,1.710000,53.771000,31.389000,29.42
3.557135,1.630000,-0.993000,0.795000,-2.977000,91.435000,55.679000,29.52
3.564084,1.697000,-0.927000,0.979000,15.634000,105.176000,75.450000,29.38
3.576153,2.090000,-1.146000,1.623000,19.954000,205.313000,88.351000,29.47
3.583266,1.457000,-0.720000,1.292000,80.824000,274.733000,93.084000,29.42
3.596028,1.664000,0.158000,-1.890000,78.794000,234.305000,63.221000,29.47
3.602986,1.749000,0.633000,-1.558000,69.328000,156.916000,29.435000,29.47
3.615001,0.387000,-0.138000,-0.469000,95.557000,102.962000,36.718000,29.57
3.627304,0.874000,-1.143000,-1.149000,106.977000,75.038000,14.794000,29.57
3.634160,2.108000,-0.764000,-1.466000,78.351000,-60.580000,55.176000,29.52
3.646520,1.515000,-0.505000,-0.871000,137.038000,52.687000,32.290000,29.47
3.653684,1.146000,-0.292000,-1.272000,22.260000,-187.069000,22.702000,29.38
3.665561,0.593000,-0.365000,-0.839000,7.038000,-90.595000,21.557000,29.47
3.677746,0.881000,-0.182000,-0.986000,11.664000,-93.252000,10.427000,29.42
3.684924,0.705000,-0.199000,-0.821000,12.382000,-25.130000,7.405000,29.52
3.697359,0.492000,-0.011000,-0.840000,8.076000,-16.702000,5.618000,29.47
3.704679,0.615000,-0.096000,-0.854000,4.534000,-12.504000,5.969000,29.38
3.716631,0.586000,-0.132000,-0.821000,8.275000,-8.046000,6.061000,29.47
3.723999,0.554000,-0.068000,-0.852000,6.290000,2.107000,6.595000,29.42
3.736879,0.561000,-0.124000,-0.837000,5.237000,7.832000,6.794000,29.42
3.743971,0.554000,-0.147000,-0.835000,7.038000,8.397000,6.046000,29.47
3.756356,0.565000,-0.146000,-0.828000,5.313000,12.794000,4.718000,29.47
3.763838,0.549000,-0.152000,-0.827000,4.611000,7.786000,4.183000,29.47
3.776381,0.543000,-0.158000,-0.822000,6.412000,1.847000,2.992000,29.42
3.783342,0.545000,-0.152000,-0.801000,6.458000,-2.290000,2.198000,29.42
3.796232,0.566000,-0.131000,-0.797000,3.145000,0.931000,2.901000,29.57
3.803696,0.577000,-0.130000,-0.814000,3.405000,1.893000,2.916000,29.47
3.815744,0.530000,-0.120000,-0.811000,2.763000,0.580000,3.252000,29.42
3.823278,0.515000,-0.047000,-0.868000,4.870000,-2.366000,4.473000,29.42
3.835712,0.536000,-0.105000,-0.792000,5.130000,3.542000,6.321000,29.42
3.841267,0.546000,-0.113000,-0.752000,-1.542000,10.198000,6.534000,29.47
3.855102,0.512000,-0.092000,-0.888000,4.076000,-3.954000,6.824000,29.47
3.867309,0.504000,-0.182000,-0.766000,1.649000,24.641000,5.832000,29.42
3.874894,0.493000,-0.139000,-0.848000,-1.420000,10.427000,4.672000,29.42
3.886997,0.491000,-0.139000,-0.823000,-3.053000,16.809000,7.328000,29.47
3.894565,0.529000,-0.195000,-0.791000,-2.198000,37.756000,6.153000,29.47
3.906635,0.570000,-0.158000,-0.866000,2.580000,10.641000,6.733000,29.42
3.913848,0.583000,-0.132000,-0.832000,-1.863000,22.366000,8.366000,29.52
3.926239,0.562000,-0.126000,-0.848000,-14.504000,28.733000,11.008000,29.42
3.932733,0.428000,-0.074000,-0.733000,11.130000,32.427000,13.725000,29.47
3.944893,0.542000,-0.168000,-1.110000,30.916000,-84.779000,10.122000,29.47
3.957205,0.681000,-0.131000,-0.987000,20.351000,76.198000,13.756000,29.42
3.964448,0.405000,-0.283000,-0.751000,50.534000,2.580000,4.198000,29.42
3.976676,0.400000,-0.001000,-1.001000,21.191000,77.084000,16.550000,29.47
3.983711,0.224000,-0.212000,-1.210000,-72.397000,215.099000,24.687000,29.47
3.996206,0.502000,0.013000,-1.229000,56.550000,73.817000,7.756000,29.47
4.007303,0.499000,0.116000,-1.278000,81.053000,145.511000,9.008000,29.42
4.016272,0.288000,0.054000,-1.409000,90.321000,190.122000,13.405000,29.42
4.022771,0.678000,0.368000,-1.406000,110.168000,261.924000,31.008000,29.47
4.034777,0.713000,0.207000,-1.527000,150.641000,276.947000,45.771000,29.47
4.047028,0.675000,-0.130000,-1.438000,143.893000,389.695000,57.954000,29.52
4.053799,0.788000,-0.257000,-1.658000,166.519000,377.405000,60.000000,29.42
4.065976,1.346000,-0.542000,-2.204000,121.924000,393.542000,64.336000,29.52
4.072801,1.159000,0.111000,-1.783000,125.313000,374.092000,65.863000,29.47
4.084953,1.120000,0.219000,-2.211000,142.931000,348.321000,59.389000,29.57
4.097139,0.967000,0.463000,-2.848000,131.786000,215.618000,37.863000,29.52
4.104511,-0.154000,0.711000,-2.386000,82.779000,90.519000,9.527000,29.57
4.116731,-0.138000,0.610000,-2.062000,47.557000,50.214000,10.076000,29.47
4.123780,-0.667000,0.635000,-1.439000,24.473000,18.794000,14.702000,29.47
4.135973,-0.484000,0.520000,-1.556000,-4.229000,-10.763000,21.389000,29.42
4.142729,-0.426000,0.480000,-1.438000,-35.130000,-44.336000,28.183000,29.42
4.154982,-0.385000,0.454000,-1.287000,-61.359000,-73.832000,31.038000,29.47
4.167195,-0.320000,0.431000,-1.109000,-82.275000,-88.672000,31.557000,29.47
4.174124,-0.220000,0.379000,-0.988000,-98.809000,-99.634000,27.679000,29.47
4.186077,-0.102000,0.299000,-0.951000,-111.237000,-107.603000,18.519000,29.52
4.192790,0.091000,0.251000,-0.964000,-117.710000,-118.916000,6.305000,29.52
4.205122,0.271000,0.198000,-1.033000,-120.382000,-136.290000,-6.977000,29.38
4.217128,0.383000,0.125000,-1.044000,-119.756000,-154.565000,-21.878000,29.47
4.223939,0.480000,0.034000,-1.054000,-118.656000,-163.573000,-36.534000,29.42
4.235688,0.625000,-0.056000,-1.060000,-115.832000,-171.786000,-49.282000,29.52
4.247550,0.787000,-0.189000,-1.135000,-116.031000,-188.168000,-59.481000,29.42
4.254415,0.933000,-0.329000,-1.168000,-119.450000,-196.244000,-68.351000,29.47
4.266514,1.042000,-0.372000,-1.180000,-116.550000,-212.183000,-75.908000,29.57
4.273001,1.069000,-0.359000,-1.098000,-106.580000,-215.069000,-81.084000,29.52
4.284759,1.147000,-0.364000,-1.093000,-96.092000,-204.458000,-83.817000,29.42
4.296661,1.223000,-0.362000,-1.060000,-83.359000,-215.313000,-84.687000,29.47
4.303653,1.299000,-0.325000,-1.022000,-77.099000,-203.176000,-83.588000,29.47
4.315554,1.356000,-0.273000,-0.908000,-76.855000,-177.252000,-80.473000,29.42
4.327739,1.359000,-0.298000,-0.877000,-62.504000,-198.977000,-81.481000,29.52
4.334153,1.239000,-0.297000,-0.841000,-78.489000,-138.137000,-76.183000,29.42
4.346171,1.188000,-0.323000,-0.815000,-82.458000,-140.275000,-79.664000,29.57
4.352830,1.118000,-0.419000,-0.782000,-80.092000,-126.580000,-77.206000,29.47
4.364520,1.027000,-0.568000,-0.748000,-78.290000,-118.672000,-72.183000,29.42
4.376434,0.951000,-0.679000,-0.690000,-73.435000,-114.427000,-62.153000,29.52
4.383268,0.949000,-0.730000,-0.683000,-63.954000,-104.275000,-46.183000,29.47
4.395186,0.883000,-0.805000,-0.691000,-58.931000,-100.107000,-27.710000,29.47
4.407259,0.916000,-0.807000,-0.650000,-58.229000,-91.298000,-11.053000,29.38
4.414351,0.964000,-0.776000,-0.578000,-59.191000,-80.015000,1.908000,29.42
4.426522,1.065000,-0.739000,-0.458000,-60.107000,-61.405000,8.137000,29.42
4.433284,1.148000,-0.737000,-0.372000,-60.015000,-49.878000,7.969000,29.47
4.445640,1.309000,-0.756000,-0.343000,-66.031000,-37.588000,2.794000,29.47
4.452647,1.460000,-0.730000,-0.318000,-67.740000,-42.443000,-3.435000,29.42
4.464538,1.410000,-0.658000,-0.186000,-56.840000,-54.504000,-8.412000,29.52
4.476919,1.209000,-0.566000,0.032000,-36.885000,-70.458000,-12.840000,29.47
4.483663,1.110000,-0.570000,0.085000,-17.908000,-68.992000,-15.145000,29.47
4.496030,1.141000,-0.570000,0.095000,-13.908000,-40.962000,-16.214000,29.47
4.502795,1.242000,-0.501000,-0.123000,-10.550000,-20.733000,-12.733000,29.42
4.515494,1.503000,-0.686000,0.455000,14.870000,10.458000,0.534000,29.38
4.527858,1.271000,-0.531000,0.448000,28.977000,28.595000,16.656000,29.47
4.534812,1.368000,-0.652000,0.431000,29.344000,57.481000,32.931000,29.57
4.547072,1.529000,-0.722000,0.840000,37.282000,103.038000,42.229000,29.42
4.554175,1.835000,-0.696000,1.156000,59.863000,163.344000,57.756000,29.52
4.566669,1.043000,-0.552000,0.780000,86.427000,203.969000,60.092000,29.47
4.573496,1.455000,0.018000,-2.026000,114.824000,215.985000,42.321000,29.47
4.585506,1.853000,0.245000,-1.464000,110.275000,173.557000,18.855000,29.47
4.593062,1.326000,-0.320000,-0.744000,78.473000,2.565000,35.374000,29.33
4.610123,0.945000,-1.012000,-1.205000,86.122000,94.504000,2.000000,29.42
4.617267,1.813000,-0.925000,-1.447000,56.015000,22.214000,35.038000,29.47
4.624288,0.789000,-0.297000,-0.754000,55.847000,-4.290000,31.588000,29.47
4.636632,0.747000,-0.126000,-1.184000,27.679000,-35.145000,17.221000,29.38
4.643224,0.743000,-0.242000,-0.915000,10.824000,-20.687000,13.725000,29.42
4.656117,0.926000,-0.270000,-0.897000,15.176000,-23.557000,5.115000,29.52
4.663383,0.649000,-0.159000,-0.859000,10.824000,-18.687000,3.603000,29.47
4.675118,0.581000,-0.086000,-0.859000,3.985000,-22.962000,1.267000,29.38
4.687770,0.609000,-0.076000,-0.861000,3.634000,-13.405000,1.740000,29.42
4.694860,0.546000,-0.045000,-0.870000,6.351000,-11.115000,2.779000,29.42
4.707102,0.541000,-0.054000,-0.867000,6.656000,-4.229000,3.939000,29.33
4.714425,0.523000,-0.080000,-0.864000,5.573000,0.290000,4.855000,29.57
4.727263,0.504000,-0.083000,-0.849000,5.008000,5.237000,5.221000,29.47
4.734517,0.551000,-0.116000,-0.838000,5.282000,8.122000,5.450000,29.42
4.746714,0.552000,-0.136000,-0.831000,4.290000,7.389000,4.733000,29.42
4.754079,0.539000,-0.124000,-0.819000,4.229000,4.840000,4.168000,29.47
4.766455,0.541000,-0.139000,-0.838000,3.435000,6.977000,3.359000,29.38
4.773777,0.527000,-0.136000,-0.825000,3.573000,2.412000,2.840000,29.42
4.786236,0.523000,-0.126000,-0.840000,3.450000,-2.244000,2.260000,29.42
4.793507,0.521000,-0.112000,-0.839000,3.588000,-1.191000,2.412000,29.42
4.805937,0.526000,-0.131000,-0.831000,3.863000,-2.809000,2.687000,29.38
4.813394,0.521000,-0.117000,-0.828000,3.221000,0.412000,1.985000,29.47
4.825892,0.524000,-0.136000,-0.832000,2.443000,1.420000,1.832000,29.42
4.833089,0.511000,-0.114000,-0.841000,2.290000,2.489000,1.771000,29.42
4.846032,0.525000,-0.129000,-0.817000,2.641000,3.252000,2.290000,29.38
4.853203,0.526000,-0.115000,-0.824000,2.153000,2.611000,2.214000,29.47
4.865649,0.503000,-0.098000,-0.804000,2.153000,-0.290000,2.305000,29.33
4.873050,0.490000,-0.057000,-0.825000,1.099000,5.603000,4.015000,29.42
4.885455,0.478000,-0.125000,-0.835000,1.618000,4.672000,4.489000,29.52
4.892830,0.465000,-0.105000,-0.888000,2.321000,4.947000,5.420000,29.38
4.905232,0.521000,-0.172000,-0.875000,0.489000,9.008000,5.191000,29.47
4.917698,0.450000,-0.099000,-0.900000,-0.412000,17.038000,6.580000,29.42
4.924693,0.511000,-0.082000,-0.867000,-0.015000,27.511000,9.725000,29.38
4.937490,0.511000,-0.141000,-0.905000,2.412000,21.588000,10.229000,29.38
4.944321,0.435000,-0.062000,-0.933000,0.733000,32.427000,12.076000,29.47
4.956790,0.518000,-0.222000,-1.072000,0.412000,52.916000,13.908000,29.52
4.963802,0.409000,-0.070000,-0.927000,1.679000,63.023000,11.145000,29.52
4.976050,0.435000,-0.009000,-1.313000,-45.603000,141.985000,16.351000,29.47
4.982928,0.315000,0.019000,-1.130000,-3.511000,85.603000,19.023000,29.57
4.995544,0.207000,0.091000,-1.303000,56.931000,121.496000,20.015000,29.47
5.007538,0.551000,0.089000,-1.113000,61.756000,154.672000,27.542000,29.52
5.014666,0.579000,-0.316000,-1.327000,81.679000,183.893000,28.458000,29.52
5.027020,0.556000,-0.072000,-1.192000,71.649000,260.840000,26.977000,29.38
5.033786,0.698000,-0.303000,-1.332000,91.038000,241.023000,23.069000,29.47
5.046316,0.661000,-0.106000,-1.147000,96.718000,257.969000,24.061000,29.47
5.053185,0.848000,-0.034000,-1.266000,111.679000,274.565000,28.015000,29.42
5.065210,0.883000,-0.332000,-1.689000,97.985000,291.176000,38.733000,29.42
5.077624,0.897000,0.135000,-1.564000,67.176000,304.901000,42.565000,29.47
5.084432,0.419000,0.726000,-2.127000,81.802000,243.664000,33.939000,29.47
5.097007,-0.143000,1.204000,-2.692000,69.802000,148.977000,-0.489000,29.52
5.103838,-0.909000,1.204000,-2.522000,61.603000,71.634000,-30.397000,29.42
5.115904,-0.803000,0.683000,-2.460000,27.267000,15.878000,-30.321000,29.47
5.123320,-1.053000,0.487000,-2.124000,-3.557000,-40.641000,-10.427000,29.47
5.135025,-0.844000,0.227000,-1.992000,-27.603000,-67.374000,20.519000,29.38
5.146823,-0.587000,0.160000,-1.835000,-57.145000,-113.771000,48.565000,29.52
5.153912,-0.346000,0.183000,-1.668000,-86.550000,-111.969000,69.557000,29.52
5.165916,-0.106000,0.211000,-1.494000,-97.603000,-127.206000,80.015000,29.47
5.171667,0.114000,0.276000,-1.376000,-108.366000,-130.641000,78.931000,29.47
5.184776,0.310000,0.310000,-1.239000,-116.260000,-129.511000,68.672000,29.52
5.196722,0.447000,0.295000,-1.172000,-118.458000,-127.588000,53.405000,29.42
5.203644,0.547000,0.274000,-1.082000,-117.985000,-128.076000,34.519000,29.33
5.215452,0.615000,0.231000,-1.044000,-112.519000,-122.412000,15.725000,29.57
5.227667,0.684000,0.188000,-1.036000,-103.664000,-115.969000,-2.870000,29.47
5.234584,0.782000,0.127000,-1.084000,-94.321000,-122.656000,-21.374000,29.42
5.246589,0.876000,0.045000,-1.156000,-87.603000,-126.733000,-38.595000,29.42
5.253392,0.890000,-0.014000,-1.181000,-80.076000,-135.130000,-53.740000,29.47
5.265378,0.872000,-0.068000,-1.129000,-73.786000,-147.221000,-66.748000,29.47
5.277259,0.835000,-0.104000,-1.071000,-65.069000,-147.985000,-75.206000,29.52
5.283710,0.826000,-0.195000,-1.074000,-61.527000,-130.550000,-81.863000,29.52
5.295683,0.756000,-0.211000,-0.976000,-58.962000,-125.802000,-84.992000,29.57
5.307596,0.814000,-0.284000,-1.026000,-55.817000,-128.046000,-84.214000,29.38
5.314482,0.805000,-0.313000,-1.057000,-52.443000,-130.092000,-78.733000,29.47
5.326540,0.730000,-0.293000,-0.959000,-48.260000,-128.061000,-73.664000,29.42
5.333411,0.754000,-0.320000,-0.938000,-42.397000,-121.924000,-66.519000,29.47
5.345437,0.749000,-0.322000,-0.870000,-42.382000,-105.969000,-59.756000,29.47
5.357051,0.765000,-0.316000,-0.846000,-43.038000,-108.427000,-55.649000,29.38
5.364111,0.844000,-0.353000,-0.846000,-46.061000,-96.366000,-48.641000,29.42
5.376252,0.925000,-0.410000,-0.900000,-55.634000,-87.221000,-44.443000,29.42
5.382723,1.068000,-0.398000,-0.905000,-65.863000,-94.366000,-39.878000,29.47
5.394936,1.046000,-0.379000,-0.808000,-69.389000,-101.099000,-36.641000,29.38
5.406644,0.993000,-0.361000,-0.645000,-68.153000,-102.901000,-35.282000,29.47
5.414716,0.974000,-0.376000,-0.474000,-63.496000,-95.817000,-37.389000,29.42
5.425460,1.039000,-0.399000,-0.405000,-57.008000,-87.405000,-39.618000,29.52
5.437842,1.150000,-0.399000,-0.333000,-49.908000,-79.084000,-43.237000,29.57
5.444636,1.178000,-0.440000,-0.252000,-42.046000,-71.298000,-45.069000,29.47
5.456442,1.201000,-0.508000,-0.166000,-37.191000,-64.214000,-46.504000,29.52
5.463558,1.227000,-0.518000,-0.081000,-31.130000,-54.916000,-46.931000,29.52
5.475269,1.323000,-0.563000,-0.052000,-27.221000,-46.763000,-46.092000,29.38
5.487482,1.357000,-0.584000,0.016000,-23.389000,-42.550000,-43.649000,29.47
5.494326,1.259000,-0.571000,0.115000,-17.924000,-33.160000,-38.885000,29.47
5.506683,1.451000,-0.816000,0.550000,-5.206000,3.603000,-32.840000,29.52
5.513736,1.263000,-0.682000,0.912000,24.397000,56.840000,-9.649000,29.52
5.526418,1.485000,-0.965000,0.766000,33.786000,104.015000,8.885000,29.47
5.533146,2.050000,-1.071000,1.176000,52.168000,154.275000,28.046000,29.47
5.545658,2.229000,-1.141000,2.088000,80.061000,224.641000,41.939000,29.42
5.551501,0.823000,-0.584000,0.315000,89.405000,352.565000,40.916000,29.52
5.565371,2.293000,-0.665000,-2.864000,87.221000,309.969000,32.947000,29.38
5.577195,1.600000,0.030000,-1.385000,73.557000,124.824000,64.992000,29.38
5.583998,0.984000,-0.792000,-0.799000,80.962000,256.366000,43.878000,29.42
5.596372,3.885000,-0.666000,-2.192000,105.802000,60.092000,74.305000,29.52
5.605787,1.687000,-1.095000,-1.227000,87.282000,-82.855000,65.634000,29.42
5.615795,0.705000,-0.143000,-1.129000,79.740000,-39.053000,28.412000,29.47
5.627864,0.823000,-0.324000,-0.939000,71.023000,-50.366000,22.046000,29.47
5.634749,1.087000,-0.278000,-1.190000,59.252000,8.916000,13.817000,29.42
5.646902,0.667000,-0.147000,-0.668000,12.443000,129.344000,30.137000,29.52
5.654500,0.614000,-0.372000,-0.902000,-4.519000,-215.191000,6.046000,29.38
5.666044,0.612000,-0.122000,-0.921000,-14.595000,-31.084000,-1.740000,29.47
5.673394,0.564000,-0.088000,-0.857000,9.817000,6.214000,-0.870000,29.47
5.685719,0.562000,-0.115000,-0.824000,12.122000,19.252000,-0.519000,29.42
5.692795,0.557000,-0.113000,-0.822000,10.672000,0.229000,-1.695000,29.47
5.705497,0.539000,-0.112000,-0.853000,6.489000,-37.084000,-1.420000,29.47
5.717475,0.591000,-0.074000,-0.869000,3.053000,-41.954000,-4.092000,29.47
5.724229,0.552000,-0.136000,-0.817000,-0.916000,-10.611000,-1.267000,29.42
5.736737,0.566000,-0.105000,-0.836000,1.374000,-5.756000,-0.779000,29.42
5.743737,0.567000,-0.129000,-0.837000,-2.092000,5.145000,-0.153000,29.47
5.756206,0.552000,-0.155000,-0.831000,-2.840000,8.336000,0.748000,29.57
5.763521,0.527000,-0.114000,-0.829000,-2.565000,7.863000,0.641000,29.38
5.776152,0.523000,-0.116000,-0.864000,2.046000,2.382000,1.740000,29.52
5.783248,0.540000,-0.120000,-0.788000,0.473000,7.496000,1.893000,29.42
5.796464,0.565000,-0.095000,-0.893000,1.588000,4.977000,2.901000,29.47
5.803306,0.549000,-0.103000,-0.781000,3.038000,5.496000,3.573000,29.47
5.815382,0.538000,-0.126000,-0.759000,-0.626000,11.420000,2.931000,29.52
5.822783,0.536000,-0.086000,-0.808000,0.885000,3.511000,2.122000,29.42
5.835546,0.521000,-0.083000,-0.825000,1.374000,2.321000,1.802000,29.38
5.841331,0.502000,-0.123000,-0.863000,-2.137000,4.580000,1.145000,29.47
5.855474,0.537000,-0.116000,-0.828000,3.145000,0.489000,0.473000,29.38
5.867775,0.516000,-0.115000,-0.829000,0.962000,-1.176000,0.580000,29.52
5.874713,0.504000,-0.103000,-0.865000,4.305000,-5.313000,1.802000,29.42
5.887344,0.573000,-0.124000,-0.814000,1.237000,-3.603000,2.397000,29.47
5.895174,0.524000,-0.139000,-0.854000,6.779000,-3.466000,3.527000,29.47
5.907040,0.518000,-0.104000,-0.829000,4.779000,0.366000,5.176000,29.42
5.914121,0.506000,-0.070000,-0.759000,-16.718000,42.779000,8.137000,29.42
5.926605,0.532000,-0.110000,-0.919000,1.359000,11.069000,10.153000,29.42
5.933587,0.508000,-0.148000,-0.873000,1.725000,26.718000,12.824000,29.38
5.946279,0.480000,-0.150000,-0.864000,1.405000,19.221000,11.420000,29.38
5.953201,0.360000,-0.100000,-0.514000,-11.023000,-7.573000,8.336000,29.42
5.965218,0.502000,-0.186000,-0.971000,-16.687000,38.809000,8.626000,29.42
5.977637,0.480000,-0.107000,-1.014000,-6.916000,43.771000,9.389000,29.47
5.984768,0.448000,0.120000,-1.043000,43.832000,19.405000,12.504000,29.57
5.997464,0.261000,0.500000,-1.443000,45.267000,120.000000,24.366000,29.33
6.004234,0.200000,-0.012000,-1.200000,47.115000,136.550000,38.443000,29.42
6.016333,0.622000,0.254000,-1.198000,60.840000,183.802000,52.076000,29.52
6.023357,0.486000,0.002000,-1.253000,72.214000,219.160000,69.481000,29.38
6.035447,0.723000,0.120000,-1.380000,89.084000,239.908000,78.122000,29.47
6.042517,0.700000,-0.130000,-1.326000,92.977000,256.382000,81.267000,29.52
6.056082,0.676000,-0.002000,-1.276000,93.802000,274.305000,74.977000,29.38
6.066982,0.906000,-0.147000,-1.477000,79.634000,278.153000,74.611000,29.38
6.074052,0.777000,0.142000,-1.620000,72.489000,240.412000,69.802000,29.47
6.086242,0.055000,0.833000,-2.294000,63.023000,160.443000,33.969000,29.33
6.093151,-0.514000,0.924000,-2.058000,37.863000,89.191000,2.443000,29.42
6.105409,-0.700000,0.567000,-1.774000,-2.076000,64.168000,-13.145000,29.47
6.112399,-0.357000,0.369000,-1.917000,-31.725000,28.290000,1.771000,29.47
6.124628,-0.426000,0.182000,-1.527000,-44.977000,-21.038000,25.374000,29.38
6.137018,-0.296000,0.002000,-1.389000,-67.863000,-18.840000,53.588000,29.42
6.143637,-0.125000,0.001000,-1.279000,-83.603000,-33.969000,78.397000,29.33
6.155841,0.019000,0.045000,-1.188000,-93.328000,-38.947000,94.336000,29.47
6.162951,0.122000,0.096000,-1.086000,-99.466000,-41.298000,99.405000,29.47
6.175039,0.207000,0.136000,-1.021000,-102.214000,-45.130000,94.809000,29.52
6.187221,0.307000,0.147000,-1.023000,-104.351000,-41.481000,84.641000,29.42
6.193951,0.368000,0.146000,-1.029000,-102.901000,-48.611000,70.168000,29.38
6.206140,0.414000,0.126000,-1.010000,-100.458000,-55.542000,53.282000,29.38
6.213292,0.462000,0.079000,-1.026000,-98.779000,-56.840000,34.565000,29.47
6.225519,0.538000,0.038000,-1.050000,-97.267000,-66.275000,15.496000,29.42
6.231187,0.569000,0.022000,-1.042000,-91.008000,-78.824000,-2.031000,29.42
6.244498,0.569000,0.004000,-1.000000,-81.863000,-87.664000,-16.763000,29.38
6.256406,0.614000,-0.018000,-0.985000,-74.229000,-86.962000,-30.214000,29.38
6.263315,0.650000,-0.043000,-1.002000,-68.718000,-97.817000,-42.595000,29.42
6.275599,0.656000,-0.052000,-1.004000,-65.511000,-96.992000,-52.061000,29.42
6.287479,0.648000,-0.062000,-0.994000,-60.885000,-101.237000,-58.779000,29.47
6.293971,0.661000,-0.062000,-0.979000,-52.763000,-104.550000,-61.603000,29.47
6.306207,0.690000,-0.072000,-0.995000,-58.260000,-71.618000,-62.702000,29.33
6.313139,0.757000,-0.008000,-0.989000,-45.542000,-91.511000,-66.580000,29.42
6.325023,0.740000,0.005000,-0.966000,-39.756000,-82.229000,-67.481000,29.57
6.337674,0.795000,-0.061000,-1.047000,-44.626000,-76.840000,-71.725000,29.38
6.344065,0.927000,-0.120000,-1.139000,-54.748000,-88.031000,-77.115000,29.38
6.356100,0.980000,-0.093000,-1.179000,-64.275000,-102.672000,-80.061000,29.52
6.362894,0.829000,-0.063000,-1.087000,-63.908000,-115.527000,-79.008000,29.47
6.374568,0.789000,-0.104000,-0.990000,-73.023000,-104.092000,-80.611000,29.38
6.386783,0.723000,-0.155000,-0.908000,-71.634000,-107.985000,-81.405000,29.57
6.393544,0.665000,-0.216000,-0.890000,-74.809000,-104.519000,-83.634000,29.42
6.405426,0.639000,-0.307000,-0.895000,-76.336000,-95.176000,-85.847000,29.42
6.417790,0.676000,-0.292000,-0.895000,-65.847000,-98.580000,-82.427000,29.38
6.424522,0.820000,-0.414000,-1.091000,-74.427000,-62.427000,-76.168000,29.47
6.436592,0.728000,-0.353000,-0.785000,-42.916000,-72.641000,-70.885000,29.52
6.443507,0.747000,-0.417000,-0.847000,-43.160000,-94.794000,-66.153000,29.42
6.455397,0.793000,-0.371000,-0.725000,-31.069000,-83.481000,-60.565000,29.47
6.467378,0.839000,-0.437000,-0.693000,-21.771000,-83.832000,-55.832000,29.47
6.474331,0.949000,-0.484000,-0.659000,-22.031000,-80.595000,-54.458000,29.38
6.486143,0.957000,-0.516000,-0.512000,-25.267000,-68.931000,-54.305000,29.42
6.492826,1.003000,-0.541000,-0.427000,-26.397000,-63.069000,-53.115000,29.42
6.504772,1.076000,-0.584000,-0.332000,-27.954000,-51.985000,-54.626000,29.47
6.516899,1.241000,-0.668000,-0.270000,-29.069000,-51.115000,-57.802000,29.38
6.523898,1.249000,-0.671000,-0.222000,-28.534000,-46.718000,-57.588000,29.52
6.535936,1.219000,-0.661000,-0.120000,-22.137000,-56.901000,-54.107000,29.42
6.542502,1.199000,-0.689000,-0.008000,-11.664000,-39.847000,-48.534000,29.42
6.554727,1.226000,-0.737000,0.222000,2.382000,-17.588000,-40.977000,29.47
6.567450,1.376000,-0.742000,0.583000,21.038000,10.336000,-23.145000,29.47
6.574320,1.646000,-0.986000,0.825000,32.809000,116.000000,7.450000,29.42
6.586637,1.922000,-1.055000,0.740000,39.878000,138.779000,45.664000,29.42
6.593633,2.002000,-1.326000,1.558000,49.695000,179.481000,83.466000,29.47
6.605885,0.847000,-0.758000,1.754000,91.939000,256.443000,106.947000,29.47
6.612920,1.539000,-0.140000,-2.019000,92.794000,263.282000,71.389000,29.38
6.625039,1.300000,0.477000,-1.812000,77.160000,143.908000,59.053000,29.52
6.637733,0.721000,0.278000,-0.375000,86.061000,149.069000,49.084000,29.52
6.644610,1.641000,-0.406000,-0.903000,96.046000,193.527000,18.748000,29.47
6.656687,1.822000,-0.672000,-1.357000,72.718000,173.664000,21.405000,29.38
6.664052,2.260000,-0.772000,-1.020000,63.649000,91.954000,56.046000,29.42
6.676026,1.160000,-0.320000,-0.921000,168.626000,163.420000,75.710000,29.47
6.683037,0.656000,-0.624000,-1.234000,12.992000,-155.344000,33.725000,29.38
6.695313,0.896000,-0.202000,-0.923000,7.802000,-85.176000,26.351000,29.47
6.707072,0.958000,-0.138000,-0.846000,18.366000,-106.443000,14.198000,29.33
6.716148,0.683000,-0.229000,-0.841000,13.038000,-19.267000,13.603000,29.52
6.730490,0.716000,-0.104000,-0.933000,19.802000,-24.382000,3.191000,29.38
6.733547,0.619000,-0.243000,-0.907000,9.130000,-19.878000,4.824000,29.38
6.745683,0.566000,-0.122000,-0.831000,7.221000,-15.053000,4.092000,29.38
6.753574,0.578000,-0.105000,-0.828000,6.962000,-7.313000,3.863000,29.52
6.765355,0.546000,-0.143000,-0.835000,5.206000,4.061000,5.252000,29.52
6.772657,0.527000,-0.138000,-0.826000,4.443000,14.076000,4.275000,29.47
6.785151,0.547000,-0.136000,-0.835000,4.198000,13.435000,2.763000,29.47
6.792395,0.537000,-0.133000,-0.801000,3.053000,15.328000,2.214000,29.52
6.804985,0.545000,-0.126000,-0.815000,0.916000,12.443000,1.603000,29.42
6.817373,0.555000,-0.145000,-0.840000,3.374000,2.504000,1.069000,29.47
6.824727,0.548000,-0.136000,-0.804000,2.397000,6.290000,0.763000,29.38
6.837223,0.560000,-0.125000,-0.804000,2.122000,3.878000,1.099000,29.47
6.844481,0.558000,-0.127000,-0.812000,3.710000,0.931000,1.679000,29.42
6.856810,0.561000,-0.141000,-0.808000,2.366000,-0.855000,2.458000,29.42
6.864464,0.564000,-0.146000,-0.798000,1.389000,-2.626000,2.580000,29.47
6.876651,0.574000,-0.151000,-0.809000,2.244000,-6.824000,3.145000,29.47
6.883866,0.543000,-0.106000,-0.812000,1.206000,-5.435000,3.221000,29.33
6.896424,0.535000,-0.107000,-0.811000,1.771000,-4.840000,3.679000,29.42
6.903461,0.535000,-0.139000,-0.805000,4.351000,-4.779000,3.389000,29.52
6.915845,0.514000,-0.120000,-0.794000,5.405000,-3.802000,2.672000,29.47
6.923187,0.530000,-0.094000,-0.830000,1.634000,-1.985000,2.931000,29.47
6.935679,0.511000,-0.170000,-0.802000,3.802000,8.305000,1.878000,29.42
6.942984,0.527000,-0.164000,-0.832000,-1.282000,-2.550000,1.328000,29.33
6.955434,0.529000,-0.153000,-0.869000,3.511000,-6.519000,0.000000,29.38
6.962720,0.531000,-0.145000,-0.802000,3.634000,9.481000,0.275000,29.38
6.975364,0.578000,-0.113000,-0.893000,-5.496000,9.450000,2.550000,29.42
6.987424,0.449000,-0.055000,-0.820000,-4.840000,20.595000,2.687000,29.42
6.994870,0.488000,-0.122000,-0.855000,-3.725000,18.870000,6.031000,29.42
7.007156,0.477000,-0.141000,-0.911000,1.588000,30.916000,6.137000,29.47
7.014282,0.530000,-0.141000,-0.856000,-1.023000,39.038000,7.084000,29.38
7.026797,0.516000,-0.100000,-0.891000,3.405000,27.420000,8.198000,29.42
7.033970,0.459000,-0.053000,-0.951000,-2.076000,43.969000,14.565000,29.47
7.046373,0.500000,-0.227000,-0.874000,8.458000,55.924000,18.672000,29.38
7.053460,0.357000,-0.045000,-1.003000,10.443000,69.359000,14.275000,29.47
7.065903,0.403000,0.015000,-1.145000,8.840000,52.519000,20.916000,29.42
7.073083,0.431000,0.211000,-1.158000,21.939000,88.931000,28.702000,29.42
7.085190,0.469000,0.045000,-1.186000,54.412000,123.954000,39.389000,29.47
7.097222,0.737000,-0.006000,-0.955000,71.939000,136.122000,45.542000,29.47
7.104555,0.633000,-0.367000,-1.003000,45.557000,230.733000,52.229000,29.38
7.116811,0.596000,-0.006000,-0.243000,26.382000,309.496000,47.878000,29.42
7.123675,0.774000,-0.041000,-1.178000,71.176000,217.374000,49.450000,29.42
7.136321,0.808000,0.033000,-1.222000,86.397000,224.000000,54.519000,29.47
7.143003,0.803000,0.061000,-1.495000,85.496000,256.656000,60.916000,29.47
7.155429,1.141000,-0.217000,-1.519000,43.115000,265.832000,72.107000,29.42
7.167278,0.871000,0.364000,-1.643000,54.733000,229.328000,73.359000,29.52
7.174557,0.256000,1.032000,-2.395000,61.023000,166.580000,39.985000,29.47
7.187085,-0.548000,1.417000,-2.402000,58.656000,74.977000,-7.298000,29.47
7.193774,-0.735000,1.011000,-2.313000,26.489000,45.359000,-37.939000,29.42
7.206085,-0.804000,0.719000,-2.289000,0.076000,-19.679000,-36.962000,29.33
7.213192,-0.854000,0.446000,-1.921000,-18.076000,-57.710000,-17.206000,29.47
7.225009,-0.667000,0.195000,-1.768000,-43.191000,-88.076000,7.130000,29.38
7.237215,-0.386000,0.161000,-1.658000,-65.847000,-110.763000,28.580000,29.47
7.244300,-0.109000,0.189000,-1.536000,-76.687000,-141.267000,43.252000,29.42
7.255920,0.106000,0.226000,-1.340000,-87.496000,-144.092000,49.802000,29.42
7.263225,0.282000,0.258000,-1.213000,-97.313000,-140.290000,47.328000,29.47
7.274957,0.459000,0.295000,-1.149000,-100.702000,-140.000000,38.122000,29.47
7.287272,0.575000,0.269000,-1.092000,-105.603000,-131.145000,24.565000,29.52
7.293767,0.651000,0.243000,-1.014000,-109.710000,-118.198000,10.153000,29.38
7.306064,0.732000,0.207000,-0.983000,-106.015000,-110.779000,-2.504000,29.47
7.312907,0.767000,0.137000,-0.949000,-107.863000,-72.702000,-12.366000,29.47
7.324778,0.809000,0.107000,-0.964000,-93.771000,-96.092000,-28.321000,29.42
7.337089,0.862000,0.036000,-1.015000,-83.313000,-104.015000,-43.542000,29.42
7.343505,0.881000,-0.061000,-0.940000,-71.969000,-103.618000,-56.427000,29.47
7.356036,0.889000,-0.118000,-0.965000,-70.824000,-86.641000,-66.031000,29.47
7.367794,0.908000,-0.138000,-0.932000,-61.160000,-115.863000,-77.924000,29.42
7.374197,0.923000,-0.194000,-0.917000,-50.351000,-114.977000,-84.153000,29.42
7.386521,0.924000,-0.265000,-0.857000,-50.962000,-80.672000,-84.580000,29.42
7.393423,0.979000,-0.276000,-0.850000,-42.931000,-92.992000,-89.954000,29.47
7.405501,1.017000,-0.326000,-0.840000,-37.282000,-94.779000,-90.153000,29.38
7.417243,1.040000,-0.397000,-0.846000,-36.443000,-80.046000,-85.252000,29.42
7.424059,0.892000,-0.432000,-0.728000,-27.893000,-90.840000,-78.443000,29.42
7.436414,0.831000,-0.455000,-0.642000,-39.130000,-65.069000,-70.641000,29.38
7.443103,0.860000,-0.476000,-0.723000,-36.840000,-99.267000,-64.015000,29.47
7.454966,0.820000,-0.469000,-0.682000,-39.557000,-83.420000,-54.000000,29.42
7.467056,0.753000,-0.418000,-0.549000,-16.412000,-31.237000,-44.626000,29.42
7.473882,0.816000,-0.433000,-0.695000,-44.366000,-73.679000,-33.527000,29.38
7.486177,0.781000,-0.448000,-0.655000,-59.023000,-66.794000,-27.176000,29.47
7.492856,0.763000,-0.380000,-0.577000,-51.511000,-65.802000,-21.740000,29.47
7.504929,0.774000,-0.340000,-0.508000,-45.023000,-49.939000,-18.137000,29.42
7.516714,0.826000,-0.318000,-0.501000,-42.183000,-34.351000,-17.389000,29.52
7.524070,0.936000,-0.349000,-0.518000,-38.687000,-36.107000,-20.824000,29.38
7.535838,0.997000,-0.371000,-0.496000,-36.275000,-33.237000,-26.092000,29.47
7.547580,1.015000,-0.355000,-0.422000,-31.817000,-27.008000,-31.267000,29.42
7.554588,0.979000,-0.390000,-0.351000,-21.618000,-37.359000,-37.008000,29.38
7.566430,0.916000,-0.432000,-0.258000,-16.565000,-27.496000,-42.168000,29.47
7.573568,0.917000,-0.457000,-0.208000,-8.718000,-11.771000,-45.527000,29.38
7.585573,0.831000,-0.216000,-0.436000,12.122000,-15.954000,-53.023000,29.42
7.592945,1.075000,-0.468000,0.244000,26.626000,9.771000,-40.473000,29.42
7.605072,1.302000,-0.760000,0.239000,31.359000,47.664000,-27.191000,29.38
7.616998,1.448000,-0.868000,0.657000,49.420000,88.076000,-18.351000,29.47
7.624333,1.575000,-0.866000,1.085000,59.252000,141.328000,-4.397000,29.38
7.636812,1.934000,-0.994000,1.389000,71.191000,201.069000,13.771000,29.42
7.643934,1.940000,-1.138000,1.434000,90.901000,271.863000,36.412000,29.42
7.656111,1.484000,-0.389000,-1.320000,63.359000,314.153000,51.206000,29.47
7.662753,2.245000,-0.328000,-2.024000,119.634000,289.817000,37.191000,29.38
7.674858,0.872000,-0.275000,-0.346000,120.275000,50.183000,66.046000,29.42
7.687304,1.645000,0.089000,-0.975000,75.130000,36.397000,63.511000,29.42
7.694339,1.568000,-0.081000,-1.267000,313.924000,-198.351000,38.565000,29.47
7.706515,0.941000,-0.758000,-0.755000,28.916000,-37.145000,44.992000,29.47
7.713331,0.926000,-0.439000,-1.215000,35.588000,-82.947000,20.229000,29.42
7.725412,0.612000,-0.302000,-0.830000,23.191000,-82.336000,10.733000,29.42
7.731515,0.666000,-0.223000,-0.915000,-4.443000,-29.206000,1.863000,29.38
7.744976,0.649000,-0.228000,-0.817000,0.550000,-38.626000,-1.282000,29.47
7.757247,0.592000,-0.145000,-0.844000,-1.313000,-25.023000,-2.489000,29.42
7.764271,0.557000,-0.132000,-0.883000,-9.924000,-6.122000,-1.573000,29.42
7.776705,0.546000,-0.050000,-0.843000,-2.992000,-2.733000,-0.794000,29.38
7.783315,0.558000,-0.078000,-0.845000,-2.687000,11.252000,1.405000,29.38
7.796159,0.527000,-0.097000,-0.855000,-2.092000,11.191000,2.046000,29.33
7.803686,0.541000,-0.133000,-0.839000,2.397000,3.756000,2.427000,29.42
7.815750,0.535000,-0.118000,-0.847000,3.756000,3.038000,1.771000,29.47
7.823234,0.552000,-0.145000,-0.827000,4.901000,0.061000,1.206000,29.47
7.835817,0.544000,-0.144000,-0.819000,2.794000,0.794000,0.977000,29.47
7.842830,0.553000,-0.162000,-0.825000,0.382000,-2.840000,0.672000,29.52
7.855261,0.536000,-0.150000,-0.823000,-1.252000,-0.870000,0.366000,29.42
7.867672,0.554000,-0.111000,-0.813000,0.718000,-5.603000,0.733000,29.38
7.875062,0.553000,-0.109000,-0.814000,2.137000,-4.962000,1.679000,29.47
7.887559,0.504000,-0.093000,-0.816000,2.427000,-5.527000,2.794000,29.52
7.894884,0.514000,-0.092000,-0.788000,2.122000,-1.420000,3.863000,29.42
7.907222,0.501000,-0.065000,-0.831000,2.397000,3.725000,4.611000,29.47
7.914597,0.497000,-0.131000,-0.865000,1.405000,5.817000,5.511000,29.47
7.927014,0.542000,-0.143000,-0.812000,-1.511000,6.855000,5.206000,29.38
7.934436,0.502000,-0.136000,-0.851000,1.786000,5.863000,3.908000,29.42
7.946725,0.501000,-0.148000,-0.844000,-1.282000,9.679000,3.954000,29.52
7.954003,0.524000,-0.082000,-0.868000,-0.580000,10.901000,5.237000,29.38
7.966137,0.513000,-0.118000,-0.844000,-2.046000,20.046000,7.389000,29.47
7.973526,0.518000,-0.146000,-0.817000,2.031000,22.656000,8.870000,29.42
7.985812,0.517000,-0.171000,-0.832000,-2.840000,32.382000,10.137000,29.42
7.992847,0.509000,-0.157000,-0.872000,-7.450000,27.908000,10.382000,29.38
8.005089,0.544000,-0.082000,-0.875000,-8.092000,42.733000,12.794000,29.38
8.017359,0.490000,-0.073000,-0.945000,4.656000,23.832000,15.359000,29.42
8.024343,0.507000,-0.161000,-0.920000,-2.687000,43.817000,18.473000,29.52
8.036710,0.521000,-0.072000,-0.995000,12.641000,50.718000,19.405000,29.38
8.043883,0.344000,-0.365000,-1.013000,22.183000,92.229000,16.443000,29.47
8.055954,0.466000,-0.109000,-1.067000,51.237000,83.725000,14.794000,29.47
8.063367,0.458000,-0.049000,-1.024000,63.557000,126.092000,15.832000,29.42
8.075356,0.499000,0.019000,-1.277000,68.519000,157.573000,17.359000,29.38
8.087404,0.387000,-0.052000,-1.354000,84.366000,194.397000,21.389000,29.38
8.094822,0.666000,0.270000,-1.159000,133.557000,220.519000,30.901000,29.38
8.106717,0.830000,0.124000,-1.404000,124.427000,284.656000,47.557000,29.42
8.113706,0.725000,-0.073000,-1.246000,121.985000,346.550000,54.275000,29.42
8.125844,0.842000,-0.065000,-1.107000,125.435000,383.893000,67.038000,29.38
8.131363,1.109000,-0.294000,-1.746000,129.344000,332.534000,60.580000,29.38
8.144713,1.284000,-0.279000,-1.559000,81.557000,342.107000,71.557000,29.52
8.157273,1.311000,0.009000,-1.326000,92.290000,277.237000,65.099000,29.42
8.164056,1.449000,0.114000,-1.884000,108.366000,264.153000,61.664000,29.38
8.176233,0.677000,0.472000,-2.428000,107.008000,163.267000,40.321000,29.47
8.183334,0.242000,0.542000,-1.887000,74.290000,100.015000,14.351000,29.42
8.195902,-0.064000,0.440000,-1.837000,37.450000,49.664000,13.786000,29.42
8.202879,-0.143000,0.312000,-1.545000,13.237000,55.191000,26.641000,29.47
8.215088,-0.040000,0.205000,-1.416000,-6.687000,8.351000,39.557000,29.47
8.227319,0.007000,0.222000,-1.317000,-30.931000,-13.038000,52.153000,29.52
8.234396,-0.013000,0.240000,-1.133000,-53.176000,-45.069000,60.458000,29.42
8.246337,-0.017000,0.292000,-0.961000,-68.504000,-54.489000,63.359000,29.33
8.253645,0.036000,0.324000,-0.862000,-79.130000,-56.901000,59.298000,29.47
8.266041,0.111000,0.339000,-0.839000,-89.282000,-66.824000,49.511000,29.38
8.277902,0.183000,0.348000,-0.823000,-94.397000,-70.611000,35.878000,29.52
8.284679,0.229000,0.281000,-0.816000,-97.344000,-80.947000,19.237000,29.38
8.297014,0.327000,0.292000,-0.808000,-98.855000,-90.336000,2.595000,29.38
8.304190,0.386000,0.259000,-0.854000,-99.679000,-98.824000,-13.466000,29.38
8.315791,0.445000,0.197000,-0.856000,-99.420000,-113.374000,-30.198000,29.52
8.321586,0.480000,0.133000,-0.880000,-100.580000,-124.641000,-44.290000,29.42
8.334546,0.552000,0.043000,-0.938000,-102.992000,-132.931000,-55.649000,29.38
8.346634,0.687000,-0.084000,-1.010000,-107.939000,-147.053000,-65.786000,29.38
8.353242,0.758000,-0.197000,-1.044000,-114.321000,-163.511000,-73.099000,29.52
8.365461,0.765000,-0.279000,-1.014000,-117.115000,-178.244000,-76.504000,29.42
8.377053,0.728000,-0.342000,-0.963000,-115.649000,-183.863000,-75.710000,29.42
8.383490,0.747000,-0.384000,-0.926000,-113.450000,-180.351000,-70.840000,29.47
8.395754,0.848000,-0.372000,-0.984000,-110.672000,-181.542000,-63.924000,29.38
8.407063,0.911000,-0.370000,-0.995000,-110.656000,-176.183000,-57.374000,29.42
8.414043,0.999000,-0.286000,-0.997000,-106.855000,-175.435000,-53.069000,29.42
8.425799,1.044000,-0.189000,-0.944000,-103.969000,-166.107000,-51.160000,29.47
8.438133,1.075000,-0.191000,-0.914000,-102.779000,-153.298000,-55.038000,29.38
8.444381,1.125000,-0.117000,-0.885000,-107.847000,-150.061000,-65.649000,29.33
8.456369,1.057000,-0.079000,-0.858000,-91.053000,-149.863000,-75.206000,29.42
8.463266,1.054000,-0.099000,-0.964000,-86.061000,-154.885000,-87.847000,29.42
8.475074,1.120000,-0.165000,-0.952000,-73.908000,-122.336000,-96.595000,29.38
8.487011,1.218000,-0.294000,-1.032000,-77.008000,-124.076000,-104.168000,29.38
8.493578,1.052000,-0.336000,-0.975000,-74.107000,-135.359000,-103.344000,29.33
8.505524,1.819000,-1.411000,0.337000,-34.336000,-111.389000,-82.763000,29.42
8.517748,1.233000,-0.887000,-0.039000,8.321000,-89.679000,-63.695000,29.47
8.524624,1.244000,-1.254000,-0.268000,-9.191000,-69.023000,-62.473000,29.38
8.536815,1.410000,-0.982000,-0.337000,-30.901000,-52.336000,-61.527000,29.52
8.543674,1.361000,-0.752000,-0.312000,-27.481000,-25.771000,-48.031000,29.42
8.555716,1.263000,-0.829000,-0.299000,-28.351000,17.847000,-39.023000,29.38
8.567596,1.221000,-0.813000,-0.274000,-32.641000,-7.756000,-37.069000,29.47
8.574775,1.397000,-0.887000,-0.353000,-30.611000,-3.939000,-34.580000,29.38
8.586907,1.426000,-0.858000,-0.134000,-54.443000,-16.672000,-27.695000,29.42
8.596319,1.345000,-0.861000,0.168000,-13.786000,-49.435000,-23.069000,29.38
8.605669,1.289000,-0.854000,0.415000,0.275000,-32.382000,-20.244000,29.38
8.612835,1.384000,-0.892000,0.579000,22.244000,-1.679000,-16.595000,29.38
8.625036,1.502000,-0.909000,0.748000,39.084000,52.519000,-8.550000,29.33
8.637345,1.596000,-0.988000,0.819000,34.168000,99.649000,2.092000,29.42
8.644567,2.117000,-1.054000,0.973000,44.794000,128.443000,22.672000,29.38
8.656907,1.635000,-1.097000,0.910000,55.298000,144.229000,58.366000,29.38
8.664015,1.469000,-0.065000,-1.684000,94.565000,229.740000,58.870000,29.52
8.676180,1.493000,0.090000,-1.952000,19.221000,112.885000,40.153000,29.33
8.683289,0.664000,0.253000,-0.470000,90.748000,55.084000,34.580000,29.42
8.695697,0.880000,-0.435000,-0.910000,118.763000,76.244000,19.420000,29.38
8.702765,0.761000,-0.776000,-1.064000,130.473000,117.557000,4.473000,29.38
8.714799,1.359000,0.084000,-2.103000,79.817000,131.511000,22.290000,29.42
8.727000,0.927000,-0.220000,-0.826000,51.099000,-0.870000,25.924000,29.33
8.734118,0.704000,-0.343000,-1.187000,20.275000,-100.672000,18.901000,29.47
8.746243,0.615000,-0.480000,-0.963000,7.267000,-37.313000,16.443000,29.38
8.753604,0.684000,-0.282000,-0.909000,6.305000,-1.511000,2.855000,29.47
8.765714,0.616000,-0.152000,-0.837000,9.344000,-26.580000,-1.817000,29.42
8.772600,0.560000,-0.116000,-0.853000,1.038000,-21.374000,-1.954000,29.42
8.785127,0.617000,-0.117000,-0.841000,3.420000,-3.603000,-1.542000,29.38
8.797374,0.633000,-0.099000,-0.822000,-1.786000,-5.985000,-1.527000,29.38
8.804650,0.614000,-0.062000,-0.833000,-4.458000,4.015000,-0.137000,29.42
8.816940,0.598000,-0.062000,-0.822000,7.344000,-5.954000,1.771000,29.42
8.824450,0.558000,-0.077000,-0.842000,5.053000,-1.771000,3.206000,29.38
8.836914,0.554000,-0.101000,-0.821000,5.084000,3.008000,4.168000,29.47
8.844081,0.558000,-0.101000,-0.827000,8.244000,1.084000,4.031000,29.38
8.856859,0.560000,-0.126000,-0.823000,5.969000,4.031000,4.565000,29.42
8.864664,0.561000,-0.148000,-0.815000,5.145000,5.099000,4.000000,29.42
8.876629,0.549000,-0.122000,-0.834000,4.000000,6.153000,4.031000,29.38
8.884176,0.559000,-0.123000,-0.820000,4.031000,5.740000,4.656000,29.38
8.896617,0.563000,-0.135000,-0.808000,4.565000,4.931000,4.519000,29.42
8.904126,0.563000,-0.140000,-0.798000,4.580000,2.947000,5.053000,29.38
8.916417,0.568000,-0.116000,-0.776000,6.092000,0.244000,5.008000,29.47
8.925888,0.520000,-0.102000,-0.809000,6.641000,-1.588000,3.969000,29.57
8.936263,0.480000,-0.081000,-0.816000,6.336000,0.275000,4.748000,29.33
8.943536,0.508000,-0.105000,-0.839000,7.237000,3.130000,4.473000,29.42
8.958663,0.575000,-0.160000,-0.800000,7.969000,3.267000,4.214000,29.38
8.963517,0.558000,-0.066000,-0.830000,-2.366000,2.137000,5.466000,29.47
8.975429,0.493000,-0.118000,-0.809000,-11.969000,27.130000,6.779000,29.42
8.987653,0.746000,-0.120000,-1.455000,55.313000,-105.771000,3.542000,29.42
8.994891,0.534000,-0.175000,-0.779000,-7.634000,9.542000,5.466000,29.42
9.007148,0.573000,-0.117000,-0.884000,2.595000,-4.244000,5.359000,29.47
9.014353,0.512000,-0.143000,-0.931000,-23.176000,16.611000,8.443000,29.38
9.026423,0.505000,-0.129000,-0.907000,-3.924000,-4.076000,6.870000,29.52
9.033593,0.540000,-0.212000,-0.880000,-16.168000,43.023000,9.649000,29.42
9.046050,0.414000,-0.126000,-0.917000,1.450000,32.000000,5.832000,29.38
9.053452,0.355000,-0.096000,-0.847000,10.366000,52.534000,5.466000,29.38
9.065765,0.602000,-0.144000,-0.820000,4.031000,65.069000,6.412000,29.52
9.073113,0.567000,-0.182000,-0.913000,-5.740000,61.863000,7.878000,29.42
9.085463,0.330000,-0.122000,-1.014000,9.924000,75.664000,7.863000,29.42
9.091141,0.507000,0.013000,-1.113000,19.588000,77.618000,11.115000,29.38
9.105019,0.345000,0.132000,-1.059000,56.656000,102.977000,17.847000,29.38
9.117254,0.542000,0.181000,-1.429000,68.198000,146.321000,26.351000,29.42
9.124325,0.481000,0.062000,-1.101000,114.183000,188.031000,35.557000,29.42
9.136535,0.664000,0.180000,-1.276000,102.031000,233.176000,47.893000,29.38
9.143286,0.594000,-0.097000,-1.311000,123.603000,262.901000,55.069000,29.38
9.155622,0.774000,-0.224000,-1.214000,120.427000,326.015000,55.817000,29.33
9.167508,0.886000,-0.215000,-1.393000,137.405000,398.382000,56.366000,29.47
9.174599,1.229000,-0.500000,-1.504000,95.573000,298.519000,48.092000,29.47
9.186841,1.084000,-0.045000,-1.323000,89.832000,263.802000,47.359000,29.38
9.194008,1.100000,0.051000,-2.043000,96.061000,228.336000,36.275000,29.42
9.206232,0.509000,0.239000,-2.401000,88.321000,127.573000,37.069000,29.33
9.213233,-0.318000,-0.026000,-1.950000,45.496000,62.534000,51.420000,29.47
9.225318,0.006000,0.068000,-1.948000,14.015000,19.924000,78.137000,29.38
9.237507,-0.174000,0.232000,-1.362000,0.718000,4.000000,100.641000,29.38
9.244857,-0.102000,0.229000,-1.318000,-18.947000,1.328000,115.053000,29.42
9.256859,0.028000,0.306000,-1.236000,-37.542000,-26.046000,117.450000,29.42
9.263711,0.100000,0.438000,-1.160000,-50.840000,-37.649000,106.718000,29.47
9.276073,0.143000,0.514000,-1.072000,-59.954000,-42.504000,87.603000,29.47
9.282924,0.226000,0.539000,-1.055000,-64.015000,-48.290000,62.473000,29.42
9.295332,0.313000,0.551000,-1.036000,-60.504000,-56.641000,35.740000,29.42
9.307297,0.344000,0.489000,-0.989000,-57.527000,-68.397000,10.427000,29.38
9.314432,0.340000,0.427000,-0.942000,-58.443000,-77.771000,-12.550000,29.47
9.326487,0.345000,0.344000,-0.910000,-54.947000,-69.237000,-28.794000,29.42
9.333440,0.342000,0.256000,-0.896000,-57.405000,-84.626000,-44.290000,29.33
9.345470,0.321000,0.150000,-0.899000,-61.649000,-95.221000,-55.145000,29.42
9.357715,0.317000,0.045000,-0.925000,-64.031000,-97.924000,-62.565000,29.47
9.364272,0.335000,-0.071000,-0.967000,-69.496000,-106.504000,-66.916000,29.38
9.376377,0.350000,-0.157000,-0.998000,-77.420000,-117.053000,-69.832000,29.42
9.382989,0.380000,-0.248000,-1.047000,-82.840000,-123.130000,-69.618000,29.42
9.395077,0.508000,-0.400000,-1.142000,-93.008000,-135.084000,-67.298000,29.38
9.406495,0.617000,-0.455000,-1.185000,-104.046000,-152.901000,-62.626000,29.38
9.413492,0.648000,-0.420000,-1.147000,-107.802000,-168.336000,-55.847000,29.52
9.425175,0.729000,-0.416000,-1.144000,-107.786000,-179.160000,-48.275000,29.38
9.437008,0.821000,-0.418000,-1.131000,-110.305000,-182.687000,-41.969000,29.38
9.443784,0.873000,-0.360000,-1.098000,-110.229000,-190.290000,-39.023000,29.47
9.455714,0.932000,-0.300000,-1.087000,-110.885000,-192.580000,-39.115000,29.33
9.475613,0.983000,-0.252000,-1.051000,-109.710000,-184.046000,-41.115000,29.24
9.476520,1.072000,-0.194000,-1.021000,-106.015000,-174.427000,-46.992000,29.47
9.486242,1.162000,-0.139000,-0.959000,-99.893000,-159.130000,-55.832000,29.38
9.493091,1.196000,-0.131000,-0.924000,-92.137000,-148.718000,-67.664000,29.47
9.504733,1.201000,-0.090000,-0.875000,-85.573000,-131.115000,-81.008000,29.42
9.516883,1.161000,-0.168000,-0.779000,-70.092000,-118.962000,-97.634000,29.52
9.523335,1.488000,-0.481000,-0.090000,-38.443000,-79.679000,-100.672000,29.47
9.535473,1.380000,-0.721000,-0.267000,-4.107000,-23.237000,-114.794000,29.38
9.547306,1.487000,-0.776000,-0.592000,-17.298000,-22.336000,-125.221000,29.42
9.554074,1.810000,-0.736000,-0.909000,-35.115000,-40.061000,-123.527000,29.42
9.565901,1.824000,-0.699000,-0.810000,-23.664000,-85.603000,-106.061000,29.38
9.573117,1.470000,-0.723000,-0.438000,-9.878000,-91.420000,-81.786000,29.47
9.585042,1.147000,-0.858000,-0.123000,-16.198000,-98.321000,-71.969000,29.38
9.597173,1.039000,-0.876000,-0.085000,5.573000,-86.794000,-69.634000,29.42
9.604390,1.100000,-0.896000,0.072000,-13.542000,-54.962000,-52.992000,29.42
9.616179,1.196000,-0.784000,0.078000,-32.305000,-37.237000,-37.023000,29.38
9.623039,1.199000,-0.738000,0.061000,-21.023000,-52.748000,-20.366000,29.38
9.635330,1.074000,-0.700000,0.141000,-23.924000,-31.435000,-3.450000,29.42
9.642863,1.034000,-0.653000,0.134000,-23.969000,-7.496000,9.252000,29.42
9.656364,1.059000,-0.606000,0.019000,-31.023000,9.756000,18.382000,29.47
9.667107,1.119000,-0.566000,-0.106000,-42.351000,25.053000,26.748000,29.38
9.673930,0.886000,-0.372000,0.331000,-27.893000,52.229000,39.053000,29.38
9.688742,1.313000,-0.817000,0.509000,9.878000,82.885000,49.664000,29.42
9.693424,1.462000,-0.691000,0.928000,15.649000,132.260000,53.115000,29.42
9.705937,0.431000,-0.196000,0.410000,60.794000,181.038000,64.427000,29.47
9.712954,0.977000,0.423000,-1.443000,46.046000,296.977000,50.748000,29.47
9.725197,0.917000,0.690000,-1.361000,39.939000,123.038000,34.656000,29.33
9.737318,0.362000,0.217000,-0.496000,86.458000,135.954000,18.580000,29.42
9.744486,1.375000,-0.291000,-0.844000,95.908000,229.588000,18.702000,29.38
9.756680,2.787000,-1.675000,-1.241000,60.626000,215.695000,51.511000,29.38
9.763916,3.099000,-0.680000,-1.490000,11.053000,-9.008000,57.771000,29.38
9.775955,1.131000,-0.492000,-0.849000,57.466000,-98.748000,38.061000,29.42
9.782996,0.294000,-0.506000,-1.260000,43.511000,-62.855000,25.130000,29.38
9.795317,0.615000,-0.305000,-0.893000,35.817000,0.397000,13.191000,29.38
9.802589,0.845000,-0.327000,-0.800000,16.702000,-5.191000,3.725000,29.38
9.815293,0.728000,-0.085000,-0.820000,15.710000,-47.221000,-0.137000,29.42
9.827149,0.814000,-0.114000,-0.953000,13.802000,-3.634000,0.244000,29.42
9.834191,0.617000,-0.204000,-0.857000,12.748000,-10.168000,1.389000,29.38
9.846505,0.571000,-0.116000,-0.850000,1.496000,-15.221000,-0.870000,29.38
9.853824,0.610000,-0.104000,-0.827000,2.519000,5.481000,1.832000,29.42
9.866424,0.574000,-0.086000,-0.842000,5.405000,1.466000,1.115000,29.42
9.873904,0.577000,-0.133000,-0.835000,3.267000,-1.695000,1.832000,29.42
9.885946,0.548000,-0.125000,-0.837000,5.573000,2.550000,2.000000,29.38
9.893517,0.539000,-0.142000,-0.839000,5.252000,5.939000,1.756000,29.38
9.906111,0.550000,-0.159000,-0.827000,4.519000,4.519000,1.695000,29.42
9.913664,0.552000,-0.164000,-0.815000,2.214000,6.290000,1.115000,29.33
9.925701,0.556000,-0.141000,-0.799000,-0.382000,7.634000,0.779000,29.38
9.933013,0.552000,-0.121000,-0.803000,-1.405000,7.649000,0.748000,29.38
9.945429,0.554000,-0.113000,-0.806000,-0.351000,6.107000,0.870000,29.33
9.952794,0.557000,-0.129000,-0.816000,-0.382000,4.794000,1.496000,29.52
9.965018,0.556000,-0.122000,-0.810000,0.794000,2.992000,2.046000,29.38
9.977751,0.544000,-0.115000,-0.808000,1.160000,3.511000,2.198000,29.38
9.984838,0.545000,-0.117000,-0.792000,1.221000,2.214000,2.458000,29.33
9.997263,0.555000,-0.124000,-0.809000,0.321000,-0.229000,2.550000,29.42
10.004719,0.542000,-0.131000,-0.799000,1.191000,2.092000,2.183000,29.33
