# Gait Analysis Data - MPU6050 IMU
# Duration: 10 seconds
# Format: timestamp(s),ax(g),ay(g),az(g),gx(deg/s),gy(deg/s),gz(deg/s),temp(C)
# Note: Document sensor placement (ankle/wrist) separately
timestamp,ax,ay,az,gx,gy,gz,temp
0.000697,0.928000,-0.066000,-1.610000,108.977000,281.954000,75.130000,28.95
0.001434,1.011000,-0.282000,-1.572000,80.107000,244.962000,74.489000,28.95
0.002120,0.860000,0.181000,-1.485000,91.695000,229.344000,65.740000,28.81
0.002806,0.716000,0.812000,-2.521000,80.061000,136.046000,19.405000,28.81
0.003479,-0.395000,1.110000,-1.990000,63.038000,59.786000,-34.977000,28.91
0.004204,-0.167000,0.616000,-1.974000,19.481000,12.092000,-56.718000,28.95
0.004965,-0.589000,0.500000,-1.547000,-2.931000,-9.359000,-50.092000,28.95
0.005732,-0.486000,0.202000,-1.527000,-16.718000,-53.802000,-27.252000,28.91
0.006477,-0.415000,0.055000,-1.294000,-50.595000,-75.420000,2.122000,28.91
0.007202,-0.370000,0.037000,-1.238000,-76.504000,-79.069000,29.817000,28.86
0.007782,-0.200000,0.030000,-1.116000,-91.954000,-88.901000,46.916000,28.95
0.008658,-0.026000,0.030000,-1.094000,-108.198000,-115.191000,54.794000,28.91
0.009579,0.125000,0.082000,-1.010000,-122.565000,-115.924000,56.076000,28.81
0.010589,0.254000,0.110000,-0.968000,-115.466000,-131.771000,51.802000,28.95
0.011508,0.410000,0.129000,-1.000000,-130.336000,-114.687000,45.023000,28.81
0.012394,0.556000,0.145000,-1.027000,-132.290000,-114.305000,33.130000,28.91
0.013281,0.630000,0.158000,-1.023000,-130.870000,-111.191000,17.969000,28.91
0.014154,0.722000,0.167000,-1.038000,-122.458000,-108.794000,-2.290000,28.86
0.015034,0.848000,0.131000,-1.058000,-114.504000,-111.145000,-25.832000,28.86
0.015865,1.032000,0.168000,-0.975000,-87.695000,-135.603000,-53.282000,28.91
0.016631,1.021000,0.096000,-1.043000,-80.351000,-124.305000,-76.977000,28.81
0.017403,1.096000,0.065000,-0.990000,-74.626000,-121.466000,-102.656000,28.86
0.018179,1.081000,-0.053000,-0.895000,-61.832000,-139.603000,-127.466000,28.95
0.018955,1.013000,-0.190000,-0.850000,-49.053000,-137.802000,-142.336000,29.00
0.019674,0.959000,-0.339000,-0.773000,-34.687000,-129.725000,-144.580000,28.91
0.020447,0.931000,-0.492000,-0.697000,-28.931000,-111.191000,-136.305000,28.86
0.021294,0.944000,-0.540000,-0.705000,-20.901000,-114.168000,-123.954000,28.86
0.021991,0.917000,-0.556000,-0.703000,-14.214000,-107.618000,-108.244000,28.81
0.022612,0.903000,-0.536000,-0.682000,-8.519000,-111.634000,-91.160000,28.91
0.023241,0.849000,-0.499000,-0.654000,-10.290000,-97.405000,-74.656000,28.86
0.023929,0.844000,-0.513000,-0.674000,-14.733000,-69.145000,-59.450000,28.91
0.024611,0.918000,-0.511000,-0.730000,-26.382000,-59.069000,-47.145000,28.81
0.025290,0.911000,-0.485000,-0.785000,-37.038000,-59.679000,-36.855000,28.91
0.025975,0.901000,-0.453000,-0.800000,-44.580000,-61.115000,-29.802000,28.86
0.026645,0.862000,-0.432000,-0.812000,-47.924000,-62.519000,-21.221000,28.86
0.027336,0.925000,-0.456000,-0.777000,-59.252000,-62.443000,-13.740000,28.91
0.028010,0.918000,-0.463000,-0.723000,-68.321000,-69.313000,-10.672000,28.91
0.028679,0.904000,-0.437000,-0.597000,-72.061000,-73.863000,-7.924000,28.95
0.029349,0.882000,-0.423000,-0.477000,-69.618000,-64.122000,-5.389000,28.77
0.030011,0.854000,-0.420000,-0.377000,-66.305000,-54.260000,-6.702000,28.81
0.030992,0.859000,-0.408000,-0.268000,-62.718000,-39.237000,-12.122000,28.91
0.031703,0.908000,-0.352000,-0.202000,-55.893000,-22.550000,-20.076000,28.86
0.032330,1.010000,-0.343000,-0.246000,-48.153000,-7.405000,-32.168000,28.95
0.032949,1.148000,-0.399000,-0.267000,-44.229000,-0.504000,-48.733000,28.91
0.033554,1.114000,-0.318000,-0.049000,-22.382000,6.290000,-59.099000,28.91
0.034141,1.221000,-0.582000,0.147000,7.664000,19.878000,-65.328000,28.95
0.034733,1.319000,-0.823000,0.230000,17.252000,41.450000,-68.870000,28.95
0.035327,1.429000,-1.072000,0.607000,17.908000,69.985000,-62.305000,28.95
0.035922,1.529000,-1.281000,1.052000,19.099000,106.412000,-43.359000,28.91
0.036515,1.557000,-1.639000,1.669000,18.244000,155.206000,-6.260000,28.91
0.037109,0.380000,-0.529000,0.807000,25.618000,179.496000,38.031000,28.95
0.037738,1.425000,0.243000,-2.235000,65.328000,255.237000,70.015000,28.81
0.038329,1.909000,0.612000,-1.100000,25.649000,125.618000,51.496000,28.91
0.038913,0.854000,0.862000,-0.064000,66.305000,98.275000,61.954000,28.91
0.039597,2.390000,0.254000,-1.236000,145.176000,120.947000,100.947000,28.95
0.040332,1.234000,-1.421000,-1.338000,154.214000,11.542000,92.458000,28.86
0.040888,0.752000,-0.592000,-1.181000,136.672000,-96.672000,58.351000,28.91
0.041428,0.570000,-0.392000,-0.880000,61.664000,-40.092000,32.595000,28.81
0.041969,0.645000,-1.008000,-0.778000,15.679000,-86.397000,22.962000,28.86
0.042506,0.552000,-0.216000,-0.901000,-0.641000,-15.481000,-3.099000,28.77
0.043054,0.546000,-0.219000,-0.890000,-10.534000,-14.015000,-4.061000,28.81
0.043596,0.673000,-0.005000,-0.781000,-2.656000,-30.061000,-5.649000,28.91
0.044131,0.635000,-0.150000,-0.823000,1.115000,10.260000,-0.275000,28.86
0.044676,0.629000,-0.088000,-0.825000,-0.198000,-10.885000,1.679000,28.77
0.045203,0.620000,-0.079000,-0.806000,-1.679000,-1.618000,4.519000,28.91
0.045727,0.604000,-0.200000,-0.798000,1.359000,9.435000,4.046000,28.81
0.046259,0.573000,-0.208000,-0.828000,-3.038000,5.924000,-0.351000,28.86
0.046806,0.587000,-0.080000,-0.827000,-6.809000,14.305000,-0.534000,28.95
0.047344,0.562000,-0.047000,-0.845000,-1.695000,19.344000,3.466000,28.91
0.047871,0.565000,-0.121000,-0.820000,1.832000,16.763000,3.725000,28.81
0.048397,0.584000,-0.146000,-0.796000,1.328000,15.542000,2.916000,28.81
0.048921,0.589000,-0.107000,-0.802000,1.450000,16.885000,2.855000,28.86
0.049396,0.600000,-0.102000,-0.797000,1.435000,20.260000,4.901000,28.81
0.049872,0.593000,-0.109000,-0.771000,2.641000,17.328000,6.244000,28.91
0.050465,0.601000,-0.126000,-0.767000,2.916000,12.061000,5.634000,28.81
0.051122,0.584000,-0.113000,-0.768000,4.656000,6.931000,5.710000,28.86
0.051619,0.612000,-0.159000,-0.739000,6.718000,1.023000,6.382000,28.77
0.052116,0.621000,-0.175000,-0.734000,6.718000,-3.466000,5.542000,28.81
0.052719,0.562000,-0.114000,-0.772000,8.763000,-7.405000,5.191000,28.81
0.053276,0.507000,-0.090000,-0.839000,10.519000,-6.855000,6.702000,28.86
0.053779,0.523000,-0.149000,-0.900000,11.985000,2.840000,6.260000,28.95
0.054284,0.501000,-0.139000,-0.897000,10.000000,10.031000,5.695000,28.81
0.054782,0.455000,-0.111000,-0.961000,11.832000,20.962000,6.092000,28.91
0.055282,0.454000,-0.092000,-0.918000,11.115000,36.962000,9.145000,28.86
0.055773,0.517000,-0.101000,-0.894000,14.763000,45.328000,8.687000,28.86
0.056262,0.466000,0.035000,-1.000000,14.504000,63.878000,8.763000,28.81
0.056760,0.561000,-0.086000,-0.962000,46.168000,77.618000,6.733000,28.81
0.057255,0.581000,-0.214000,-0.866000,37.893000,88.229000,10.733000,28.86
0.057741,0.634000,-0.119000,-0.834000,45.344000,99.191000,11.084000,28.81
0.058245,0.600000,-0.231000,-0.875000,44.427000,103.878000,12.977000,28.81
0.058740,0.718000,-0.172000,-0.873000,39.863000,104.626000,13.664000,28.81
0.059241,0.706000,-0.202000,-0.851000,43.405000,106.366000,12.885000,28.95
0.059729,0.720000,-0.218000,-0.773000,42.076000,105.450000,8.977000,28.77
0.060271,0.794000,-0.208000,-0.777000,46.412000,102.382000,6.611000,28.91
0.060763,0.742000,-0.219000,-0.725000,49.679000,99.176000,3.084000,28.81
0.061219,0.744000,-0.212000,-0.815000,54.733000,88.656000,1.023000,28.86
0.061670,0.771000,-0.239000,-0.962000,51.435000,69.145000,-7.038000,28.77
0.062129,0.455000,-0.149000,-1.074000,48.672000,44.382000,-15.160000,28.91
0.062593,0.435000,-0.259000,-1.173000,35.237000,23.771000,-16.840000,28.91
0.063055,0.551000,-0.169000,-1.254000,18.855000,-33.313000,-23.893000,28.86
0.063521,0.295000,-0.138000,-0.918000,14.794000,-54.916000,-28.718000,28.86
0.063982,0.209000,-0.205000,-0.728000,10.962000,-50.290000,-31.954000,28.91
0.064436,0.271000,-0.230000,-0.696000,7.038000,-46.656000,-33.496000,28.91
0.064894,0.307000,-0.273000,-0.690000,5.237000,-48.382000,-34.687000,28.77
0.065347,0.288000,-0.329000,-0.688000,6.702000,-50.504000,-36.458000,28.91
0.065800,0.267000,-0.407000,-0.667000,8.336000,-51.481000,-36.321000,28.91
0.066265,0.243000,-0.487000,-0.650000,9.969000,-51.084000,-33.832000,28.91
0.066765,0.265000,-0.559000,-0.651000,12.031000,-48.366000,-30.046000,28.86
0.067226,0.337000,-0.611000,-0.684000,13.603000,-48.779000,-24.061000,28.86
0.067694,0.420000,-0.629000,-0.704000,15.038000,-52.962000,-17.267000,28.91
0.068156,0.498000,-0.647000,-0.699000,15.466000,-58.702000,-11.496000,28.91
0.068611,0.518000,-0.614000,-0.640000,17.191000,-61.985000,-7.725000,28.86
0.069068,0.545000,-0.537000,-0.589000,21.603000,-61.099000,-6.076000,28.86
0.069526,0.595000,-0.465000,-0.571000,28.504000,-56.443000,-7.130000,28.91
0.069980,0.656000,-0.417000,-0.577000,36.275000,-50.718000,-9.618000,28.91
0.070532,0.744000,-0.376000,-0.604000,40.427000,-49.344000,-15.893000,28.86
0.071124,0.724000,-0.335000,-0.621000,46.565000,-46.168000,-21.282000,28.95
0.071578,0.729000,-0.323000,-0.616000,52.504000,-54.031000,-26.763000,28.81
0.072034,0.691000,-0.316000,-0.614000,54.458000,-39.237000,-29.435000,28.81
0.072472,0.695000,-0.281000,-0.647000,51.344000,-27.573000,-30.443000,28.77
0.072979,0.750000,-0.292000,-0.727000,52.244000,-34.580000,-31.588000,28.86
0.073531,0.775000,-0.240000,-0.777000,46.702000,-37.160000,-34.107000,28.81
0.073993,0.775000,-0.157000,-0.789000,47.008000,-41.267000,-38.733000,28.91
0.074434,0.747000,-0.092000,-0.785000,51.740000,-45.008000,-42.733000,28.86
0.074879,0.711000,-0.058000,-0.750000,53.282000,-44.702000,-48.321000,28.86
0.075323,0.678000,-0.059000,-0.767000,52.137000,-39.237000,-53.588000,28.81
0.075766,0.653000,-0.077000,-0.815000,49.282000,-39.679000,-56.321000,28.81
0.076213,0.608000,-0.109000,-0.836000,45.191000,-42.321000,-55.496000,28.81
0.076652,0.564000,-0.141000,-0.830000,40.122000,-44.214000,-52.397000,28.95
0.077095,0.522000,-0.133000,-0.801000,36.763000,-44.916000,-48.000000,28.95
0.077540,0.542000,-0.149000,-0.791000,32.702000,-42.473000,-42.885000,28.91
0.077985,0.592000,-0.128000,-0.797000,25.985000,-41.176000,-38.397000,28.91
0.078422,0.635000,-0.076000,-0.785000,21.542000,-41.160000,-34.580000,28.86
0.078851,0.669000,-0.022000,-0.750000,19.374000,-41.359000,-31.695000,28.95
0.079277,0.648000,0.005000,-0.699000,16.015000,-38.305000,-31.588000,28.91
0.079704,0.646000,0.018000,-0.647000,10.641000,-31.649000,-33.496000,28.91
0.080125,0.676000,0.032000,-0.645000,6.550000,-26.427000,-34.901000,28.77
0.080734,0.723000,-0.294000,-0.601000,-9.878000,-7.588000,-40.061000,28.86
0.081215,0.842000,0.227000,-0.109000,-56.076000,20.840000,-62.534000,28.81
0.081687,1.125000,0.530000,-0.145000,-55.695000,70.122000,-72.412000,28.91
0.082134,1.208000,0.396000,-0.133000,-56.214000,85.069000,-89.664000,28.86
0.082566,1.804000,-0.115000,-0.992000,-48.931000,41.695000,-79.496000,28.81
0.082995,1.290000,-0.083000,-0.653000,-26.626000,19.298000,-19.618000,28.81
0.083418,1.098000,0.329000,-0.706000,-23.817000,-25.237000,-12.290000,28.91
0.083841,0.552000,0.287000,-0.759000,-0.031000,-51.878000,-10.244000,28.86
0.084255,0.509000,-0.111000,-0.787000,12.137000,-29.878000,-5.206000,28.86
0.084680,0.518000,-0.291000,-0.872000,11.313000,-51.573000,-14.977000,28.81
0.085104,0.529000,-0.295000,-0.837000,7.542000,-36.824000,-16.076000,28.91
0.085528,0.421000,-0.274000,-0.875000,-4.763000,-19.221000,-14.779000,28.95
0.085951,0.517000,-0.171000,-0.887000,-14.672000,-26.260000,-19.481000,28.86
0.086374,0.533000,-0.229000,-0.874000,-19.466000,-19.115000,-19.985000,28.91
0.086789,0.536000,-0.190000,-0.848000,-23.053000,-3.237000,-15.847000,28.91
0.087206,0.580000,-0.141000,-0.823000,-22.763000,1.084000,-12.809000,28.86
0.087636,0.594000,-0.147000,-0.797000,-23.023000,2.076000,-10.168000,28.86
0.088059,0.579000,-0.143000,-0.803000,-23.771000,2.076000,-8.718000,28.91
0.088472,0.596000,-0.104000,-0.803000,-20.687000,-0.092000,-7.359000,28.91
0.088887,0.585000,-0.092000,-0.819000,-14.519000,-3.053000,-5.573000,28.86
0.089304,0.558000,-0.085000,-0.828000,-9.649000,-3.649000,-4.779000,28.86
0.089709,0.590000,-0.110000,-0.813000,-7.099000,-3.740000,-4.198000,28.81
0.090140,0.580000,-0.115000,-0.816000,-4.855000,-3.130000,-3.893000,28.81
0.090699,0.551000,-0.138000,-0.817000,-4.092000,-2.718000,-3.725000,28.95
0.091148,0.563000,-0.150000,-0.806000,-4.504000,-1.634000,-3.847000,28.86
0.091564,0.570000,-0.183000,-0.807000,-6.137000,-2.031000,-4.137000,28.91
0.091993,0.529000,-0.162000,-0.833000,-7.374000,-0.702000,-4.107000,28.91
0.092407,0.527000,-0.176000,-0.834000,-8.885000,1.847000,-4.198000,28.81
0.092855,0.544000,-0.170000,-0.825000,-10.809000,3.634000,-4.931000,28.86
0.093285,0.559000,-0.130000,-0.819000,-11.557000,4.382000,-4.916000,28.86
0.093721,0.539000,-0.138000,-0.817000,-11.069000,5.573000,-4.962000,29.00
0.094173,0.563000,-0.142000,-0.820000,-13.008000,7.282000,-4.611000,28.81
0.094598,0.569000,-0.118000,-0.834000,-11.679000,6.061000,-4.962000,28.77
0.095014,0.567000,-0.083000,-0.811000,-10.061000,6.137000,-4.351000,28.91
0.095429,0.573000,-0.116000,-0.818000,-8.244000,6.977000,-2.962000,28.91
0.095854,0.583000,-0.108000,-0.814000,-8.397000,5.405000,-2.092000,28.86
0.096273,0.574000,-0.055000,-0.794000,-6.550000,5.374000,-1.008000,28.86
0.096677,0.556000,-0.100000,-0.824000,-4.702000,6.779000,-0.107000,28.91
0.097081,0.558000,-0.112000,-0.815000,-5.359000,7.939000,0.260000,28.81
0.097489,0.554000,-0.137000,-0.815000,-6.229000,10.046000,-1.008000,28.95
0.098165,0.571000,-0.167000,-0.801000,0.290000,7.618000,0.763000,28.77
0.098586,0.584000,-0.151000,-0.798000,0.962000,6.885000,0.687000,28.81
0.099003,0.582000,-0.156000,-0.808000,0.962000,5.252000,0.260000,28.81
0.099415,0.590000,-0.167000,-0.804000,0.260000,3.832000,-0.168000,28.77
0.099823,0.576000,-0.164000,-0.808000,-1.466000,2.519000,-0.580000,28.81
0.104221,0.582000,-0.154000,-0.798000,-5.405000,1.527000,0.122000,28.72
0.111342,0.597000,-0.153000,-0.788000,-6.656000,-0.565000,-0.244000,28.81
0.123543,0.614000,-0.138000,-0.780000,-6.885000,-4.626000,-0.076000,28.86
0.130501,0.589000,-0.153000,-0.803000,-6.015000,-8.641000,-0.336000,28.77
0.142738,0.571000,-0.165000,-0.816000,-6.718000,-11.420000,-1.008000,28.91
0.149780,0.602000,-0.145000,-0.796000,-6.427000,-14.382000,-1.267000,28.81
0.162021,0.587000,-0.151000,-0.811000,-6.275000,-15.374000,-1.527000,28.77
0.174285,0.561000,-0.159000,-0.817000,-5.420000,-16.366000,-1.756000,28.77
0.181237,0.528000,-0.141000,-0.783000,-3.664000,-15.420000,-0.931000,28.81
0.193590,0.520000,-0.129000,-0.835000,-3.328000,-12.809000,-1.252000,28.81
0.200623,0.525000,-0.159000,-0.856000,-4.198000,-8.595000,-1.359000,28.95
0.212864,0.516000,-0.132000,-0.844000,-5.695000,-4.763000,-1.603000,28.77
0.219949,0.509000,-0.104000,-0.847000,-4.397000,-0.916000,-1.420000,28.81
0.232286,0.505000,-0.103000,-0.842000,-3.038000,4.275000,-0.473000,28.81
0.237923,0.503000,-0.088000,-0.839000,-0.733000,8.336000,0.427000,28.86
0.252068,0.501000,-0.122000,-0.838000,1.725000,12.107000,1.878000,28.86
0.264263,0.503000,-0.139000,-0.841000,2.702000,16.595000,2.092000,28.81
0.271783,0.495000,-0.100000,-0.883000,2.443000,24.031000,2.870000,28.91
0.284034,0.461000,-0.034000,-0.924000,2.779000,36.260000,4.198000,28.81
0.291529,0.422000,-0.025000,-0.919000,4.489000,51.695000,7.313000,28.86
0.303888,0.349000,-0.080000,-0.922000,3.496000,69.740000,9.237000,28.91
0.311313,0.476000,-0.217000,-1.011000,-2.992000,80.000000,11.160000,28.81
0.323114,0.537000,-0.131000,-0.956000,-8.947000,92.061000,16.122000,28.72
0.330674,0.496000,-0.103000,-1.117000,-6.656000,106.443000,31.679000,28.86
0.342370,0.483000,0.108000,-1.066000,1.756000,117.191000,45.344000,28.81
0.348414,0.643000,0.022000,-1.011000,-4.901000,126.107000,49.634000,28.91
0.362212,0.643000,0.153000,-1.096000,6.198000,114.412000,56.901000,28.81
0.374454,0.340000,0.194000,-1.193000,21.008000,96.382000,57.221000,28.77
0.381813,0.043000,0.259000,-1.332000,21.405000,77.618000,50.534000,28.86
0.394111,-0.090000,0.319000,-1.509000,7.435000,56.015000,42.885000,28.91
0.401099,0.130000,0.293000,-1.566000,-21.145000,19.557000,30.931000,28.72
0.413514,0.104000,0.366000,-1.416000,-31.344000,-10.824000,20.412000,28.86
0.420527,0.001000,0.318000,-1.214000,-37.588000,-27.817000,9.023000,28.77
0.432648,0.017000,0.252000,-1.107000,-39.344000,-30.382000,-2.000000,28.91
0.444935,0.104000,0.187000,-1.088000,-37.053000,-36.000000,-12.885000,28.81
0.451537,0.184000,0.122000,-1.090000,-30.611000,-42.519000,-23.771000,28.77
0.463779,0.292000,0.048000,-1.090000,-23.481000,-50.443000,-32.855000,28.81
0.470593,0.349000,-0.022000,-1.044000,-17.298000,-60.183000,-38.519000,28.81
0.482569,0.365000,-0.078000,-0.956000,-12.916000,-66.290000,-42.809000,28.81
0.494672,0.379000,-0.104000,-0.866000,-8.855000,-67.740000,-45.496000,28.86
0.501678,0.405000,-0.134000,-0.784000,-5.160000,-64.702000,-45.725000,28.77
0.513675,0.479000,-0.133000,-0.738000,-2.672000,-57.786000,-44.779000,28.81
0.520537,0.592000,-0.151000,-0.700000,-1.496000,-49.252000,-44.565000,28.81
0.532589,0.718000,-0.196000,-0.695000,-4.519000,-44.504000,-44.275000,28.86
0.544849,0.828000,-0.235000,-0.646000,-10.015000,-41.298000,-43.053000,28.81
0.551695,0.908000,-0.273000,-0.570000,-16.427000,-43.145000,-38.977000,28.72
0.563531,0.950000,-0.259000,-0.501000,-22.092000,-39.969000,-33.573000,28.86
0.570414,0.966000,-0.257000,-0.440000,-29.420000,-34.214000,-26.885000,28.77
0.582240,0.976000,-0.264000,-0.334000,-44.977000,-20.443000,-20.092000,28.81
0.594340,0.965000,-0.221000,-0.286000,-43.557000,-31.725000,-18.015000,28.81
0.601621,0.949000,-0.209000,-0.248000,-46.931000,-24.244000,-13.863000,28.86
0.613348,0.892000,-0.213000,-0.222000,-48.336000,-26.076000,-12.992000,28.86
0.620338,0.770000,-0.183000,-0.248000,-51.786000,-7.802000,-8.244000,28.81
0.632273,0.648000,-0.405000,1.045000,29.130000,14.962000,26.733000,28.81
0.638443,2.629000,-2.322000,1.608000,51.237000,106.672000,32.046000,28.86
0.651464,2.332000,-1.521000,-0.011000,57.023000,193.740000,12.702000,28.86
0.663995,2.717000,-0.999000,-2.268000,20.794000,34.779000,26.595000,28.81
0.670853,0.324000,0.145000,-0.755000,-2.489000,-143.771000,27.084000,28.81
0.683088,-0.347000,0.522000,-0.669000,25.115000,-35.176000,34.183000,28.77
0.690054,0.889000,-0.153000,-1.179000,38.702000,-11.252000,1.206000,28.77
0.702680,0.564000,-0.901000,-0.896000,33.282000,-4.489000,0.076000,28.91
0.708200,0.604000,-0.153000,-0.918000,14.046000,-37.893000,-10.748000,28.81
0.721932,0.550000,0.149000,-0.888000,83.786000,7.450000,-18.595000,28.86
0.734006,0.598000,-0.191000,-1.211000,-22.473000,-2.473000,3.832000,28.86
0.741126,0.670000,-0.224000,-0.868000,-7.344000,-27.771000,-3.649000,28.72
0.753447,0.598000,-0.158000,-0.839000,-15.359000,-13.008000,-5.710000,28.81
0.760051,0.519000,-0.039000,-0.847000,-13.664000,-13.176000,-4.183000,28.77
0.772512,0.555000,0.072000,-0.808000,-6.061000,-4.092000,-0.763000,28.86
0.779810,0.603000,-0.007000,-0.810000,-0.382000,-6.962000,1.771000,28.81
0.792079,0.590000,-0.085000,-0.826000,3.099000,5.084000,2.916000,28.91
0.798047,0.594000,-0.124000,-0.828000,2.687000,7.038000,2.611000,28.86
0.812202,0.551000,-0.125000,-0.813000,1.527000,0.000000,2.229000,28.77
0.824585,0.541000,-0.131000,-0.805000,2.687000,0.489000,2.137000,28.77
0.831917,0.533000,-0.125000,-0.809000,2.107000,0.641000,2.397000,28.72
0.844413,0.545000,-0.114000,-0.813000,3.267000,-0.198000,2.489000,28.91
0.851731,0.551000,-0.105000,-0.796000,5.679000,-3.924000,3.176000,28.86
0.864317,0.553000,-0.080000,-0.762000,8.611000,-5.695000,5.145000,28.77
0.871661,0.536000,-0.063000,-0.764000,10.901000,-6.305000,7.389000,28.91
0.883986,0.532000,-0.086000,-0.791000,14.107000,-8.061000,8.641000,28.91
0.890935,0.546000,-0.131000,-0.799000,14.244000,-9.038000,8.137000,28.77
0.903406,0.522000,-0.137000,-0.779000,11.969000,-7.603000,5.740000,28.86
0.910517,0.514000,-0.116000,-0.847000,15.679000,-12.473000,3.282000,28.81
0.922553,0.511000,-0.192000,-0.820000,5.466000,0.168000,3.450000,28.81
0.930146,0.500000,-0.107000,-0.865000,2.763000,7.725000,2.779000,28.77
0.942284,0.550000,-0.120000,-0.853000,1.908000,8.244000,4.183000,28.81
0.949734,0.562000,-0.159000,-0.851000,4.504000,13.282000,4.153000,28.91
0.962249,0.520000,-0.107000,-0.906000,8.550000,16.031000,5.832000,28.91
0.974614,0.496000,-0.113000,-0.908000,12.092000,19.359000,8.458000,28.86
0.981669,0.462000,-0.166000,-0.877000,5.893000,37.985000,12.992000,28.77
0.994225,0.486000,-0.155000,-0.876000,7.649000,35.557000,12.855000,28.72
1.001155,0.466000,-0.126000,-0.948000,8.260000,37.573000,11.389000,28.81
1.013462,0.375000,-0.110000,-1.025000,10.748000,55.008000,13.542000,28.86
1.020698,0.308000,0.111000,-1.037000,8.672000,82.351000,17.893000,28.86
1.033086,0.462000,0.351000,-1.286000,38.229000,94.290000,20.779000,28.81
1.039942,0.263000,-0.048000,-1.182000,48.397000,150.321000,32.229000,28.81
1.052174,0.667000,0.094000,-1.056000,78.702000,194.351000,37.084000,28.77
1.064531,0.623000,-0.038000,-1.169000,86.718000,180.931000,39.328000,28.86
1.071212,0.675000,-0.066000,-1.193000,78.489000,219.725000,48.214000,28.91
1.083482,0.802000,0.015000,-1.168000,100.992000,232.809000,54.702000,28.81
1.090644,0.771000,0.027000,-1.289000,90.198000,268.580000,57.985000,28.77
1.102835,0.899000,-0.085000,-1.728000,87.969000,244.412000,65.618000,28.72
1.109850,0.758000,0.340000,-1.935000,80.046000,211.740000,53.695000,28.81
1.121960,-0.008000,1.309000,-2.611000,84.870000,138.916000,10.504000,28.81
1.134304,-0.677000,1.696000,-2.582000,68.992000,63.405000,-49.878000,28.86
1.141260,-0.788000,1.379000,-2.316000,40.473000,8.687000,-94.840000,28.81
1.153587,-0.898000,0.990000,-2.319000,14.534000,-49.756000,-102.443000,28.81
1.160360,-0.985000,0.507000,-1.949000,-3.038000,-74.366000,-86.763000,28.95
1.172255,-0.777000,0.206000,-1.837000,-30.595000,-111.985000,-59.603000,28.86
1.184302,-0.516000,0.056000,-1.733000,-54.183000,-136.901000,-29.237000,28.91
1.191105,-0.128000,0.091000,-1.651000,-69.374000,-155.786000,-2.947000,28.81
1.203070,-0.040000,0.027000,-1.388000,-87.817000,-147.786000,15.496000,28.86
1.210209,0.186000,0.037000,-1.260000,-91.847000,-139.099000,25.221000,28.86
1.222009,0.430000,0.093000,-1.164000,-96.183000,-140.000000,27.908000,28.81
1.234335,0.523000,0.082000,-1.037000,-99.344000,-141.237000,25.130000,28.81
1.241074,0.600000,0.072000,-0.962000,-93.237000,-127.282000,17.252000,28.77
1.253502,0.733000,0.081000,-1.003000,-86.824000,-156.534000,4.382000,28.86
1.260464,0.719000,0.066000,-0.896000,-81.817000,-88.855000,-7.527000,28.81
1.272315,0.859000,-0.037000,-0.991000,-74.840000,-78.794000,-27.206000,28.72
1.284621,1.033000,-0.098000,-1.080000,-69.664000,-93.252000,-48.122000,28.86
1.291295,1.079000,-0.101000,-1.041000,-60.427000,-104.458000,-63.969000,28.86
1.303576,1.011000,-0.199000,-0.984000,-48.626000,-98.092000,-70.473000,28.81
1.310097,0.912000,-0.301000,-0.929000,-37.802000,-103.908000,-75.618000,28.81
1.322076,0.891000,-0.350000,-0.888000,-34.504000,-108.000000,-75.252000,28.86
1.334043,0.886000,-0.424000,-0.892000,-31.756000,-98.198000,-69.435000,28.86
1.341085,0.805000,-0.726000,0.065000,2.458000,-66.244000,-31.817000,28.81
1.353025,1.252000,-1.416000,-0.169000,-13.435000,-31.557000,-14.092000,28.81
1.360114,1.377000,-0.988000,-0.430000,-45.527000,-15.954000,-7.924000,28.77
1.372077,1.253000,-0.739000,-0.612000,-53.160000,-23.450000,-2.840000,28.81
1.384338,0.993000,-0.539000,-0.692000,-55.038000,-39.023000,-5.725000,28.81
1.391087,0.786000,-0.427000,-0.645000,-49.573000,-41.511000,-9.450000,28.77
1.409718,0.682000,-0.436000,-0.454000,-36.916000,-33.405000,-7.237000,28.86
1.410475,0.716000,-0.557000,-0.398000,-28.397000,-24.779000,-4.183000,28.81
1.423341,0.742000,-0.572000,-0.414000,-20.672000,-15.206000,-0.672000,28.81
1.434657,0.765000,-0.527000,-0.430000,-16.992000,-10.076000,3.832000,28.77
1.441488,0.828000,-0.493000,-0.478000,-14.824000,-12.504000,7.771000,28.77
1.453645,0.921000,-0.520000,-0.502000,-21.344000,-14.198000,8.824000,28.81
1.460554,0.969000,-0.483000,-0.501000,-31.344000,-16.305000,6.962000,28.81
1.472723,0.968000,-0.455000,-0.454000,-40.565000,-28.122000,4.931000,28.77
1.479827,0.972000,-0.494000,-0.379000,-51.008000,-44.489000,4.931000,28.95
1.491758,0.722000,-0.471000,-0.301000,-54.061000,-44.473000,10.351000,28.72
1.504117,0.529000,-0.521000,0.531000,-24.763000,-12.504000,33.573000,28.81
1.511122,1.154000,-1.104000,0.829000,-13.374000,52.458000,52.198000,28.77
1.523395,1.775000,-1.308000,1.007000,-26.565000,116.275000,68.229000,28.77
1.530253,2.726000,-1.656000,1.370000,-26.702000,130.565000,96.305000,28.91
1.542500,3.516000,-3.034000,2.561000,-2.260000,185.038000,137.206000,28.81
1.549595,3.320000,0.334000,-0.557000,11.908000,198.580000,62.427000,28.81
1.561822,3.903000,1.682000,-2.365000,82.855000,-80.565000,42.015000,28.86
1.574100,-0.435000,-0.216000,-0.371000,76.550000,-106.947000,53.084000,28.77
1.580669,-0.059000,-1.238000,-1.390000,76.916000,-28.519000,48.168000,28.81
1.593022,1.382000,-0.856000,-0.975000,26.321000,-37.206000,24.168000,28.81
1.600010,0.646000,-0.197000,-1.003000,26.275000,-31.649000,-0.412000,28.77
1.612465,0.391000,-0.122000,-0.854000,8.153000,-21.863000,5.450000,28.77
1.619633,0.646000,-0.300000,-0.757000,16.092000,42.977000,8.519000,28.81
1.631493,0.699000,-0.291000,-0.901000,-22.092000,-10.122000,-5.130000,28.81
1.644220,0.571000,-0.104000,-0.859000,2.565000,-47.573000,-9.237000,28.77
1.651062,0.491000,-0.032000,-0.848000,-5.832000,8.031000,-3.786000,28.86
1.663478,0.573000,-0.070000,-0.859000,5.847000,15.069000,-2.153000,28.81
1.670859,0.579000,0.037000,-0.840000,7.115000,0.824000,0.000000,28.81
1.683306,0.554000,-0.028000,-0.834000,11.053000,-6.687000,2.992000,28.77
1.690324,0.544000,-0.073000,-0.795000,8.809000,18.977000,5.099000,28.81
1.703127,0.549000,-0.083000,-0.813000,9.863000,8.519000,4.275000,28.81
1.710199,0.524000,-0.075000,-0.839000,10.061000,1.511000,4.397000,28.81
1.722896,0.522000,-0.139000,-0.831000,8.840000,8.244000,4.382000,28.77
1.730162,0.500000,-0.114000,-0.832000,8.305000,13.664000,3.710000,28.77
1.742338,0.493000,-0.143000,-0.832000,8.748000,10.626000,3.710000,28.91
1.749730,0.502000,-0.105000,-0.854000,8.656000,6.122000,4.779000,28.81
1.762183,0.487000,-0.117000,-0.837000,8.504000,18.153000,5.710000,28.77
1.774540,0.542000,-0.135000,-0.806000,9.313000,23.405000,6.000000,28.77
1.782013,0.495000,-0.142000,-0.872000,7.374000,10.611000,6.534000,28.81
1.794492,0.531000,-0.112000,-0.852000,7.573000,16.382000,7.282000,28.81
1.801405,0.546000,-0.115000,-0.848000,13.832000,24.153000,6.992000,28.77
1.813881,0.537000,-0.100000,-0.850000,10.916000,32.489000,10.290000,28.86
1.821108,0.517000,-0.059000,-0.888000,15.450000,0.443000,11.481000,28.91
1.833332,0.488000,-0.020000,-0.916000,15.969000,45.939000,20.168000,28.81
1.840365,0.562000,-0.145000,-0.884000,27.023000,39.847000,23.496000,28.77
1.853045,0.488000,-0.123000,-0.900000,22.824000,46.824000,22.672000,28.81
1.860062,0.423000,-0.061000,-0.971000,39.542000,74.809000,25.359000,28.81
1.872549,0.353000,-0.163000,-0.995000,37.634000,95.466000,28.153000,28.72
1.884447,0.422000,-0.168000,-1.005000,45.282000,107.481000,26.275000,28.77
1.891562,0.521000,-0.204000,-1.076000,55.969000,138.809000,23.405000,28.77
1.903789,0.581000,-0.203000,-1.319000,75.679000,181.023000,18.061000,28.81
1.911130,0.502000,0.163000,-1.477000,95.649000,217.115000,20.931000,28.81
1.922918,0.678000,0.152000,-1.460000,116.626000,245.450000,33.740000,28.77
1.934817,0.876000,-0.108000,-1.324000,127.053000,267.176000,43.298000,28.86
1.942220,0.760000,-0.076000,-1.114000,148.840000,288.534000,44.382000,28.81
1.953956,0.903000,-0.224000,-1.581000,136.870000,285.221000,47.099000,28.72
1.961054,0.908000,0.065000,-1.568000,119.191000,244.534000,43.206000,28.77
1.973215,0.427000,0.590000,-2.013000,122.092000,208.198000,24.870000,28.77
1.980124,-0.039000,1.061000,-2.708000,80.824000,128.626000,-11.191000,28.81
1.992206,-0.831000,1.332000,-2.368000,64.275000,27.405000,-40.336000,28.72
2.004729,-0.698000,0.999000,-2.197000,30.473000,1.450000,-45.649000,28.86
2.011625,-0.635000,0.710000,-2.187000,1.053000,-46.473000,-30.931000,28.81
2.023526,-0.562000,0.436000,-1.862000,-26.962000,-78.153000,-5.115000,28.81
2.030296,-0.383000,0.274000,-1.614000,-59.710000,-91.282000,22.000000,28.81
2.042556,-0.179000,0.206000,-1.452000,-84.351000,-99.160000,44.641000,28.86
2.054654,0.019000,0.180000,-1.310000,-101.389000,-121.435000,58.595000,28.77
2.064815,0.178000,0.139000,-1.178000,-111.053000,-123.969000,65.557000,28.72
2.073425,0.320000,0.059000,-1.094000,-111.328000,-111.450000,65.267000,28.72
2.079963,0.441000,0.136000,-1.003000,-123.985000,-151.405000,60.458000,28.86
2.092316,0.555000,0.134000,-0.976000,-118.137000,-105.099000,56.473000,28.86
2.104537,0.659000,0.101000,-1.001000,-115.649000,-97.038000,48.061000,28.81
2.111328,0.785000,0.009000,-1.058000,-117.420000,-98.550000,35.908000,28.91
2.123455,1.069000,-0.247000,-1.211000,-128.076000,-107.802000,15.008000,28.77
2.130185,1.077000,-0.098000,-0.871000,-119.969000,-121.893000,-3.603000,28.86
2.141789,0.866000,-0.072000,-0.830000,-108.214000,-104.290000,-17.511000,28.91
2.153752,0.788000,-0.056000,-0.854000,-98.168000,-106.153000,-37.130000,28.81
2.160598,0.849000,-0.086000,-0.867000,-89.817000,-104.107000,-55.557000,28.86
2.172631,0.857000,-0.078000,-0.833000,-78.382000,-88.885000,-72.076000,28.72
2.184934,0.831000,-0.098000,-0.841000,-64.443000,-87.160000,-84.763000,28.72
2.191502,0.830000,-0.131000,-0.836000,-51.924000,-95.740000,-94.565000,28.81
2.203777,0.841000,-0.151000,-0.842000,-39.115000,-88.962000,-101.481000,28.86
2.210194,0.921000,-0.168000,-0.879000,-27.893000,-87.206000,-104.427000,28.86
2.222165,0.989000,-0.215000,-0.912000,-24.168000,-94.397000,-103.145000,28.81
2.234270,1.284000,-0.149000,-0.589000,23.130000,-79.817000,-95.893000,28.81
2.241145,1.284000,-0.576000,-0.023000,46.305000,-73.420000,-78.290000,28.77
2.253456,1.164000,-0.972000,-0.161000,33.542000,-33.908000,-73.969000,28.77
2.260667,1.252000,-0.655000,-0.528000,4.076000,-12.840000,-68.092000,28.81
2.272491,1.042000,-0.482000,-0.677000,-14.489000,-25.389000,-57.023000,28.81
2.284335,0.964000,-0.313000,-0.792000,-26.992000,-29.374000,-54.641000,28.77
2.291191,1.106000,-0.335000,-0.951000,-41.954000,-37.130000,-52.748000,28.77
2.303244,1.130000,-0.276000,-0.866000,-47.588000,-71.237000,-50.260000,28.81
2.309955,0.876000,-0.300000,-0.552000,-41.786000,-85.328000,-45.145000,28.81
2.322072,0.693000,-0.386000,-0.394000,-39.191000,-72.794000,-42.763000,28.77
2.334001,0.700000,-0.321000,-0.461000,-37.069000,-48.397000,-41.573000,28.81
2.340605,0.834000,-0.323000,-0.549000,-38.947000,-57.634000,-40.885000,28.72
2.353148,0.880000,-0.374000,-0.515000,-37.435000,-51.267000,-40.519000,28.81
2.360126,0.878000,-0.569000,-0.473000,-38.122000,-47.740000,-39.649000,28.77
2.371757,0.986000,-0.722000,-0.279000,-37.939000,-55.053000,-31.771000,28.86
2.384078,0.967000,-0.874000,0.005000,-31.420000,-54.733000,-19.649000,28.72
2.390751,1.073000,-1.082000,0.465000,-21.023000,-33.267000,-10.672000,28.72
2.403436,1.310000,-1.209000,1.050000,-3.496000,6.275000,-1.191000,28.77
2.410277,2.159000,-1.707000,1.326000,21.893000,76.504000,15.710000,28.77
2.422689,2.943000,-2.079000,2.364000,31.298000,149.359000,18.855000,28.81
2.429947,2.588000,-2.958000,2.648000,79.084000,251.908000,22.137000,28.81
2.442035,3.562000,-0.879000,-2.633000,53.237000,240.214000,33.618000,28.86
2.454201,1.429000,0.441000,-1.757000,37.405000,-39.221000,56.137000,28.77
2.461150,0.679000,0.143000,-0.806000,77.115000,-25.985000,60.595000,28.81
2.473370,1.381000,-0.952000,-1.750000,73.542000,39.405000,33.252000,28.81
2.480514,0.817000,-1.231000,-1.154000,45.420000,-1.786000,43.679000,28.77
2.492806,0.995000,0.373000,-0.997000,32.595000,-24.168000,17.267000,28.86
2.499624,0.690000,-0.453000,-0.933000,32.412000,-24.962000,12.580000,28.72
2.512059,0.717000,-0.170000,-0.916000,21.191000,-13.817000,7.939000,28.81
2.524348,0.668000,-0.147000,-0.855000,23.679000,-11.160000,3.847000,28.86
2.533755,0.786000,-0.171000,-0.976000,34.443000,49.679000,-3.405000,28.86
2.543602,0.535000,-0.145000,-0.859000,17.756000,-61.588000,-3.206000,28.91
2.551460,0.483000,-0.095000,-0.864000,12.305000,-19.374000,0.611000,28.81
2.563115,0.520000,-0.071000,-0.861000,5.160000,36.397000,4.901000,28.77
2.570671,0.516000,-0.063000,-0.860000,6.809000,9.588000,4.718000,28.77
2.584626,0.548000,-0.109000,-0.833000,11.344000,-16.641000,3.435000,28.81
2.593018,0.535000,-0.123000,-0.842000,3.298000,24.015000,5.649000,28.81
2.602298,0.553000,-0.117000,-0.815000,3.282000,18.550000,5.573000,28.77
2.610785,0.517000,-0.067000,-0.816000,7.756000,5.542000,5.450000,28.77
2.622580,0.524000,-0.117000,-0.816000,6.244000,9.634000,6.290000,28.81
2.634601,0.518000,-0.117000,-0.813000,5.679000,14.427000,7.710000,28.81
2.642148,0.482000,-0.061000,-0.795000,5.527000,12.137000,7.802000,28.86
2.654795,0.469000,-0.069000,-0.817000,6.595000,11.511000,8.779000,28.81
2.662113,0.499000,-0.145000,-0.814000,5.817000,17.221000,8.458000,28.72
2.674212,0.493000,-0.154000,-0.858000,5.664000,15.756000,7.298000,28.81
2.681926,0.498000,-0.160000,-0.837000,4.519000,14.382000,6.351000,28.77
2.693887,0.510000,-0.177000,-0.852000,1.893000,18.702000,5.069000,28.86
2.701367,0.531000,-0.125000,-0.856000,-0.031000,19.405000,4.794000,28.81
2.713782,0.525000,-0.128000,-0.839000,2.641000,17.420000,4.336000,28.91
2.720909,0.528000,-0.112000,-0.915000,3.725000,20.519000,6.366000,28.86
2.733199,0.502000,-0.122000,-0.988000,8.763000,26.550000,10.229000,28.86
2.740893,0.625000,-0.053000,-0.933000,16.473000,39.557000,17.221000,28.81
2.752744,0.436000,-0.128000,-0.903000,17.725000,55.908000,21.344000,28.81
2.764699,0.420000,0.245000,-1.098000,31.420000,70.672000,23.634000,28.86
2.772025,0.312000,-0.375000,-1.035000,40.427000,90.290000,26.122000,28.77
2.784111,0.466000,-0.265000,-0.990000,32.458000,126.565000,21.756000,28.72
2.791485,0.451000,-0.208000,-1.208000,42.244000,152.626000,13.924000,28.72
2.803526,0.594000,-0.183000,-1.507000,71.817000,187.740000,9.817000,28.86
2.826862,0.557000,0.126000,-1.420000,86.870000,245.771000,18.611000,28.86
2.827617,0.782000,0.382000,-1.573000,117.328000,277.603000,36.275000,28.81
2.834539,0.707000,0.019000,-1.377000,131.740000,295.664000,52.244000,28.81
2.841636,0.831000,0.113000,-1.367000,151.618000,316.748000,60.794000,28.86
2.853588,1.180000,-0.189000,-2.013000,133.206000,311.282000,60.244000,28.77
2.860704,0.901000,0.295000,-1.705000,130.901000,268.779000,56.000000,28.81
2.872871,0.455000,1.262000,-3.047000,102.351000,227.954000,13.908000,28.81
2.884065,-0.679000,1.920000,-2.671000,97.298000,65.221000,-46.198000,28.86
2.892302,-1.247000,1.718000,-2.276000,51.847000,22.580000,-85.221000,28.86
2.907560,-1.070000,1.146000,-2.625000,12.092000,-43.588000,-85.969000,28.86
2.911274,-1.277000,0.872000,-2.236000,-25.649000,-82.260000,-60.351000,28.81
2.925172,-1.032000,0.468000,-2.108000,-63.389000,-118.168000,-25.557000,28.81
2.935291,-0.721000,0.382000,-1.989000,-99.237000,-146.763000,8.305000,28.67
2.943606,-0.407000,0.282000,-1.830000,-117.359000,-194.183000,29.405000,28.86
2.954021,-0.117000,0.219000,-1.707000,-140.901000,-191.969000,42.351000,28.81
2.961116,0.171000,0.180000,-1.599000,-149.511000,-211.527000,45.481000,28.81
2.972768,0.833000,-0.067000,-1.406000,-155.328000,-228.046000,46.687000,28.86
2.984714,0.759000,-0.219000,-1.051000,-145.878000,-235.557000,49.176000,28.77
2.991538,1.537000,-0.663000,-0.705000,-120.947000,-196.244000,37.939000,28.81
3.005841,1.679000,-0.704000,-0.485000,-141.786000,-179.282000,35.130000,28.81
3.010731,1.378000,-0.716000,-0.396000,-109.634000,-121.191000,32.443000,28.77
3.022377,1.236000,-0.579000,-0.320000,-81.603000,-65.634000,25.802000,28.72
3.034263,1.164000,-0.525000,-0.402000,-63.985000,-65.389000,14.046000,28.81
3.041366,1.022000,-0.449000,-0.439000,-36.351000,-47.237000,-0.885000,28.81
3.053231,1.002000,-0.412000,-0.486000,-15.252000,-19.618000,-13.496000,28.77
3.059966,0.991000,-0.481000,-0.604000,-10.611000,-15.115000,-26.809000,28.86
3.072159,0.868000,-0.376000,-0.894000,-27.313000,-9.969000,-47.344000,28.81
3.084395,1.042000,-0.082000,-1.166000,-49.374000,2.382000,-61.954000,28.72
3.091328,0.911000,0.018000,-1.047000,-43.435000,-79.099000,-76.183000,28.86
3.103243,0.674000,-0.179000,-0.923000,-35.740000,-76.855000,-78.763000,28.77
3.110002,0.574000,-0.181000,-0.826000,-38.351000,-104.015000,-83.649000,28.81
3.122706,0.554000,-0.207000,-0.838000,-36.870000,-74.519000,-83.969000,28.81
3.133983,0.581000,-0.269000,-0.880000,-36.092000,-74.931000,-84.519000,28.77
3.140849,0.667000,-0.279000,-0.792000,-14.870000,-86.687000,-80.947000,28.86
3.153012,0.667000,-0.471000,-0.626000,-10.824000,-59.389000,-63.130000,28.72
3.159993,0.780000,-0.630000,-0.882000,-26.992000,-51.344000,-53.344000,28.81
3.171752,0.916000,-0.571000,-0.973000,-45.282000,-71.176000,-42.046000,28.86
3.184057,0.874000,-0.453000,-0.962000,-52.763000,-82.611000,-26.824000,28.81
3.190924,0.735000,-0.435000,-0.815000,-59.420000,-92.397000,-15.511000,28.81
3.202991,0.637000,-0.372000,-0.702000,-67.023000,-92.122000,-10.031000,28.81
3.208593,0.671000,-0.300000,-0.628000,-68.443000,-87.145000,-8.061000,28.77
3.222002,0.692000,-0.321000,-0.589000,-67.099000,-82.580000,-10.702000,28.86
3.233846,0.791000,-0.400000,-0.553000,-65.450000,-76.580000,-12.748000,28.81
3.240695,0.907000,-0.530000,-0.431000,-65.115000,-64.733000,-14.641000,28.81
3.252881,0.966000,-0.638000,-0.325000,-67.130000,-48.214000,-17.084000,28.77
3.264803,1.202000,-0.754000,-0.174000,-68.305000,-55.282000,-17.115000,28.77
3.271967,1.286000,-0.861000,0.005000,-64.366000,-33.511000,-15.099000,28.81
3.283845,1.582000,-1.001000,0.237000,-46.107000,-27.115000,-8.489000,28.72
3.291044,1.610000,-1.117000,0.711000,-25.252000,-27.176000,7.115000,28.81
3.303257,1.799000,-1.442000,1.298000,-12.183000,15.618000,16.260000,28.77
3.310784,2.227000,-1.673000,1.823000,-5.450000,85.756000,25.649000,28.77
3.322615,2.944000,-1.918000,2.658000,18.641000,166.718000,51.908000,28.72
3.334909,1.822000,-0.562000,-0.010000,10.779000,265.939000,56.489000,28.91
3.341942,2.371000,-0.246000,-3.027000,-0.992000,139.542000,40.061000,28.86
3.354174,0.535000,0.734000,-0.597000,39.328000,39.954000,54.733000,28.86
3.361259,0.732000,-0.387000,-0.738000,73.237000,148.855000,27.985000,28.81
3.373311,1.060000,-0.840000,-1.355000,71.374000,145.985000,18.641000,28.91
3.380648,2.071000,-0.729000,-1.358000,89.985000,83.328000,69.771000,28.86
3.392548,1.844000,-0.163000,-1.075000,78.947000,41.878000,46.656000,28.91
3.404666,0.880000,-0.232000,-1.055000,81.038000,-11.191000,33.389000,28.81
3.411934,0.690000,-0.322000,-0.990000,72.214000,-14.718000,32.092000,28.81
3.424277,0.845000,-0.090000,-0.893000,73.344000,7.695000,21.069000,28.77
3.431233,0.686000,-0.192000,-0.909000,72.427000,2.916000,16.870000,28.77
3.443583,0.806000,-0.072000,-1.143000,100.931000,165.099000,8.519000,28.81
3.450576,0.581000,-0.152000,-0.837000,44.992000,-67.389000,6.672000,28.72
3.462789,0.556000,-0.148000,-0.875000,22.137000,13.450000,10.489000,28.86
3.470249,0.565000,-0.075000,-0.843000,40.565000,15.420000,8.351000,28.86
3.482283,0.570000,-0.133000,-0.817000,27.832000,-2.947000,7.725000,28.91
3.494700,0.549000,-0.117000,-0.816000,32.916000,18.397000,5.557000,28.81
3.501936,0.617000,-0.194000,-0.858000,28.351000,-30.137000,4.382000,28.86
3.514091,0.550000,-0.146000,-0.802000,11.191000,11.771000,7.008000,28.86
3.521862,0.549000,-0.147000,-0.808000,5.496000,4.183000,6.901000,28.72
3.534248,0.536000,-0.142000,-0.809000,4.382000,-2.092000,6.275000,28.91
3.541199,0.500000,-0.079000,-0.805000,6.351000,2.351000,7.252000,28.86
3.553554,0.527000,-0.052000,-0.768000,11.344000,-10.641000,8.275000,28.72
3.560924,0.518000,-0.082000,-0.785000,9.756000,5.954000,10.519000,28.81
3.573221,0.552000,-0.213000,-0.839000,5.237000,-0.565000,8.840000,28.81
3.580634,0.558000,-0.174000,-0.822000,4.107000,7.695000,7.389000,28.77
3.593095,0.541000,-0.174000,-0.788000,3.237000,-3.756000,5.450000,28.86
3.600079,0.472000,-0.092000,-0.803000,3.313000,-3.542000,5.069000,28.72
3.612963,0.518000,-0.186000,-0.837000,1.664000,6.168000,5.405000,28.81
3.620081,0.537000,-0.145000,-0.860000,2.397000,8.870000,4.473000,28.77
3.632528,0.562000,-0.125000,-0.838000,4.550000,11.588000,5.450000,28.86
3.638180,0.548000,-0.093000,-0.875000,6.550000,12.321000,8.366000,28.91
3.652035,0.540000,-0.070000,-0.898000,7.664000,21.267000,15.878000,28.81
3.664124,0.551000,-0.157000,-0.870000,12.550000,24.626000,18.504000,28.77
3.671379,0.538000,-0.235000,-0.883000,17.099000,34.244000,18.183000,28.77
3.683834,0.432000,-0.226000,-0.940000,20.290000,41.573000,17.206000,28.81
3.690892,0.568000,-0.190000,-0.781000,16.443000,50.595000,17.786000,28.81
3.703253,0.546000,-0.263000,-0.850000,14.168000,59.252000,17.466000,28.77
3.710257,0.333000,0.142000,-1.118000,41.405000,66.198000,16.702000,28.81
3.722325,0.441000,-0.348000,-1.084000,48.412000,103.557000,15.160000,28.81
3.734790,0.591000,0.161000,-1.234000,58.687000,144.275000,22.443000,28.62
3.741825,0.668000,0.076000,-1.347000,87.145000,177.405000,31.145000,28.77
3.754044,0.671000,0.239000,-1.258000,94.977000,210.580000,46.153000,28.77
3.761252,0.852000,0.235000,-1.348000,113.740000,233.664000,59.450000,28.72
3.773374,0.981000,-0.017000,-1.337000,133.099000,243.359000,66.061000,28.81
3.779998,0.903000,0.111000,-1.542000,144.519000,252.351000,66.382000,28.86
3.792384,0.588000,0.647000,-2.126000,144.977000,243.618000,66.656000,28.86
3.804661,0.044000,1.466000,-2.854000,115.511000,144.718000,17.176000,28.81
3.811593,-0.826000,2.229000,-2.894000,101.405000,62.626000,-67.221000,28.81
3.823428,-1.392000,2.159000,-2.436000,75.450000,-9.527000,-141.298000,28.77
3.830430,-1.163000,1.180000,-2.528000,39.786000,-59.389000,-152.855000,28.86
3.842345,-1.135000,0.645000,-2.351000,5.603000,-116.901000,-127.863000,28.81
3.855382,-0.816000,0.246000,-2.139000,-24.519000,-156.366000,-81.206000,28.91
3.861058,-0.514000,0.099000,-1.929000,-60.611000,-151.084000,-32.702000,28.77
3.873486,-0.143000,0.070000,-1.740000,-84.687000,-165.160000,4.580000,28.81
3.880289,0.178000,0.087000,-1.504000,-106.351000,-181.298000,28.198000,28.81
3.892158,0.501000,0.095000,-1.258000,-122.443000,-165.954000,46.244000,28.72
3.904175,0.762000,0.091000,-1.254000,-134.229000,-199.145000,52.748000,28.77
3.911096,0.824000,0.064000,-0.983000,-141.267000,-122.489000,55.267000,28.86
3.923014,0.913000,0.007000,-0.971000,-144.580000,-130.870000,47.756000,28.72
3.928702,0.953000,-0.021000,-0.901000,-131.817000,-110.031000,35.206000,28.72
3.941867,0.920000,-0.094000,-0.848000,-126.183000,-83.802000,19.588000,28.86
3.953858,0.911000,-0.122000,-0.813000,-110.580000,-88.748000,1.374000,28.86
3.960621,0.897000,-0.139000,-0.819000,-96.565000,-62.840000,-15.481000,28.81
3.972743,0.852000,-0.010000,-0.758000,-90.641000,-47.603000,-27.328000,28.81
3.984822,0.957000,-0.210000,-0.976000,-71.084000,-65.756000,-41.344000,28.77
3.991517,0.942000,-0.210000,-1.036000,-55.954000,-84.931000,-54.305000,28.77
4.003700,0.868000,-0.188000,-1.010000,-50.000000,-88.214000,-64.092000,28.91
4.010513,0.791000,-0.177000,-0.943000,-45.282000,-92.611000,-74.626000,28.81
4.022485,0.760000,-0.192000,-0.956000,-39.221000,-87.557000,-83.038000,28.77
4.034544,0.749000,-0.186000,-0.926000,-31.420000,-80.458000,-88.748000,28.72
4.041445,0.700000,-0.239000,-0.827000,-23.069000,-81.618000,-91.511000,28.81
4.053280,0.704000,-0.323000,-0.932000,-25.359000,-79.176000,-96.046000,28.72
4.060240,0.613000,-0.261000,-0.812000,-20.305000,-77.924000,-93.466000,28.86
4.072385,0.586000,-0.336000,-0.809000,-16.702000,-73.298000,-89.603000,28.86
4.084341,0.595000,-0.381000,-0.798000,-17.924000,-65.634000,-83.756000,28.81
4.091200,0.721000,-0.380000,-0.881000,-21.450000,-70.840000,-76.611000,28.81
4.103137,0.766000,-0.362000,-0.921000,-23.756000,-82.702000,-67.374000,28.77
4.109967,0.746000,-0.381000,-0.879000,-26.641000,-92.107000,-59.359000,28.77
4.122671,0.653000,-0.355000,-0.766000,-29.878000,-99.954000,-52.122000,28.81
4.134394,0.604000,-0.334000,-0.658000,-31.496000,-97.176000,-45.695000,28.81
4.141020,0.640000,-0.350000,-0.618000,-35.511000,-89.221000,-41.710000,28.77
4.154264,0.683000,-0.325000,-0.603000,-41.267000,-85.847000,-38.962000,28.77
4.158339,0.719000,-0.311000,-0.621000,-44.412000,-81.053000,-37.267000,28.81
4.171565,0.791000,-0.287000,-0.621000,-43.160000,-80.214000,-37.496000,28.72
4.183883,0.776000,-0.216000,-0.569000,-38.122000,-74.992000,-38.519000,28.77
4.190342,0.852000,-0.221000,-0.593000,-33.908000,-67.313000,-43.145000,28.81
4.202314,1.024000,-0.302000,-0.599000,-35.221000,-66.137000,-51.634000,28.72
4.214466,1.096000,-0.302000,-0.537000,-34.687000,-66.885000,-57.985000,28.81
4.221535,1.064000,-0.302000,-0.385000,-25.893000,-67.710000,-59.954000,28.77
4.233272,1.007000,-0.405000,-0.229000,-14.992000,-58.153000,-57.618000,28.77
4.240060,0.986000,-0.490000,-0.107000,-3.969000,-36.183000,-53.527000,28.72
4.252363,1.000000,-0.524000,-0.096000,-0.824000,-26.779000,-47.298000,28.81
4.264416,1.051000,-0.577000,-0.103000,0.366000,-11.573000,-37.069000,28.77
4.271722,0.763000,-0.519000,-0.293000,5.374000,4.534000,-23.588000,28.77
4.284060,0.856000,-0.414000,0.327000,-7.542000,57.511000,-11.023000,28.81
4.291055,1.631000,-0.946000,0.501000,2.015000,109.130000,7.634000,28.72
4.303536,2.000000,-0.819000,0.779000,18.947000,137.099000,26.733000,28.77
4.310595,1.984000,-0.859000,1.360000,44.000000,190.214000,48.641000,28.67
4.322785,1.276000,0.009000,-1.163000,60.992000,251.313000,51.389000,28.72
4.329903,1.077000,0.405000,-2.110000,40.656000,158.916000,53.053000,28.81
4.342111,0.497000,-0.123000,-0.931000,62.962000,162.550000,49.588000,28.77
4.354363,1.345000,-0.408000,-1.280000,67.618000,225.099000,31.344000,28.81
4.361620,1.753000,-0.500000,-1.396000,71.618000,197.282000,48.214000,28.72
4.373568,1.044000,-0.355000,-0.943000,68.550000,131.985000,49.496000,28.81
4.380530,0.856000,-0.112000,-1.034000,66.733000,111.053000,31.374000,28.86
4.392834,0.916000,-0.220000,-1.251000,97.634000,240.672000,8.168000,28.77
4.400011,2.083000,0.180000,-1.264000,95.252000,-19.924000,22.580000,28.81
4.412252,0.837000,-0.470000,-0.999000,57.542000,41.023000,22.473000,28.81
4.424425,0.509000,-0.316000,-1.010000,50.519000,30.733000,22.855000,28.86
4.431455,0.839000,-0.168000,-0.958000,37.282000,20.534000,16.763000,28.77
4.443930,0.873000,-0.045000,-0.939000,35.985000,8.901000,9.939000,28.81
4.451030,0.585000,-0.125000,-0.889000,29.221000,12.901000,10.382000,28.81
4.463481,0.656000,-0.075000,-0.887000,30.305000,8.214000,9.389000,28.86
4.470898,0.599000,-0.078000,-0.875000,31.221000,7.252000,6.641000,28.77
4.483235,0.541000,-0.108000,-0.854000,29.145000,3.557000,6.382000,28.81
4.490735,0.543000,-0.040000,-0.781000,31.115000,1.389000,6.702000,28.72
4.503048,0.595000,-0.168000,-0.872000,17.511000,-24.015000,3.878000,28.77
4.510037,0.558000,-0.143000,-0.821000,17.420000,10.580000,5.084000,28.81
4.522492,0.557000,-0.124000,-0.814000,16.443000,24.458000,5.893000,28.81
4.534859,0.527000,-0.112000,-0.809000,12.275000,9.160000,4.824000,28.72
4.542132,0.529000,-0.102000,-0.821000,6.122000,-17.802000,3.939000,28.77
4.554383,0.529000,-0.066000,-0.797000,12.504000,13.344000,6.672000,28.77
4.561899,0.532000,-0.060000,-0.782000,20.046000,7.740000,8.351000,28.81
4.573526,0.537000,-0.070000,-0.798000,20.015000,-3.771000,8.977000,28.81
4.581037,0.542000,-0.064000,-0.795000,18.656000,-3.267000,10.687000,28.77
4.593411,0.583000,-0.094000,-0.799000,18.168000,-3.466000,11.863000,28.86
4.600382,0.571000,-0.127000,-0.805000,17.359000,0.137000,11.969000,28.72
4.612745,0.584000,-0.153000,-0.827000,15.832000,-9.603000,9.786000,28.72
4.620136,0.564000,-0.115000,-0.816000,15.725000,-13.221000,8.046000,28.77
4.632119,0.547000,-0.112000,-0.800000,17.664000,-8.031000,7.130000,28.77
4.644582,0.575000,-0.167000,-0.889000,15.802000,-14.840000,6.137000,28.72
4.651787,0.531000,-0.131000,-0.893000,14.840000,-9.450000,6.031000,28.81
4.664036,0.519000,-0.112000,-0.857000,16.824000,1.496000,7.893000,28.77
4.671369,0.503000,-0.150000,-0.893000,16.656000,-4.031000,8.672000,28.86
4.683537,0.517000,-0.130000,-0.875000,16.122000,12.107000,10.336000,28.81
4.690902,0.432000,-0.159000,-0.911000,15.511000,23.038000,11.023000,28.72
4.703082,0.486000,-0.210000,-0.867000,13.588000,25.191000,10.992000,28.77
4.709991,0.438000,-0.184000,-0.852000,13.038000,27.573000,9.298000,28.77
4.722441,0.439000,-0.213000,-0.896000,15.053000,32.214000,7.496000,28.81
4.734946,0.386000,-0.114000,-0.984000,12.504000,44.962000,3.954000,28.91
4.741871,0.254000,0.078000,-1.246000,13.664000,70.351000,9.679000,28.77
4.754391,0.359000,0.182000,-1.218000,9.023000,108.321000,34.031000,28.77
4.761411,0.491000,0.646000,-1.270000,70.061000,136.855000,55.191000,28.81
4.773556,0.668000,0.025000,-1.195000,45.481000,174.397000,79.389000,28.81
4.780607,0.887000,0.388000,-1.449000,52.061000,199.756000,102.427000,28.77
4.792861,0.692000,0.458000,-1.655000,65.786000,218.107000,114.809000,28.86
4.799899,0.217000,0.392000,-1.600000,69.756000,230.412000,122.977000,28.86
4.811856,-0.188000,1.154000,-2.753000,65.496000,185.237000,105.206000,28.81
4.824072,-0.979000,1.777000,-3.073000,34.718000,91.115000,47.786000,28.81
4.831299,-1.388000,2.001000,-2.711000,-3.954000,30.840000,-7.023000,28.86
4.843094,-1.264000,1.557000,-2.595000,-39.313000,-26.565000,-58.641000,28.86
4.850200,-0.818000,1.201000,-2.435000,-57.115000,-88.321000,-76.183000,28.81
4.861907,-0.659000,0.789000,-1.998000,-74.153000,-120.580000,-68.992000,28.91
4.873897,-0.356000,0.468000,-1.753000,-91.191000,-109.664000,-48.214000,28.77
4.880612,-0.012000,0.316000,-1.569000,-97.008000,-125.893000,-30.489000,28.72
4.892641,0.194000,0.210000,-1.211000,-98.046000,-106.336000,-19.023000,28.81
4.904473,0.369000,0.123000,-1.030000,-93.557000,-107.496000,-20.351000,28.72
4.911947,0.516000,0.014000,-0.938000,-86.366000,-96.733000,-25.496000,28.77
4.923617,0.593000,-0.054000,-0.881000,-80.611000,-87.679000,-31.038000,28.86
4.930978,0.599000,-0.129000,-0.796000,-73.069000,-74.397000,-36.626000,28.81
4.942410,0.608000,-0.203000,-0.746000,-63.038000,-62.748000,-42.366000,28.72
4.954770,0.589000,-0.256000,-0.738000,-52.305000,-56.275000,-49.908000,28.77
4.961617,0.581000,-0.235000,-0.793000,-44.733000,-50.458000,-57.832000,28.86
4.973343,0.617000,-0.233000,-0.846000,-30.137000,-46.855000,-65.435000,28.72
4.980713,0.590000,-0.234000,-0.884000,-19.679000,-55.725000,-70.351000,28.81
4.992474,0.560000,-0.242000,-0.908000,-12.885000,-53.679000,-72.229000,28.77
5.004429,1.363000,-0.154000,-0.729000,29.786000,-53.298000,-59.969000,28.77
5.011791,1.111000,-1.156000,-0.148000,45.267000,-4.046000,-29.069000,28.72
5.023770,1.263000,-1.151000,-0.654000,17.573000,30.336000,-21.924000,28.72
5.030970,1.133000,-0.596000,-0.975000,1.344000,6.229000,-26.290000,28.77
5.043170,0.724000,-0.112000,-1.201000,-3.084000,-21.740000,-37.282000,28.81
5.049999,0.332000,0.062000,-1.121000,-7.695000,-20.565000,-45.115000,28.72
5.062203,0.156000,-0.031000,-1.000000,0.290000,-36.305000,-49.802000,28.72
5.074208,0.252000,-0.171000,-1.111000,-5.985000,-35.053000,-44.809000,28.67
5.081183,0.317000,-0.278000,-1.201000,-20.473000,-31.817000,-34.229000,28.86
5.093124,0.275000,-0.304000,-1.207000,-28.107000,-36.137000,-19.649000,28.81
5.100130,0.303000,-0.331000,-1.239000,-35.832000,-68.076000,-7.634000,28.72
5.112673,0.298000,-0.335000,-1.156000,-35.160000,-63.359000,4.779000,28.77
5.124252,0.326000,-0.341000,-1.124000,-37.740000,-80.992000,10.198000,28.77
5.131503,0.431000,-0.350000,-1.103000,-48.061000,-86.550000,11.756000,28.81
5.143371,0.561000,-0.328000,-1.048000,-53.450000,-92.916000,10.855000,28.81
5.150464,0.557000,-0.281000,-0.897000,-54.321000,-97.344000,8.748000,28.77
5.162627,0.629000,-0.332000,-0.831000,-58.382000,-92.962000,3.160000,28.77
5.175696,0.751000,-0.297000,-0.794000,-62.885000,-88.366000,-4.366000,28.72
5.181183,0.862000,-0.219000,-0.719000,-61.954000,-87.206000,-14.229000,28.72
5.193186,1.074000,-0.302000,-0.697000,-61.710000,-87.756000,-28.809000,28.86
5.199973,1.234000,-0.373000,-0.571000,-59.450000,-97.573000,-42.611000,28.72
5.212072,1.216000,-0.473000,-0.304000,-51.618000,-99.450000,-48.779000,28.81
5.224299,1.265000,-0.616000,-0.029000,-43.511000,-95.847000,-47.267000,28.91
5.231027,1.349000,-0.753000,0.170000,-47.160000,-71.603000,-40.595000,28.86
5.243369,1.561000,-0.782000,0.449000,-45.466000,-35.115000,-23.756000,28.67
5.250137,1.827000,-0.723000,0.546000,-32.183000,-26.916000,-3.893000,28.81
5.262680,1.868000,-0.840000,0.943000,-17.206000,2.260000,17.405000,28.72
5.270050,1.942000,-0.864000,1.426000,-7.603000,56.489000,35.313000,28.86
5.282151,2.233000,-0.889000,1.778000,19.359000,132.168000,48.916000,28.77
5.294692,2.333000,-1.123000,2.339000,55.420000,229.542000,56.809000,28.72
5.301670,1.860000,-0.124000,-1.315000,38.992000,266.794000,35.130000,28.72
5.313753,1.625000,0.221000,-1.995000,17.939000,80.885000,42.779000,28.67
5.321428,0.521000,-0.533000,-0.519000,84.046000,143.023000,63.817000,28.77
5.333077,1.448000,-0.941000,-1.791000,78.809000,197.588000,26.504000,28.81
5.340315,2.300000,-0.117000,-1.125000,17.221000,258.351000,55.053000,28.72
5.352767,2.442000,-0.298000,-1.034000,73.527000,78.076000,41.893000,28.67
5.364564,0.569000,-0.213000,-0.940000,53.359000,58.458000,32.015000,28.67
5.371562,0.653000,-0.032000,-0.888000,74.718000,66.931000,41.466000,28.72
5.383796,1.202000,-0.169000,-0.910000,37.924000,-64.183000,17.924000,28.81
5.390653,0.490000,-0.162000,-0.929000,52.122000,-51.466000,12.351000,28.77
5.402787,0.608000,-0.037000,-0.902000,51.481000,-0.733000,12.611000,28.77
5.410158,0.639000,-0.258000,-0.898000,33.237000,16.702000,8.427000,28.81
5.422333,0.544000,-0.063000,-0.874000,26.198000,-15.420000,4.672000,28.81
5.428023,0.555000,-0.081000,-0.870000,16.992000,-1.450000,4.412000,28.81
5.441860,0.526000,-0.096000,-0.818000,6.397000,24.000000,6.244000,28.77
5.454309,0.567000,-0.051000,-0.802000,9.466000,11.939000,5.344000,28.77
5.461687,0.583000,-0.084000,-0.809000,11.359000,5.725000,4.183000,28.81
5.474072,0.567000,-0.069000,-0.797000,12.321000,9.511000,3.756000,28.72
5.481388,0.563000,-0.079000,-0.807000,15.160000,8.107000,3.267000,28.77
5.493950,0.545000,-0.090000,-0.828000,13.863000,4.397000,2.214000,28.77
5.500958,0.530000,-0.076000,-0.831000,11.863000,4.458000,2.763000,28.72
5.513596,0.574000,-0.130000,-0.817000,10.977000,4.794000,3.359000,28.81
5.520906,0.577000,-0.109000,-0.802000,8.595000,0.840000,2.870000,28.77
5.533257,0.562000,-0.162000,-0.823000,5.099000,-1.313000,1.328000,28.77
5.540630,0.526000,-0.139000,-0.838000,2.718000,-2.015000,-0.076000,28.72
5.552771,0.516000,-0.116000,-0.838000,0.290000,-1.023000,-0.534000,28.81
5.560243,0.521000,-0.148000,-0.842000,-0.611000,2.992000,-1.069000,28.77
5.572324,0.532000,-0.114000,-0.825000,-2.183000,1.908000,-1.695000,28.72
5.584493,0.527000,-0.096000,-0.823000,-1.344000,6.672000,-0.794000,28.81
5.591794,0.552000,-0.095000,-0.850000,3.863000,2.015000,-0.534000,28.72
5.604313,0.532000,-0.015000,-0.867000,3.069000,2.458000,2.015000,28.86
5.611718,0.501000,-0.028000,-0.892000,4.992000,11.939000,6.779000,28.77
5.624049,0.496000,-0.146000,-0.907000,6.763000,20.183000,10.504000,28.81
5.631363,0.350000,-0.115000,-0.927000,5.802000,27.557000,11.527000,28.72
5.643581,0.425000,-0.068000,-0.973000,6.229000,39.344000,13.664000,28.77
5.650770,0.406000,-0.193000,-0.922000,9.985000,43.664000,14.733000,28.81
5.663000,0.407000,-0.188000,-0.967000,11.878000,46.779000,11.847000,28.72
5.670748,0.359000,-0.221000,-1.004000,3.405000,62.153000,9.466000,28.77
5.682497,0.424000,0.024000,-1.155000,-1.832000,93.328000,12.840000,28.86
5.688490,0.439000,0.116000,-1.317000,43.389000,139.344000,14.061000,28.72
5.702120,0.604000,0.280000,-1.184000,51.954000,182.656000,32.473000,28.72
5.714176,0.419000,0.166000,-1.140000,69.160000,213.878000,46.870000,28.86
5.721243,0.894000,0.231000,-1.231000,65.298000,233.130000,62.916000,28.77
5.733498,0.796000,0.154000,-1.228000,78.809000,243.817000,73.802000,28.72
5.740335,0.813000,0.155000,-1.544000,76.092000,259.466000,83.786000,28.81
5.753065,1.185000,0.120000,-1.843000,44.611000,261.374000,95.084000,28.77
5.759891,0.547000,1.058000,-2.528000,51.176000,193.939000,104.290000,28.77
5.772223,-0.480000,1.342000,-2.865000,55.664000,99.038000,79.802000,28.72
5.784464,-1.047000,1.009000,-2.578000,5.832000,40.397000,52.550000,28.72
5.791554,-1.006000,1.113000,-2.459000,-25.374000,-30.840000,36.962000,28.77
5.803376,-1.017000,0.890000,-2.056000,-38.107000,-40.504000,34.962000,28.67
5.810735,-0.867000,0.591000,-1.853000,-56.733000,-60.504000,36.901000,28.72
5.822429,-0.531000,0.495000,-1.767000,-75.374000,-94.137000,40.672000,28.62
5.834899,-0.307000,0.431000,-1.577000,-82.366000,-108.687000,42.092000,28.67
5.841514,-0.089000,0.380000,-1.362000,-84.611000,-118.229000,38.061000,28.81
5.853702,0.156000,0.366000,-1.167000,-82.031000,-120.977000,29.817000,28.81
5.860723,0.366000,0.346000,-1.109000,-78.351000,-114.534000,17.603000,28.81
5.872777,0.543000,0.322000,-1.075000,-74.947000,-109.924000,2.229000,28.77
5.884831,0.612000,0.308000,-1.003000,-68.931000,-108.382000,-16.534000,28.86
5.891509,0.648000,0.253000,-0.924000,-59.511000,-105.267000,-35.221000,28.72
5.904203,0.689000,0.198000,-0.889000,-50.550000,-98.275000,-52.275000,28.81
5.910684,0.731000,0.157000,-0.925000,-42.107000,-92.305000,-66.931000,28.67
5.922767,0.781000,0.128000,-0.960000,-33.649000,-90.504000,-79.313000,28.67
5.934500,0.810000,0.113000,-0.983000,-26.824000,-90.382000,-88.672000,28.81
5.941574,0.783000,0.110000,-0.980000,-20.885000,-88.763000,-95.878000,28.72
5.954207,0.749000,0.114000,-0.969000,-16.504000,-86.290000,-101.023000,28.77
5.960380,0.741000,0.104000,-0.997000,-13.435000,-85.099000,-104.473000,28.77
5.972232,0.714000,0.102000,-1.010000,-11.359000,-84.000000,-106.443000,28.72
5.984470,0.712000,0.095000,-1.032000,-8.824000,-82.794000,-107.115000,28.72
5.991339,0.724000,0.069000,-1.055000,-7.878000,-85.130000,-105.450000,28.86
6.003578,0.699000,0.035000,-1.080000,-10.763000,-86.122000,-102.321000,28.77
6.010460,0.676000,0.001000,-1.089000,-16.031000,-87.786000,-98.183000,28.72
6.022276,0.660000,-0.019000,-1.092000,-22.382000,-89.191000,-92.366000,28.72
6.034503,0.640000,-0.042000,-1.083000,-29.130000,-87.771000,-85.511000,28.81
6.041367,0.647000,-0.078000,-1.091000,-36.534000,-86.504000,-77.435000,28.67
6.053311,0.645000,-0.122000,-1.093000,-44.687000,-88.718000,-68.351000,28.81
6.060198,0.610000,-0.172000,-1.017000,-51.008000,-89.847000,-59.405000,28.81
6.072406,0.626000,-0.231000,-1.013000,-56.397000,-88.031000,-53.282000,28.81
6.084341,0.690000,-0.208000,-0.970000,-58.031000,-87.649000,-48.305000,28.77
6.091166,0.776000,-0.197000,-0.954000,-59.038000,-84.931000,-45.267000,28.77
6.103120,0.906000,-0.263000,-0.979000,-61.542000,-97.832000,-45.389000,28.91
6.110050,1.021000,-0.290000,-0.899000,-66.168000,-104.366000,-47.557000,28.81
6.121861,1.035000,-0.345000,-0.774000,-69.634000,-110.031000,-50.718000,28.77
6.133872,1.048000,-0.372000,-0.620000,-68.763000,-114.290000,-54.412000,28.67
6.140447,1.076000,-0.410000,-0.464000,-65.130000,-108.397000,-57.954000,28.81
6.152917,1.207000,-0.502000,-0.380000,-61.786000,-97.069000,-61.038000,28.72
6.164699,1.342000,-0.612000,-0.268000,-61.817000,-88.550000,-64.504000,28.86
6.171774,1.393000,-0.645000,-0.104000,-49.450000,-85.802000,-65.450000,28.62
6.183559,1.512000,-0.749000,-0.038000,-53.221000,-62.718000,-61.573000,28.72
6.190516,1.664000,-0.830000,0.022000,-41.237000,-65.282000,-53.023000,28.77
6.202607,1.633000,-0.870000,0.132000,-34.702000,-67.420000,-40.641000,28.86
6.214580,1.562000,-0.906000,0.271000,-35.221000,-53.023000,-25.924000,28.81
6.221865,1.504000,-0.912000,0.378000,-42.885000,-28.641000,-9.954000,28.81
6.234131,1.393000,-0.795000,0.385000,-47.145000,-2.504000,5.908000,28.62
6.240943,1.289000,-0.667000,0.240000,-44.901000,14.504000,17.847000,28.77
6.253739,0.409000,0.107000,-0.547000,-0.702000,20.107000,22.397000,28.81
6.260703,0.626000,-0.334000,1.364000,65.221000,84.580000,38.595000,28.72
6.273054,0.838000,-0.783000,0.833000,75.908000,231.359000,48.153000,28.77
6.280238,0.638000,0.075000,-1.422000,93.542000,234.015000,56.992000,28.77
6.292473,0.313000,0.256000,-1.535000,107.466000,167.649000,70.947000,28.81
6.304346,0.604000,-0.212000,-0.920000,134.198000,269.420000,46.962000,28.81
6.311415,2.118000,-0.646000,-1.543000,136.458000,330.763000,39.450000,28.77
6.323228,2.115000,-1.227000,-1.689000,113.069000,319.985000,39.679000,28.77
6.330606,2.569000,0.068000,-1.897000,58.855000,258.290000,57.511000,28.81
6.342873,2.622000,0.162000,-0.832000,50.427000,63.450000,41.328000,28.72
6.348474,0.990000,-0.040000,-0.820000,29.863000,-128.977000,26.122000,28.67
6.361924,0.726000,-0.146000,-0.882000,50.473000,-11.710000,32.626000,28.67
6.374152,1.225000,0.337000,-0.754000,54.687000,69.725000,35.099000,28.72
6.381558,0.777000,-0.257000,-0.977000,56.153000,46.519000,35.237000,28.72
6.393685,0.765000,-0.188000,-0.930000,34.214000,-20.611000,24.626000,28.67
6.400663,0.679000,-0.095000,-0.916000,34.015000,-38.733000,14.260000,28.77
6.412852,0.596000,-0.180000,-0.957000,21.206000,10.779000,12.977000,28.72
6.420098,0.623000,-0.161000,-0.903000,13.954000,8.809000,7.817000,28.72
6.432495,0.573000,-0.213000,-0.910000,4.504000,-2.168000,2.794000,28.67
6.438083,0.566000,-0.181000,-0.880000,-1.649000,2.489000,0.473000,28.67
6.452152,0.578000,-0.157000,-0.844000,-4.977000,10.473000,-1.435000,28.72
6.464098,0.556000,-0.092000,-0.784000,-5.374000,5.374000,-1.756000,28.72
6.471680,0.564000,0.004000,-0.780000,-3.145000,1.237000,-1.679000,28.77
6.484035,0.485000,-0.015000,-0.759000,-0.443000,4.962000,-0.779000,28.72
6.490977,0.470000,-0.037000,-0.784000,2.198000,10.015000,1.664000,28.81
6.503690,0.494000,-0.013000,-0.793000,4.122000,9.618000,3.740000,28.72
6.510944,0.521000,0.016000,-0.787000,5.084000,5.603000,5.649000,28.86
6.523515,0.542000,0.024000,-0.738000,8.840000,2.901000,9.435000,28.77
6.530549,0.531000,0.040000,-0.730000,15.313000,1.328000,12.885000,28.81
6.543015,0.502000,0.031000,-0.757000,21.405000,2.855000,15.588000,28.72
6.550232,0.472000,-0.040000,-0.769000,25.374000,5.985000,16.656000,28.77
6.563350,0.460000,-0.121000,-0.817000,26.794000,7.344000,16.244000,28.77
6.569720,0.566000,-0.117000,-0.861000,26.840000,4.534000,17.099000,28.72
6.582112,0.552000,-0.078000,-0.825000,26.198000,1.023000,16.809000,28.81
6.594511,0.564000,-0.085000,-0.862000,24.718000,-0.687000,17.221000,28.77
6.601438,0.645000,-0.087000,-0.828000,24.534000,-3.939000,17.206000,28.77
6.613745,0.604000,-0.150000,-0.845000,24.397000,-5.771000,16.015000,28.81
6.620876,0.474000,-0.192000,-0.909000,21.725000,-6.687000,14.321000,28.72
6.633250,0.495000,-0.211000,-0.873000,19.130000,1.252000,11.985000,28.67
6.640303,0.532000,-0.108000,-0.913000,13.176000,9.481000,11.466000,28.62
6.652810,0.479000,-0.083000,-0.918000,21.466000,9.924000,11.786000,28.72
6.659798,0.412000,-0.091000,-0.918000,23.008000,45.557000,9.969000,28.81
6.672405,0.241000,0.071000,-1.120000,30.336000,7.557000,12.763000,28.77
6.677964,0.395000,0.146000,-1.115000,12.962000,72.550000,20.534000,28.77
6.691855,0.219000,0.305000,-1.141000,11.695000,82.504000,38.122000,28.72
6.704115,0.388000,0.754000,-1.239000,11.573000,111.145000,60.397000,28.72
6.711157,0.799000,0.231000,-1.185000,27.206000,142.672000,82.870000,28.77
6.723541,0.997000,0.270000,-1.125000,32.366000,147.511000,95.863000,28.67
6.730549,0.579000,0.319000,-1.364000,31.160000,130.519000,110.412000,28.81
6.742884,0.112000,0.909000,-1.741000,26.763000,130.931000,109.679000,28.72
6.749946,-0.182000,1.564000,-2.125000,15.832000,108.519000,81.756000,28.77
6.761974,-0.369000,1.953000,-2.169000,10.275000,71.298000,36.031000,28.86
6.774485,-0.716000,2.040000,-2.088000,2.061000,44.275000,-16.427000,28.72
6.781394,-0.550000,1.837000,-2.158000,-31.008000,13.527000,-73.588000,28.72
6.793349,-0.734000,1.354000,-2.063000,-38.855000,-21.298000,-92.366000,28.81
6.800003,-0.782000,0.882000,-1.905000,-46.977000,-43.206000,-94.855000,28.67
6.812435,-0.606000,0.479000,-1.823000,-55.695000,-55.786000,-84.351000,28.77
6.824283,-0.401000,0.254000,-1.754000,-60.901000,-71.573000,-67.115000,28.62
6.831063,-0.209000,0.132000,-1.635000,-61.130000,-86.763000,-49.832000,28.81
6.843155,-0.044000,0.046000,-1.473000,-62.427000,-91.847000,-35.740000,28.77
6.850101,0.115000,0.006000,-1.374000,-69.130000,-88.504000,-26.321000,28.81
6.862043,0.289000,-0.056000,-1.286000,-77.298000,-85.206000,-21.298000,28.72
6.874046,0.350000,-0.135000,-1.259000,-83.374000,-80.336000,-19.695000,28.72
6.880856,0.427000,-0.239000,-1.240000,-86.092000,-76.122000,-19.191000,28.77
6.893067,0.432000,-0.312000,-1.218000,-80.947000,-75.069000,-18.153000,28.77
6.899948,1.129000,-0.693000,-0.725000,-19.374000,-69.740000,8.718000,28.72
6.912331,1.305000,-1.779000,-0.552000,-23.023000,-20.962000,19.649000,28.72
6.924375,1.248000,-1.223000,-0.939000,-59.389000,-2.931000,17.176000,28.67
6.931011,0.868000,-0.636000,-1.260000,-77.344000,-39.160000,12.076000,28.77
6.943352,0.453000,-0.228000,-1.171000,-73.237000,-69.771000,3.832000,28.72
6.950427,0.141000,-0.237000,-0.936000,-55.313000,-65.053000,1.252000,28.72
6.963307,0.125000,-0.451000,-0.866000,-49.588000,-44.840000,0.000000,28.77
6.974875,0.289000,-0.456000,-0.992000,-49.053000,-45.069000,-1.664000,28.67
6.981635,0.353000,-0.363000,-1.034000,-43.313000,-57.450000,-2.809000,28.72
6.993571,0.311000,-0.314000,-0.955000,-35.099000,-61.496000,-5.298000,28.72
7.000260,0.299000,-0.255000,-0.887000,-26.229000,-60.870000,-8.260000,28.77
7.012306,0.376000,-0.242000,-0.952000,-22.656000,-55.832000,-11.969000,28.81
7.024483,0.559000,-0.256000,-1.021000,-25.206000,-58.870000,-16.702000,28.72
7.031315,0.634000,-0.229000,-1.015000,-27.863000,-69.557000,-21.832000,28.72
7.045648,0.630000,-0.190000,-0.930000,-26.351000,-81.954000,-25.176000,28.77
7.049908,0.598000,-0.170000,-0.775000,-23.786000,-83.847000,-26.702000,28.77
7.062437,0.545000,-0.206000,-0.618000,-22.992000,-74.382000,-26.733000,28.72
7.074277,0.546000,-0.239000,-0.483000,-22.412000,-64.885000,-28.519000,28.81
7.081066,0.587000,-0.266000,-0.425000,-23.817000,-44.244000,-29.069000,28.77
7.093087,0.936000,-0.468000,-0.412000,-38.244000,-9.664000,-26.198000,28.67
7.099857,1.311000,-0.634000,-0.400000,-49.405000,-10.687000,-26.641000,28.72
7.112083,1.584000,-0.665000,-0.205000,-50.580000,-28.015000,-22.321000,28.81
7.124176,1.675000,-0.778000,0.115000,-43.084000,-28.656000,-13.969000,28.77
7.131634,1.785000,-0.979000,0.618000,-22.580000,-23.588000,-2.031000,28.86
7.143838,1.820000,-1.129000,1.122000,-9.099000,12.748000,9.832000,28.72
7.151068,2.022000,-1.152000,1.604000,5.847000,78.031000,24.046000,28.81
7.163265,2.358000,-1.208000,2.052000,33.130000,146.947000,47.374000,28.77
7.170558,2.504000,-1.273000,2.153000,71.725000,231.405000,73.176000,28.62
7.182586,1.951000,-0.097000,-1.181000,4.580000,306.656000,54.534000,28.72
7.190026,2.162000,0.473000,-2.129000,58.122000,64.046000,61.053000,28.62
7.201931,0.528000,-0.237000,-0.179000,103.435000,125.817000,84.473000,28.77
7.213954,1.919000,-0.187000,-1.645000,93.267000,209.710000,82.733000,28.67
7.221136,2.893000,-0.905000,-1.677000,95.710000,38.534000,74.137000,28.72
7.233492,0.996000,-0.352000,-1.049000,71.969000,10.000000,46.397000,28.72
7.240358,0.592000,-0.313000,-1.114000,79.969000,-57.267000,28.748000,28.67
7.252579,0.749000,-0.357000,-0.929000,60.779000,-45.435000,11.099000,28.67
7.258341,0.817000,-0.363000,-0.888000,67.298000,-8.504000,-0.748000,28.62
7.272050,0.591000,-0.186000,-0.778000,3.786000,-37.863000,-4.916000,28.81
7.284296,0.594000,-0.112000,-0.894000,15.634000,-52.076000,-5.466000,28.77
7.291309,0.511000,-0.181000,-0.895000,16.931000,17.328000,-2.061000,28.77
7.303360,0.546000,-0.116000,-0.859000,-1.924000,26.336000,-1.649000,28.72
7.310433,0.551000,-0.085000,-0.862000,-0.168000,-9.847000,-2.244000,28.72
7.322883,0.537000,-0.065000,-0.838000,2.412000,11.450000,0.321000,28.77
7.329998,0.533000,-0.093000,-0.845000,6.702000,30.092000,2.824000,28.81
7.342584,0.553000,-0.091000,-0.813000,4.718000,10.809000,1.099000,28.72
7.349610,0.559000,-0.018000,-0.850000,3.237000,2.626000,-0.092000,28.72
7.362376,0.553000,-0.066000,-0.826000,3.924000,4.305000,0.977000,28.67
7.368048,0.523000,-0.073000,-0.796000,9.282000,18.489000,2.305000,28.77
7.382180,0.541000,-0.088000,-0.797000,2.550000,9.756000,1.389000,28.81
7.394707,0.538000,-0.086000,-0.813000,4.489000,-3.511000,1.405000,28.72
7.402170,0.523000,-0.056000,-0.802000,5.832000,7.466000,2.977000,28.77
7.414328,0.556000,-0.073000,-0.790000,4.580000,3.527000,3.954000,28.77
7.421783,0.566000,-0.103000,-0.790000,6.061000,-6.046000,2.702000,28.72
7.434282,0.544000,-0.188000,-0.817000,4.290000,-0.137000,1.664000,28.72
7.441280,0.546000,-0.149000,-0.802000,2.534000,-2.107000,0.290000,28.77
7.453696,0.522000,-0.091000,-0.825000,3.237000,-4.061000,0.641000,28.67
7.461238,0.537000,-0.104000,-0.838000,3.679000,-4.626000,1.328000,28.81
7.473523,0.545000,-0.144000,-0.846000,4.656000,-6.718000,0.580000,28.72
7.481053,0.508000,-0.043000,-0.839000,5.710000,-1.603000,3.038000,28.86
7.493182,0.564000,-0.035000,-0.837000,9.511000,-2.824000,6.366000,28.62
7.500304,0.518000,-0.067000,-0.858000,9.985000,3.069000,11.298000,28.72
7.512636,0.510000,-0.067000,-0.842000,21.878000,7.221000,15.511000,28.72
7.520273,0.438000,-0.085000,-0.902000,27.267000,19.924000,17.954000,28.77
7.532007,0.470000,-0.189000,-0.925000,27.130000,10.260000,18.275000,28.77
7.544574,0.535000,-0.295000,-0.906000,6.382000,41.313000,16.153000,28.72
7.551678,0.411000,-0.278000,-0.987000,10.504000,55.847000,13.527000,28.72
7.563816,0.369000,-0.084000,-1.035000,18.733000,82.885000,12.015000,28.77
7.571195,0.342000,0.204000,-1.168000,13.221000,10.595000,21.069000,28.67
7.583370,0.424000,0.683000,-1.297000,-19.924000,120.626000,46.702000,28.81
7.590298,0.803000,-0.049000,-0.949000,14.870000,169.420000,70.626000,28.72
7.602765,0.844000,0.246000,-1.063000,44.443000,163.176000,77.450000,28.77
7.614620,0.711000,0.482000,-1.071000,54.748000,177.588000,94.214000,28.77
7.621956,0.767000,0.131000,-1.256000,66.168000,136.840000,102.244000,28.72
7.634215,0.541000,0.196000,-1.272000,51.221000,154.046000,119.939000,28.72
7.641030,0.319000,0.951000,-2.104000,54.992000,120.901000,107.527000,28.77
7.653156,-0.390000,1.708000,-2.282000,48.076000,117.802000,78.260000,28.86
7.660105,-0.605000,1.906000,-2.451000,6.534000,-21.420000,37.466000,28.72
7.672626,-0.826000,2.007000,-2.234000,-48.504000,-9.023000,1.969000,28.72
7.684546,-0.782000,1.913000,-1.931000,-51.435000,-34.855000,-27.802000,28.77
7.691362,-0.496000,1.344000,-1.907000,-87.740000,-26.672000,-39.298000,28.77
7.703518,-0.385000,1.103000,-1.725000,-89.863000,-65.099000,-41.969000,28.81
7.709816,-0.283000,0.706000,-1.469000,-98.229000,-61.527000,-40.962000,28.72
7.722073,-0.157000,0.509000,-1.369000,-92.611000,-56.626000,-39.847000,28.81
7.734072,-0.012000,0.413000,-1.315000,-82.458000,-53.328000,-41.557000,28.77
7.740828,0.102000,0.297000,-1.329000,-72.122000,-50.122000,-44.489000,28.77
7.753128,1.083000,-0.278000,-1.416000,-74.824000,-66.656000,-36.565000,28.72
7.759888,0.563000,-0.554000,-1.200000,-70.351000,-95.176000,-4.672000,28.72
7.772120,0.280000,-0.252000,-0.998000,-83.053000,-64.947000,-0.229000,28.77
7.784061,0.664000,-0.196000,-0.971000,-80.031000,-51.771000,-0.015000,28.77
7.791185,0.622000,-0.472000,-0.871000,-60.382000,-54.794000,10.733000,28.72
7.803229,0.683000,-0.645000,-0.732000,-46.489000,-40.443000,18.015000,28.81
7.810470,0.785000,-0.666000,-0.735000,-35.252000,-29.466000,20.107000,28.77
7.822913,0.906000,-0.447000,-0.769000,-24.046000,-28.595000,9.145000,28.77
7.834456,0.728000,-0.082000,-0.590000,-22.412000,60.611000,-10.901000,28.81
7.841466,0.603000,0.317000,-0.897000,-3.969000,48.733000,-46.534000,28.72
7.853956,0.441000,0.511000,-1.331000,-7.573000,17.893000,-90.382000,28.77
7.860998,0.215000,0.593000,-1.406000,1.267000,-27.573000,-131.679000,28.72
7.873236,0.088000,0.462000,-1.352000,19.374000,-29.389000,-158.504000,28.72
7.880169,0.104000,0.083000,-1.294000,34.473000,-42.641000,-161.710000,28.72
7.892254,0.194000,-0.411000,-1.221000,39.023000,-52.992000,-144.992000,28.67
7.904111,0.463000,-0.756000,-1.334000,16.992000,-64.885000,-120.321000,28.86
7.911159,0.590000,-0.781000,-1.132000,0.840000,-81.038000,-86.534000,28.72
7.923165,0.610000,-0.712000,-1.043000,-9.542000,-88.229000,-54.000000,28.72
7.930134,0.692000,-0.630000,-0.988000,-24.763000,-95.756000,-29.344000,28.67
7.942118,0.694000,-0.590000,-0.784000,-38.885000,-96.992000,-9.985000,28.77
7.954198,0.789000,-0.600000,-0.730000,-57.313000,-77.160000,1.618000,28.72
7.961415,0.902000,-0.494000,-0.675000,-58.947000,-91.450000,7.878000,28.72
7.973451,0.907000,-0.456000,-0.495000,-67.786000,-44.321000,13.573000,28.77
7.980493,0.871000,-0.411000,-0.767000,-51.099000,-76.534000,9.817000,28.67
7.992567,0.970000,-0.403000,-0.343000,-56.687000,-63.008000,4.061000,28.72
8.004957,1.026000,-0.398000,-0.255000,-52.137000,-49.603000,-0.962000,28.72
8.011839,1.146000,-0.483000,-0.195000,-52.366000,-29.664000,-8.931000,28.67
8.023511,1.299000,-0.543000,-0.093000,-48.137000,-19.008000,-14.183000,28.81
8.030777,1.317000,-0.648000,0.089000,-36.931000,-6.687000,-19.145000,28.81
8.042824,1.491000,-0.807000,0.336000,-22.824000,16.260000,-20.046000,28.81
8.049799,1.592000,-0.836000,0.698000,-8.046000,29.191000,-14.061000,28.67
8.062371,1.672000,-1.035000,0.989000,8.443000,71.802000,-3.191000,28.77
8.074956,1.781000,-1.178000,1.296000,24.122000,117.282000,9.374000,28.72
8.081819,2.109000,-1.341000,1.794000,33.206000,174.962000,36.992000,28.72
8.093984,2.422000,-2.008000,2.597000,78.809000,239.405000,65.405000,28.77
8.101147,3.009000,-1.354000,-0.288000,89.298000,388.916000,73.832000,28.77
8.113111,3.463000,-0.802000,-2.255000,115.023000,221.695000,63.939000,28.72
8.120434,2.102000,0.563000,-0.751000,81.756000,65.237000,102.687000,28.72
8.132380,0.946000,-0.454000,-1.212000,75.389000,-70.198000,76.122000,28.77
8.144502,0.617000,-1.110000,-1.494000,87.511000,-56.733000,48.305000,28.67
8.151644,0.895000,-0.128000,-0.862000,70.824000,-67.252000,33.374000,28.62
8.163583,1.088000,-0.775000,-0.691000,120.794000,-193.053000,26.840000,28.72
8.170820,0.458000,-0.364000,-0.752000,2.092000,-112.229000,12.214000,28.86
8.182803,0.615000,-0.174000,-0.900000,28.214000,-66.672000,-1.099000,28.72
8.189931,0.588000,-0.252000,-0.895000,5.908000,-44.809000,-1.405000,28.72
8.202537,0.591000,-0.137000,-0.850000,4.443000,-8.489000,-1.802000,28.72
8.214411,0.561000,-0.136000,-0.832000,-1.206000,-4.870000,-2.275000,28.77
8.221630,0.597000,-0.119000,-0.836000,-1.389000,-10.198000,-2.443000,28.77
8.234293,0.567000,-0.088000,-0.837000,-0.855000,1.664000,0.443000,28.72
8.241050,0.547000,-0.049000,-0.829000,-3.389000,9.374000,2.137000,28.81
8.253813,0.561000,-0.089000,-0.834000,-1.679000,8.336000,3.191000,28.67
8.260814,0.554000,-0.068000,-0.814000,-0.427000,10.779000,3.191000,28.77
8.273274,0.555000,-0.087000,-0.819000,1.664000,11.527000,3.328000,28.72
8.280274,0.553000,-0.093000,-0.815000,0.824000,10.962000,3.435000,28.72
8.293179,0.554000,-0.105000,-0.797000,4.061000,9.649000,3.588000,28.77
8.299964,0.560000,-0.119000,-0.808000,2.351000,10.458000,3.725000,28.67
8.312781,0.567000,-0.120000,-0.779000,8.977000,5.573000,2.534000,28.72
8.319882,0.554000,-0.129000,-0.794000,9.924000,-2.427000,1.786000,28.72
8.332391,0.590000,-0.140000,-0.761000,8.916000,-10.641000,1.832000,28.77
8.344732,0.560000,-0.145000,-0.779000,7.389000,-10.870000,1.221000,28.81
8.351983,0.534000,-0.113000,-0.827000,10.885000,-12.565000,1.053000,28.62
8.363863,0.514000,-0.115000,-0.804000,10.198000,-10.626000,1.511000,28.72
8.371275,0.476000,-0.072000,-0.830000,0.565000,0.092000,4.198000,28.67
8.383716,0.515000,-0.102000,-0.854000,3.756000,0.321000,6.458000,28.77
8.391075,0.512000,-0.031000,-0.802000,4.275000,31.893000,8.687000,28.72
8.403428,0.512000,-0.134000,-0.863000,11.725000,17.557000,10.641000,28.72
8.410783,0.487000,-0.129000,-0.884000,8.107000,29.603000,13.634000,28.77
8.422764,0.483000,-0.111000,-0.898000,7.099000,37.099000,15.282000,28.67
8.430091,0.529000,-0.135000,-0.904000,5.298000,43.115000,17.588000,28.62
8.442382,0.497000,-0.148000,-0.946000,9.603000,54.229000,17.557000,28.72
8.454627,0.477000,-0.110000,-0.946000,14.794000,60.779000,18.382000,28.67
8.461886,0.454000,-0.143000,-1.034000,18.031000,69.924000,19.588000,28.67
8.473973,0.217000,0.172000,-1.197000,35.542000,88.046000,29.237000,28.72
8.481124,0.228000,0.166000,-1.101000,89.405000,172.183000,38.885000,28.72
8.493457,0.664000,-0.020000,-1.280000,92.046000,192.641000,47.832000,28.67
8.500384,0.654000,0.124000,-1.401000,81.298000,214.763000,62.290000,28.62
8.512646,0.815000,0.090000,-1.201000,107.084000,232.672000,73.221000,28.62
8.524666,0.873000,-0.075000,-1.187000,104.992000,235.252000,81.206000,28.72
8.531814,0.844000,0.016000,-1.253000,103.939000,274.977000,79.588000,28.77
8.543996,1.136000,-0.224000,-1.665000,78.046000,257.542000,80.031000,28.67
8.551107,0.970000,0.393000,-1.707000,81.450000,243.679000,79.588000,28.72
8.563228,0.526000,1.253000,-2.520000,87.145000,168.122000,39.145000,28.81
8.570416,-0.372000,1.771000,-2.179000,76.000000,92.122000,-22.977000,28.77
8.582482,-0.177000,1.215000,-2.042000,48.931000,42.779000,-83.053000,28.67
8.594786,-0.447000,1.008000,-1.872000,39.985000,2.290000,-107.954000,28.72
8.601745,-0.512000,0.543000,-1.639000,33.130000,-25.206000,-110.137000,28.72
8.613667,-0.447000,0.216000,-1.458000,17.908000,-47.389000,-99.115000,28.77
8.620702,-0.289000,0.065000,-1.408000,5.695000,-80.947000,-81.038000,28.77
8.632453,-0.196000,-0.037000,-1.283000,-2.519000,-100.015000,-62.168000,28.72
8.644546,-0.088000,-0.082000,-1.190000,-16.580000,-96.595000,-46.550000,28.72
8.651580,0.044000,-0.071000,-1.143000,-26.901000,-107.344000,-33.420000,28.77
8.663649,0.170000,-0.105000,-1.102000,-30.931000,-121.221000,-25.176000,28.72
8.670089,0.295000,-0.045000,-1.092000,-30.534000,-119.863000,-14.122000,28.62
8.682110,0.480000,-0.132000,-1.109000,-49.710000,-118.855000,-7.634000,28.72
8.694119,0.680000,-0.149000,-1.171000,-67.008000,-117.435000,-2.244000,28.77
8.700921,0.737000,-0.107000,-1.145000,-80.168000,-133.115000,-0.412000,28.77
8.712817,0.684000,-0.074000,-1.030000,-88.733000,-135.924000,-1.313000,28.72
8.718741,0.635000,-0.077000,-0.928000,-92.031000,-132.412000,-4.809000,28.62
8.731791,0.666000,-0.113000,-0.950000,-94.427000,-125.878000,-10.504000,28.77
8.743554,0.717000,-0.114000,-0.974000,-90.885000,-121.084000,-16.290000,28.67
8.750434,0.724000,-0.151000,-0.978000,-83.130000,-122.519000,-21.863000,28.72
8.762556,0.695000,-0.196000,-0.943000,-76.076000,-122.153000,-25.527000,28.72
8.774114,0.679000,-0.245000,-0.942000,-71.038000,-116.962000,-26.137000,28.67
8.780933,0.684000,-0.250000,-0.841000,-59.481000,-111.802000,-23.176000,28.77
8.792653,0.752000,-0.291000,-1.087000,-57.252000,-141.725000,-22.107000,28.72
8.804803,0.741000,-0.269000,-1.032000,-71.542000,-106.443000,-16.916000,28.62
8.811007,0.810000,-0.288000,-1.084000,-70.427000,-112.901000,-14.076000,28.77
8.822832,0.821000,-0.293000,-1.077000,-73.328000,-113.496000,-12.107000,28.72
8.828892,0.764000,-0.283000,-1.014000,-76.061000,-119.618000,-10.351000,28.81
8.841612,0.716000,-0.282000,-0.966000,-77.695000,-117.954000,-8.321000,28.72
8.853660,0.327000,0.079000,-0.398000,-38.687000,-74.229000,13.160000,28.77
8.860625,0.968000,-0.916000,-0.356000,-40.611000,-53.847000,15.908000,28.77
8.872403,1.284000,-0.650000,-0.494000,-53.695000,-45.176000,12.580000,28.81
8.884691,1.299000,-0.521000,-0.434000,-46.916000,-30.779000,11.023000,28.72
8.891933,1.150000,-0.479000,-0.406000,-58.183000,-38.519000,2.534000,28.77
8.903566,1.078000,-0.432000,-0.337000,-63.664000,-27.420000,-12.412000,28.67
8.910269,0.987000,-0.349000,-0.203000,-45.176000,-17.649000,-28.504000,28.72
8.922160,1.043000,-0.468000,0.023000,-23.908000,-4.046000,-42.031000,28.72
8.934405,1.243000,-0.525000,0.157000,-6.519000,15.695000,-59.282000,28.67
8.943421,1.395000,-0.770000,0.428000,8.015000,23.878000,-76.504000,28.77
8.953846,1.541000,-1.051000,0.721000,12.137000,56.489000,-84.763000,28.72
8.961028,1.884000,-1.659000,1.298000,17.099000,90.092000,-63.786000,28.72
8.977417,2.311000,-2.375000,2.179000,11.145000,123.206000,-14.458000,28.67
8.980246,3.396000,-3.775000,3.495000,16.000000,222.824000,77.160000,28.72
8.992245,4.000000,-0.204000,-1.036000,-9.954000,336.824000,85.557000,28.81
9.004272,4.000000,2.772000,-0.837000,55.557000,99.359000,98.702000,28.72
9.011529,-0.987000,-0.011000,-0.250000,12.885000,-393.985000,100.763000,28.67
9.023105,0.820000,-1.793000,-2.272000,164.870000,42.794000,71.313000,28.77
9.030657,1.084000,-1.178000,-0.665000,129.389000,41.145000,32.427000,28.72
9.041979,0.684000,-0.381000,-1.288000,59.115000,-105.115000,-0.595000,28.72
9.054397,0.784000,-0.394000,-0.895000,50.534000,-73.466000,-7.954000,28.67
9.061254,0.724000,-0.231000,-0.780000,44.931000,-14.840000,-15.084000,28.67
9.073639,0.642000,-0.132000,-0.950000,-3.176000,-42.992000,-8.656000,28.81
9.084015,0.560000,-0.030000,-0.865000,-1.969000,-50.977000,-9.863000,28.72
9.092436,0.592000,-0.089000,-0.837000,-2.473000,11.969000,-2.947000,28.77
9.104522,0.564000,-0.083000,-0.860000,5.374000,6.580000,-1.359000,28.67
9.111613,0.553000,-0.097000,-0.859000,3.573000,-1.939000,-0.397000,28.72
9.124162,0.604000,-0.070000,-0.831000,7.588000,17.878000,-2.061000,28.72
9.130980,0.571000,-0.180000,-0.841000,-4.275000,24.427000,-1.206000,28.77
9.143125,0.551000,-0.173000,-0.861000,-4.275000,16.733000,-3.603000,28.72
9.150334,0.556000,-0.117000,-0.837000,-5.389000,27.924000,-2.794000,28.62
9.162453,0.566000,-0.077000,-0.804000,-6.000000,31.313000,-1.344000,28.72
9.174508,0.556000,-0.075000,-0.774000,-5.313000,25.359000,-0.901000,28.77
9.181685,0.538000,-0.054000,-0.802000,-2.840000,25.481000,-0.321000,28.67
9.194032,0.544000,-0.125000,-0.810000,-1.511000,26.504000,-0.260000,28.72
9.201047,0.557000,-0.110000,-0.788000,1.603000,22.092000,-1.069000,28.72
9.213122,0.570000,-0.078000,-0.792000,3.038000,15.710000,-0.046000,28.67
9.220538,0.565000,-0.044000,-0.768000,6.641000,11.634000,2.672000,28.67
9.232042,1.009000,-0.585000,-1.198000,289.649000,-477.908000,53.282000,28.72
9.244215,0.497000,-0.129000,-0.621000,-66.992000,89.527000,20.748000,28.72
9.251521,0.535000,-0.054000,-0.716000,0.718000,22.901000,8.397000,28.77
9.263618,0.622000,-0.016000,-0.781000,9.664000,-121.267000,3.771000,28.67
9.270941,0.600000,-0.183000,-0.824000,3.863000,59.053000,10.763000,28.72
9.282933,0.568000,-0.121000,-0.767000,25.282000,-35.511000,5.847000,28.72
9.289995,0.509000,-0.158000,-0.834000,23.160000,-31.313000,6.916000,28.67
9.302384,0.595000,-0.164000,-0.824000,18.275000,13.557000,11.740000,28.72
9.314174,0.547000,-0.117000,-0.895000,21.145000,-0.687000,12.565000,28.62
9.321518,0.502000,-0.077000,-0.936000,18.214000,-2.366000,14.244000,28.72
9.333441,0.584000,-0.189000,-0.914000,15.481000,37.023000,18.885000,28.77
9.340430,0.473000,-0.010000,-0.996000,11.099000,66.611000,18.733000,28.67
9.352851,0.333000,-0.297000,-1.077000,24.000000,73.924000,15.160000,28.81
9.364600,0.436000,-0.108000,-1.117000,31.282000,109.725000,9.695000,28.72
9.371888,0.410000,0.036000,-1.152000,50.962000,150.794000,13.908000,28.77
9.384199,0.493000,-0.002000,-1.412000,80.763000,189.237000,19.084000,28.67
9.390936,0.604000,0.172000,-1.367000,104.504000,235.450000,27.786000,28.72
9.403104,0.844000,0.195000,-1.426000,130.122000,263.802000,41.863000,28.62
9.409997,0.695000,-0.155000,-1.296000,155.496000,278.214000,47.573000,28.67
9.421879,0.944000,-0.320000,-1.303000,141.557000,297.267000,50.214000,28.77
9.433580,1.360000,-0.582000,-1.777000,118.412000,278.382000,41.176000,28.72
9.440931,1.008000,-0.200000,-1.474000,91.344000,261.679000,37.695000,28.72
9.452971,0.948000,0.195000,-1.866000,108.687000,219.176000,28.443000,28.67
9.459649,0.670000,0.476000,-2.323000,114.015000,124.580000,19.206000,28.81
9.471927,0.357000,0.253000,-1.837000,64.916000,54.550000,22.168000,28.72
9.483992,-0.144000,0.394000,-1.395000,51.832000,22.382000,24.901000,28.72
9.496321,-0.094000,0.255000,-1.318000,29.863000,23.008000,35.374000,28.77
9.503430,-0.003000,0.235000,-1.283000,2.504000,2.290000,42.489000,28.67
9.510223,-0.005000,0.257000,-1.202000,-20.489000,-16.855000,47.924000,28.72
9.522270,-0.085000,0.257000,-0.988000,-34.641000,-31.832000,49.511000,28.72
9.534215,-0.125000,0.265000,-0.757000,-41.557000,-42.626000,48.397000,28.77
9.541189,0.015000,0.195000,-0.854000,-62.397000,-59.924000,40.947000,28.67
9.553347,0.093000,0.240000,-0.835000,-74.611000,-52.733000,34.458000,28.72
9.560143,0.120000,0.204000,-0.783000,-79.344000,-55.954000,27.939000,28.72
9.572397,0.185000,0.165000,-0.822000,-87.527000,-75.466000,17.954000,28.77
9.584633,0.223000,0.151000,-0.806000,-91.832000,-86.305000,9.603000,28.67
9.591530,0.253000,0.103000,-0.803000,-95.359000,-91.557000,1.771000,28.72
9.603625,0.322000,0.055000,-0.801000,-98.031000,-101.466000,-4.611000,28.72
9.610576,0.378000,0.023000,-0.807000,-98.000000,-107.649000,-9.939000,28.67
9.622443,0.403000,-0.017000,-0.808000,-98.885000,-112.733000,-15.176000,28.72
9.633972,0.429000,-0.054000,-0.817000,-100.397000,-114.855000,-21.832000,28.72
9.640704,0.447000,-0.055000,-0.823000,-98.244000,-112.473000,-29.359000,28.72
9.657020,0.504000,-0.084000,-0.877000,-94.992000,-107.618000,-39.802000,28.77
9.672184,0.682000,-0.135000,-1.027000,-94.748000,-107.603000,-52.641000,28.77
9.673444,1.003000,-0.121000,-1.197000,-94.504000,-126.443000,-65.939000,28.72
9.683289,1.237000,0.060000,-1.258000,-85.237000,-157.374000,-82.290000,28.72
9.689818,1.183000,0.036000,-1.012000,-68.473000,-184.885000,-106.092000,28.67
9.701908,1.095000,-0.101000,-0.714000,-63.038000,-182.198000,-132.947000,28.67
9.713222,1.087000,-0.118000,-0.575000,-50.061000,-166.702000,-153.099000,28.72
9.719719,1.135000,-0.205000,-0.585000,-30.611000,-151.588000,-169.374000,28.72
9.731649,1.127000,-0.396000,-0.635000,-14.046000,-141.573000,-181.221000,28.67
9.743499,1.091000,-0.483000,-0.580000,-4.458000,-130.656000,-181.176000,28.67
9.750008,0.921000,-0.557000,-0.567000,10.336000,-110.931000,-168.214000,28.72
9.762117,0.989000,-0.539000,-0.480000,31.557000,-77.145000,-146.916000,28.62
9.773942,1.196000,-0.549000,-0.403000,34.351000,-69.038000,-124.046000,28.58
9.780726,1.670000,-0.582000,-0.722000,16.534000,-46.458000,-110.244000,28.72
9.792766,2.296000,-0.641000,-0.829000,-9.695000,-74.198000,-98.443000,28.72
9.799854,2.188000,-0.350000,-0.618000,-23.695000,-139.847000,-79.160000,28.77
9.812754,1.643000,-0.281000,-0.111000,-6.336000,-172.519000,-72.718000,28.67
9.823447,1.101000,-0.372000,0.374000,-3.939000,-149.542000,-73.084000,28.62
9.830279,1.061000,-0.472000,0.506000,-7.679000,-95.252000,-83.679000,28.72
9.842492,1.457000,-0.519000,0.964000,-8.947000,-24.198000,-93.832000,28.67
9.849710,1.487000,-0.509000,1.046000,-1.328000,34.305000,-99.985000,28.77
9.861866,1.941000,-0.880000,0.821000,9.252000,108.382000,-99.618000,28.62
9.873724,2.125000,-1.093000,0.971000,10.595000,123.313000,-82.916000,28.72
9.880866,2.047000,-1.449000,1.777000,8.779000,127.252000,-47.237000,28.77
9.893081,0.846000,0.107000,-0.470000,5.542000,202.458000,-32.977000,28.67
9.900125,1.677000,-0.563000,-2.479000,-2.656000,156.092000,-16.092000,28.72
9.912319,1.107000,-0.353000,-1.037000,72.183000,102.031000,17.282000,28.72
9.924281,1.010000,-0.584000,-0.922000,65.939000,78.977000,25.985000,28.77
9.931401,1.177000,-0.344000,-1.301000,48.000000,78.168000,0.855000,28.77
9.943555,1.469000,-0.271000,-0.393000,8.229000,24.565000,36.504000,28.62
9.950903,0.917000,-0.037000,-0.757000,32.580000,-16.458000,22.611000,28.72
9.962660,0.519000,-0.062000,-0.747000,44.229000,-13.389000,17.603000,28.77
9.984737,0.808000,-0.112000,-0.723000,40.031000,-114.076000,27.206000,28.67
9.991664,0.905000,0.147000,-0.750000,34.427000,11.084000,26.107000,28.72
10.008505,0.735000,0.029000,-0.820000,32.992000,-9.389000,22.870000,28.62
