# Gait Analysis Data - MPU6050 IMU
# Duration: 10 seconds
# Format: timestamp(s),ax(g),ay(g),az(g),gx(deg/s),gy(deg/s),gz(deg/s),temp(C)
# Note: Document sensor placement (ankle/wrist) separately
timestamp,ax,ay,az,gx,gy,gz,temp
0.001346,0.653000,-0.105000,-0.790000,1.679000,6.672000,2.931000,28.11
0.002638,0.699000,-0.156000,-0.839000,-0.031000,2.595000,2.260000,28.15
0.003873,0.683000,-0.164000,-0.815000,-3.557000,-5.344000,1.328000,28.15
0.005158,0.675000,-0.146000,-0.830000,-8.947000,-7.893000,0.336000,28.11
0.006249,0.630000,-0.119000,-0.761000,-12.107000,-10.656000,1.389000,28.06
0.007300,0.562000,-0.076000,-0.777000,-13.145000,-8.092000,2.870000,28.15
0.008344,0.531000,-0.056000,-0.739000,-11.725000,-5.267000,4.626000,28.20
0.009273,0.507000,0.004000,-0.740000,-8.855000,-2.718000,6.458000,28.11
0.010303,0.513000,0.082000,-0.732000,-4.687000,1.542000,6.198000,28.25
0.011200,0.537000,0.080000,-0.740000,1.954000,4.473000,5.786000,28.15
0.012081,0.546000,0.013000,-0.746000,6.855000,6.824000,7.130000,28.11
0.012977,0.573000,-0.017000,-0.745000,10.122000,7.847000,9.115000,28.20
0.013779,0.553000,-0.000000,-0.739000,13.710000,9.634000,10.809000,28.15
0.014665,0.572000,-0.027000,-0.761000,15.863000,11.679000,11.939000,28.06
0.015562,0.610000,-0.084000,-0.783000,16.458000,12.947000,11.878000,28.20
0.016462,0.580000,-0.093000,-0.774000,16.702000,12.153000,11.679000,28.11
0.017360,0.574000,-0.083000,-0.769000,16.290000,15.038000,11.237000,28.15
0.018223,0.573000,-0.078000,-0.780000,16.351000,16.718000,11.145000,28.06
0.019176,0.601000,-0.094000,-0.784000,15.954000,19.160000,10.504000,28.11
0.020186,0.610000,-0.120000,-0.787000,15.649000,19.053000,10.244000,28.06
0.020988,0.596000,-0.108000,-0.785000,15.053000,20.031000,10.214000,28.25
0.021869,0.621000,-0.089000,-0.778000,14.656000,20.992000,10.427000,28.11
0.022773,0.629000,-0.115000,-0.781000,15.176000,20.794000,11.221000,28.01
0.023570,0.652000,-0.114000,-0.786000,15.008000,19.893000,11.511000,28.06
0.024277,0.632000,-0.097000,-0.766000,15.908000,19.084000,12.763000,28.15
0.025159,0.620000,-0.078000,-0.767000,16.947000,23.008000,14.000000,28.11
0.025795,0.616000,-0.087000,-0.772000,20.168000,22.489000,15.847000,28.11
0.026514,0.615000,-0.103000,-0.786000,21.695000,25.038000,17.374000,28.15
0.027200,0.588000,-0.074000,-0.787000,22.534000,28.977000,18.672000,28.06
0.027881,0.594000,-0.092000,-0.777000,22.351000,34.031000,19.588000,28.11
0.028574,0.586000,-0.094000,-0.789000,22.183000,38.641000,20.412000,28.11
0.029384,0.572000,-0.092000,-0.834000,20.443000,47.252000,19.420000,28.15
0.030108,0.611000,-0.142000,-0.822000,20.305000,52.000000,17.160000,28.20
0.030716,0.615000,-0.191000,-0.854000,18.198000,60.275000,18.534000,28.11
0.031315,0.712000,-0.308000,-0.902000,3.466000,67.206000,16.595000,28.15
0.031878,0.541000,-0.103000,-0.858000,7.221000,76.122000,16.076000,28.06
0.032445,0.535000,-0.098000,-0.928000,-10.840000,89.130000,20.244000,28.11
0.032997,0.513000,0.073000,-1.078000,4.702000,107.038000,34.397000,28.11
0.033668,0.765000,0.075000,-1.115000,-14.763000,133.221000,41.069000,28.15
0.034315,0.770000,0.144000,-1.048000,-25.740000,144.229000,53.527000,28.06
0.034927,0.780000,0.208000,-1.170000,-13.328000,144.153000,64.305000,28.11
0.035540,0.512000,0.283000,-1.371000,-0.260000,126.137000,61.359000,28.11
0.036136,0.205000,0.450000,-1.435000,7.573000,115.023000,41.450000,28.15
0.036737,0.155000,0.515000,-1.597000,8.977000,94.519000,18.244000,28.01
0.037338,-0.001000,0.601000,-1.653000,10.733000,67.176000,-6.733000,28.11
0.037941,-0.057000,0.501000,-1.702000,8.336000,38.153000,-29.405000,28.06
0.038537,-0.030000,0.260000,-1.678000,1.160000,2.672000,-42.137000,28.15
0.039229,-0.098000,0.136000,-1.606000,-2.366000,-29.527000,-44.153000,28.11
0.039925,-0.145000,-0.004000,-1.496000,-6.504000,-50.473000,-41.008000,28.11
0.040505,-0.060000,-0.123000,-1.414000,-11.313000,-67.435000,-37.328000,28.15
0.041074,0.065000,-0.139000,-1.364000,-11.573000,-85.542000,-34.229000,28.15
0.041640,0.171000,-0.143000,-1.290000,-7.725000,-101.863000,-35.847000,28.11
0.042213,0.315000,-0.147000,-1.233000,-4.107000,-113.817000,-42.473000,28.11
0.042807,0.483000,-0.108000,-1.160000,0.534000,-125.649000,-51.435000,28.06
0.043363,0.585000,-0.029000,-1.083000,8.794000,-135.023000,-62.763000,28.11
0.043984,0.643000,-0.018000,-0.970000,15.786000,-138.275000,-76.702000,28.20
0.044602,0.722000,-0.043000,-0.890000,21.191000,-135.176000,-89.985000,28.11
0.045223,0.825000,-0.032000,-0.827000,28.656000,-131.817000,-100.351000,28.15
0.045802,0.879000,-0.045000,-0.768000,38.977000,-128.427000,-109.389000,28.11
0.046368,0.923000,-0.090000,-0.716000,50.214000,-121.863000,-117.771000,28.20
0.046928,1.027000,-0.127000,-0.695000,60.977000,-117.374000,-123.618000,28.15
0.047492,1.084000,-0.179000,-0.668000,70.061000,-116.947000,-126.748000,28.06
0.048052,1.054000,-0.235000,-0.612000,76.061000,-116.137000,-126.061000,28.11
0.048691,0.814000,-0.225000,-0.153000,75.496000,-89.435000,-115.298000,28.11
0.049367,1.229000,-0.378000,-0.315000,63.557000,-61.969000,-114.397000,28.06
0.049951,1.305000,-0.174000,-0.536000,72.534000,-72.473000,-109.847000,28.01
0.050549,1.052000,-0.089000,-0.508000,95.267000,-81.588000,-103.191000,28.20
0.051211,0.896000,-0.235000,-0.410000,102.962000,-75.725000,-104.702000,28.11
0.051755,0.935000,-0.167000,-0.366000,98.779000,-62.779000,-109.359000,28.15
0.052268,1.003000,-0.048000,-0.403000,99.756000,-54.260000,-112.229000,28.06
0.052783,1.016000,-0.039000,-0.424000,104.000000,-47.908000,-114.885000,28.11
0.053298,1.004000,-0.091000,-0.381000,103.588000,-45.710000,-117.328000,28.15
0.053811,0.940000,-0.070000,-0.342000,103.649000,-43.023000,-119.282000,28.15
0.054375,0.888000,-0.006000,-0.319000,103.863000,-34.885000,-119.298000,28.20
0.055042,0.914000,0.008000,-0.350000,106.183000,-23.695000,-118.992000,28.11
0.055638,0.926000,0.001000,-0.366000,108.824000,-17.206000,-118.595000,28.06
0.056175,0.930000,0.018000,-0.395000,106.779000,-11.282000,-117.863000,28.11
0.056694,0.932000,0.038000,-0.405000,103.130000,-5.740000,-115.985000,28.20
0.057262,0.897000,0.062000,-0.413000,101.298000,1.084000,-113.664000,28.20
0.057823,0.847000,0.059000,-0.410000,98.504000,7.221000,-113.069000,28.06
0.058373,0.831000,0.056000,-0.453000,96.153000,13.206000,-115.389000,28.15
0.058906,0.875000,0.084000,-0.501000,95.115000,15.939000,-120.412000,28.11
0.059415,0.948000,0.138000,-0.554000,98.489000,12.504000,-127.313000,28.06
0.059927,0.930000,0.196000,-0.536000,108.580000,5.389000,-135.466000,28.15
0.060435,0.868000,0.193000,-0.489000,119.756000,1.710000,-144.397000,28.11
0.061024,0.818000,0.167000,-0.456000,126.458000,4.122000,-154.947000,28.11
0.061589,0.798000,0.169000,-0.441000,130.061000,8.427000,-164.443000,28.06
0.062085,0.785000,0.140000,-0.437000,131.954000,12.290000,-172.489000,28.11
0.062559,0.768000,0.094000,-0.436000,130.137000,15.573000,-177.802000,28.11
0.063033,0.752000,0.044000,-0.445000,124.992000,19.573000,-180.229000,28.11
0.063505,0.760000,0.019000,-0.444000,116.611000,23.511000,-179.878000,28.06
0.063970,0.778000,0.022000,-0.450000,107.359000,26.046000,-175.710000,28.06
0.064437,0.770000,0.052000,-0.448000,97.985000,28.702000,-169.557000,28.20
0.064902,0.783000,0.090000,-0.448000,88.397000,28.412000,-163.389000,28.11
0.065366,0.752000,0.116000,-0.442000,78.504000,26.137000,-157.069000,28.25
0.065833,0.715000,0.143000,-0.468000,68.321000,24.626000,-149.618000,28.11
0.066298,0.708000,0.132000,-0.498000,55.069000,22.550000,-142.290000,28.11
0.066769,0.706000,0.150000,-0.474000,41.130000,18.779000,-133.557000,28.06
0.067244,0.261000,0.454000,-1.826000,64.687000,56.275000,-135.924000,28.11
0.067726,1.077000,-0.962000,-0.579000,82.260000,-33.450000,-24.763000,28.20
0.068204,1.369000,-1.298000,-1.210000,59.603000,20.336000,80.595000,28.11
0.068689,1.445000,-0.456000,-1.366000,35.252000,-22.947000,71.618000,28.06
0.069151,0.454000,0.284000,-0.703000,25.176000,-3.237000,9.344000,28.06
0.069622,0.429000,-0.525000,-0.834000,23.450000,34.641000,11.771000,28.20
0.070078,0.678000,-0.616000,-0.782000,6.977000,20.580000,14.107000,28.20
0.070546,0.848000,-0.158000,-0.716000,-2.183000,16.718000,-5.542000,28.06
0.073521,0.919000,-0.347000,-0.688000,-12.473000,-5.405000,-14.137000,28.11
0.074206,0.755000,-0.275000,-0.704000,-19.038000,-6.824000,-16.794000,28.20
0.074713,0.715000,-0.089000,-0.704000,-17.649000,-7.053000,-17.679000,28.15
0.075183,0.663000,-0.116000,-0.726000,-14.061000,-14.763000,-15.191000,28.01
0.075639,0.700000,-0.093000,-0.728000,-11.527000,-9.771000,-12.275000,28.01
0.076096,0.726000,-0.204000,-0.776000,-14.412000,-10.885000,-12.947000,28.11
0.076545,0.694000,-0.205000,-0.748000,-19.298000,-5.008000,-13.450000,28.06
0.077000,0.695000,-0.044000,-0.715000,-19.405000,-4.626000,-11.954000,28.15
0.077579,0.685000,-0.002000,-0.713000,-16.061000,-2.076000,-9.069000,28.11
0.078041,0.656000,-0.000000,-0.693000,-10.641000,-0.794000,-5.557000,28.11
0.078526,0.658000,-0.056000,-0.690000,-5.496000,-0.366000,-2.733000,28.15
0.079006,0.658000,-0.140000,-0.715000,-3.237000,0.565000,-2.794000,28.11
0.079459,0.677000,-0.199000,-0.754000,-5.542000,2.427000,-5.099000,28.01
0.079908,0.685000,-0.239000,-0.759000,-11.252000,3.511000,-8.931000,28.06
0.080364,0.661000,-0.243000,-0.751000,-15.863000,3.634000,-13.023000,28.11
0.080812,0.667000,-0.255000,-0.746000,-19.847000,3.313000,-16.809000,28.11
0.081260,0.645000,-0.206000,-0.737000,-23.176000,2.214000,-18.885000,28.11
0.081708,0.660000,-0.140000,-0.737000,-18.046000,3.618000,-21.145000,28.06
0.082174,0.683000,-0.175000,-0.733000,-15.618000,-30.305000,-19.695000,28.06
0.082629,0.675000,-0.113000,-0.753000,-28.229000,7.847000,-23.023000,28.01
0.083074,0.640000,-0.021000,-0.710000,-22.473000,11.695000,-20.366000,28.15
0.083632,0.644000,-0.043000,-0.712000,-20.366000,20.916000,-17.740000,28.15
0.084305,0.641000,-0.033000,-0.686000,-14.855000,6.519000,-14.336000,28.11
0.084772,0.644000,0.058000,-0.699000,-8.580000,-1.771000,-9.359000,28.11
0.085196,0.641000,0.011000,-0.712000,-3.878000,3.695000,-5.588000,28.15
0.085642,0.642000,-0.034000,-0.710000,-3.939000,10.718000,-3.924000,28.01
0.086070,0.668000,-0.130000,-0.734000,-0.153000,6.885000,-5.328000,28.20
0.086496,0.647000,-0.189000,-0.745000,2.550000,-1.573000,-7.496000,28.11
0.086928,0.648000,-0.174000,-0.754000,-7.237000,-2.076000,-10.824000,28.15
0.087373,0.659000,-0.136000,-0.726000,-14.443000,2.427000,-13.069000,28.11
0.087955,0.642000,-0.108000,-0.743000,-13.252000,8.412000,-13.450000,28.01
0.088565,0.665000,-0.127000,-0.726000,-8.672000,7.588000,-12.580000,28.06
0.089074,0.704000,-0.122000,-0.714000,-7.985000,3.573000,-10.977000,28.15
0.089562,0.695000,-0.097000,-0.721000,-10.748000,3.008000,-10.275000,28.11
0.090022,0.671000,-0.076000,-0.736000,-13.191000,3.954000,-10.046000,28.11
0.090485,0.685000,-0.123000,-0.753000,-14.992000,2.992000,-10.779000,28.15
0.091013,0.725000,-0.135000,-0.754000,-17.634000,-0.183000,-13.496000,28.11
0.091508,0.691000,-0.103000,-0.746000,-19.817000,0.962000,-16.305000,28.11
0.091973,0.673000,-0.042000,-0.745000,-20.550000,3.695000,-17.573000,28.11
0.092432,0.693000,-0.067000,-0.749000,-20.702000,6.397000,-17.908000,28.06
0.092907,0.724000,-0.074000,-0.756000,-20.397000,7.466000,-19.252000,28.01
0.093363,0.753000,-0.091000,-0.769000,-20.931000,7.847000,-22.458000,28.11
0.093826,0.758000,-0.139000,-0.781000,-23.298000,7.603000,-25.618000,28.06
0.094289,0.776000,-0.099000,-0.787000,-26.229000,6.061000,-28.107000,28.06
0.094745,0.830000,-0.071000,-0.805000,-28.137000,3.496000,-32.855000,28.01
0.095187,0.908000,-0.009000,-0.754000,-27.954000,-6.718000,-40.519000,28.20
0.095634,0.932000,0.149000,-0.666000,-23.374000,-11.649000,-54.489000,28.06
0.096091,0.922000,0.232000,-0.657000,-14.962000,-11.786000,-72.305000,28.11
0.096540,0.856000,0.132000,-0.711000,-4.763000,-14.916000,-87.221000,28.01
0.096982,0.889000,0.125000,-0.780000,4.885000,-23.420000,-94.153000,28.20
0.097421,0.818000,-0.108000,-0.809000,-2.427000,-28.916000,-101.359000,28.06
0.097856,0.688000,-0.032000,-0.698000,-4.687000,-24.290000,-110.137000,28.15
0.098286,0.670000,0.043000,-0.685000,-7.603000,-10.763000,-126.183000,28.11
0.098709,0.819000,0.216000,-0.693000,-2.473000,-6.916000,-140.580000,28.11
0.099256,0.824000,0.136000,-0.678000,3.053000,-4.931000,-152.137000,28.06
0.099728,0.837000,0.162000,-0.766000,7.832000,-4.107000,-158.840000,28.11
0.100185,0.864000,0.175000,-0.865000,14.870000,-8.000000,-161.145000,28.11
0.100651,0.853000,0.131000,-0.833000,19.756000,-14.504000,-163.435000,28.15
0.101101,0.770000,0.155000,-0.761000,29.313000,-16.214000,-168.168000,28.20
0.101540,0.795000,0.236000,-0.667000,49.405000,-17.710000,-175.206000,28.01
0.101979,0.858000,0.294000,-0.577000,176.977000,-35.939000,-166.595000,28.01
0.102425,0.776000,-0.264000,-0.479000,209.099000,-43.786000,-178.000000,28.15
0.102872,0.689000,-0.411000,-0.482000,193.618000,-37.313000,-189.160000,28.11
0.103317,0.609000,-0.255000,-0.463000,177.191000,-23.756000,-189.038000,28.11
0.103759,0.582000,-0.204000,-0.450000,175.115000,-5.649000,-180.305000,28.15
0.104209,0.581000,-0.251000,-0.463000,181.115000,2.916000,-170.366000,27.97
0.104671,0.559000,-0.269000,-0.469000,191.191000,3.878000,-161.740000,28.11
0.105115,0.543000,-0.271000,-0.483000,197.298000,8.519000,-156.580000,28.11
0.105818,0.659000,-0.144000,-0.710000,-0.168000,2.992000,1.099000,28.06
0.106241,0.660000,-0.144000,-0.720000,-0.305000,3.221000,1.206000,28.20
0.106661,0.664000,-0.148000,-0.717000,-0.519000,3.084000,1.145000,28.11
0.107082,0.667000,-0.149000,-0.713000,-0.626000,2.977000,1.038000,28.06
0.107501,0.663000,-0.145000,-0.719000,-0.519000,3.435000,0.794000,28.15
0.107921,0.667000,-0.153000,-0.709000,-0.550000,3.954000,0.794000,28.11
0.108358,0.670000,-0.150000,-0.716000,-0.824000,4.321000,0.382000,28.11
0.119426,0.674000,-0.160000,-0.705000,-0.947000,4.366000,0.214000,27.97
0.126404,0.664000,-0.151000,-0.716000,-0.794000,4.198000,0.290000,28.01
0.138961,0.674000,-0.152000,-0.704000,-0.947000,3.985000,0.366000,28.11
0.145987,0.679000,-0.157000,-0.707000,-0.947000,3.695000,0.183000,28.01
0.158535,0.665000,-0.141000,-0.714000,-1.145000,3.481000,0.366000,28.06
0.165479,0.659000,-0.151000,-0.718000,-0.992000,4.275000,0.763000,28.11
0.177959,0.668000,-0.156000,-0.712000,-1.221000,4.412000,0.412000,28.11
0.185050,0.670000,-0.150000,-0.710000,-1.069000,4.137000,0.305000,28.15
0.197545,0.669000,-0.150000,-0.708000,-1.145000,4.519000,0.275000,28.06
0.209663,0.667000,-0.149000,-0.705000,-1.527000,4.534000,0.489000,28.11
0.217046,0.662000,-0.160000,-0.707000,-1.374000,4.565000,0.260000,28.11
0.229225,0.659000,-0.144000,-0.711000,-1.374000,4.824000,-0.092000,28.06
0.236280,0.667000,-0.150000,-0.709000,-1.756000,5.099000,-0.336000,28.15
0.248431,0.664000,-0.141000,-0.710000,-1.542000,4.992000,-0.183000,28.11
0.255742,0.662000,-0.145000,-0.692000,-1.542000,4.794000,0.092000,28.11
0.268322,0.662000,-0.143000,-0.704000,-1.328000,4.962000,0.015000,28.06
0.275277,0.668000,-0.149000,-0.711000,-1.557000,4.794000,0.229000,28.01
0.287553,0.676000,-0.158000,-0.703000,-1.679000,4.519000,0.397000,28.01
0.300018,0.686000,-0.156000,-0.696000,-1.008000,3.069000,0.595000,28.01
0.306984,0.683000,-0.146000,-0.693000,-1.099000,2.290000,0.916000,28.15
0.319679,0.683000,-0.147000,-0.704000,-0.931000,1.878000,0.870000,28.15
0.326576,0.687000,-0.170000,-0.700000,-0.885000,0.992000,0.901000,28.11
0.338915,0.676000,-0.170000,-0.701000,-1.115000,0.504000,0.550000,28.01
0.346091,0.665000,-0.152000,-0.703000,-1.435000,-0.107000,0.305000,28.06
0.358730,0.662000,-0.154000,-0.712000,-1.435000,0.183000,0.305000,28.11
0.365582,0.669000,-0.162000,-0.708000,-1.160000,-0.244000,0.412000,28.01
0.377702,0.671000,-0.154000,-0.703000,-1.069000,-0.702000,0.412000,28.06
0.390004,0.663000,-0.153000,-0.716000,-1.298000,-0.153000,0.321000,28.11
0.396904,0.659000,-0.155000,-0.713000,-1.282000,-0.473000,0.565000,28.11
0.409494,0.675000,-0.169000,-0.697000,-1.313000,-1.084000,0.534000,28.01
0.416580,0.681000,-0.163000,-0.706000,-1.527000,-2.290000,0.000000,27.97
0.428805,0.674000,-0.166000,-0.700000,-1.588000,-2.183000,0.061000,28.06
0.439163,0.693000,-0.150000,-0.703000,-1.160000,-2.626000,-0.168000,28.11
0.448115,0.678000,-0.150000,-0.707000,-0.321000,-3.496000,0.107000,28.11
0.456869,0.672000,-0.149000,-0.710000,0.550000,-3.740000,0.275000,28.06
0.467504,0.666000,-0.146000,-0.715000,0.672000,-3.221000,0.260000,28.01
0.479918,0.667000,-0.156000,-0.713000,1.023000,-3.359000,0.458000,28.11
0.490264,0.669000,-0.166000,-0.709000,1.176000,-2.962000,0.183000,28.06
0.499265,0.668000,-0.163000,-0.718000,0.809000,-2.580000,-0.336000,28.11
0.506204,0.664000,-0.158000,-0.728000,0.229000,-1.389000,-0.519000,28.01
0.518674,0.660000,-0.173000,-0.727000,0.229000,-0.229000,-0.534000,28.11
0.525764,0.659000,-0.145000,-0.726000,0.000000,1.466000,-0.290000,28.06
0.538222,0.664000,-0.163000,-0.748000,-0.779000,2.824000,0.504000,27.97
0.545316,0.663000,-0.135000,-0.731000,-1.634000,4.947000,1.282000,28.01
0.560318,0.670000,-0.151000,-0.740000,-1.908000,6.229000,1.832000,28.06
0.569961,0.656000,-0.154000,-0.742000,-2.443000,6.626000,2.855000,28.06
0.577178,0.666000,-0.142000,-0.739000,-2.824000,9.389000,2.000000,28.11
0.589423,0.664000,-0.137000,-0.734000,-2.275000,11.527000,2.275000,28.01
0.596444,0.646000,-0.110000,-0.759000,-2.412000,14.672000,2.763000,28.15
0.608926,0.646000,-0.104000,-0.752000,-2.031000,18.336000,3.664000,28.01
0.615971,0.644000,-0.095000,-0.769000,-1.099000,23.267000,4.595000,28.11
0.628396,0.623000,-0.100000,-0.777000,-1.832000,29.527000,5.038000,28.11
0.635600,0.638000,-0.134000,-0.767000,-1.649000,38.122000,3.069000,28.06
0.647424,0.545000,-0.192000,-0.836000,-0.626000,47.603000,3.542000,28.11
0.660004,0.546000,-0.122000,-0.800000,-3.863000,58.901000,5.756000,28.11
0.666993,0.576000,-0.019000,-0.926000,8.809000,69.511000,11.191000,28.06
0.679240,0.733000,0.119000,-0.779000,16.687000,67.405000,19.038000,28.06
0.686591,0.821000,0.087000,-0.950000,39.389000,80.779000,25.359000,28.01
0.698471,0.846000,0.061000,-0.994000,51.298000,69.008000,29.252000,28.20
0.705472,0.691000,0.087000,-0.926000,65.374000,59.481000,33.206000,28.06
0.717885,0.573000,0.270000,-0.957000,63.664000,63.695000,15.649000,28.20
0.723533,0.509000,0.447000,-1.014000,59.557000,60.382000,-5.130000,28.11
0.736938,0.457000,0.588000,-1.068000,58.718000,53.069000,-29.145000,28.11
0.749403,0.432000,0.627000,-1.095000,61.145000,42.977000,-53.771000,28.15
0.756158,0.407000,0.649000,-1.114000,64.840000,29.069000,-76.885000,28.11
0.768413,0.366000,0.612000,-1.132000,65.985000,16.504000,-98.870000,28.11
0.775663,0.347000,0.527000,-1.120000,64.427000,8.473000,-116.565000,28.06
0.787920,0.354000,0.399000,-1.117000,62.992000,0.031000,-127.603000,28.06
0.799956,0.332000,0.232000,-1.132000,62.183000,-6.443000,-134.214000,28.01
0.806433,0.455000,0.020000,-1.209000,56.809000,-13.710000,-131.542000,28.11
0.818613,0.451000,-0.075000,-1.235000,49.038000,-34.855000,-120.229000,28.06
0.825272,0.510000,-0.163000,-1.246000,37.924000,-51.420000,-107.634000,28.11
0.837493,0.512000,-0.269000,-1.256000,28.519000,-74.397000,-88.672000,28.20
0.849494,0.455000,-0.315000,-1.219000,18.168000,-91.542000,-68.275000,28.11
0.856184,0.423000,-0.322000,-1.173000,4.321000,-100.305000,-48.611000,28.06
0.868323,0.397000,-0.258000,-1.148000,-11.023000,-101.969000,-33.130000,28.01
0.880122,0.476000,-0.158000,-1.138000,-25.802000,-101.481000,-23.023000,28.11
0.887073,0.749000,-0.075000,-1.265000,-42.595000,-103.084000,-21.008000,28.06
0.898585,1.017000,-0.033000,-1.274000,-57.435000,-123.817000,-24.244000,28.06
0.905148,1.025000,0.091000,-1.156000,-59.786000,-147.664000,-27.435000,28.11
0.917229,0.930000,0.107000,-0.951000,-53.435000,-156.504000,-31.420000,28.01
0.929255,0.777000,0.001000,-0.744000,-50.351000,-147.832000,-36.565000,28.06
0.936041,0.728000,-0.114000,-0.601000,-52.565000,-124.992000,-38.580000,28.01
0.947911,0.785000,-0.208000,-0.520000,-54.626000,-101.206000,-35.023000,28.01
0.960764,0.848000,-0.279000,-0.478000,-55.359000,-80.626000,-25.939000,28.06
0.966241,0.878000,-0.339000,-0.480000,-56.931000,-64.794000,-13.359000,28.06
0.980264,0.874000,-0.392000,-0.477000,-61.466000,-49.847000,-0.229000,28.01
0.985195,0.869000,-0.388000,-0.447000,-66.046000,-36.641000,11.328000,28.01
0.997159,0.889000,-0.341000,-0.391000,-65.817000,-25.298000,19.771000,28.06
1.009266,0.901000,-0.269000,-0.342000,-59.893000,-14.611000,23.511000,28.15
1.016351,0.939000,-0.182000,-0.313000,-50.947000,-6.962000,19.954000,28.01
1.028155,0.929000,-0.082000,-0.301000,-36.214000,-1.664000,10.321000,28.11
1.035395,0.861000,-0.027000,-0.303000,-19.374000,3.878000,-4.183000,27.97
1.047603,0.799000,-0.030000,-0.295000,-3.588000,10.916000,-20.153000,28.11
1.059990,0.758000,-0.048000,-0.295000,10.763000,16.183000,-35.069000,28.11
1.066555,0.719000,-0.076000,-0.312000,23.679000,19.817000,-46.626000,28.06
1.078520,0.766000,-0.146000,-0.392000,32.214000,20.321000,-55.786000,28.06
1.085695,0.772000,-0.203000,-0.451000,35.573000,12.595000,-58.977000,28.01
1.097758,0.624000,-0.253000,-0.531000,34.885000,5.634000,-55.802000,28.01
1.110366,0.475000,-0.296000,-0.564000,30.153000,2.122000,-49.771000,28.06
1.116766,0.378000,-0.270000,-0.583000,22.641000,-0.061000,-40.473000,27.97
1.129235,0.339000,-0.218000,-0.639000,17.160000,-1.878000,-30.794000,28.11
1.135714,0.344000,-0.197000,-0.677000,9.771000,-7.008000,-22.733000,28.11
1.148003,0.369000,-0.102000,-0.659000,4.214000,-13.725000,-17.450000,28.15
1.155045,0.420000,0.032000,-0.629000,6.198000,-20.504000,-15.038000,28.01
1.167085,0.461000,0.132000,-0.533000,12.718000,-25.832000,-17.664000,28.01
1.179407,0.496000,0.165000,-0.486000,17.527000,-27.817000,-25.573000,28.06
1.186037,0.624000,0.141000,-0.476000,15.145000,-30.351000,-38.427000,28.06
1.198331,0.729000,0.086000,-0.402000,9.160000,-39.832000,-48.763000,28.01
1.205301,0.738000,0.089000,-0.270000,6.107000,-46.840000,-54.672000,28.01
1.217652,1.301000,-0.727000,1.811000,49.725000,-15.893000,-8.595000,28.06
1.229820,0.078000,-0.452000,2.397000,127.359000,144.351000,58.931000,28.15
1.236780,1.278000,0.045000,-2.262000,92.290000,329.389000,37.466000,28.11
1.248692,2.693000,-0.832000,-1.705000,101.969000,51.023000,29.252000,28.11
1.255452,0.543000,-0.215000,-0.161000,71.466000,150.473000,46.458000,28.15
1.268061,0.636000,-0.941000,-0.742000,53.481000,233.313000,19.954000,28.11
1.280150,2.793000,-0.214000,-1.529000,81.924000,113.099000,54.000000,28.01
1.286653,1.618000,-0.732000,-0.701000,61.954000,-14.992000,46.565000,28.01
1.298951,0.723000,-0.467000,-1.124000,41.511000,19.176000,22.748000,27.97
1.305962,0.530000,-0.158000,-0.810000,27.252000,19.756000,7.405000,28.11
1.318278,1.219000,-0.237000,-0.783000,0.244000,10.015000,-8.458000,28.20
1.325327,0.661000,-0.173000,-0.781000,-7.450000,2.336000,-11.618000,28.06
1.337393,0.758000,-0.094000,-0.745000,-6.794000,11.206000,-11.603000,28.06
1.349768,0.719000,-0.109000,-0.758000,-1.511000,3.939000,-5.618000,27.92
1.356676,0.808000,-0.071000,-0.674000,-1.466000,8.550000,-0.672000,28.11
1.369313,0.750000,-0.064000,-0.679000,-0.305000,5.466000,2.275000,28.06
1.376227,0.686000,-0.185000,-0.725000,-2.473000,9.878000,0.336000,28.11
1.388617,0.612000,-0.210000,-0.780000,-3.893000,12.718000,-5.954000,28.11
1.397836,0.676000,-0.100000,-0.776000,-6.947000,18.504000,-8.687000,28.15
1.410382,0.674000,-0.074000,-0.732000,-4.656000,22.382000,-5.664000,27.97
1.419910,0.631000,-0.072000,-0.706000,-2.855000,23.450000,-4.626000,28.11
1.428597,0.751000,-0.170000,-0.702000,-3.344000,23.908000,-4.153000,28.11
1.438989,0.672000,-0.114000,-0.710000,-3.420000,21.878000,-4.092000,28.06
1.447241,0.744000,-0.086000,-0.687000,-3.893000,22.198000,-3.160000,28.06
1.458310,0.712000,-0.110000,-0.673000,-4.153000,19.618000,-1.908000,28.01
1.465262,0.724000,-0.083000,-0.651000,-4.076000,15.634000,0.015000,28.01
1.477629,0.728000,-0.098000,-0.650000,-1.954000,12.718000,1.237000,28.06
1.489916,0.727000,-0.092000,-0.657000,-0.611000,8.565000,1.908000,28.11
1.498687,0.713000,-0.081000,-0.647000,-0.885000,6.672000,2.840000,28.01
1.509424,0.728000,-0.102000,-0.647000,-0.779000,3.466000,3.740000,28.06
1.516537,0.728000,-0.125000,-0.640000,-0.687000,-0.550000,4.183000,28.06
1.528633,0.726000,-0.105000,-0.663000,-0.076000,-3.832000,4.748000,28.11
1.536263,0.738000,-0.093000,-0.657000,-0.061000,-5.817000,5.802000,28.11
1.548208,0.709000,-0.062000,-0.655000,0.122000,-7.282000,7.099000,28.06
1.555317,0.679000,-0.090000,-0.707000,1.496000,-7.817000,8.351000,28.06
1.568146,0.675000,-0.105000,-0.712000,1.450000,-4.977000,8.427000,28.01
1.573708,0.686000,-0.117000,-0.690000,4.473000,-7.756000,8.473000,28.01
1.587616,0.685000,-0.127000,-0.701000,4.840000,-7.908000,7.802000,28.06
1.601272,0.683000,-0.099000,-0.689000,4.901000,-7.924000,7.237000,28.11
1.607034,0.678000,-0.132000,-0.706000,4.916000,-7.679000,6.229000,28.01
1.619595,0.667000,-0.117000,-0.717000,4.672000,-6.702000,5.710000,28.01
1.627048,0.648000,-0.137000,-0.738000,5.206000,-4.733000,5.099000,28.06
1.639022,0.657000,-0.125000,-0.767000,4.305000,-0.427000,3.924000,28.11
1.646436,0.645000,-0.115000,-0.761000,3.969000,4.366000,4.046000,28.11
1.658611,0.680000,-0.116000,-0.728000,3.954000,7.206000,4.015000,28.06
1.666093,0.652000,-0.102000,-0.746000,4.550000,9.908000,4.931000,27.97
1.679669,0.624000,-0.086000,-0.774000,4.504000,15.740000,7.328000,28.01
1.689890,0.686000,-0.103000,-0.727000,4.977000,20.992000,9.038000,28.11
1.697241,0.665000,-0.086000,-0.748000,4.962000,23.282000,10.076000,27.97
1.709965,0.637000,-0.134000,-0.752000,4.275000,26.977000,11.328000,28.01
1.718075,0.627000,-0.113000,-0.727000,8.412000,30.290000,11.328000,28.01
1.732397,0.622000,-0.149000,-0.759000,10.687000,34.183000,10.626000,28.01
1.736612,0.622000,-0.204000,-0.772000,10.412000,40.366000,8.687000,28.06
1.751165,0.646000,-0.155000,-0.795000,10.260000,53.466000,6.153000,28.06
1.755852,0.584000,-0.048000,-0.836000,7.405000,64.076000,7.313000,28.01
1.768104,0.474000,0.215000,-1.063000,13.038000,86.229000,12.641000,28.06
1.779922,0.511000,-0.067000,-0.960000,29.649000,109.695000,16.580000,28.06
1.787814,0.687000,-0.014000,-0.811000,31.313000,123.832000,20.473000,28.01
1.798985,0.724000,-0.064000,-0.796000,22.672000,135.176000,27.634000,28.11
1.806349,0.876000,-0.103000,-0.748000,19.893000,143.908000,32.366000,28.06
1.823686,0.857000,-0.169000,-0.750000,14.305000,141.649000,32.611000,28.11
1.830101,0.801000,-0.105000,-0.796000,9.618000,141.008000,36.351000,28.11
1.837386,0.660000,0.222000,-1.045000,6.885000,138.733000,36.687000,28.01
1.851145,0.259000,0.568000,-1.630000,8.427000,118.229000,29.588000,28.06
1.857043,-0.209000,0.825000,-2.083000,8.412000,74.046000,10.076000,28.15
1.868811,-0.353000,0.901000,-2.286000,-2.153000,26.733000,-11.344000,28.01
1.875985,-0.425000,0.783000,-2.290000,-13.542000,-12.458000,-26.672000,28.11
1.890442,-0.377000,0.629000,-2.208000,-32.458000,-43.481000,-30.702000,28.15
1.899539,-0.244000,0.433000,-2.019000,-47.511000,-70.366000,-23.817000,28.01
1.906597,-0.095000,0.178000,-1.736000,-59.435000,-85.328000,-10.977000,28.11
1.918411,0.057000,-0.036000,-1.459000,-72.580000,-93.206000,4.153000,28.06
1.924367,0.326000,-0.260000,-1.219000,-81.740000,-90.458000,24.550000,28.06
1.937507,0.397000,-0.367000,-0.993000,-89.557000,-86.122000,36.595000,28.01
1.949317,0.661000,-0.457000,-0.854000,-87.634000,-81.710000,51.802000,28.01
1.956472,0.617000,-0.574000,-0.747000,-85.634000,-77.466000,64.031000,28.06
1.968282,0.694000,-0.615000,-0.672000,-85.160000,-68.489000,70.260000,28.06
1.980147,0.847000,-0.566000,-0.562000,-77.328000,-56.015000,68.718000,28.01
1.987304,0.918000,-0.551000,-0.416000,-62.977000,-47.298000,61.267000,28.11
1.999022,0.957000,-0.538000,-0.399000,-49.099000,-41.634000,46.977000,28.06
2.005984,1.069000,-0.577000,-0.355000,-35.969000,-32.168000,28.550000,28.06
2.017898,1.196000,-0.516000,-0.088000,-11.710000,-14.962000,5.511000,28.11
2.030005,1.272000,-0.570000,-0.116000,8.656000,-9.511000,-18.198000,28.01
2.036733,1.020000,-0.388000,-0.365000,27.710000,-9.969000,-41.374000,28.06
2.048756,0.710000,-0.174000,-0.643000,45.557000,-10.565000,-54.565000,28.01
2.055506,0.541000,-0.151000,-0.876000,54.779000,-16.107000,-62.412000,28.11
2.067793,0.446000,-0.117000,-0.955000,59.756000,-22.794000,-64.687000,28.15
2.079685,0.425000,-0.093000,-0.999000,59.374000,-24.962000,-61.450000,28.06
2.086547,0.439000,-0.050000,-0.937000,58.122000,-20.794000,-57.389000,28.01
2.098819,0.586000,0.029000,-0.867000,51.313000,-16.427000,-51.710000,28.01
2.105702,0.590000,-0.098000,-0.860000,46.244000,-8.702000,-46.763000,28.06
2.117875,0.589000,-0.123000,-0.846000,37.863000,-8.153000,-40.916000,28.06
2.129798,0.576000,-0.181000,-0.877000,30.260000,-3.160000,-35.221000,28.11
2.136884,0.546000,-0.272000,-0.914000,14.198000,1.695000,-28.366000,28.15
2.149210,0.594000,-0.384000,-0.958000,-10.443000,2.092000,-24.382000,27.97
2.156185,0.492000,-0.295000,-0.979000,-29.206000,-5.740000,-23.985000,28.11
2.167936,0.487000,-0.237000,-0.980000,-37.878000,-9.695000,-22.305000,27.92
2.179803,0.513000,-0.165000,-0.885000,-37.328000,-11.573000,-18.565000,28.06
2.186859,0.557000,-0.165000,-0.946000,-32.824000,-20.641000,-17.969000,28.06
2.198742,0.632000,-0.087000,-1.016000,-34.351000,-20.779000,-23.298000,28.01
2.205212,0.791000,-0.057000,-1.083000,-28.122000,-35.496000,-20.290000,28.01
2.217445,0.802000,-0.123000,-1.179000,-25.603000,-62.901000,-19.038000,28.06
2.229194,0.684000,-0.108000,-1.147000,-27.206000,-86.779000,-20.031000,28.06
2.237819,0.669000,-0.123000,-1.144000,-27.786000,-95.725000,-18.397000,28.01
2.248857,0.673000,-0.219000,-1.063000,-35.435000,-105.969000,-16.183000,27.97
2.260467,0.740000,-0.269000,-0.903000,-37.969000,-119.389000,-9.893000,28.06
2.267553,0.780000,-0.238000,-0.698000,-37.115000,-120.992000,-3.099000,28.01
2.278514,0.758000,-0.246000,-0.543000,-36.733000,-117.557000,1.145000,28.11
2.285113,0.804000,-0.207000,-0.401000,-40.321000,-110.183000,-0.733000,28.06
2.297077,0.986000,-0.212000,-0.411000,-50.733000,-101.878000,-12.168000,28.06
2.309056,1.237000,-0.255000,-0.238000,-59.908000,-117.069000,-24.595000,28.01
2.315572,1.069000,-0.100000,0.174000,-50.489000,-124.672000,-28.626000,28.01
2.327516,0.820000,-0.157000,0.537000,-35.679000,-101.313000,-34.214000,28.06
2.339834,0.842000,-0.364000,0.888000,-27.130000,-52.366000,-47.282000,28.01
2.346738,1.100000,-0.515000,1.356000,-27.221000,3.145000,-58.366000,28.01
2.358833,1.689000,-0.810000,2.056000,-33.832000,72.214000,-46.885000,28.15
2.365573,2.338000,-1.205000,3.456000,-26.519000,145.954000,10.992000,28.01
2.377952,1.282000,-0.742000,1.610000,-69.969000,318.427000,22.718000,28.11
2.390063,4.000000,1.709000,-2.359000,-51.847000,194.626000,0.565000,28.01
2.397086,3.175000,1.808000,-0.413000,88.229000,-16.763000,76.443000,28.06
2.409237,1.080000,-0.685000,-1.539000,138.870000,74.229000,65.252000,28.06
2.416443,0.280000,-1.495000,-0.940000,92.198000,27.389000,53.267000,28.01
2.428347,0.988000,-0.037000,-0.890000,55.893000,34.748000,33.221000,28.06
2.435574,0.898000,-0.140000,-0.736000,31.405000,37.511000,27.450000,28.06
2.447951,0.886000,-0.194000,-0.826000,22.351000,40.626000,32.305000,28.01
2.459929,0.785000,-0.182000,-0.786000,31.237000,23.710000,25.130000,28.11
2.467081,0.833000,-0.307000,-0.826000,34.580000,3.099000,18.321000,28.06
2.479109,0.772000,-0.208000,-0.817000,22.595000,-2.305000,10.015000,28.01
2.486571,0.729000,-0.214000,-0.826000,2.779000,8.901000,3.527000,28.01
2.498470,0.665000,-0.156000,-0.772000,-5.435000,12.885000,-0.244000,28.11
2.506156,0.666000,-0.126000,-0.768000,-0.809000,10.763000,-1.069000,28.06
2.518040,0.647000,-0.104000,-0.742000,4.489000,6.595000,-0.718000,28.11
2.530300,0.640000,-0.105000,-0.737000,4.122000,10.000000,-0.687000,28.01
2.537273,0.645000,-0.066000,-0.718000,1.786000,12.962000,0.122000,28.06
2.549773,0.649000,-0.049000,-0.688000,2.733000,13.252000,1.359000,28.06
2.556985,0.632000,-0.059000,-0.696000,6.992000,9.206000,3.160000,28.01
2.569359,0.641000,-0.085000,-0.718000,10.748000,7.511000,4.351000,28.11
2.576740,0.647000,-0.123000,-0.751000,9.191000,6.489000,3.695000,28.06
2.589128,0.636000,-0.185000,-0.757000,2.229000,5.191000,1.191000,28.11
2.595895,0.621000,-0.158000,-0.747000,-0.519000,3.405000,-0.183000,28.11
2.608344,0.688000,-0.136000,-0.733000,-2.626000,1.420000,-0.748000,28.11
2.615562,0.677000,-0.131000,-0.729000,-3.130000,-2.336000,-1.802000,28.06
2.627690,0.650000,-0.061000,-0.708000,-1.939000,-2.748000,-0.840000,28.01
2.639707,0.661000,-0.059000,-0.697000,0.473000,-3.420000,1.786000,28.11
2.646712,0.670000,-0.103000,-0.707000,2.260000,-4.000000,3.481000,28.06
2.659303,0.639000,-0.083000,-0.724000,4.336000,-4.321000,4.519000,28.06
2.671158,0.648000,-0.099000,-0.731000,5.237000,-2.611000,5.221000,28.01
2.683037,0.633000,-0.091000,-0.740000,5.557000,-0.931000,5.649000,28.01
2.687673,0.648000,-0.111000,-0.729000,5.679000,0.595000,5.542000,28.15
2.698220,0.650000,-0.132000,-0.732000,5.557000,1.954000,4.443000,28.11
2.706029,0.648000,-0.141000,-0.734000,5.511000,-0.382000,3.756000,28.01
2.723417,0.658000,-0.144000,-0.723000,3.969000,2.763000,2.321000,28.01
2.724987,0.613000,-0.105000,-0.776000,4.290000,7.634000,1.878000,28.06
2.737472,0.622000,-0.145000,-0.790000,1.985000,7.206000,1.511000,28.11
2.749931,0.645000,-0.123000,-0.765000,0.809000,9.618000,1.252000,28.01
2.757165,0.658000,-0.114000,-0.754000,0.427000,9.466000,1.374000,27.97
2.774442,0.667000,-0.120000,-0.739000,0.214000,10.305000,1.817000,27.97
2.776671,0.655000,-0.116000,-0.725000,1.420000,10.672000,2.137000,28.01
2.789186,0.655000,-0.120000,-0.748000,1.603000,12.916000,2.916000,28.11
2.796225,0.646000,-0.098000,-0.746000,2.092000,15.160000,3.588000,28.06
2.810587,0.644000,-0.100000,-0.741000,2.855000,17.939000,4.198000,28.01
2.815749,0.665000,-0.117000,-0.744000,3.557000,21.313000,5.115000,28.01
2.828196,0.632000,-0.118000,-0.774000,3.145000,27.344000,6.015000,28.06
2.835261,0.662000,-0.131000,-0.749000,5.634000,33.969000,7.466000,27.97
2.847750,0.612000,-0.141000,-0.729000,9.267000,34.229000,8.580000,28.11
2.860862,0.690000,-0.144000,-0.768000,14.275000,37.908000,8.458000,28.11
2.866976,0.604000,-0.023000,-0.859000,11.939000,49.420000,10.565000,27.97
2.879209,0.586000,-0.016000,-0.858000,12.321000,66.183000,12.702000,28.06
2.889821,0.570000,-0.076000,-0.902000,17.344000,75.481000,16.214000,28.11
2.898183,0.572000,-0.093000,-0.911000,18.046000,93.557000,19.832000,28.01
2.905603,0.617000,0.048000,-0.900000,27.664000,107.420000,25.099000,28.06
2.917520,0.839000,-0.260000,-0.972000,25.313000,129.649000,23.420000,28.11
2.933239,0.781000,-0.154000,-1.003000,7.710000,145.618000,29.374000,28.01
2.936715,0.787000,0.208000,-1.030000,8.962000,156.076000,38.290000,28.11
2.948967,0.779000,0.006000,-1.071000,16.214000,159.481000,45.634000,28.06
2.956611,0.552000,-0.058000,-0.908000,16.550000,159.130000,48.931000,28.01
2.968067,0.607000,0.230000,-1.304000,17.282000,145.359000,41.405000,28.01
2.975726,0.186000,0.391000,-1.469000,21.023000,109.023000,24.076000,27.97
2.987296,0.046000,0.351000,-1.596000,11.313000,79.206000,0.015000,28.06
2.999560,-0.083000,0.466000,-1.542000,6.885000,42.595000,-19.466000,28.11
3.006519,-0.127000,0.380000,-1.481000,2.031000,11.985000,-32.046000,28.11
3.018658,-0.081000,0.297000,-1.458000,-5.389000,-11.588000,-39.954000,28.06
3.026158,0.045000,0.207000,-1.410000,-14.183000,-35.969000,-41.985000,28.11
3.037657,0.147000,0.161000,-1.315000,-19.786000,-52.794000,-39.313000,28.01
3.049546,0.257000,0.106000,-1.205000,-22.916000,-65.588000,-34.260000,28.01
3.056437,0.365000,0.080000,-1.090000,-25.084000,-72.092000,-30.962000,28.06
3.071205,0.501000,0.064000,-0.997000,-25.542000,-77.679000,-27.115000,28.01
3.076296,0.584000,0.081000,-0.922000,-22.565000,-79.435000,-23.252000,28.01
3.087357,0.774000,-0.028000,-0.885000,-24.336000,-79.710000,-21.573000,28.06
3.099170,0.678000,-0.002000,-0.719000,-23.985000,-80.763000,-20.794000,28.06
3.106224,0.819000,-0.123000,-0.685000,-22.565000,-70.580000,-15.099000,28.01
3.118623,0.875000,-0.203000,-0.697000,-26.137000,-71.160000,-6.046000,28.11
3.130453,0.872000,-0.224000,-0.703000,-31.176000,-67.481000,3.908000,28.06
3.137234,0.768000,-0.226000,-0.646000,-34.092000,-63.389000,14.977000,28.01
3.149027,0.768000,-0.277000,-0.620000,-38.214000,-51.450000,23.618000,28.01
3.156248,0.823000,-0.329000,-0.607000,-43.695000,-42.336000,31.573000,28.15
3.168182,0.764000,-0.337000,-0.538000,-45.237000,-31.618000,37.847000,27.97
3.179948,0.844000,-0.403000,-0.542000,-47.893000,-20.244000,42.473000,28.01
3.186550,0.823000,-0.404000,-0.518000,-50.855000,-11.221000,44.901000,28.11
3.198963,0.850000,-0.336000,-0.389000,-44.000000,0.962000,43.069000,28.06
3.205811,0.945000,-0.335000,-0.419000,-33.542000,12.153000,38.214000,28.06
3.218020,0.833000,-0.265000,-0.568000,-28.000000,16.061000,29.756000,28.11
3.230438,0.662000,-0.149000,-0.776000,-28.153000,14.779000,21.252000,28.06
3.237122,0.564000,-0.028000,-0.828000,-14.962000,25.374000,13.511000,27.97
3.249446,0.567000,-0.070000,-0.843000,-8.260000,17.832000,8.519000,28.01
3.256763,0.597000,-0.178000,-0.903000,-9.328000,12.489000,0.489000,28.11
3.268694,0.531000,-0.105000,-0.934000,-10.718000,5.557000,-7.313000,28.15
3.275962,0.495000,-0.056000,-0.942000,-8.290000,0.611000,-15.420000,28.06
3.287902,0.501000,-0.099000,-0.957000,-3.802000,-4.885000,-22.702000,28.11
3.307286,0.569000,-0.138000,-1.028000,-3.954000,-6.107000,-31.557000,28.06
3.309134,0.677000,-0.191000,-1.124000,-16.427000,-18.214000,-48.595000,28.15
3.318572,0.723000,-0.092000,-1.136000,-30.489000,-37.649000,-70.763000,28.11
3.325840,0.801000,0.092000,-1.050000,-22.336000,-62.107000,-84.824000,27.92
3.337897,0.820000,0.180000,-0.800000,0.718000,-72.733000,-85.435000,27.97
3.349635,0.794000,-0.090000,-0.749000,20.168000,-75.282000,-81.481000,27.97
3.356577,0.965000,-0.327000,-0.760000,17.634000,-84.794000,-80.229000,28.11
3.368776,0.916000,-0.308000,-0.610000,8.046000,-94.229000,-72.840000,28.01
3.375746,0.830000,-0.299000,-0.490000,-0.931000,-86.595000,-61.603000,28.06
3.387390,0.754000,-0.322000,-0.374000,-3.252000,-75.985000,-51.405000,28.11
3.399507,0.854000,-0.343000,-0.292000,-3.298000,-67.313000,-42.305000,28.01
3.406662,0.861000,-0.338000,-0.236000,-2.977000,-62.870000,-34.626000,28.06
3.418453,0.899000,-0.329000,-0.218000,-5.160000,-55.374000,-29.832000,28.01
3.430125,1.043000,-0.434000,-0.009000,-10.489000,-52.992000,-24.305000,28.01
3.437220,1.047000,-0.432000,0.247000,-6.809000,-45.389000,-10.779000,28.01
3.449678,1.017000,-0.523000,0.639000,1.832000,-24.229000,9.359000,27.97
3.457474,1.047000,-0.622000,1.102000,11.282000,21.786000,35.099000,28.01
3.468652,1.469000,-0.963000,1.544000,10.901000,90.931000,61.191000,28.01
3.475738,2.698000,-1.149000,3.225000,-11.435000,163.420000,54.122000,28.06
3.487953,4.000000,0.976000,-0.112000,2.107000,295.145000,55.756000,28.06
3.500332,3.945000,0.859000,-1.360000,62.397000,-77.939000,-7.176000,28.01
3.507277,-1.146000,-0.382000,-0.666000,94.794000,-78.656000,82.947000,28.11
3.519513,0.759000,-0.553000,-1.537000,65.771000,105.466000,37.237000,27.97
3.526304,1.261000,-0.816000,-0.617000,52.870000,-41.740000,30.458000,28.11
3.538545,0.699000,-0.315000,-0.995000,6.031000,6.733000,4.122000,28.01
3.545832,0.865000,-0.215000,-0.733000,-9.282000,22.336000,-3.053000,27.97
3.557969,0.795000,-0.125000,-0.722000,-2.763000,1.679000,-2.763000,28.06
3.570106,0.721000,-0.175000,-0.743000,5.008000,0.550000,-2.840000,28.01
3.577389,0.734000,-0.164000,-0.711000,1.802000,-1.405000,-4.702000,28.01
3.589651,0.677000,-0.143000,-0.750000,-4.336000,3.847000,-5.511000,28.06
3.596655,0.721000,-0.096000,-0.737000,-7.099000,7.786000,-3.664000,28.06
3.608768,0.705000,-0.104000,-0.720000,-4.198000,6.916000,-1.771000,28.01
3.615987,0.698000,-0.130000,-0.702000,-2.687000,6.992000,-2.565000,28.06
3.628446,0.700000,-0.080000,-0.715000,-2.015000,7.252000,-2.305000,27.97
3.635850,0.681000,-0.080000,-0.710000,-2.748000,9.023000,-1.359000,28.01
3.647744,0.678000,-0.075000,-0.717000,-2.458000,9.847000,0.244000,28.11
3.659885,0.689000,-0.085000,-0.718000,-0.687000,8.992000,1.084000,28.06
3.667658,0.679000,-0.111000,-0.708000,0.351000,7.939000,1.359000,28.06
3.679743,0.684000,-0.115000,-0.708000,0.153000,7.802000,1.282000,28.01
3.686903,0.697000,-0.107000,-0.693000,-0.321000,7.237000,1.756000,28.06
3.699267,0.688000,-0.113000,-0.695000,-0.122000,6.870000,1.496000,28.06
3.706763,0.684000,-0.116000,-0.695000,-0.076000,5.878000,1.099000,28.11
3.718797,0.692000,-0.122000,-0.691000,0.076000,4.397000,1.099000,28.01
3.726006,0.680000,-0.090000,-0.685000,-0.061000,3.542000,1.160000,28.15
3.738397,0.681000,-0.106000,-0.691000,0.290000,2.794000,1.344000,28.06
3.745833,0.698000,-0.123000,-0.685000,0.336000,2.412000,1.176000,28.01
3.762331,0.681000,-0.122000,-0.700000,0.092000,1.115000,1.221000,28.01
3.764063,0.693000,-0.129000,-0.697000,-0.076000,0.794000,0.626000,27.97
3.777960,0.684000,-0.115000,-0.698000,0.153000,-0.214000,0.794000,28.01
3.789998,0.677000,-0.095000,-0.701000,-0.321000,1.893000,1.084000,28.11
3.797156,0.662000,-0.106000,-0.732000,0.504000,2.870000,1.435000,28.06
3.809581,0.670000,-0.109000,-0.697000,0.779000,4.901000,1.282000,27.97
3.816929,0.682000,-0.108000,-0.703000,0.947000,4.992000,0.977000,28.11
3.829255,0.685000,-0.122000,-0.720000,1.145000,5.420000,1.176000,28.11
3.840566,0.665000,-0.112000,-0.721000,0.382000,7.099000,0.794000,27.97
3.848909,0.686000,-0.102000,-0.715000,0.519000,7.481000,1.450000,28.06
3.856479,0.688000,-0.071000,-0.733000,1.084000,8.733000,2.412000,28.11
3.868631,0.691000,-0.065000,-0.733000,3.344000,10.916000,4.901000,27.92
3.876100,0.696000,-0.089000,-0.736000,4.366000,14.626000,7.298000,27.97
3.888138,0.685000,-0.082000,-0.737000,4.046000,16.351000,9.557000,28.06
3.900123,0.662000,-0.105000,-0.739000,4.748000,19.893000,10.870000,28.01
3.907631,0.645000,-0.116000,-0.751000,3.252000,23.542000,11.237000,27.97
3.919754,0.631000,-0.024000,-0.776000,2.412000,34.992000,13.450000,28.06
3.927156,0.606000,-0.034000,-0.792000,5.954000,40.885000,18.183000,28.01
3.939052,0.591000,-0.140000,-0.839000,6.550000,52.550000,20.763000,28.01
3.946228,0.657000,-0.140000,-0.798000,8.351000,64.198000,17.756000,28.06
3.958330,0.566000,-0.059000,-0.889000,14.153000,83.328000,20.611000,28.06
3.964005,0.604000,-0.099000,-0.955000,13.115000,105.313000,29.496000,27.92
3.977254,0.711000,-0.026000,-0.957000,23.771000,123.557000,35.328000,28.11
3.989419,0.698000,0.050000,-1.017000,11.130000,144.397000,39.481000,27.97
3.996528,0.676000,0.166000,-1.255000,0.183000,168.290000,50.641000,28.06
4.008869,0.819000,0.271000,-1.416000,-1.557000,191.542000,64.580000,28.11
4.016086,0.593000,0.247000,-1.476000,2.427000,206.000000,76.214000,27.97
4.028082,0.301000,0.746000,-2.318000,2.962000,178.519000,59.557000,28.06
4.040291,-0.849000,1.359000,-2.950000,18.397000,106.809000,25.832000,28.01
4.047191,-1.493000,1.533000,-3.238000,19.802000,47.481000,-20.076000,28.01
4.059240,-1.612000,1.410000,-3.391000,2.962000,-26.489000,-55.252000,27.97
4.066054,-1.561000,1.039000,-3.285000,-16.962000,-100.763000,-64.046000,28.06
4.081100,-1.311000,0.658000,-3.034000,-41.328000,-160.977000,-51.649000,28.01
4.090845,-0.583000,0.102000,-2.915000,-77.847000,-201.450000,-33.435000,28.01
4.099210,-0.223000,0.209000,-2.303000,-96.076000,-249.023000,-15.313000,28.06
4.108517,0.793000,-0.077000,-1.899000,-95.573000,-247.420000,5.557000,28.06
4.120180,1.183000,-0.429000,-1.021000,-82.733000,-233.939000,45.221000,28.11
4.127455,3.206000,-0.957000,2.444000,23.420000,-121.756000,69.786000,28.06
4.139732,4.000000,-3.059000,3.363000,8.824000,56.534000,43.511000,27.97
4.148694,1.769000,-0.900000,0.382000,-19.145000,37.649000,-6.794000,28.01
4.158960,0.371000,0.346000,-0.683000,-21.740000,20.397000,-20.840000,28.11
4.165874,0.324000,-0.132000,-1.193000,-32.977000,33.221000,-27.542000,28.06
4.177764,0.397000,-0.437000,-1.287000,-42.290000,-21.496000,-39.832000,28.06
4.189443,0.403000,-0.458000,-0.686000,-16.977000,-41.664000,-47.618000,28.11
4.196631,1.019000,-1.101000,0.233000,4.565000,-34.962000,-28.137000,28.01
4.208678,1.709000,-1.635000,0.809000,-10.443000,-29.832000,-9.511000,28.06
4.215792,1.956000,-1.566000,1.442000,-22.656000,1.221000,25.450000,28.06
4.227883,2.223000,-1.147000,1.579000,-28.473000,39.420000,57.496000,28.01
4.239978,2.841000,-1.104000,1.291000,-36.046000,32.824000,49.969000,27.97
4.248904,2.675000,-0.598000,1.741000,-16.504000,8.947000,28.443000,28.06
4.261016,3.311000,-0.580000,2.511000,5.023000,24.244000,5.282000,28.01
4.266886,2.474000,-0.401000,-0.186000,2.809000,-12.046000,-6.641000,28.01
4.278883,-0.083000,0.006000,-1.037000,6.962000,-63.618000,-0.458000,28.06
4.285991,0.854000,0.421000,-0.724000,-3.038000,-14.702000,6.672000,28.06
4.298288,0.576000,-0.372000,-0.957000,6.427000,-38.443000,9.008000,28.01
4.314837,0.639000,-0.325000,-0.868000,3.878000,-15.160000,0.870000,28.11
4.321099,0.672000,-0.264000,-0.823000,3.420000,-13.802000,-2.779000,27.97
4.330712,0.698000,-0.267000,-0.770000,-7.908000,-0.870000,-7.588000,28.01
4.336003,0.664000,-0.205000,-0.785000,-14.122000,6.015000,-11.053000,28.11
4.348362,0.659000,-0.122000,-0.757000,-12.870000,7.130000,-10.626000,28.06
4.363229,0.714000,-0.090000,-0.709000,-9.740000,10.061000,-6.412000,28.01
4.367394,0.742000,-0.143000,-0.664000,-9.511000,6.366000,-4.870000,27.92
4.379997,0.738000,-0.050000,-0.707000,-10.641000,6.809000,-4.580000,27.97
4.387069,0.742000,-0.005000,-0.707000,-8.840000,8.916000,-0.718000,28.06
4.400444,0.696000,-0.035000,-0.734000,-4.366000,8.519000,3.115000,28.11
4.406652,0.685000,-0.038000,-0.719000,0.275000,9.924000,5.664000,28.01
4.419175,0.671000,-0.089000,-0.720000,1.588000,12.443000,6.443000,28.06
4.426310,0.655000,-0.075000,-0.740000,1.267000,16.366000,6.870000,28.06
4.438626,0.658000,-0.061000,-0.731000,2.550000,21.176000,9.053000,28.01
4.446069,0.649000,-0.074000,-0.764000,4.382000,24.534000,11.221000,28.01
4.458126,0.649000,-0.076000,-0.763000,7.160000,30.687000,11.954000,28.06
4.472286,0.666000,-0.041000,-0.731000,7.115000,38.443000,14.580000,27.92
4.477463,0.629000,-0.085000,-0.759000,6.733000,44.489000,16.870000,28.01
4.489406,0.629000,-0.135000,-0.774000,11.176000,51.374000,16.916000,28.06
4.496354,0.644000,-0.187000,-0.761000,12.153000,56.794000,16.214000,28.06
4.508750,0.675000,-0.298000,-0.733000,6.260000,61.069000,15.084000,28.11
4.517555,0.587000,-0.087000,-0.857000,17.359000,77.038000,14.229000,28.01
4.528204,0.708000,-0.358000,-0.844000,24.504000,98.458000,7.649000,28.06
4.540286,0.658000,-0.143000,-0.936000,30.870000,122.962000,4.122000,28.06
4.547206,0.660000,-0.140000,-1.048000,40.992000,159.740000,3.389000,28.01
4.559251,0.477000,-0.021000,-1.254000,51.221000,197.908000,3.099000,28.06
4.567221,0.752000,-0.097000,-1.254000,57.053000,242.183000,3.191000,28.06
4.578610,1.041000,-0.069000,-1.228000,59.603000,266.458000,0.458000,28.11
4.586049,0.949000,-0.095000,-1.035000,70.702000,279.160000,2.260000,28.11
4.598001,1.241000,-0.197000,-1.209000,75.160000,285.115000,4.427000,28.06
4.610007,1.229000,0.085000,-1.152000,80.702000,245.802000,22.076000,28.06
4.616924,0.991000,0.220000,-1.135000,111.389000,224.427000,24.519000,28.01
4.629275,0.962000,0.526000,-1.805000,116.794000,190.916000,10.855000,28.01
4.635947,-0.095000,1.592000,-2.655000,130.336000,78.855000,-45.832000,28.15
4.648169,-1.000000,1.756000,-2.753000,129.908000,10.855000,-99.847000,28.06
4.659836,-1.250000,1.295000,-2.827000,105.496000,-35.725000,-122.885000,27.92
4.666609,-1.277000,0.660000,-2.979000,65.130000,-122.580000,-95.740000,27.97
4.678503,-1.426000,0.302000,-2.958000,9.557000,-178.519000,-50.519000,27.97
4.684388,-1.151000,0.085000,-2.893000,-50.000000,-229.466000,-8.244000,28.01
4.697147,0.133000,-0.047000,-2.566000,-98.473000,-281.756000,27.313000,28.01
4.709054,0.314000,0.118000,-2.109000,-105.832000,-349.160000,46.427000,28.06
4.715999,0.623000,0.099000,-1.776000,-111.542000,-343.023000,46.092000,27.97
4.727963,0.854000,0.164000,-1.647000,-129.511000,-331.405000,29.725000,28.11
4.739909,1.385000,0.277000,-1.372000,-136.122000,-323.450000,4.885000,28.11
4.746553,2.062000,0.354000,-1.244000,-104.779000,-308.321000,11.496000,28.06
4.758640,1.991000,-0.485000,-0.624000,-97.313000,-239.481000,22.824000,28.01
4.765222,2.714000,-1.484000,3.453000,-2.244000,-118.962000,36.183000,28.01
4.777816,3.952000,-2.133000,1.917000,0.901000,66.092000,-21.878000,28.06
4.789738,2.670000,-1.331000,-0.118000,-55.542000,20.504000,-78.794000,28.06
4.796304,1.797000,-0.187000,-0.953000,-94.901000,-57.573000,-107.267000,28.11
4.808189,0.843000,0.155000,-1.058000,-75.298000,-95.038000,-121.389000,28.01
4.820059,0.305000,0.090000,-0.836000,-13.542000,-121.557000,-119.435000,28.06
4.826684,0.185000,-0.463000,-0.587000,34.763000,-119.802000,-109.817000,27.97
4.838711,0.181000,-0.955000,-0.377000,38.153000,-115.359000,-100.031000,28.01
4.846795,0.664000,-1.165000,-0.229000,18.763000,-88.885000,-81.069000,28.01
4.857650,1.097000,-1.094000,-0.138000,-6.718000,-69.573000,-48.992000,28.06
4.872335,1.476000,-1.096000,-0.040000,-30.031000,-64.962000,-13.221000,28.01
4.878076,1.678000,-0.981000,0.191000,-36.641000,-81.573000,21.527000,28.01
4.888506,1.580000,-0.796000,0.588000,-31.420000,-85.893000,52.519000,28.06
4.895374,1.810000,-0.855000,1.035000,-40.382000,-66.763000,63.023000,27.97
4.907521,2.279000,-1.134000,1.759000,-54.595000,-29.863000,70.275000,28.01
4.919653,2.910000,-0.960000,3.406000,-48.626000,46.244000,83.145000,28.11
4.926875,2.799000,-0.052000,2.955000,-25.405000,214.290000,76.214000,27.87
4.938672,4.000000,1.527000,-2.391000,-43.817000,117.237000,-45.450000,28.06
4.946080,0.267000,1.230000,-0.774000,52.366000,-55.969000,-1.679000,28.01
4.957898,0.219000,-0.277000,-0.940000,77.817000,138.427000,21.832000,27.97
4.969808,1.384000,-0.535000,-0.942000,63.954000,35.130000,27.924000,28.06
4.977177,0.787000,-0.130000,-0.694000,56.702000,15.557000,29.832000,27.92
4.989201,0.781000,0.022000,-0.856000,33.847000,61.374000,23.435000,28.01
4.996337,0.772000,-0.372000,-0.815000,35.145000,37.389000,28.931000,28.06
5.011045,0.913000,-0.348000,-0.852000,34.702000,29.237000,26.260000,28.06
5.015707,0.851000,-0.271000,-0.837000,36.656000,1.863000,21.618000,28.01
5.027836,0.709000,-0.313000,-0.865000,20.382000,9.985000,14.458000,28.01
5.040431,0.740000,-0.258000,-0.839000,4.702000,13.069000,8.031000,27.97
5.048142,0.645000,-0.112000,-0.790000,0.718000,11.344000,3.908000,27.97
5.059643,0.542000,0.002000,-0.740000,5.053000,12.260000,5.756000,28.11
5.067191,0.518000,0.027000,-0.747000,11.679000,19.420000,7.771000,27.97
5.079064,0.678000,-0.068000,-0.714000,13.786000,24.443000,8.443000,27.97
5.086194,0.681000,0.006000,-0.686000,17.374000,20.366000,12.076000,28.01
5.098324,0.703000,-0.011000,-0.712000,22.595000,20.366000,15.939000,28.01
5.105503,0.668000,-0.123000,-0.724000,24.321000,17.115000,17.313000,27.97
5.117598,0.691000,-0.237000,-0.730000,15.985000,12.489000,11.802000,27.97
5.129750,0.658000,-0.160000,-0.759000,10.779000,10.321000,8.107000,27.92
5.136709,0.702000,-0.198000,-0.751000,6.046000,12.473000,4.840000,28.01
5.149344,0.633000,-0.125000,-0.676000,3.084000,10.397000,0.656000,28.06
5.156161,0.664000,-0.104000,-0.731000,-3.099000,-23.802000,3.634000,27.92
5.168837,0.654000,-0.102000,-0.771000,4.107000,16.336000,1.802000,28.11
5.175755,0.702000,-0.104000,-0.700000,0.626000,20.305000,2.504000,27.97
5.187919,0.705000,-0.113000,-0.703000,-6.305000,12.565000,2.901000,27.92
5.194941,0.677000,-0.108000,-0.716000,4.198000,16.611000,3.176000,28.11
5.207549,0.706000,-0.162000,-0.704000,6.198000,15.649000,3.511000,28.01
5.219768,0.708000,-0.159000,-0.715000,-0.901000,-9.130000,4.427000,27.97
5.227038,0.671000,-0.149000,-0.726000,1.267000,1.359000,3.496000,27.97
5.239434,0.659000,-0.117000,-0.731000,3.756000,16.916000,3.847000,28.01
5.246481,0.662000,-0.146000,-0.716000,1.924000,6.153000,4.611000,28.01
5.259166,0.648000,-0.124000,-0.730000,0.931000,17.359000,4.214000,27.97
5.266275,0.655000,-0.128000,-0.754000,0.046000,12.901000,4.855000,28.01
5.278522,0.659000,-0.119000,-0.727000,0.779000,17.664000,4.824000,27.92
5.285905,0.694000,-0.113000,-0.706000,0.733000,20.153000,5.450000,27.97
5.298094,0.679000,-0.116000,-0.711000,0.611000,21.267000,6.656000,28.01
5.305202,0.698000,-0.127000,-0.696000,0.748000,22.275000,7.542000,28.01
5.317616,0.672000,-0.124000,-0.707000,4.260000,24.763000,8.443000,28.01
5.329766,0.670000,-0.095000,-0.716000,7.573000,27.206000,10.855000,27.97
5.337163,0.647000,-0.080000,-0.719000,11.221000,33.557000,15.053000,27.92
5.349260,0.615000,-0.137000,-0.747000,11.466000,31.740000,17.557000,28.01
5.356269,0.682000,-0.139000,-0.709000,9.786000,35.756000,18.473000,28.06
5.368776,0.673000,-0.104000,-0.771000,8.885000,45.115000,20.336000,27.97
5.375649,0.682000,-0.074000,-0.789000,6.519000,53.450000,22.550000,28.11
5.387667,0.589000,-0.131000,-0.873000,18.962000,67.252000,25.664000,27.97
5.400109,0.638000,-0.124000,-0.959000,22.168000,94.702000,27.679000,28.06
5.407044,0.615000,-0.033000,-1.029000,27.847000,115.985000,31.603000,28.01
5.419530,0.809000,0.015000,-0.984000,27.176000,151.130000,38.931000,27.92
5.426213,0.839000,0.033000,-1.052000,23.481000,159.267000,47.634000,27.97
5.438292,0.890000,0.074000,-0.945000,28.168000,164.290000,53.420000,28.06
5.445857,1.021000,-0.030000,-0.900000,18.947000,164.687000,59.176000,28.01
5.457630,0.955000,0.092000,-0.821000,27.237000,155.832000,62.534000,28.01
5.469371,1.068000,-0.099000,-0.909000,35.740000,149.237000,70.702000,28.06
5.476896,0.712000,0.273000,-1.342000,44.595000,120.489000,66.977000,27.92
5.488912,0.011000,0.944000,-1.868000,49.069000,75.603000,34.153000,27.92
5.495874,-0.475000,1.268000,-1.979000,41.649000,28.550000,-18.733000,27.97
5.509282,-0.579000,1.301000,-2.030000,31.511000,-13.481000,-65.252000,28.06
5.519510,-0.479000,0.990000,-1.928000,22.809000,-45.359000,-91.053000,28.01
5.526972,-0.238000,0.498000,-1.698000,9.328000,-69.588000,-92.397000,28.01
5.538920,0.027000,0.163000,-1.485000,-8.534000,-77.832000,-78.275000,28.06
5.545787,0.324000,-0.062000,-1.249000,-21.145000,-81.588000,-53.695000,28.01
5.557736,0.526000,-0.177000,-1.052000,-27.588000,-80.092000,-26.794000,28.01
5.569281,0.835000,-0.368000,-1.003000,-41.939000,-78.580000,-4.687000,28.06
5.576379,0.869000,-0.358000,-0.862000,-58.763000,-80.534000,10.626000,28.01
5.588630,0.890000,-0.221000,-0.766000,-70.519000,-72.107000,14.412000,28.11
5.595393,0.814000,-0.114000,-0.710000,-73.863000,-67.344000,13.863000,28.01
5.607149,0.654000,-0.058000,-0.731000,-69.863000,-59.878000,9.252000,28.06
5.619521,0.654000,-0.103000,-0.786000,-64.733000,-56.504000,3.435000,28.01
5.626527,0.586000,-0.116000,-0.836000,-57.863000,-58.382000,-1.069000,28.01
5.638127,0.534000,-0.181000,-0.874000,-53.420000,-59.130000,-2.672000,27.97
5.643989,0.509000,-0.152000,-0.950000,-48.412000,-58.336000,-3.939000,27.97
5.657300,0.541000,-0.150000,-0.961000,-44.962000,-62.382000,-6.656000,28.01
5.669308,0.619000,-0.164000,-0.969000,-43.130000,-66.931000,-10.809000,28.01
5.675922,0.565000,-0.144000,-0.928000,-39.573000,-70.672000,-13.282000,27.97
5.687993,0.623000,-0.188000,-0.923000,-32.687000,-66.870000,-7.405000,28.01
5.700167,0.677000,-0.355000,-0.720000,-28.290000,-61.832000,2.565000,27.92
5.707121,0.879000,-0.363000,-0.410000,-14.702000,-42.366000,2.870000,27.97
5.721296,1.251000,-0.369000,0.045000,0.473000,-16.977000,-3.359000,27.97
5.725954,1.468000,-0.539000,-0.179000,11.893000,17.313000,-23.847000,28.01
5.737911,1.320000,-0.331000,-0.545000,-10.275000,-12.397000,-47.557000,28.01
5.750302,0.922000,0.076000,-0.767000,-12.489000,-25.740000,-70.183000,27.97
5.756921,0.754000,0.213000,-0.953000,3.145000,-40.580000,-76.061000,27.92
5.769325,0.586000,0.086000,-1.052000,10.260000,-62.366000,-76.595000,28.11
5.776316,0.443000,-0.004000,-1.007000,13.832000,-70.901000,-77.924000,28.06
5.787926,0.509000,-0.072000,-0.950000,20.321000,-75.481000,-75.649000,27.97
5.800211,0.552000,-0.216000,-0.878000,18.427000,-71.802000,-71.435000,28.01
5.807018,0.690000,-0.260000,-0.876000,11.328000,-72.779000,-64.229000,27.92
5.819033,0.731000,-0.293000,-0.798000,3.740000,-75.847000,-51.023000,27.97
5.825897,0.745000,-0.329000,-0.807000,-4.473000,-73.435000,-38.198000,27.97
5.837756,0.812000,-0.315000,-0.801000,-16.229000,-78.336000,-28.748000,28.01
5.849739,0.821000,-0.290000,-0.806000,-31.542000,-81.450000,-20.595000,27.97
5.856823,0.836000,-0.221000,-0.738000,-41.344000,-89.023000,-12.427000,27.97
5.875129,0.802000,-0.223000,-0.631000,-47.023000,-89.267000,-6.473000,28.11
5.876395,0.781000,-0.219000,-0.570000,-52.061000,-85.939000,-2.672000,27.92
5.887496,0.787000,-0.182000,-0.516000,-54.947000,-80.153000,-0.427000,28.06
5.899484,0.835000,-0.140000,-0.548000,-57.267000,-74.076000,-1.969000,28.06
5.906692,0.839000,-0.111000,-0.551000,-58.534000,-74.275000,-5.267000,27.92
5.918005,0.825000,-0.037000,-0.470000,-53.420000,-74.321000,-7.069000,28.01
5.925039,0.765000,-0.084000,-0.394000,-46.198000,-68.504000,-8.855000,27.97
5.937074,0.806000,-0.163000,-0.344000,-44.809000,-60.870000,-13.008000,27.97
5.948899,0.839000,-0.148000,-0.235000,-42.565000,-51.191000,-15.008000,28.01
5.957017,0.882000,-0.187000,-0.167000,-37.847000,-40.947000,-18.870000,27.97
5.967731,1.024000,-0.222000,0.005000,-27.649000,-37.405000,-24.809000,27.97
5.980435,1.097000,-0.245000,0.281000,-7.267000,-25.618000,-29.374000,28.01
5.992505,1.154000,-0.283000,0.572000,17.649000,0.718000,-37.527000,28.11
5.999092,1.349000,-0.385000,0.931000,45.954000,35.603000,-49.527000,27.97
6.006379,1.709000,-0.679000,1.500000,80.519000,82.595000,-53.191000,27.97
6.017984,2.013000,-0.789000,2.197000,117.954000,148.046000,-47.023000,28.01
6.029937,1.600000,-0.976000,-1.236000,92.809000,218.901000,-48.565000,27.92
6.037072,2.438000,-1.324000,-2.099000,76.992000,76.153000,32.275000,27.97
6.049367,0.736000,-0.770000,-0.676000,47.191000,92.565000,78.763000,27.97
6.058744,1.300000,-0.246000,-1.054000,31.237000,147.527000,26.275000,27.92
6.068632,1.293000,0.070000,-0.972000,40.382000,75.924000,-6.321000,27.97
6.075661,1.006000,0.128000,-0.930000,29.924000,100.244000,5.679000,28.01
6.087839,1.382000,-0.152000,-0.753000,23.191000,63.053000,24.061000,28.01
6.100082,0.698000,-0.019000,-0.654000,35.802000,36.076000,23.573000,28.01
6.106815,0.722000,-0.128000,-0.808000,37.389000,48.977000,22.947000,28.06
6.119108,1.114000,-0.216000,-0.838000,33.878000,29.435000,27.664000,27.97
6.126182,0.931000,-0.216000,-0.794000,24.153000,19.786000,20.107000,27.92
6.138479,0.724000,-0.278000,-0.863000,19.710000,11.603000,15.649000,28.01
6.145352,0.734000,-0.155000,-0.806000,16.000000,12.244000,10.641000,27.97
6.157791,0.732000,-0.105000,-0.787000,11.908000,8.901000,7.802000,28.01
6.169926,0.687000,-0.088000,-0.784000,9.389000,12.534000,7.756000,28.11
6.177196,0.675000,-0.067000,-0.756000,10.443000,11.466000,8.412000,27.97
6.189677,0.687000,-0.088000,-0.739000,12.702000,9.374000,8.947000,28.01
6.196846,0.677000,-0.080000,-0.732000,13.450000,8.962000,8.824000,28.01
6.209040,0.668000,-0.094000,-0.735000,13.191000,10.519000,9.008000,27.92
6.216067,0.669000,-0.125000,-0.733000,12.611000,10.321000,8.962000,27.97
6.228695,0.659000,-0.128000,-0.745000,12.412000,8.992000,9.023000,28.06
6.235507,0.661000,-0.130000,-0.730000,12.168000,7.969000,8.733000,28.01
6.248115,0.619000,-0.103000,-0.728000,11.588000,7.618000,9.176000,28.06
6.253841,0.659000,-0.115000,-0.717000,13.237000,4.656000,9.466000,27.97
6.267573,0.770000,-0.077000,-0.687000,17.542000,0.947000,6.565000,28.01
6.279633,0.716000,-0.134000,-0.733000,19.664000,-49.405000,9.282000,28.11
6.287600,0.625000,-0.145000,-0.750000,11.282000,30.489000,3.924000,27.97
6.298795,0.679000,-0.135000,-0.711000,-4.504000,14.458000,4.840000,28.01
6.306239,0.663000,-0.134000,-0.717000,3.267000,12.168000,4.046000,28.01
6.318651,0.670000,-0.129000,-0.704000,9.359000,9.359000,3.847000,27.97
6.325788,0.665000,-0.118000,-0.708000,1.267000,-15.527000,5.740000,27.97
6.337981,0.661000,-0.135000,-0.717000,4.000000,-9.115000,5.160000,28.01
6.345855,0.614000,-0.078000,-0.716000,8.840000,10.885000,3.863000,28.01
6.357944,0.622000,-0.120000,-0.748000,3.878000,0.534000,4.702000,27.97
6.369872,0.649000,-0.187000,-0.759000,2.534000,13.252000,3.344000,27.97
6.377277,0.673000,-0.155000,-0.733000,3.328000,4.565000,3.099000,27.92
6.389876,0.662000,-0.151000,-0.759000,3.053000,5.618000,2.794000,28.06
6.396865,0.654000,-0.133000,-0.770000,2.336000,10.992000,2.748000,27.97
6.409354,0.629000,-0.138000,-0.760000,1.847000,12.626000,3.649000,28.01
6.416892,0.661000,-0.141000,-0.749000,1.359000,17.542000,4.031000,27.92
6.428757,0.615000,-0.123000,-0.803000,1.252000,21.771000,6.015000,28.06
6.441493,0.635000,-0.119000,-0.762000,2.076000,34.427000,9.466000,27.97
6.448182,0.622000,-0.166000,-0.757000,5.130000,33.298000,8.672000,28.11
6.457761,0.620000,-0.111000,-0.782000,4.763000,37.985000,9.038000,27.92
6.467827,0.604000,-0.080000,-0.827000,6.550000,52.489000,13.344000,27.97
6.480089,0.638000,-0.157000,-0.780000,15.176000,67.084000,16.947000,28.01
6.487087,0.466000,-0.011000,-0.953000,17.985000,71.084000,17.542000,28.01
6.498924,0.522000,-0.073000,-0.940000,14.382000,91.802000,19.863000,28.06
6.508627,0.560000,0.023000,-0.906000,6.046000,110.473000,24.351000,27.97
6.520571,0.694000,-0.073000,-0.920000,15.481000,134.611000,35.069000,28.01
6.525400,0.572000,0.073000,-1.126000,3.160000,160.107000,49.435000,28.01
6.537651,0.851000,0.115000,-1.071000,-10.962000,170.748000,60.336000,28.06
6.549644,0.778000,0.089000,-1.016000,-9.450000,163.969000,67.252000,28.06
6.556723,0.389000,0.571000,-1.556000,-3.725000,144.595000,61.954000,28.01
6.568952,-0.184000,0.866000,-1.949000,8.763000,93.435000,37.389000,27.92
6.576451,-0.375000,1.064000,-2.131000,7.405000,43.924000,5.023000,27.97
6.588255,-0.494000,1.094000,-2.128000,2.382000,-5.115000,-27.405000,27.92
6.603495,-0.400000,0.872000,-2.006000,-6.275000,-37.344000,-46.351000,28.01
6.607077,-0.223000,0.604000,-1.841000,-18.626000,-64.122000,-47.832000,27.97
6.618941,0.057000,0.311000,-1.652000,-34.107000,-78.901000,-36.748000,27.97
6.626064,0.192000,0.072000,-1.418000,-48.702000,-86.977000,-19.420000,28.01
6.639653,0.378000,-0.110000,-1.187000,-61.466000,-83.145000,-4.000000,28.01
6.649926,0.503000,-0.284000,-1.015000,-69.099000,-80.580000,14.916000,27.97
6.657041,0.663000,-0.477000,-0.854000,-73.176000,-71.176000,34.473000,27.97
6.668788,0.693000,-0.529000,-0.686000,-75.939000,-60.718000,50.214000,28.01
6.675924,0.830000,-0.582000,-0.588000,-75.481000,-43.282000,61.802000,28.01
6.687922,0.848000,-0.616000,-0.439000,-74.000000,-28.626000,65.267000,27.97
6.699783,0.919000,-0.615000,-0.383000,-67.832000,-15.115000,63.573000,27.97
6.706696,0.899000,-0.596000,-0.359000,-57.313000,-5.267000,56.382000,27.92
6.718855,0.968000,-0.603000,-0.293000,-42.534000,6.504000,43.313000,27.97
6.726150,0.979000,-0.575000,-0.389000,-32.412000,11.740000,25.511000,28.06
6.739026,0.792000,-0.377000,-0.538000,-19.573000,9.206000,7.008000,28.01
6.750804,0.663000,-0.257000,-0.667000,-5.099000,4.183000,-10.580000,28.01
6.757488,0.638000,-0.202000,-0.745000,8.504000,-2.809000,-24.519000,27.97
6.769229,0.596000,-0.156000,-0.771000,20.473000,-11.130000,-37.282000,27.87
6.776283,0.661000,-0.161000,-0.833000,25.496000,-14.992000,-50.458000,28.01
6.788079,0.667000,-0.128000,-0.835000,35.847000,-30.443000,-62.733000,28.01
6.800140,0.610000,-0.022000,-0.865000,36.901000,-22.229000,-72.550000,28.06
6.807260,0.628000,0.022000,-0.881000,44.901000,-33.725000,-79.664000,28.01
6.819381,0.605000,0.012000,-0.893000,46.733000,-30.977000,-84.809000,28.01
6.826203,0.579000,0.052000,-0.821000,48.840000,-35.405000,-85.099000,27.97
6.838411,0.641000,0.037000,-0.796000,47.511000,-29.695000,-81.969000,27.97
6.850239,0.785000,-0.066000,-0.821000,37.557000,-29.954000,-77.588000,28.01
6.856986,0.808000,-0.090000,-0.956000,23.863000,-38.443000,-66.641000,27.92
6.869223,0.720000,-0.080000,-1.099000,9.496000,-55.527000,-55.160000,27.97
6.876549,0.697000,-0.115000,-1.120000,-8.870000,-72.382000,-44.382000,28.11
6.888140,0.661000,-0.087000,-1.104000,-23.893000,-88.107000,-32.733000,28.01
6.899957,0.534000,-0.045000,-0.887000,-27.267000,-94.840000,-17.664000,28.06
6.906810,0.661000,-0.207000,-0.765000,-32.885000,-86.626000,-7.710000,28.01
6.918711,0.690000,-0.293000,-0.612000,-46.962000,-73.878000,-1.542000,28.01
6.925933,0.813000,-0.280000,-0.574000,-60.076000,-66.626000,2.916000,28.01
6.937766,0.922000,-0.263000,-0.492000,-66.198000,-66.107000,6.366000,27.97
6.950008,0.876000,-0.243000,-0.451000,-67.008000,-60.412000,8.260000,28.06
6.956780,0.873000,-0.239000,-0.494000,-66.321000,-54.519000,5.725000,28.01
6.968946,0.942000,-0.271000,-0.441000,-65.725000,-56.061000,0.992000,27.97
6.975948,0.953000,-0.245000,-0.406000,-61.847000,-57.603000,-1.771000,28.06
6.987785,0.955000,-0.235000,-0.294000,-53.603000,-57.328000,-3.542000,27.92
6.999796,0.864000,-0.235000,-0.206000,-42.351000,-52.733000,-5.679000,27.92
7.006641,0.899000,-0.281000,-0.102000,-30.901000,-45.542000,-10.351000,28.06
7.018495,1.010000,-0.322000,0.083000,-19.374000,-34.076000,-16.916000,27.92
7.025842,1.125000,-0.346000,0.400000,-2.962000,-24.321000,-18.122000,27.92
7.038018,1.113000,-0.382000,0.793000,15.802000,10.168000,-17.802000,27.92
7.050062,1.379000,-0.664000,1.218000,33.740000,59.084000,-22.153000,27.97
7.057035,1.868000,-0.685000,1.830000,56.656000,116.015000,-24.458000,28.01
7.069432,1.884000,-1.099000,2.457000,68.595000,184.214000,-12.916000,27.92
7.076133,2.899000,-0.662000,-1.614000,29.756000,216.641000,3.176000,27.97
7.088998,1.958000,-0.491000,-1.689000,35.771000,10.260000,42.092000,27.97
7.094159,1.354000,0.347000,-0.590000,46.840000,76.733000,54.534000,28.01
7.107714,1.351000,0.138000,-0.826000,72.824000,24.855000,26.000000,27.92
7.119805,0.427000,-0.846000,-0.873000,58.336000,8.580000,30.183000,27.97
7.127011,0.680000,-0.296000,-0.903000,36.122000,36.519000,34.550000,27.92
7.139174,1.067000,0.016000,-0.697000,30.672000,11.954000,22.580000,28.01
7.146684,0.805000,-0.502000,-0.882000,25.298000,4.397000,21.298000,28.06
7.161597,0.807000,-0.304000,-0.808000,17.130000,-2.290000,13.450000,27.97
7.165054,0.668000,-0.225000,-0.829000,10.305000,-2.321000,4.748000,28.11
7.177350,0.667000,-0.293000,-0.805000,-2.489000,4.840000,-2.412000,28.01
7.189813,0.719000,-0.120000,-0.748000,-8.794000,6.092000,-7.847000,27.97
7.196880,0.671000,-0.044000,-0.753000,-7.282000,6.504000,-7.176000,28.06
7.209204,0.687000,-0.025000,-0.732000,-2.473000,9.023000,-4.336000,27.92
7.216196,0.685000,-0.033000,-0.733000,0.733000,9.008000,-1.267000,27.97
7.229060,0.680000,-0.012000,-0.719000,3.298000,9.908000,1.817000,28.06
7.236227,0.686000,-0.029000,-0.707000,5.771000,10.076000,4.916000,28.01
7.248587,0.671000,-0.078000,-0.719000,7.374000,9.450000,6.366000,27.92
7.255644,0.647000,-0.133000,-0.727000,7.649000,8.641000,5.618000,27.97
7.268005,0.654000,-0.158000,-0.724000,6.702000,8.794000,4.076000,27.97
7.275653,0.656000,-0.140000,-0.699000,4.031000,8.107000,2.153000,28.01
7.287814,0.640000,-0.105000,-0.723000,3.023000,7.740000,1.084000,28.01
7.300148,0.689000,-0.036000,-0.742000,-17.679000,-1.557000,3.160000,27.97
7.307050,0.637000,-0.068000,-0.764000,13.603000,-0.534000,1.863000,28.01
7.319408,0.665000,-0.114000,-0.693000,-4.351000,25.344000,0.779000,27.92
7.326343,0.701000,-0.128000,-0.679000,-1.344000,-5.817000,2.855000,28.06
7.338655,0.657000,-0.105000,-0.730000,6.137000,2.427000,3.298000,27.97
7.346211,0.663000,-0.105000,-0.736000,6.687000,13.069000,3.511000,28.01
7.358205,0.650000,-0.121000,-0.760000,2.229000,-14.061000,5.954000,28.01
7.365334,0.628000,-0.086000,-0.745000,3.130000,-3.908000,5.802000,27.97
7.377800,0.626000,-0.096000,-0.751000,3.053000,18.061000,5.634000,28.01
7.390224,0.666000,-0.125000,-0.730000,1.557000,16.458000,4.992000,28.11
7.397514,0.669000,-0.107000,-0.745000,3.908000,22.015000,4.840000,27.97
7.409651,0.647000,-0.105000,-0.754000,5.221000,20.290000,5.832000,27.92
7.417027,0.638000,-0.161000,-0.793000,2.794000,19.756000,6.504000,27.92
7.429197,0.688000,-0.124000,-0.747000,1.649000,26.550000,7.115000,28.01
7.436535,0.714000,-0.124000,-0.727000,0.656000,30.931000,7.221000,27.97
7.448609,0.612000,-0.094000,-0.798000,-1.756000,33.053000,10.427000,27.97
7.455822,0.604000,-0.157000,-0.815000,-4.260000,41.969000,13.405000,28.01
7.467880,0.607000,-0.197000,-0.819000,-11.466000,63.176000,11.557000,27.97
7.479991,0.607000,-0.198000,-0.896000,-5.328000,70.718000,5.832000,27.87
7.487306,0.565000,-0.112000,-0.965000,-9.267000,85.603000,5.863000,28.01
7.499195,0.426000,0.167000,-1.119000,2.351000,116.214000,10.962000,27.92
7.506671,0.529000,-0.295000,-0.973000,8.534000,136.519000,9.969000,28.06
7.518650,0.698000,-0.083000,-0.953000,-1.802000,157.191000,14.672000,27.92
7.525731,0.653000,-0.028000,-1.050000,-4.962000,172.656000,17.786000,28.01
7.537614,0.700000,-0.008000,-1.204000,-17.954000,176.901000,26.977000,27.92
7.549598,0.367000,0.451000,-1.408000,-15.481000,166.092000,35.832000,27.97
7.556702,-0.120000,0.658000,-2.044000,6.321000,134.840000,28.748000,27.92
7.568689,-0.472000,0.693000,-2.296000,9.389000,69.725000,15.511000,27.92
7.576145,-0.747000,0.864000,-2.274000,11.954000,19.237000,-5.115000,27.97
7.587826,-0.794000,0.788000,-2.271000,10.580000,-26.137000,-17.573000,28.06
7.600183,-0.679000,0.659000,-2.240000,5.084000,-68.534000,-21.374000,27.92
7.606697,-0.537000,0.544000,-2.080000,-2.122000,-103.756000,-17.664000,28.01
7.618575,-0.324000,0.423000,-1.916000,-11.802000,-126.305000,-10.260000,27.87
7.625793,0.189000,0.300000,-1.748000,-29.145000,-145.588000,-6.107000,27.92
7.637574,0.359000,0.381000,-1.355000,-27.359000,-150.336000,-6.443000,28.01
7.649692,0.587000,0.271000,-1.158000,-18.351000,-145.344000,-2.779000,27.97
7.656618,0.859000,0.164000,-0.942000,-4.763000,-144.107000,6.366000,27.97
7.668860,1.010000,-0.078000,-0.651000,-3.740000,-110.122000,12.870000,28.01
7.675612,1.567000,-0.500000,-0.189000,-2.809000,-66.870000,15.618000,27.92
7.690757,1.905000,-0.641000,0.826000,10.351000,-16.412000,8.122000,27.97
7.700190,1.971000,-0.767000,0.450000,9.344000,4.000000,0.565000,27.97
7.707123,1.336000,-0.432000,-0.058000,12.718000,16.931000,-14.122000,28.11
7.719177,0.799000,-0.224000,-0.493000,6.702000,37.847000,-18.962000,27.92
7.726222,0.642000,-0.130000,-0.747000,-4.992000,34.718000,-17.344000,28.06
7.738425,0.545000,-0.127000,-0.789000,-4.489000,17.710000,-11.221000,27.92
7.745699,0.561000,-0.254000,-0.878000,-8.366000,10.031000,-6.366000,28.01
7.757555,0.471000,-0.339000,-0.890000,-17.954000,-6.137000,-0.931000,28.06
7.769484,0.480000,-0.361000,-0.897000,-30.763000,-12.321000,7.893000,28.06
7.776667,0.586000,-0.402000,-0.831000,-39.863000,-12.122000,12.870000,27.92
7.788381,0.681000,-0.271000,-0.716000,-40.275000,-10.534000,15.405000,28.01
7.795663,0.745000,-0.186000,-0.676000,-31.878000,2.489000,16.290000,27.97
7.807727,0.751000,-0.121000,-0.804000,-34.229000,4.412000,8.168000,27.97
7.819575,0.738000,0.005000,-0.884000,-42.718000,-2.168000,-7.252000,28.01
7.827151,0.841000,0.093000,-1.110000,-56.580000,-9.649000,-25.832000,27.97
7.838786,0.984000,0.024000,-1.244000,-75.679000,-38.198000,-54.107000,27.87
7.848791,1.215000,0.152000,-1.128000,-75.221000,-82.748000,-69.405000,28.01
7.858180,1.066000,0.117000,-0.945000,-38.824000,-123.893000,-55.664000,28.01
7.871642,0.774000,-0.282000,-0.572000,-16.962000,-140.595000,-42.794000,27.97
7.876421,0.555000,-0.426000,-0.435000,-14.061000,-122.702000,-39.023000,27.97
7.888138,1.108000,-0.758000,-0.317000,-36.901000,-110.290000,-48.046000,27.92
7.899906,1.385000,-0.697000,0.050000,-50.748000,-126.076000,-40.611000,27.97
7.906962,1.427000,-0.603000,0.533000,-36.260000,-116.305000,-20.718000,27.97
7.919102,1.306000,-0.816000,1.381000,1.496000,-71.038000,-15.481000,28.11
7.925954,1.732000,-0.875000,2.011000,14.260000,-8.794000,-33.847000,28.01
7.938369,3.018000,-1.131000,3.200000,28.611000,61.725000,-50.137000,28.06
7.950987,3.166000,-1.389000,3.811000,39.557000,147.634000,-49.756000,27.87
7.957222,3.693000,-1.096000,-2.724000,14.931000,65.893000,-10.550000,28.01
7.969042,0.086000,0.233000,-0.744000,31.679000,-68.870000,65.817000,27.87
7.976449,0.515000,0.732000,-0.856000,43.786000,116.153000,11.649000,28.06
7.988538,0.967000,-0.618000,-0.812000,56.443000,34.321000,2.153000,28.01
7.995531,0.497000,-0.493000,-0.799000,30.458000,28.382000,26.702000,27.92
8.007841,0.860000,0.741000,-0.479000,34.473000,67.435000,22.443000,27.97
8.019765,0.916000,-0.120000,-0.751000,42.427000,53.099000,32.046000,28.01
8.027070,0.875000,-0.450000,-0.873000,28.397000,43.023000,26.931000,27.92
8.039533,0.830000,-0.401000,-0.930000,22.641000,20.473000,16.183000,27.97
8.045810,0.729000,-0.317000,-0.783000,14.168000,25.588000,10.198000,27.97
8.058492,0.674000,-0.277000,-0.807000,5.985000,19.817000,3.298000,28.01
8.065500,0.739000,-0.166000,-0.758000,4.015000,23.420000,-2.519000,27.92
8.077742,0.713000,-0.178000,-0.758000,5.298000,14.702000,-5.160000,28.06
8.090102,0.733000,-0.008000,-0.730000,7.924000,15.145000,-4.244000,28.06
8.097508,0.730000,-0.048000,-0.717000,7.771000,12.260000,-1.817000,27.92
8.109607,0.729000,-0.066000,-0.709000,5.557000,11.710000,-0.443000,28.11
8.116847,0.724000,-0.074000,-0.697000,4.962000,6.794000,0.565000,27.97
8.131807,0.719000,-0.116000,-0.738000,3.679000,4.809000,1.191000,28.01
8.136764,0.709000,-0.149000,-0.726000,0.351000,0.885000,0.962000,27.92
8.148846,0.712000,-0.130000,-0.711000,-0.519000,-1.206000,0.656000,27.97
8.155689,0.710000,-0.122000,-0.683000,-1.130000,-2.947000,1.466000,27.97
8.167906,0.731000,-0.101000,-0.674000,0.305000,-5.725000,2.565000,27.92
8.173765,0.703000,-0.089000,-0.690000,1.573000,-10.824000,4.031000,28.01
8.187552,0.646000,-0.069000,-0.705000,2.534000,-11.634000,5.557000,27.97
8.199896,0.569000,-0.020000,-0.726000,2.519000,-10.076000,6.595000,28.06
8.206795,0.584000,-0.054000,-0.722000,4.061000,-6.000000,8.244000,28.01
8.218948,0.624000,-0.112000,-0.713000,7.389000,-3.832000,9.344000,27.97
8.226202,0.620000,-0.126000,-0.732000,9.740000,-4.305000,9.573000,27.97
8.238479,0.644000,-0.105000,-0.730000,11.267000,-3.374000,10.397000,27.82
8.245341,0.650000,-0.121000,-0.721000,12.122000,-5.130000,10.473000,28.01
8.260142,0.661000,-0.140000,-0.751000,12.351000,-6.550000,9.099000,28.06
8.269934,0.632000,-0.128000,-0.786000,9.649000,-3.511000,7.939000,28.06
8.277048,0.671000,-0.148000,-0.756000,7.160000,-3.298000,6.718000,28.01
8.289566,0.669000,-0.137000,-0.749000,4.763000,-0.550000,5.466000,28.01
8.296863,0.667000,-0.115000,-0.735000,3.756000,0.458000,4.809000,27.87
8.309248,0.650000,-0.135000,-0.743000,3.099000,2.656000,3.649000,27.97
8.318229,0.630000,-0.105000,-0.740000,2.656000,5.206000,3.344000,28.01
8.328904,0.577000,-0.070000,-0.741000,1.924000,5.008000,4.443000,27.97
8.336555,0.619000,-0.060000,-0.755000,2.565000,14.107000,6.779000,28.06
8.348623,0.643000,-0.130000,-0.764000,2.992000,16.565000,8.031000,28.01
8.356016,0.635000,-0.128000,-0.756000,4.305000,18.519000,9.053000,28.11
8.373157,0.651000,-0.119000,-0.738000,5.359000,23.435000,10.290000,27.97
8.380232,0.616000,-0.081000,-0.771000,5.160000,28.305000,12.992000,27.97
8.387322,0.615000,-0.082000,-0.814000,4.779000,36.901000,16.366000,28.01
8.406539,0.656000,-0.156000,-0.771000,5.786000,45.344000,17.176000,27.97
8.407759,0.591000,-0.104000,-0.887000,8.290000,57.756000,16.947000,28.06
8.418991,0.503000,-0.062000,-0.969000,6.626000,85.435000,20.962000,28.01
8.426542,0.536000,-0.189000,-0.949000,8.473000,114.702000,21.374000,28.01
8.438141,0.609000,-0.082000,-0.918000,34.504000,138.962000,22.931000,27.87
8.450390,0.521000,-0.108000,-1.116000,24.458000,172.962000,23.725000,28.06
8.457225,0.770000,-0.083000,-1.221000,19.832000,199.374000,27.145000,27.92
8.473591,0.736000,0.429000,-1.425000,20.061000,214.809000,36.916000,28.01
8.481529,0.850000,0.358000,-1.490000,33.450000,216.290000,51.344000,27.97
8.489827,0.708000,0.349000,-1.646000,28.595000,204.153000,49.038000,28.01
8.498113,0.305000,1.011000,-2.475000,25.405000,126.550000,15.786000,28.01
8.507079,-0.557000,1.322000,-2.247000,37.573000,76.168000,-29.756000,27.97
8.519678,-0.697000,1.260000,-2.214000,44.565000,27.893000,-71.130000,27.92
8.526282,-0.786000,0.964000,-2.160000,50.214000,-19.954000,-91.847000,27.92
8.539215,-0.653000,0.564000,-2.032000,40.763000,-56.244000,-96.153000,27.92
8.545879,-0.325000,0.309000,-2.003000,27.038000,-91.176000,-81.664000,27.97
8.557390,-0.197000,0.198000,-1.814000,15.954000,-119.405000,-62.595000,28.06
8.569570,-0.025000,0.143000,-1.668000,4.061000,-128.595000,-49.771000,27.92
8.576389,0.262000,0.191000,-1.527000,-2.550000,-133.313000,-45.038000,27.97
8.588412,0.503000,0.192000,-1.414000,-7.344000,-133.679000,-48.031000,27.97
8.600170,0.796000,0.207000,-1.394000,-14.305000,-132.855000,-59.069000,27.92
8.607040,1.117000,0.133000,-1.314000,-20.718000,-141.450000,-76.366000,27.92
8.618817,1.234000,0.027000,-1.109000,-19.542000,-150.519000,-89.496000,28.06
8.628113,1.179000,-0.188000,-0.874000,-19.435000,-145.893000,-93.924000,28.01
8.637749,1.305000,-0.440000,-0.794000,-24.794000,-130.198000,-88.687000,28.01
8.649150,1.466000,-0.564000,-0.730000,-26.443000,-122.550000,-71.924000,28.01
8.656195,1.441000,-0.681000,-0.644000,-26.092000,-118.397000,-46.489000,27.87
8.667831,1.293000,-0.720000,-0.503000,-31.832000,-105.557000,-20.031000,28.01
8.679921,1.185000,-0.699000,-0.424000,-37.252000,-87.313000,2.870000,27.92
8.691239,1.148000,-0.557000,-0.367000,-51.679000,-64.015000,22.794000,27.97
8.698812,1.098000,-0.542000,-0.317000,-62.687000,-52.779000,36.275000,27.97
8.706723,1.005000,-0.423000,-0.217000,-66.992000,-42.840000,43.618000,28.01
8.724212,0.904000,-0.331000,-0.192000,-64.809000,-37.573000,44.916000,28.01
8.729934,0.836000,-0.271000,-0.172000,-62.183000,-34.168000,37.802000,28.06
8.736618,0.818000,-0.218000,-0.143000,-57.145000,-36.489000,25.542000,27.92
8.748531,0.754000,-0.211000,-0.115000,-51.420000,-43.374000,14.198000,27.92
8.755632,0.652000,-0.239000,-0.114000,-47.466000,-47.450000,4.931000,27.87
8.767438,0.517000,-0.272000,-0.127000,-46.260000,-52.000000,-2.107000,27.97
8.779412,0.396000,-0.332000,-0.154000,-45.740000,-56.031000,-7.817000,27.92
8.786340,0.399000,-0.366000,-0.159000,-42.611000,-62.641000,-11.542000,27.92
8.798538,0.437000,-0.391000,-0.145000,-36.122000,-70.397000,-11.893000,27.97
8.810222,0.460000,-0.457000,-0.103000,-28.885000,-76.611000,-12.275000,27.87
8.819029,0.649000,-0.521000,-0.138000,-24.763000,-77.588000,-13.557000,27.92
8.828866,0.994000,-0.599000,-0.097000,-22.702000,-81.344000,-11.420000,28.01
8.835655,1.242000,-0.540000,0.019000,-13.725000,-94.076000,-3.481000,27.97
8.847980,1.353000,-0.442000,0.167000,1.237000,-93.176000,4.962000,27.92
8.860451,0.645000,-0.396000,-0.227000,24.977000,-85.252000,22.489000,28.11
8.867297,0.756000,-0.161000,2.391000,36.015000,2.137000,78.183000,27.87
8.879194,1.828000,-0.132000,3.267000,39.573000,279.115000,132.122000,28.06
8.886261,2.980000,0.269000,-1.759000,23.237000,419.282000,39.405000,28.11
8.898384,4.000000,1.578000,-2.111000,81.878000,12.244000,-3.878000,27.92
8.905435,1.777000,-0.242000,-0.612000,74.458000,78.229000,4.901000,27.97
8.917879,0.707000,-1.681000,-1.413000,63.863000,132.290000,12.183000,27.97
8.930044,1.470000,-0.857000,-1.268000,35.344000,65.802000,45.191000,27.92
8.936996,1.058000,0.421000,-0.419000,10.550000,35.649000,17.863000,27.97
8.949483,0.895000,0.339000,-0.698000,14.229000,64.748000,8.198000,27.97
8.956303,0.990000,-0.196000,-0.708000,37.603000,40.153000,28.809000,28.01
8.968511,0.928000,-0.039000,-0.703000,50.305000,11.267000,25.099000,27.92
8.975619,0.779000,-0.282000,-0.787000,48.870000,0.366000,19.221000,27.97
8.988011,0.626000,-0.292000,-0.875000,32.183000,3.802000,15.679000,27.97
8.994926,0.716000,-0.275000,-0.787000,16.336000,11.725000,7.557000,28.01
9.007404,0.759000,-0.370000,-0.836000,9.450000,4.153000,1.481000,27.92
9.019910,0.684000,-0.158000,-0.782000,6.870000,1.145000,-1.145000,27.97
9.027045,0.713000,-0.061000,-0.746000,6.031000,0.504000,-1.237000,27.97
9.039118,0.682000,-0.100000,-0.728000,3.420000,4.198000,-0.641000,27.92
9.049072,0.661000,-0.057000,-0.752000,2.962000,5.588000,0.031000,27.97
9.058933,0.675000,-0.073000,-0.749000,4.076000,6.214000,0.885000,27.97
9.066217,0.691000,-0.095000,-0.722000,3.695000,6.168000,1.084000,28.01
9.078612,0.673000,-0.100000,-0.736000,2.595000,6.183000,1.496000,28.01
9.085799,0.653000,-0.122000,-0.741000,1.679000,6.107000,1.893000,27.97
9.098375,0.667000,-0.116000,-0.730000,1.282000,5.985000,1.847000,27.97
9.105749,0.641000,-0.121000,-0.744000,1.130000,5.527000,1.756000,28.01
9.118163,0.644000,-0.129000,-0.737000,0.702000,6.550000,1.023000,28.01
9.125420,0.631000,-0.111000,-0.745000,0.351000,7.649000,-0.183000,28.06
9.137711,0.646000,-0.100000,-0.724000,0.504000,7.740000,-0.290000,27.92
9.150389,0.638000,-0.099000,-0.732000,0.733000,7.634000,0.260000,28.01
9.157278,0.607000,-0.101000,-0.753000,-15.405000,11.542000,1.573000,27.97
9.170150,0.667000,-0.074000,-0.722000,12.992000,-8.244000,2.626000,27.87
9.176712,0.666000,-0.127000,-0.701000,1.313000,11.618000,3.634000,28.01
9.191640,0.671000,-0.094000,-0.707000,1.298000,5.634000,4.214000,27.82
9.196154,0.644000,-0.114000,-0.742000,5.679000,11.939000,4.534000,27.97
9.208521,0.634000,-0.107000,-0.735000,10.718000,7.405000,5.069000,27.97
9.215604,0.633000,-0.123000,-0.729000,3.069000,6.061000,5.359000,27.82
9.228260,0.681000,-0.147000,-0.718000,0.763000,5.328000,4.718000,27.87
9.235324,0.683000,-0.114000,-0.702000,1.298000,14.901000,3.771000,28.01
9.247954,0.668000,-0.102000,-0.743000,3.282000,11.481000,3.725000,28.01
9.260217,0.658000,-0.116000,-0.745000,4.809000,15.191000,4.443000,27.92
9.267527,0.657000,-0.169000,-0.753000,3.206000,17.435000,2.275000,27.97
9.279711,0.686000,-0.150000,-0.731000,1.939000,21.023000,1.038000,27.97
9.287067,0.688000,-0.144000,-0.718000,2.092000,22.183000,-0.473000,27.92
9.299003,0.665000,-0.124000,-0.750000,2.366000,24.702000,-0.931000,27.87
9.306209,0.638000,-0.114000,-0.799000,3.817000,30.107000,-1.267000,27.87
9.318656,0.625000,-0.096000,-0.798000,3.740000,38.626000,1.053000,27.92
9.325620,0.635000,-0.091000,-0.803000,7.160000,49.160000,4.290000,27.92
9.337577,0.617000,-0.076000,-0.828000,14.031000,61.206000,7.511000,27.97
9.349909,0.570000,-0.141000,-0.836000,8.504000,73.695000,10.977000,28.01
9.357089,0.573000,-0.320000,-0.927000,26.244000,89.725000,9.557000,27.92
9.369171,0.600000,-0.258000,-0.931000,22.504000,109.710000,1.435000,27.87
9.376216,0.648000,-0.204000,-1.002000,31.756000,144.519000,-7.893000,27.87
9.388305,0.659000,-0.083000,-1.200000,35.725000,178.000000,-9.389000,28.01
9.395303,0.633000,-0.065000,-1.113000,33.298000,206.947000,-5.374000,27.92
9.407359,0.799000,0.010000,-1.074000,33.176000,226.382000,-0.260000,27.87
9.419484,0.794000,-0.010000,-1.061000,37.786000,230.916000,6.809000,27.92
9.426317,0.914000,-0.134000,-1.049000,39.435000,241.847000,10.397000,27.92
9.438556,1.324000,-0.112000,-1.588000,23.450000,224.061000,4.702000,27.87
9.445761,0.198000,0.641000,-1.980000,25.130000,184.412000,-2.427000,27.97
9.457724,-0.376000,0.967000,-2.611000,39.511000,126.901000,-24.931000,28.01
9.469870,-1.008000,0.918000,-2.787000,35.939000,50.275000,-39.603000,27.92
9.476959,-1.257000,0.787000,-2.863000,20.840000,-10.779000,-40.779000,27.97
9.488733,-1.161000,0.513000,-2.838000,-5.527000,-70.427000,-26.183000,28.01
9.495836,-0.869000,0.323000,-2.704000,-30.962000,-124.092000,-3.802000,28.01
9.507621,-0.379000,0.232000,-2.427000,-48.092000,-173.954000,18.336000,27.97
9.519533,-0.115000,0.026000,-2.062000,-62.519000,-205.298000,38.733000,28.01
9.528484,0.173000,-0.046000,-1.715000,-78.092000,-218.947000,50.473000,28.01
9.538094,0.869000,-0.444000,-1.571000,-107.130000,-212.962000,48.260000,27.97
9.549917,0.924000,0.001000,-1.024000,-106.733000,-217.435000,44.382000,28.06
9.556987,0.996000,0.026000,-0.893000,-90.061000,-181.527000,34.458000,27.92
9.568801,1.250000,-0.063000,-0.793000,-67.649000,-172.809000,37.130000,27.92
9.583028,0.898000,-0.202000,-0.667000,-54.611000,-141.679000,37.542000,28.06
9.587636,0.972000,-0.333000,-0.471000,-48.504000,-92.718000,40.824000,27.87
9.614538,1.236000,-0.521000,-0.347000,-42.458000,-45.038000,38.763000,28.01
9.618260,1.395000,-0.577000,0.163000,-38.000000,-5.160000,23.832000,27.97
9.619080,1.375000,-0.680000,-0.215000,-33.542000,26.015000,6.947000,27.87
9.625319,1.019000,-0.511000,-0.792000,-47.664000,43.802000,-20.992000,27.92
9.637558,0.927000,-0.368000,-1.231000,-92.580000,-12.260000,-46.733000,27.92
9.649829,1.201000,-0.186000,-1.327000,-98.687000,-55.450000,-64.107000,27.97
9.656334,0.945000,-0.090000,-1.165000,-79.420000,-107.328000,-52.092000,27.92
9.674804,0.940000,-0.285000,-1.078000,-53.939000,-154.458000,-33.664000,27.92
9.679676,0.663000,-0.424000,-0.681000,-30.733000,-156.031000,-11.176000,27.97
9.687140,0.606000,-0.682000,-0.418000,-28.122000,-150.046000,0.473000,28.01
9.698766,0.792000,-0.640000,-0.401000,-54.427000,-107.603000,1.160000,27.92
9.706846,1.100000,-0.450000,-0.423000,-70.916000,-101.496000,-0.321000,28.01
9.717752,1.333000,-0.372000,-0.438000,-67.985000,-113.237000,-4.809000,27.87
9.729471,1.349000,-0.326000,-0.297000,-51.038000,-128.153000,-10.947000,28.01
9.736483,1.234000,-0.381000,-0.099000,-34.275000,-132.076000,-16.473000,28.01
9.748198,1.283000,-0.525000,0.144000,-30.366000,-122.885000,-23.206000,27.97
9.760013,1.416000,-0.547000,0.427000,-32.244000,-108.550000,-25.695000,27.97
9.767045,1.562000,-0.562000,0.698000,-24.122000,-85.374000,-22.183000,28.01
9.778952,1.725000,-0.625000,0.925000,-15.176000,-59.924000,-21.099000,27.92
9.785967,1.918000,-0.662000,1.306000,3.053000,-33.115000,-17.542000,27.97
9.798178,1.945000,-0.650000,1.748000,21.878000,16.824000,-10.550000,28.01
9.810414,2.068000,-0.757000,2.328000,32.076000,95.649000,-5.298000,27.82
9.817464,1.167000,-0.294000,1.969000,51.008000,184.092000,5.939000,27.97
9.829382,1.972000,0.072000,-2.054000,3.237000,218.580000,-23.298000,27.97
9.840196,1.721000,0.277000,-1.894000,50.855000,26.260000,28.962000,27.92
9.848844,0.729000,-0.188000,-0.407000,61.221000,127.649000,38.931000,27.92
9.856112,1.608000,-0.520000,-1.193000,58.626000,106.153000,1.985000,27.97
9.871265,1.311000,-0.546000,-1.025000,40.947000,50.351000,8.046000,28.06
9.880021,0.742000,-0.530000,-0.833000,10.962000,66.168000,14.198000,27.92
9.887527,0.881000,0.168000,-1.000000,-3.939000,90.870000,7.985000,27.82
9.899737,1.258000,0.247000,-0.689000,18.534000,33.359000,8.992000,27.97
9.907235,0.683000,-0.240000,-0.754000,26.153000,30.244000,7.664000,28.01
9.918983,0.642000,-0.294000,-0.799000,17.847000,34.122000,14.519000,28.01
9.926337,0.786000,-0.034000,-0.741000,10.107000,30.992000,11.481000,27.97
9.938417,0.976000,0.055000,-0.796000,13.374000,23.267000,9.511000,27.97
9.945535,0.733000,-0.130000,-0.781000,16.183000,11.191000,10.641000,28.01
9.957791,0.758000,-0.125000,-0.825000,16.061000,11.221000,10.305000,28.01
9.969931,0.724000,-0.070000,-0.781000,15.084000,4.214000,8.534000,27.97
9.976961,0.662000,-0.093000,-0.790000,10.611000,6.702000,7.603000,27.87
9.989640,0.680000,-0.122000,-0.781000,6.397000,8.305000,6.168000,27.92
9.997034,0.687000,-0.139000,-0.765000,3.863000,5.557000,4.275000,27.97
10.009313,0.643000,-0.137000,-0.764000,2.977000,4.198000,3.252000,27.97
