# Gait Analysis Data - MPU6050 IMU
# Duration: 10 seconds
# Format: timestamp(s),ax(g),ay(g),az(g),gx(deg/s),gy(deg/s),gz(deg/s),temp(C)
# Note: Document sensor placement (ankle/wrist) separately
timestamp,ax,ay,az,gx,gy,gz,temp
0.002773,0.548000,-0.051000,-0.867000,11.969000,26.183000,-1.740000,28.44
0.003705,0.537000,-0.051000,-0.864000,12.015000,28.733000,-3.038000,28.39
0.004390,0.574000,-0.078000,-0.856000,11.725000,35.298000,-6.168000,28.48
0.005000,0.532000,-0.028000,-0.896000,10.718000,42.351000,-8.611000,28.44
0.005601,0.459000,0.066000,-0.963000,14.458000,50.244000,-8.687000,28.48
0.006207,0.405000,0.355000,-1.044000,21.817000,73.405000,4.366000,28.48
0.006825,0.497000,0.095000,-0.940000,31.084000,84.076000,9.603000,28.48
0.007492,0.579000,0.035000,-0.904000,13.557000,103.359000,24.397000,28.34
0.008153,0.646000,0.109000,-0.948000,19.267000,108.061000,31.725000,28.44
0.008814,0.678000,0.040000,-1.014000,15.634000,119.450000,42.244000,28.48
0.009457,0.668000,-0.031000,-1.017000,23.939000,116.351000,44.931000,28.44
0.010100,0.547000,0.101000,-1.085000,12.382000,126.779000,49.969000,28.53
0.010801,0.205000,0.556000,-1.385000,11.496000,125.206000,40.076000,28.48
0.011544,-0.219000,0.729000,-1.656000,21.359000,91.618000,19.038000,28.48
0.012287,-0.632000,0.850000,-1.806000,20.916000,48.107000,-2.901000,28.44
0.013090,-0.835000,0.867000,-1.930000,4.977000,18.962000,-20.595000,28.48
0.013731,-0.849000,0.783000,-1.981000,-11.252000,-14.275000,-28.870000,28.48
0.014508,-0.739000,0.671000,-1.952000,-24.947000,-48.626000,-27.023000,28.48
0.015301,-0.530000,0.557000,-1.842000,-37.160000,-75.740000,-20.870000,28.44
0.015928,-0.296000,0.483000,-1.661000,-46.702000,-92.702000,-15.405000,28.44
0.016554,-0.086000,0.407000,-1.524000,-51.924000,-105.069000,-11.985000,28.39
0.017176,0.122000,0.405000,-1.357000,-53.053000,-106.305000,-10.351000,28.48
0.017787,0.240000,0.386000,-1.235000,-48.229000,-106.046000,-11.008000,28.44
0.018365,0.575000,0.385000,-1.253000,-46.901000,-97.359000,-9.313000,28.48
0.018877,0.826000,0.201000,-1.150000,-36.779000,-104.107000,-9.771000,28.48
0.020008,0.782000,0.087000,-1.004000,-48.397000,-100.046000,-11.084000,28.53
0.020623,1.138000,-0.099000,-0.338000,-34.718000,-60.977000,-24.015000,28.48
0.021291,1.586000,-0.233000,0.138000,-0.855000,-14.198000,-34.122000,28.39
0.021792,1.650000,-0.536000,-0.171000,-2.687000,5.252000,-49.298000,28.48
0.022291,3.764000,3.001000,0.648000,99.969000,121.282000,-57.786000,28.53
0.022809,0.086000,-0.617000,-0.527000,162.214000,-8.092000,-229.130000,28.44
0.023347,0.857000,-1.025000,-1.625000,-45.389000,-7.557000,-224.580000,28.48
0.023839,-0.254000,-0.187000,-0.919000,-36.550000,7.527000,-129.359000,28.48
0.024337,0.424000,-1.133000,-0.773000,8.672000,-68.519000,-41.466000,28.53
0.024805,1.033000,-1.442000,-0.187000,-19.695000,-85.847000,22.931000,28.39
0.025248,1.850000,-1.550000,0.551000,-88.122000,-2.626000,75.588000,28.48
0.025683,2.599000,-1.144000,1.388000,-71.130000,5.588000,93.405000,28.44
0.026125,3.392000,-0.781000,1.971000,-22.779000,25.725000,81.115000,28.48
0.026585,4.000000,-0.629000,2.610000,14.931000,60.840000,43.115000,28.48
0.027045,2.819000,0.814000,-0.875000,32.076000,27.252000,-16.397000,28.48
0.027514,-0.350000,-0.228000,-1.156000,48.779000,-120.229000,-15.802000,28.44
0.027967,-0.385000,0.010000,-1.042000,35.588000,-39.023000,40.580000,28.44
0.028404,0.974000,0.515000,-0.867000,21.679000,2.947000,8.336000,28.39
0.028839,0.704000,-0.515000,-1.019000,36.046000,-40.366000,6.076000,28.44
0.029274,0.453000,-0.208000,-1.044000,15.756000,-49.206000,3.863000,28.53
0.029698,0.621000,0.092000,-0.911000,3.053000,-5.344000,-1.878000,28.48
0.030256,0.602000,-0.272000,-0.944000,-0.458000,-10.366000,-5.954000,28.39
0.030916,0.619000,-0.106000,-0.888000,-8.443000,-10.061000,-9.863000,28.34
0.031452,0.540000,0.040000,-0.836000,-14.015000,4.229000,-10.153000,28.39
0.031956,0.540000,0.195000,-0.812000,-7.313000,2.183000,-6.641000,28.48
0.032429,0.600000,0.200000,-0.776000,3.817000,-0.702000,-2.473000,28.48
0.032862,0.594000,0.116000,-0.815000,6.992000,5.664000,2.229000,28.44
0.033324,0.587000,0.070000,-0.833000,11.511000,4.504000,5.267000,28.62
0.033753,0.575000,0.041000,-0.836000,14.260000,4.611000,6.565000,28.39
0.034173,0.553000,0.001000,-0.835000,13.496000,9.191000,8.519000,28.48
0.034603,0.553000,-0.031000,-0.820000,13.634000,9.969000,9.511000,28.44
0.035035,0.558000,-0.036000,-0.849000,11.618000,11.573000,9.023000,28.39
0.035469,0.544000,-0.042000,-0.833000,8.840000,12.443000,8.809000,28.58
0.035908,0.544000,-0.052000,-0.828000,8.412000,12.626000,7.771000,28.44
0.036352,0.556000,-0.070000,-0.840000,6.489000,15.817000,6.916000,28.48
0.036782,0.529000,-0.031000,-0.866000,6.107000,20.611000,5.771000,28.58
0.037209,0.521000,0.014000,-0.850000,10.595000,22.336000,5.374000,28.39
0.037638,0.457000,0.037000,-0.875000,13.344000,29.420000,5.252000,28.44
0.038064,0.469000,0.028000,-0.881000,14.687000,37.466000,4.305000,28.53
0.038490,0.469000,0.017000,-0.865000,19.206000,42.534000,4.107000,28.39
0.038917,0.441000,0.072000,-0.963000,19.466000,54.504000,4.794000,28.48
0.039342,0.446000,0.105000,-0.963000,19.359000,67.176000,7.496000,28.53
0.039784,0.383000,0.042000,-1.012000,25.237000,81.145000,8.672000,28.53
0.040330,0.523000,0.019000,-1.008000,29.298000,102.763000,21.328000,28.39
0.040918,0.614000,0.041000,-1.096000,25.863000,126.931000,30.794000,28.44
0.041415,0.770000,0.059000,-1.090000,34.809000,132.794000,33.924000,28.44
0.041899,0.815000,0.030000,-1.013000,48.519000,145.603000,37.450000,28.39
0.042386,0.717000,-0.077000,-1.030000,62.626000,141.511000,36.137000,28.48
0.042848,0.552000,-0.065000,-1.117000,54.977000,155.542000,33.145000,28.44
0.043298,0.412000,0.245000,-1.243000,52.763000,143.344000,22.458000,28.53
0.043749,0.253000,0.388000,-1.374000,49.405000,122.000000,2.092000,28.39
0.044200,0.129000,0.458000,-1.514000,42.244000,83.588000,-19.527000,28.39
0.044756,-0.076000,0.587000,-1.369000,40.366000,50.611000,-36.412000,28.44
0.045218,-0.239000,0.487000,-1.392000,40.366000,19.511000,-49.221000,28.34
0.045667,-0.143000,0.292000,-1.395000,18.565000,5.389000,-57.191000,28.48
0.046107,-0.044000,0.202000,-1.431000,2.427000,-30.565000,-55.695000,28.39
0.046554,-0.115000,0.156000,-1.268000,0.092000,-64.718000,-49.084000,28.44
0.047119,-0.116000,0.038000,-1.131000,-5.267000,-83.710000,-41.466000,28.48
0.047587,-0.037000,0.017000,-1.095000,-15.771000,-84.168000,-35.771000,28.39
0.048199,0.122000,0.084000,-1.100000,-16.412000,-91.771000,-34.076000,28.34
0.048708,0.292000,0.169000,-1.115000,-10.092000,-100.794000,-37.939000,28.53
0.049183,0.448000,0.235000,-1.138000,-4.046000,-108.122000,-49.435000,28.39
0.049635,0.610000,0.312000,-1.105000,1.969000,-115.771000,-66.275000,28.58
0.050076,0.668000,0.398000,-1.017000,10.565000,-123.115000,-85.466000,28.44
0.050525,0.734000,0.432000,-0.927000,20.779000,-124.244000,-102.809000,28.53
0.050973,0.790000,0.477000,-0.896000,26.244000,-118.000000,-118.824000,28.39
0.051422,0.893000,0.481000,-0.843000,30.748000,-112.443000,-135.191000,28.48
0.051975,1.009000,0.497000,-0.798000,34.305000,-110.489000,-148.733000,28.44
0.052661,1.047000,0.492000,-0.740000,39.573000,-111.588000,-162.565000,28.44
0.053186,1.032000,0.444000,-0.625000,44.489000,-108.031000,-174.779000,28.48
0.053711,0.790000,0.103000,-0.493000,46.076000,-99.939000,-185.939000,28.53
0.054204,0.807000,0.002000,-0.441000,22.397000,-63.756000,-179.069000,28.44
0.054683,0.984000,0.381000,-0.390000,14.489000,-21.603000,-137.176000,28.48
0.055214,0.958000,-0.224000,0.252000,43.542000,-32.855000,-107.145000,28.39
0.055755,1.449000,-0.589000,0.027000,38.183000,31.466000,-80.153000,28.44
0.056247,1.455000,-0.567000,-0.033000,12.183000,38.198000,-57.771000,28.44
0.056741,1.793000,-0.583000,0.020000,1.374000,20.656000,-27.786000,28.48
0.057289,1.869000,-0.664000,0.123000,-3.023000,6.565000,-4.473000,28.39
0.057848,2.184000,-1.003000,0.581000,-5.298000,6.229000,27.450000,28.44
0.058392,2.202000,-1.025000,1.519000,2.626000,11.221000,47.664000,28.53
0.058864,1.129000,-0.249000,1.589000,-2.061000,100.290000,67.939000,28.39
0.059351,2.851000,1.090000,-1.900000,-29.863000,190.260000,60.504000,28.44
0.059883,1.344000,0.934000,-1.267000,66.000000,-126.794000,-15.924000,28.44
0.060426,-0.602000,-0.338000,-0.370000,152.275000,-145.237000,36.580000,28.48
0.060899,0.399000,-0.272000,-1.418000,20.382000,77.924000,29.420000,28.39
0.061363,0.640000,-0.457000,-1.004000,12.351000,33.542000,12.092000,28.44
0.061827,1.216000,-0.410000,-1.038000,4.641000,-26.779000,5.328000,28.44
0.062283,0.508000,0.032000,-0.699000,-1.588000,6.214000,2.183000,28.48
0.062756,0.597000,0.008000,-0.816000,-6.382000,12.779000,-0.687000,28.48
0.063224,0.626000,-0.070000,-0.803000,6.229000,-10.702000,-2.260000,28.44
0.063684,0.624000,-0.041000,-0.808000,-4.427000,5.069000,-4.351000,28.53
0.064134,0.659000,-0.036000,-0.817000,-4.031000,1.588000,-4.916000,28.48
0.064586,0.581000,-0.011000,-0.825000,-0.763000,-4.397000,-5.084000,28.48
0.065048,0.601000,-0.029000,-0.819000,-4.351000,1.053000,-4.412000,28.53
0.065513,0.612000,0.010000,-0.815000,-3.221000,-2.107000,-4.427000,28.39
0.065968,0.549000,0.049000,-0.832000,-0.794000,-1.252000,-2.748000,28.48
0.066421,0.535000,-0.045000,-0.855000,-0.321000,2.076000,-3.893000,28.44
0.066899,0.653000,-0.078000,-0.820000,-2.473000,4.198000,-6.473000,28.44
0.067350,0.585000,-0.027000,-0.816000,-4.000000,4.748000,-7.802000,28.48
0.067816,0.592000,-0.001000,-0.815000,-3.511000,5.863000,-7.878000,28.39
0.068270,0.599000,-0.001000,-0.815000,-4.015000,6.748000,-7.450000,28.44
0.068715,0.603000,0.009000,-0.790000,-3.603000,5.527000,-6.321000,28.44
0.069152,0.603000,0.004000,-0.797000,-3.053000,4.611000,-4.901000,28.48
0.069674,0.604000,0.002000,-0.793000,-2.870000,3.817000,-3.847000,28.39
0.070244,0.579000,0.029000,-0.803000,-2.214000,3.237000,-2.198000,28.44
0.070709,0.578000,0.011000,-0.815000,-1.618000,4.427000,-1.176000,28.48
0.071180,0.593000,-0.009000,-0.811000,-0.641000,3.969000,-1.023000,28.39
0.071642,0.591000,-0.008000,-0.802000,-0.595000,4.656000,-0.351000,28.39
0.072137,0.583000,-0.010000,-0.809000,-0.427000,5.115000,-0.076000,28.44
0.072626,0.588000,-0.011000,-0.806000,0.107000,4.092000,0.275000,28.44
0.073126,0.590000,-0.004000,-0.813000,0.015000,3.832000,0.458000,28.48
0.073659,0.580000,-0.030000,-0.811000,0.000000,2.595000,0.794000,28.44
0.074127,0.573000,-0.015000,-0.819000,-0.321000,3.008000,0.534000,28.44
0.074563,0.582000,-0.011000,-0.813000,-0.183000,2.763000,0.443000,28.48
0.074994,0.587000,-0.008000,-0.810000,-0.076000,2.122000,0.779000,28.58
0.075427,0.592000,-0.011000,-0.810000,0.229000,1.298000,0.794000,28.44
0.075864,0.579000,-0.002000,-0.807000,0.672000,0.000000,1.008000,28.39
0.076290,0.592000,0.001000,-0.798000,1.313000,-0.321000,1.313000,28.39
0.076728,0.594000,-0.001000,-0.801000,1.771000,-0.824000,1.740000,28.48
0.077174,0.573000,-0.010000,-0.813000,2.626000,-2.290000,1.634000,28.53
0.077618,0.573000,-0.008000,-0.814000,2.611000,-1.924000,1.969000,28.53
0.078046,0.570000,-0.010000,-0.812000,3.176000,-1.756000,2.015000,28.48
0.078481,0.573000,-0.013000,-0.827000,2.947000,-1.863000,2.107000,28.44
0.079017,0.576000,-0.022000,-0.815000,2.779000,-0.046000,2.229000,28.44
0.079544,0.570000,0.000000,-0.829000,2.687000,1.725000,2.153000,28.39
0.079998,0.586000,-0.012000,-0.833000,2.260000,3.969000,2.244000,28.58
0.080452,0.587000,-0.011000,-0.823000,2.046000,7.466000,2.061000,28.44
0.080905,0.596000,0.006000,-0.819000,2.779000,7.924000,2.489000,28.39
0.081382,0.600000,0.003000,-0.816000,3.481000,9.802000,2.824000,28.48
0.081917,0.591000,-0.007000,-0.820000,4.443000,13.145000,2.534000,28.48
0.082418,0.598000,-0.036000,-0.826000,4.824000,15.450000,1.771000,28.44
0.082866,0.608000,0.003000,-0.801000,4.641000,16.260000,0.397000,28.53
0.083308,0.611000,-0.007000,-0.819000,4.366000,16.901000,0.275000,28.39
0.083742,0.622000,0.002000,-0.833000,4.229000,14.672000,-0.443000,28.39
0.084175,0.658000,0.000000,-0.810000,5.496000,10.473000,-0.244000,28.44
0.084618,0.616000,-0.007000,-0.794000,8.061000,7.099000,0.092000,28.48
0.085059,0.689000,0.040000,-0.781000,6.977000,11.053000,-4.214000,28.39
0.085492,0.785000,0.109000,-0.803000,5.115000,7.786000,-13.267000,28.44
0.085928,0.743000,0.348000,-0.767000,15.420000,1.466000,-34.122000,28.44
0.086404,1.018000,0.295000,-0.909000,29.359000,-14.611000,-54.076000,28.39
0.086864,0.978000,0.424000,-0.730000,45.969000,-42.489000,-79.695000,28.48
0.087322,0.926000,0.491000,-0.609000,65.145000,-46.824000,-106.565000,28.44
0.087780,0.897000,0.468000,-0.488000,79.466000,-37.771000,-130.397000,28.44
0.088252,0.954000,0.409000,-0.292000,100.214000,-33.817000,-147.008000,28.48
0.088708,0.994000,0.246000,-0.113000,116.947000,-13.710000,-158.000000,28.48
0.089261,1.090000,0.097000,-0.117000,124.397000,6.229000,-166.718000,28.44
0.089843,1.182000,-0.079000,-0.299000,114.718000,19.053000,-170.977000,28.53
0.090356,1.158000,-0.112000,-0.351000,103.099000,18.504000,-170.046000,28.39
0.090822,1.105000,-0.123000,-0.446000,95.420000,19.527000,-161.908000,28.48
0.091272,1.010000,-0.142000,-0.450000,90.656000,15.817000,-151.740000,28.44
0.092276,0.601000,0.012000,-0.789000,-0.458000,-1.252000,-0.718000,28.34
0.092734,0.606000,-0.010000,-0.795000,-0.031000,-0.305000,-0.763000,28.34
0.093207,0.603000,-0.005000,-0.805000,-0.443000,1.557000,-0.702000,28.39
0.093663,0.617000,-0.012000,-0.784000,-0.183000,1.160000,-0.611000,28.39
0.094110,0.614000,-0.007000,-0.779000,-0.412000,0.931000,-0.656000,28.34
0.098261,0.620000,0.003000,-0.782000,-0.321000,0.611000,-0.305000,28.29
0.105562,0.616000,0.009000,-0.786000,-0.153000,0.687000,0.000000,28.29
0.118092,0.611000,0.004000,-0.796000,0.641000,0.656000,0.397000,28.44
0.125111,0.605000,0.004000,-0.798000,1.435000,0.519000,0.336000,28.34
0.137559,0.610000,0.011000,-0.781000,1.771000,1.405000,0.595000,28.39
0.150027,0.611000,0.001000,-0.791000,2.427000,1.893000,0.824000,28.39
0.157325,0.616000,-0.001000,-0.787000,2.565000,3.328000,1.527000,28.44
0.169734,0.622000,0.009000,-0.786000,3.588000,2.229000,2.031000,28.44
0.177041,0.621000,0.002000,-0.778000,4.412000,1.679000,2.901000,28.39
0.189302,0.626000,-0.003000,-0.776000,5.359000,0.031000,3.603000,28.39
0.196295,0.625000,-0.003000,-0.773000,6.092000,-1.969000,3.985000,28.34
0.208540,0.606000,-0.000000,-0.789000,7.359000,-2.870000,4.504000,28.39
0.215672,0.596000,-0.023000,-0.823000,7.603000,-1.588000,4.260000,28.39
0.228006,0.578000,-0.030000,-0.815000,6.580000,0.336000,3.511000,28.44
0.235042,0.576000,-0.023000,-0.816000,5.847000,3.267000,2.214000,28.34
0.247612,0.566000,-0.013000,-0.821000,5.038000,6.397000,1.511000,28.39
0.259825,0.570000,-0.010000,-0.828000,5.573000,10.931000,1.130000,28.39
0.266957,0.557000,-0.025000,-0.825000,6.534000,15.664000,0.489000,28.34
0.279307,0.493000,0.022000,-0.873000,7.053000,21.954000,0.977000,28.34
0.286390,0.573000,-0.020000,-0.877000,7.344000,31.664000,0.977000,28.29
0.298764,0.594000,-0.055000,-0.811000,5.573000,33.145000,-0.137000,28.39
0.305877,0.594000,-0.042000,-0.821000,2.595000,35.603000,-1.450000,28.44
0.317837,0.576000,0.046000,-0.850000,-4.321000,37.496000,4.656000,28.39
0.330039,0.598000,-0.027000,-0.779000,-0.916000,30.519000,10.122000,28.39
0.336975,0.509000,-0.148000,-0.898000,-22.504000,29.038000,30.336000,28.44
0.349033,0.505000,0.066000,-0.919000,-47.099000,47.374000,51.420000,28.34
0.356044,0.538000,0.155000,-0.860000,-55.573000,46.748000,65.557000,28.29
0.367902,0.545000,0.129000,-0.865000,-66.382000,45.847000,82.275000,28.39
0.380028,0.522000,0.224000,-0.941000,-75.786000,49.832000,96.733000,28.34
0.386970,0.408000,0.366000,-1.021000,-75.985000,45.313000,103.252000,28.29
0.398940,0.318000,0.453000,-1.084000,-67.985000,32.107000,103.099000,28.39
0.406036,0.212000,0.460000,-1.108000,-60.962000,19.313000,96.092000,28.44
0.417889,0.159000,0.497000,-1.113000,-60.962000,14.092000,82.092000,28.48
0.429956,0.140000,0.552000,-1.116000,-59.374000,7.542000,63.252000,28.48
0.437098,0.148000,0.551000,-1.134000,-56.763000,3.145000,40.458000,28.39
0.449367,0.172000,0.505000,-1.155000,-49.115000,-3.603000,17.191000,28.34
0.456149,0.224000,0.388000,-1.205000,-44.458000,-12.489000,-2.763000,28.44
0.468182,0.421000,0.259000,-1.272000,-48.672000,-24.229000,-18.977000,28.39
0.479995,0.439000,0.142000,-1.213000,-42.412000,-53.527000,-27.725000,28.39
0.486839,0.381000,0.041000,-1.091000,-36.305000,-64.901000,-28.214000,28.44
0.500354,0.388000,-0.037000,-0.975000,-35.252000,-63.359000,-25.878000,28.39
0.505012,0.447000,-0.066000,-0.934000,-35.527000,-57.527000,-22.550000,28.48
0.517132,0.521000,-0.064000,-0.909000,-33.863000,-54.244000,-20.855000,28.44
0.529254,0.602000,-0.045000,-0.890000,-30.565000,-48.962000,-20.107000,28.44
0.537243,0.641000,-0.018000,-0.863000,-25.115000,-47.359000,-20.351000,28.39
0.547893,0.632000,-0.017000,-0.816000,-19.359000,-45.710000,-21.542000,28.29
0.559420,0.592000,-0.031000,-0.748000,-15.481000,-38.611000,-23.267000,28.34
0.567605,0.611000,-0.064000,-0.787000,-15.588000,-27.557000,-25.954000,28.44
0.578050,0.746000,-0.137000,-0.865000,-22.412000,-24.290000,-28.672000,28.39
0.594533,0.797000,-0.138000,-0.919000,-23.832000,-37.450000,-29.832000,28.48
0.596326,0.724000,-0.118000,-0.855000,-19.023000,-48.672000,-27.771000,28.44
0.608665,0.620000,-0.109000,-0.763000,-12.595000,-48.779000,-25.771000,28.48
0.614216,0.601000,-0.096000,-0.712000,-11.145000,-40.718000,-26.412000,28.39
0.627085,0.618000,-0.070000,-0.705000,-10.733000,-34.275000,-28.977000,28.34
0.638810,0.633000,-0.064000,-0.696000,-6.779000,-30.870000,-31.450000,28.39
0.645609,0.632000,-0.102000,-0.679000,1.435000,-29.496000,-31.939000,28.39
0.657706,0.602000,-0.166000,-0.655000,7.282000,-28.015000,-29.344000,28.39
0.669928,0.604000,-0.228000,-0.652000,6.214000,-24.443000,-25.710000,28.44
0.676937,0.617000,-0.241000,-0.635000,3.466000,-23.023000,-21.389000,28.34
0.688556,0.614000,-0.226000,-0.605000,2.824000,-23.603000,-17.802000,28.39
0.695416,0.588000,-0.218000,-0.547000,3.542000,-23.771000,-17.099000,28.44
0.707306,0.549000,-0.221000,-0.481000,5.740000,-23.115000,-19.618000,28.25
0.719557,0.787000,-0.427000,-0.315000,13.603000,-8.687000,-16.916000,28.39
0.726955,0.584000,-0.454000,0.043000,21.023000,2.351000,-3.405000,28.39
0.738791,0.991000,-0.791000,0.062000,-7.847000,49.221000,17.435000,28.34
0.745668,1.363000,-0.919000,0.363000,-20.595000,60.779000,51.634000,28.39
0.757644,0.930000,-0.323000,0.027000,-43.924000,97.099000,112.427000,28.39
0.769512,1.450000,0.545000,-1.350000,-71.695000,123.954000,101.924000,28.39
0.776693,1.391000,1.682000,-0.725000,-38.595000,23.481000,41.130000,28.34
0.788505,0.729000,1.162000,-0.539000,76.885000,-13.893000,-8.473000,28.39
0.795636,0.669000,-0.138000,-1.034000,49.023000,62.885000,-8.000000,28.39
0.808015,0.472000,-0.884000,-0.982000,26.733000,52.809000,5.695000,28.34
0.819770,1.055000,-0.144000,-1.070000,16.565000,44.443000,28.061000,28.44
0.827191,0.921000,0.332000,-0.765000,31.176000,4.672000,4.519000,28.39
0.839402,0.609000,-0.027000,-0.845000,42.595000,3.038000,1.313000,28.29
0.846536,0.609000,-0.276000,-0.901000,25.282000,11.802000,9.649000,28.34
0.858722,0.719000,0.024000,-0.831000,18.336000,11.634000,6.397000,28.29
0.865599,0.763000,-0.024000,-0.844000,23.893000,-4.870000,-3.038000,28.39
0.877679,0.621000,-0.130000,-0.864000,17.450000,-8.366000,-0.168000,28.34
0.889896,0.665000,-0.020000,-0.864000,8.519000,-3.328000,-1.542000,28.44
0.897068,0.602000,-0.029000,-0.860000,5.634000,-4.183000,-3.557000,28.39
0.909246,0.592000,-0.018000,-0.853000,1.695000,-1.496000,-3.313000,28.39
0.916479,0.616000,0.024000,-0.815000,0.198000,0.901000,-4.046000,28.34
0.928930,0.544000,0.062000,-0.832000,0.962000,2.183000,-1.954000,28.34
0.936141,0.578000,0.075000,-0.812000,2.550000,6.244000,-0.427000,28.39
0.948425,0.632000,0.033000,-0.812000,3.405000,5.542000,-0.550000,28.39
0.955725,0.629000,0.006000,-0.835000,-1.511000,5.908000,-0.748000,28.44
0.967837,0.588000,0.027000,-0.816000,-1.145000,5.679000,-0.626000,28.39
0.979950,0.595000,-0.003000,-0.805000,-1.878000,6.855000,-0.229000,28.39
0.987015,0.593000,0.005000,-0.807000,-2.473000,6.733000,-0.702000,28.34
0.999268,0.568000,0.003000,-0.810000,-2.351000,7.893000,-0.473000,28.34
1.006371,0.588000,0.000000,-0.800000,-2.321000,8.000000,-0.351000,28.29
1.018761,0.589000,0.006000,-0.794000,-2.336000,7.420000,-0.473000,28.39
1.025567,0.563000,0.045000,-0.794000,-1.023000,6.748000,0.412000,28.34
1.038176,0.583000,0.035000,-0.809000,0.580000,6.840000,1.634000,28.34
1.045122,0.604000,0.032000,-0.779000,1.466000,4.229000,2.779000,28.48
1.057601,0.584000,0.059000,-0.771000,3.802000,1.435000,4.244000,28.39
1.069846,0.594000,0.047000,-0.792000,6.229000,-0.351000,6.305000,28.44
1.076865,0.608000,-0.001000,-0.789000,5.099000,-1.450000,6.198000,28.39
1.089324,0.605000,-0.002000,-0.802000,4.351000,-1.740000,5.069000,28.39
1.096229,0.591000,0.000000,-0.802000,4.672000,-2.183000,4.779000,28.34
1.108912,0.574000,0.005000,-0.803000,4.458000,-2.015000,3.664000,28.44
1.115814,0.582000,-0.009000,-0.797000,3.359000,-0.550000,2.641000,28.39
1.128050,0.541000,0.022000,-0.822000,3.496000,-0.046000,2.153000,28.48
1.135344,0.576000,0.005000,-0.816000,2.290000,3.481000,1.985000,28.34
1.147724,0.594000,-0.005000,-0.815000,2.840000,1.710000,1.069000,28.34
1.160172,0.594000,-0.005000,-0.805000,1.649000,3.221000,0.931000,28.39
1.167316,0.595000,0.007000,-0.816000,1.496000,3.053000,0.534000,28.29
1.181275,0.591000,0.005000,-0.817000,1.374000,3.740000,0.870000,28.34
1.187179,0.590000,0.010000,-0.808000,1.725000,4.748000,1.695000,28.29
1.199700,0.574000,0.018000,-0.835000,1.603000,6.931000,2.550000,28.39
1.206574,0.573000,0.017000,-0.834000,2.534000,9.359000,3.588000,28.29
1.218988,0.563000,0.022000,-0.841000,2.672000,13.344000,4.626000,28.34
1.226052,0.572000,0.009000,-0.868000,1.344000,18.687000,5.771000,28.34
1.238546,0.564000,0.026000,-0.862000,1.740000,25.359000,6.412000,28.39
1.245604,0.523000,0.029000,-0.864000,3.481000,29.511000,6.229000,28.34
1.258105,0.472000,0.006000,-0.902000,4.794000,32.901000,6.122000,28.34
1.265194,0.516000,0.009000,-0.952000,6.489000,42.794000,1.649000,28.29
1.277789,0.499000,0.025000,-0.920000,8.076000,46.885000,-4.122000,28.39
1.289817,0.507000,0.099000,-0.944000,7.802000,58.137000,0.763000,28.34
1.297031,0.465000,-0.055000,-0.919000,3.771000,64.977000,5.603000,28.39
1.309287,0.401000,0.395000,-1.080000,-16.000000,99.924000,35.115000,28.29
1.316016,0.548000,0.063000,-0.984000,-17.969000,113.298000,41.893000,28.39
1.328019,0.479000,0.454000,-1.174000,-32.366000,114.962000,61.588000,28.34
1.340119,0.022000,0.880000,-1.496000,-25.679000,122.870000,56.580000,28.34
1.346827,-0.517000,1.087000,-1.836000,0.595000,75.405000,35.313000,28.39
1.359564,-0.885000,1.153000,-1.945000,2.840000,40.473000,4.321000,28.34
1.366207,-1.046000,1.080000,-1.972000,-0.672000,8.321000,-23.099000,28.44
1.378320,-1.000000,0.828000,-1.986000,-12.443000,-18.672000,-35.695000,28.39
1.389873,-0.813000,0.604000,-1.901000,-21.450000,-52.870000,-36.412000,28.29
1.396971,-0.501000,0.452000,-1.774000,-28.137000,-71.344000,-27.053000,28.34
1.408559,-0.271000,0.304000,-1.624000,-27.954000,-92.366000,-15.420000,28.39
1.415463,0.076000,0.197000,-1.388000,-20.229000,-109.405000,1.695000,28.39
1.427586,0.449000,-0.090000,-1.219000,-25.634000,-97.924000,15.130000,28.29
1.439729,0.584000,0.157000,-0.945000,-22.290000,-89.893000,22.824000,28.25
1.446323,1.097000,0.055000,-0.381000,-3.160000,-45.420000,18.122000,28.29
1.459039,1.478000,-0.114000,0.334000,47.053000,-6.397000,5.145000,28.39
1.465638,1.652000,-0.367000,-0.302000,25.130000,44.458000,-21.221000,28.44
1.477842,1.205000,-0.184000,-0.738000,9.695000,16.565000,-47.069000,28.34
1.489823,0.655000,0.038000,-0.867000,1.145000,7.832000,-57.466000,28.39
1.497058,0.520000,0.142000,-1.011000,-10.244000,6.687000,-66.550000,28.29
1.509007,0.637000,0.093000,-1.146000,-18.534000,-5.160000,-74.702000,28.34
1.515879,0.681000,0.105000,-1.097000,-0.489000,-46.489000,-74.489000,28.39
1.527910,0.604000,-0.149000,-0.982000,14.290000,-80.153000,-69.527000,28.39
1.539745,0.510000,-0.282000,-0.741000,13.237000,-84.534000,-58.672000,28.29
1.546841,0.359000,-0.327000,-0.375000,17.664000,-74.153000,-37.939000,28.44
1.558317,0.689000,-0.528000,-0.253000,7.389000,-44.702000,-16.122000,28.34
1.564532,0.896000,-0.536000,0.001000,-3.496000,-19.527000,-0.443000,28.39
1.578035,1.302000,-0.489000,0.345000,0.412000,5.313000,7.298000,28.29
1.590073,1.792000,-0.574000,0.472000,-3.450000,41.176000,1.679000,28.34
1.599636,2.424000,-0.798000,0.832000,2.168000,44.718000,-10.885000,28.39
1.609066,2.679000,-1.021000,1.429000,23.511000,49.542000,-23.511000,28.39
1.617457,3.664000,-1.681000,1.857000,52.931000,70.931000,19.618000,28.25
1.628675,3.807000,-0.500000,-0.756000,-7.618000,52.489000,23.053000,28.34
1.640102,-0.635000,0.275000,-0.477000,28.183000,-126.382000,-11.206000,28.39
1.647164,-0.380000,0.558000,-1.146000,41.573000,-10.092000,30.809000,28.39
1.659294,0.635000,0.188000,-0.905000,50.794000,-38.656000,21.832000,28.34
1.666500,0.979000,-0.688000,-1.157000,8.351000,-24.901000,3.863000,28.44
1.678162,0.235000,-0.065000,-1.040000,7.252000,-43.786000,-1.374000,28.29
1.690192,0.556000,0.160000,-0.898000,-7.542000,10.382000,2.137000,28.39
1.700581,0.771000,-0.234000,-0.806000,3.985000,-12.198000,-3.038000,28.34
1.709428,0.584000,-0.262000,-0.898000,-10.595000,-3.649000,-10.443000,28.34
1.718004,0.546000,0.066000,-0.895000,-15.008000,9.710000,-13.130000,28.29
1.728411,0.592000,0.011000,-0.862000,-10.031000,7.282000,-11.985000,28.44
1.735885,0.644000,0.102000,-0.784000,-7.191000,6.962000,-8.305000,28.39
1.749805,0.670000,0.132000,-0.767000,-3.099000,8.977000,-1.420000,28.29
1.760542,0.643000,0.023000,-0.787000,1.847000,5.450000,1.710000,28.39
1.767238,0.594000,-0.006000,-0.838000,0.763000,8.168000,2.290000,28.44
1.779886,0.581000,-0.008000,-0.842000,1.069000,9.985000,2.183000,28.25
1.786501,0.575000,-0.019000,-0.840000,0.076000,13.252000,2.153000,28.29
1.798803,0.562000,-0.003000,-0.827000,0.641000,15.023000,2.000000,28.39
1.806124,0.585000,0.000000,-0.804000,1.160000,15.389000,2.107000,28.34
1.818395,0.591000,0.009000,-0.798000,2.061000,13.344000,2.550000,28.34
1.833130,0.591000,0.022000,-0.788000,3.649000,11.038000,3.130000,28.39
1.838234,0.599000,0.010000,-0.768000,5.893000,7.466000,3.802000,28.34
1.850423,0.607000,-0.018000,-0.772000,6.229000,5.863000,4.366000,28.39
1.857732,0.604000,-0.004000,-0.790000,8.046000,2.931000,4.626000,28.39
1.869876,0.610000,-0.004000,-0.798000,8.763000,3.099000,4.794000,28.29
1.879500,0.573000,0.039000,-0.843000,9.435000,8.504000,6.046000,28.34
1.889264,0.541000,0.057000,-0.867000,12.397000,13.908000,7.542000,28.34
1.896498,0.517000,0.058000,-0.888000,15.359000,19.649000,9.237000,28.39
1.908633,0.502000,0.056000,-0.870000,17.420000,29.969000,10.198000,28.39
1.915539,0.499000,-0.012000,-0.873000,22.458000,33.496000,6.794000,28.34
1.927834,0.438000,-0.026000,-0.896000,21.557000,41.542000,3.863000,28.39
1.939794,0.553000,-0.021000,-0.895000,22.183000,44.840000,1.053000,28.39
1.947033,0.465000,0.044000,-0.960000,18.885000,53.954000,2.916000,28.34
1.959168,0.271000,0.151000,-1.133000,20.198000,76.458000,11.939000,28.29
1.966181,0.383000,0.035000,-1.083000,10.962000,87.221000,25.863000,28.29
1.978313,0.558000,0.303000,-1.022000,2.336000,112.855000,42.901000,28.39
1.985116,0.369000,0.486000,-1.355000,1.328000,108.550000,45.298000,28.44
1.997374,-0.167000,0.746000,-1.598000,8.015000,91.817000,38.855000,28.34
2.009637,-0.465000,0.916000,-1.722000,3.282000,64.885000,20.824000,28.29
2.016752,-0.629000,0.998000,-1.744000,-3.939000,40.061000,-2.947000,28.34
2.028724,-0.667000,0.896000,-1.793000,-13.863000,14.260000,-26.656000,28.44
2.035092,-0.624000,0.804000,-1.786000,-24.626000,-16.458000,-43.710000,28.29
2.047091,-0.525000,0.651000,-1.725000,-27.481000,-43.740000,-54.641000,28.39
2.058895,-0.304000,0.500000,-1.668000,-29.511000,-61.176000,-53.267000,28.34
2.065804,-0.214000,0.316000,-1.559000,-25.450000,-81.252000,-46.550000,28.39
2.077570,-0.021000,0.122000,-1.398000,-25.710000,-90.092000,-33.206000,28.39
2.089382,0.278000,-0.046000,-1.300000,-35.786000,-78.153000,-15.893000,28.44
2.096231,0.500000,-0.079000,-0.972000,-33.008000,-75.924000,-3.557000,28.44
2.108157,0.908000,-0.224000,-0.157000,-6.748000,-47.298000,-2.168000,28.39
2.115318,1.357000,-0.433000,0.095000,20.534000,4.687000,-5.267000,28.39
2.127248,1.458000,-0.554000,-0.731000,-13.053000,50.443000,-18.275000,28.34
2.139216,0.961000,-0.310000,-1.080000,-38.885000,0.977000,-32.000000,28.34
2.146259,0.473000,0.065000,-1.146000,-52.565000,-24.061000,-40.183000,28.29
2.158053,0.410000,0.123000,-1.035000,-28.489000,-58.840000,-37.786000,28.44
2.169915,0.390000,-0.242000,-1.015000,-23.771000,-67.313000,-27.588000,28.34
2.176634,0.368000,-0.385000,-0.872000,-25.405000,-74.046000,-16.015000,28.39
2.188832,0.423000,-0.450000,-0.654000,-26.550000,-56.031000,3.099000,28.29
2.195607,0.652000,-0.554000,-0.663000,-29.496000,-47.221000,22.794000,28.25
2.207412,0.708000,-0.495000,-0.597000,-35.817000,-40.275000,38.977000,28.34
2.219525,0.682000,-0.433000,-0.517000,-36.046000,-35.206000,49.099000,28.29
2.226342,0.700000,-0.321000,-0.522000,-49.863000,-17.939000,48.214000,28.39
2.238163,0.866000,-0.269000,-0.509000,-57.435000,-6.962000,42.916000,28.44
2.250182,1.040000,-0.298000,-0.463000,-59.450000,-6.779000,33.191000,28.44
2.257614,1.272000,-0.429000,-0.252000,-50.427000,-17.924000,26.840000,28.29
2.269205,1.442000,-0.500000,0.068000,-37.695000,-16.458000,24.794000,28.39
2.276038,1.634000,-0.620000,0.428000,-26.122000,1.099000,22.351000,28.44
2.288104,1.908000,-0.768000,0.801000,-16.122000,32.580000,19.893000,28.29
2.300240,2.194000,-0.946000,1.198000,-5.298000,71.237000,19.618000,28.29
2.307070,2.399000,-1.036000,1.532000,-4.504000,114.214000,23.084000,28.34
2.319203,3.130000,-0.009000,-1.642000,-25.298000,207.740000,61.969000,28.34
2.326247,2.055000,0.769000,-1.260000,25.389000,-44.183000,-17.298000,28.29
2.337935,-0.265000,0.020000,-0.399000,105.954000,-162.763000,34.595000,28.29
2.350159,0.553000,0.247000,-1.166000,41.420000,22.611000,25.511000,28.34
2.360507,0.793000,-0.213000,-0.786000,32.061000,19.649000,22.214000,28.34
2.373681,0.692000,-0.159000,-0.940000,54.718000,-61.267000,15.435000,28.39
2.376178,0.449000,-0.076000,-0.944000,31.740000,-24.748000,7.649000,28.39
2.388205,0.624000,-0.268000,-0.918000,1.160000,7.511000,5.405000,28.34
2.400252,0.635000,-0.233000,-0.891000,10.824000,-26.336000,-6.229000,28.48
2.407237,0.524000,-0.149000,-0.885000,-8.565000,0.046000,-8.824000,28.29
2.419599,0.573000,-0.027000,-0.854000,-10.458000,0.443000,-12.061000,28.34
2.429120,0.622000,-0.007000,-0.819000,-8.046000,-5.679000,-12.458000,28.34
2.438091,0.625000,0.034000,-0.799000,-10.015000,0.733000,-11.939000,28.29
2.444491,0.624000,0.060000,-0.790000,-7.710000,0.763000,-9.389000,28.39
2.460506,0.617000,0.097000,-0.803000,-4.076000,-0.214000,-5.206000,28.34
2.471974,0.602000,0.086000,-0.807000,-1.084000,1.924000,-1.008000,28.34
2.477073,0.570000,0.046000,-0.829000,1.420000,2.107000,1.374000,28.39
2.489302,0.576000,-0.006000,-0.816000,2.504000,1.679000,1.298000,28.29
2.496516,0.557000,-0.027000,-0.835000,1.206000,3.145000,0.534000,28.34
2.509666,0.555000,-0.019000,-0.835000,0.809000,3.267000,-0.229000,28.39
2.517892,0.573000,-0.002000,-0.815000,0.321000,3.817000,-0.504000,28.29
2.528291,0.572000,0.026000,-0.807000,0.321000,3.832000,-0.153000,28.25
2.535839,0.576000,0.024000,-0.811000,1.496000,4.382000,0.947000,28.34
2.547784,0.583000,0.025000,-0.808000,1.099000,4.885000,2.214000,28.39
2.560539,0.581000,0.017000,-0.795000,2.718000,3.878000,3.099000,28.29
2.567259,0.578000,-0.002000,-0.811000,3.038000,2.687000,3.695000,28.34
2.579509,0.577000,-0.006000,-0.811000,3.725000,2.198000,4.122000,28.34
2.586935,0.577000,-0.025000,-0.819000,3.267000,1.573000,3.832000,28.29
2.599199,0.577000,0.009000,-0.825000,2.718000,4.076000,3.863000,28.29
2.606939,0.567000,0.019000,-0.821000,3.557000,4.901000,4.748000,28.34
2.620161,0.578000,0.008000,-0.823000,3.603000,6.275000,5.756000,28.39
2.627806,0.569000,0.045000,-0.833000,3.191000,9.450000,7.359000,28.29
2.641194,0.574000,0.064000,-0.833000,6.290000,11.496000,10.031000,28.34
2.646845,0.550000,0.068000,-0.816000,7.466000,16.137000,11.985000,28.34
2.663486,0.535000,0.063000,-0.811000,10.351000,17.756000,14.382000,28.29
2.670701,0.498000,-0.030000,-0.835000,12.901000,20.000000,14.092000,28.29
2.677195,0.506000,-0.092000,-0.897000,9.099000,29.084000,12.382000,28.34
2.689898,0.513000,-0.042000,-0.912000,11.817000,27.221000,8.519000,28.44
2.697010,0.447000,-0.050000,-0.967000,9.740000,51.924000,0.779000,28.20
2.708305,0.348000,0.090000,-1.075000,8.565000,71.496000,2.198000,28.29
2.715738,0.309000,0.139000,-1.152000,10.733000,102.412000,4.763000,28.34
2.727557,0.219000,0.096000,-1.187000,24.809000,143.908000,23.328000,28.29
2.739453,0.431000,0.455000,-1.289000,12.962000,183.603000,41.496000,28.39
2.746317,0.818000,0.678000,-1.305000,36.321000,183.939000,55.710000,28.34
2.758582,0.806000,0.593000,-1.408000,66.092000,178.870000,62.656000,28.34
2.765429,0.018000,0.601000,-1.671000,67.420000,160.840000,40.290000,28.29
2.777635,-0.451000,1.307000,-1.887000,58.962000,152.260000,-4.000000,28.29
2.789594,-0.696000,1.436000,-2.005000,66.656000,97.099000,-57.328000,28.34
2.796376,-0.963000,1.253000,-2.041000,56.718000,34.305000,-106.565000,28.25
2.808377,-1.088000,1.034000,-2.050000,43.542000,-0.168000,-138.702000,28.39
2.820256,-0.990000,0.687000,-2.070000,22.137000,-29.511000,-144.763000,28.34
2.827026,-0.821000,0.281000,-2.093000,1.985000,-76.427000,-128.748000,28.44
2.838602,-0.634000,0.213000,-2.045000,-20.061000,-103.237000,-102.061000,28.29
2.845233,-0.421000,0.161000,-1.985000,-34.595000,-125.252000,-76.336000,28.39
2.856896,-0.116000,0.210000,-1.876000,-54.534000,-139.160000,-62.565000,28.34
2.869640,0.208000,0.269000,-1.841000,-66.153000,-154.198000,-58.183000,28.44
2.875356,0.398000,0.325000,-1.714000,-67.878000,-172.748000,-62.855000,28.39
2.887500,0.545000,0.264000,-1.550000,-69.588000,-178.061000,-71.221000,28.25
2.899430,0.649000,0.204000,-1.366000,-77.817000,-162.336000,-77.359000,28.34
2.906019,1.397000,-0.248000,-0.219000,5.298000,-168.168000,-35.695000,28.20
2.918112,2.175000,-1.409000,-0.196000,-15.847000,-130.092000,-20.427000,28.29
2.930224,2.414000,-1.321000,-0.234000,-103.466000,-119.634000,-10.931000,28.44
2.936381,2.356000,-1.003000,0.319000,-91.069000,-116.565000,-10.534000,28.44
2.950503,2.013000,-1.232000,0.917000,-22.061000,-162.122000,-12.748000,28.29
2.960060,1.924000,-1.485000,1.554000,-17.481000,-82.901000,-5.511000,28.39
2.967303,2.384000,-1.755000,2.186000,-25.679000,1.603000,15.817000,28.34
2.982372,3.415000,-2.249000,3.376000,-26.305000,74.656000,60.504000,28.34
2.985932,2.947000,-1.206000,3.491000,-64.214000,214.168000,121.466000,28.39
2.998662,4.000000,2.198000,-4.000000,-137.634000,342.015000,115.328000,28.34
3.010195,0.503000,1.995000,0.091000,182.656000,-255.328000,-11.115000,28.34
3.016661,-0.467000,-0.951000,-1.190000,225.389000,-121.939000,39.191000,28.39
3.028852,1.427000,-0.868000,-1.366000,-3.298000,115.252000,44.534000,28.29
3.035594,0.799000,-0.007000,-0.884000,30.275000,37.603000,13.969000,28.34
3.047561,0.621000,-0.249000,-1.174000,61.542000,-63.466000,13.786000,28.34
3.059833,0.684000,-0.140000,-0.911000,13.374000,27.649000,7.588000,28.39
3.066799,0.647000,-0.163000,-0.947000,0.565000,29.176000,-2.260000,28.20
3.078906,0.664000,-0.029000,-0.887000,8.137000,-9.069000,-4.336000,28.34
3.086162,0.587000,0.101000,-0.849000,-4.198000,14.489000,-5.985000,28.34
3.104230,0.582000,0.014000,-0.867000,-8.489000,16.855000,-5.466000,28.29
3.110179,0.594000,0.052000,-0.836000,-3.969000,2.947000,-4.656000,28.34
3.117241,0.591000,0.087000,-0.831000,-10.397000,16.931000,-2.611000,28.39
3.129409,0.575000,0.085000,-0.823000,-6.687000,12.809000,-0.168000,28.39
3.136533,0.573000,0.095000,-0.789000,-1.313000,8.718000,3.420000,28.29
3.148811,0.575000,0.093000,-0.773000,-0.809000,15.252000,6.687000,28.25
3.156444,0.562000,0.050000,-0.784000,3.786000,11.069000,8.489000,28.34
3.168740,0.557000,0.033000,-0.793000,5.344000,8.122000,9.145000,28.29
3.175899,0.544000,0.021000,-0.792000,6.214000,7.664000,8.473000,28.39
3.188314,0.535000,0.028000,-0.804000,9.069000,4.305000,7.221000,28.34
3.195739,0.545000,0.072000,-0.821000,10.473000,4.260000,6.473000,28.34
3.207703,0.530000,0.088000,-0.842000,11.725000,7.649000,7.053000,28.20
3.220114,0.559000,0.082000,-0.846000,12.015000,9.023000,8.107000,28.44
3.227403,0.599000,0.048000,-0.800000,12.611000,9.725000,9.237000,28.34
3.239337,0.600000,0.129000,-0.807000,14.992000,12.534000,11.130000,28.29
3.246547,0.534000,0.133000,-0.833000,21.008000,16.137000,14.092000,28.29
3.258654,0.529000,-0.024000,-0.861000,25.511000,21.679000,13.573000,28.34
3.265673,0.511000,-0.128000,-0.943000,19.802000,29.298000,7.664000,28.34
3.277748,0.410000,-0.020000,-0.979000,15.237000,41.954000,1.969000,28.29
3.291342,0.270000,0.000000,-1.059000,18.214000,61.252000,-7.053000,28.29
3.304856,0.207000,-0.026000,-1.236000,7.725000,100.031000,2.489000,28.34
3.308827,0.180000,0.152000,-1.335000,3.863000,124.840000,12.550000,28.25
3.317521,0.332000,0.351000,-1.379000,3.069000,154.779000,35.756000,28.29
3.327754,-0.148000,0.889000,-1.722000,12.794000,152.092000,33.405000,28.34
3.339796,-0.490000,0.711000,-2.019000,32.855000,129.053000,17.771000,28.34
3.346816,-0.895000,0.771000,-2.092000,25.863000,88.718000,-3.374000,28.39
3.358798,-1.096000,0.730000,-2.124000,7.313000,45.359000,-22.595000,28.48
3.365679,-1.179000,0.558000,-2.128000,-15.908000,0.214000,-36.214000,28.34
3.377725,-1.118000,0.337000,-2.137000,-41.557000,-49.863000,-35.908000,28.44
3.389511,-0.929000,0.141000,-2.064000,-68.183000,-89.328000,-27.466000,28.29
3.395985,-0.677000,-0.031000,-1.925000,-85.618000,-121.496000,-11.420000,28.39
3.408025,-0.181000,-0.028000,-1.868000,-90.275000,-157.099000,14.977000,28.34
3.419728,0.369000,-0.536000,-1.481000,-86.885000,-179.313000,37.313000,28.25
3.426681,1.718000,-0.670000,-1.142000,-74.870000,-117.481000,74.229000,28.39
3.438328,0.968000,-0.798000,1.506000,9.557000,-119.313000,101.954000,28.39
3.445369,2.737000,-1.148000,1.505000,-24.397000,97.527000,104.137000,28.34
3.457525,3.969000,-1.047000,0.169000,-45.130000,91.603000,72.779000,28.29
3.469455,2.663000,-0.908000,0.163000,-51.908000,-39.786000,-6.122000,28.29
3.476434,1.895000,-0.499000,1.049000,1.115000,-66.153000,-39.389000,28.34
3.488945,2.760000,-0.957000,2.016000,31.481000,17.573000,-27.038000,28.34
3.495865,4.000000,-1.270000,2.157000,-16.748000,10.611000,3.511000,28.29
3.508905,1.217000,0.590000,-0.865000,5.053000,-87.237000,-41.130000,28.29
3.519579,-0.655000,0.646000,-0.991000,34.366000,-109.328000,20.107000,28.34
3.529794,0.410000,0.657000,-0.918000,58.061000,-70.855000,29.328000,28.34
3.542434,0.848000,-0.838000,-1.206000,34.763000,-19.756000,6.336000,28.29
3.545895,0.292000,-0.619000,-1.155000,-0.901000,-49.908000,4.504000,28.34
3.558081,0.350000,0.109000,-0.997000,-3.069000,-5.603000,-3.405000,28.34
3.574557,0.618000,-0.135000,-0.877000,-8.931000,6.489000,-5.588000,28.29
3.577048,0.582000,-0.053000,-0.829000,-13.664000,3.496000,-10.702000,28.39
3.589509,0.605000,0.083000,-0.805000,-13.832000,6.687000,-11.954000,28.25
3.600642,0.580000,0.150000,-0.811000,-10.824000,13.557000,-9.771000,28.34
3.608741,0.565000,0.186000,-0.820000,0.198000,8.443000,-4.809000,28.39
3.615875,0.606000,0.119000,-0.818000,3.924000,14.504000,1.328000,28.29
3.627539,0.625000,0.096000,-0.809000,7.145000,12.901000,5.878000,28.34
3.639814,0.569000,0.118000,-0.806000,11.374000,11.603000,11.130000,28.25
3.646855,0.567000,0.018000,-0.831000,12.855000,13.176000,13.802000,28.20
3.658849,0.556000,-0.104000,-0.841000,9.908000,12.412000,10.977000,28.25
3.666056,0.515000,-0.106000,-0.862000,5.053000,12.137000,6.000000,28.34
3.678370,0.527000,-0.062000,-0.846000,0.977000,15.786000,2.687000,28.39
3.685439,0.558000,-0.014000,-0.833000,-1.450000,19.221000,2.046000,28.39
3.697913,0.583000,0.040000,-0.808000,0.198000,18.153000,3.359000,28.34
3.714059,0.556000,0.046000,-0.795000,2.901000,20.015000,5.405000,28.34
3.717183,0.582000,0.047000,-0.805000,7.374000,19.328000,6.672000,28.29
3.729606,0.557000,0.102000,-0.832000,10.137000,23.221000,7.756000,28.29
3.740581,0.499000,0.073000,-0.866000,17.634000,25.664000,5.954000,28.34
3.748769,0.422000,0.027000,-0.958000,21.878000,33.771000,3.618000,28.34
3.758784,0.332000,0.030000,-1.024000,20.992000,51.695000,0.137000,28.29
3.768442,0.232000,0.027000,-1.218000,19.588000,77.328000,3.725000,28.39
3.780182,0.231000,0.332000,-1.350000,21.679000,134.000000,13.924000,28.34
3.792356,0.340000,0.431000,-1.558000,38.382000,163.160000,29.099000,28.29
3.799242,0.702000,0.290000,-1.279000,56.580000,169.893000,28.809000,28.20
3.806567,0.103000,0.610000,-1.656000,74.443000,159.206000,11.725000,28.34
3.818928,-0.479000,0.949000,-1.850000,69.237000,148.855000,-19.496000,28.34
3.832427,-0.712000,1.167000,-2.048000,67.130000,113.115000,-55.542000,28.29
3.837440,-0.985000,1.103000,-2.144000,60.031000,59.695000,-88.534000,28.29
3.849017,-1.133000,0.865000,-2.169000,36.046000,10.519000,-105.664000,28.34
3.860674,-1.141000,0.553000,-2.129000,10.763000,-41.145000,-102.763000,28.25
3.867659,-0.962000,0.234000,-2.122000,-20.595000,-79.740000,-81.084000,28.29
3.879778,-0.678000,0.028000,-2.045000,-47.985000,-119.450000,-55.466000,28.29
3.886097,-0.515000,-0.001000,-1.865000,-65.145000,-146.427000,-34.534000,28.34
3.897893,-0.073000,0.075000,-1.666000,-76.687000,-157.450000,-15.985000,28.20
3.909716,0.615000,0.004000,-1.635000,-70.427000,-173.603000,2.351000,28.39
3.916553,1.038000,-0.084000,-1.500000,-64.321000,-169.160000,20.015000,28.34
3.928556,1.912000,-0.277000,0.590000,-27.618000,-105.298000,27.664000,28.34
3.934073,1.966000,-0.592000,1.408000,2.244000,-10.611000,26.229000,28.29
3.947297,2.876000,-0.633000,0.297000,-63.954000,81.435000,12.504000,28.29
3.959333,2.465000,-0.453000,-0.616000,-87.588000,32.565000,-20.397000,28.34
3.965748,2.157000,-0.097000,-0.720000,-65.069000,-81.420000,-45.908000,28.34
3.977647,1.266000,-0.105000,-0.297000,-3.084000,-141.389000,-52.031000,28.39
3.989496,0.960000,-0.492000,0.222000,12.443000,-106.977000,-42.153000,28.34
3.996390,1.025000,-1.052000,1.140000,13.817000,-79.939000,-32.641000,28.34
4.008504,2.030000,-1.463000,2.118000,-5.099000,33.969000,-15.420000,28.20
4.015339,3.140000,-1.943000,2.840000,-4.901000,132.061000,7.573000,28.29
4.031852,4.000000,0.571000,0.073000,-47.771000,272.183000,100.275000,28.34
4.039506,2.745000,0.803000,-1.377000,19.374000,-88.168000,-24.931000,28.34
4.046034,-1.828000,0.073000,-0.184000,169.863000,-298.092000,63.573000,28.29
4.058245,0.532000,-0.179000,-1.724000,52.473000,45.374000,38.198000,28.29
4.065181,1.204000,-0.744000,-0.843000,10.565000,58.947000,26.427000,28.34
4.077267,0.525000,-0.618000,-1.120000,21.008000,-72.504000,-7.634000,28.29
4.089208,0.408000,0.186000,-0.938000,-0.183000,-10.519000,-4.427000,28.29
4.096806,0.721000,-0.008000,-0.834000,-8.397000,18.901000,-6.672000,28.34
4.108260,0.575000,-0.122000,-0.885000,-0.046000,-14.489000,-11.832000,28.29
4.115247,0.593000,0.039000,-0.846000,-7.954000,-1.206000,-13.664000,28.39
4.127310,0.548000,0.104000,-0.862000,-11.053000,12.763000,-9.771000,28.39
4.139480,0.548000,0.093000,-0.852000,-1.679000,3.237000,-5.481000,28.25
4.146726,0.597000,0.062000,-0.824000,-2.183000,10.733000,-1.511000,28.25
4.158832,0.582000,0.052000,-0.818000,-0.275000,11.557000,0.992000,28.29
4.166355,0.594000,0.061000,-0.803000,3.588000,6.351000,4.366000,28.29
4.178784,0.573000,0.032000,-0.800000,3.176000,9.191000,5.542000,28.44
4.185966,0.561000,-0.009000,-0.809000,4.198000,6.672000,5.191000,28.29
4.198189,0.532000,-0.028000,-0.816000,5.099000,4.107000,3.786000,28.29
4.205444,0.527000,-0.025000,-0.823000,3.786000,5.771000,2.229000,28.25
4.217921,0.542000,-0.038000,-0.814000,3.130000,3.893000,1.069000,28.39
4.229886,0.558000,-0.008000,-0.809000,3.496000,3.053000,0.397000,28.39
4.237362,0.568000,0.023000,-0.823000,3.847000,3.847000,1.374000,28.29
4.250109,0.558000,0.046000,-0.811000,5.588000,3.695000,2.931000,28.34
4.257284,0.569000,0.041000,-0.819000,7.374000,4.214000,4.382000,28.34
4.269628,0.581000,0.024000,-0.835000,7.496000,6.672000,6.290000,28.29
4.276644,0.566000,0.026000,-0.844000,9.954000,7.023000,7.771000,28.25
4.289097,0.539000,0.035000,-0.842000,11.649000,11.221000,9.542000,28.34
4.296073,0.532000,-0.037000,-0.844000,13.160000,17.359000,9.374000,28.29
4.308074,0.522000,-0.076000,-0.844000,14.840000,18.962000,6.183000,28.29
4.320147,0.541000,-0.079000,-0.878000,12.702000,28.656000,2.489000,28.34
4.327437,0.443000,0.012000,-0.910000,13.634000,33.878000,0.305000,28.29
4.339721,0.404000,0.074000,-0.946000,13.756000,43.328000,-0.046000,28.29
4.346609,0.460000,0.223000,-0.941000,17.802000,56.473000,1.405000,28.29
4.359326,0.296000,0.170000,-1.102000,19.908000,68.931000,9.573000,28.34
4.365826,0.151000,0.175000,-1.116000,18.244000,74.137000,19.008000,28.29
4.378388,0.428000,0.048000,-1.058000,-2.122000,96.885000,42.565000,28.29
4.390117,-0.121000,0.808000,-1.595000,-34.565000,91.282000,59.466000,28.34
4.397010,-0.377000,0.889000,-1.720000,-13.771000,51.969000,46.672000,28.25
4.409091,-0.586000,0.753000,-1.698000,-16.947000,14.824000,24.397000,28.29
4.415972,-0.468000,0.705000,-1.615000,-24.107000,-5.573000,3.786000,28.39
4.428012,-0.226000,0.534000,-1.523000,-30.504000,-18.366000,-6.366000,28.34
4.439596,-0.017000,0.321000,-1.333000,-33.924000,-35.176000,-3.344000,28.39
4.446521,0.208000,0.106000,-1.141000,-43.771000,-34.504000,12.000000,28.29
4.458791,0.356000,-0.055000,-1.008000,-54.427000,-26.901000,32.931000,28.39
4.465474,0.624000,-0.186000,-0.660000,-46.916000,-13.298000,43.878000,28.34
4.477774,0.904000,-0.241000,-0.629000,-44.153000,2.550000,43.679000,28.34
4.489527,0.728000,-0.115000,-0.663000,-38.702000,14.885000,37.038000,28.39
4.496528,0.558000,-0.057000,-0.768000,-29.664000,19.954000,30.824000,28.25
4.508493,0.538000,-0.014000,-0.896000,-27.099000,23.802000,23.374000,28.34
4.515480,0.404000,0.099000,-0.950000,-20.260000,15.328000,15.328000,28.20
4.527578,0.323000,0.191000,-0.946000,-6.809000,12.000000,3.053000,28.29
4.539865,0.377000,0.191000,-1.023000,0.229000,7.389000,-14.656000,28.34
4.546935,0.370000,0.196000,-1.029000,8.076000,-5.817000,-33.389000,28.39
4.558929,0.344000,0.205000,-1.012000,12.595000,-14.656000,-49.664000,28.29
4.565542,0.444000,0.158000,-0.832000,19.008000,-17.802000,-61.710000,28.29
4.577714,0.730000,0.053000,-0.740000,25.969000,-13.023000,-69.405000,28.25
4.589540,0.803000,0.021000,-0.606000,32.565000,-12.809000,-71.420000,28.29
4.596980,0.886000,-0.047000,-0.606000,30.840000,-7.176000,-72.534000,28.29
4.608416,0.875000,-0.066000,-0.571000,26.992000,-3.130000,-69.985000,28.34
4.615793,0.803000,-0.113000,-0.599000,26.198000,-4.779000,-65.481000,28.25
4.627663,0.815000,-0.140000,-0.681000,20.183000,-3.328000,-60.687000,28.29
4.642133,0.767000,-0.176000,-0.675000,17.634000,-7.298000,-54.046000,28.29
4.646500,0.800000,-0.192000,-0.663000,15.924000,-10.092000,-47.008000,28.25
4.659945,0.786000,-0.152000,-0.600000,15.008000,-6.595000,-41.557000,28.39
4.670090,0.831000,-0.032000,-0.608000,16.168000,-2.198000,-37.710000,28.29
4.677567,0.878000,0.095000,-0.665000,19.603000,-2.076000,-35.649000,28.25
4.697251,0.799000,0.139000,-0.757000,26.305000,-12.351000,-36.687000,28.34
4.698502,0.635000,0.156000,-0.763000,26.504000,-17.084000,-37.481000,28.29
4.708046,0.488000,0.155000,-0.724000,23.786000,-11.649000,-35.160000,28.29
4.720119,0.436000,0.109000,-0.718000,19.206000,-1.481000,-29.908000,28.34
4.730987,0.601000,0.005000,-0.829000,4.107000,10.855000,-25.496000,28.34
4.739662,0.856000,-0.097000,-0.938000,-13.847000,4.565000,-20.611000,28.29
4.746110,0.875000,-0.081000,-0.970000,-22.351000,-17.679000,-11.618000,28.44
4.758135,0.681000,-0.043000,-0.939000,-26.611000,-37.053000,-1.985000,28.34
4.770099,0.515000,-0.021000,-0.888000,-36.870000,-38.351000,8.718000,28.29
4.776672,0.436000,-0.002000,-0.822000,-44.855000,-31.618000,19.786000,28.20
4.788610,0.472000,-0.015000,-0.833000,-54.489000,-23.802000,29.221000,28.34
4.796056,0.553000,-0.013000,-0.861000,-64.947000,-19.969000,35.496000,28.34
4.807656,0.556000,0.026000,-0.849000,-70.656000,-21.160000,40.076000,28.29
4.819670,0.557000,0.071000,-0.854000,-72.519000,-19.878000,42.962000,28.25
4.826659,0.525000,0.056000,-0.840000,-73.008000,-18.473000,42.336000,28.34
4.838503,0.590000,0.053000,-0.867000,-74.763000,-20.321000,40.550000,28.29
4.850363,0.598000,0.052000,-0.867000,-73.420000,-24.626000,38.443000,28.39
4.857146,0.580000,0.034000,-0.823000,-70.824000,-28.534000,36.321000,28.25
4.869027,0.561000,-0.017000,-0.764000,-67.573000,-28.947000,35.023000,28.25
4.876381,0.552000,-0.059000,-0.705000,-64.076000,-26.626000,34.748000,28.20
4.888073,0.583000,-0.104000,-0.662000,-61.267000,-20.885000,35.832000,28.29
4.899841,0.666000,-0.153000,-0.624000,-58.397000,-15.221000,35.115000,28.34
4.906835,0.744000,-0.121000,-0.601000,-53.542000,-11.267000,34.977000,28.29
4.918814,0.913000,-0.180000,-0.559000,-47.710000,-11.969000,29.191000,28.39
4.924411,1.009000,-0.157000,-0.463000,-37.435000,-16.397000,22.977000,28.25
4.937460,0.987000,-0.142000,-0.294000,-17.313000,-16.916000,16.214000,28.29
4.949518,0.981000,-0.214000,-0.099000,1.771000,-6.229000,6.092000,28.29
4.956388,1.064000,-0.296000,0.074000,17.740000,13.191000,-3.267000,28.29
4.968594,1.215000,-0.371000,0.244000,38.229000,35.099000,-10.076000,28.25
4.975263,1.370000,-0.483000,0.485000,64.214000,55.847000,-12.687000,28.34
4.987983,1.559000,-0.635000,0.719000,87.740000,84.733000,1.924000,28.29
4.999934,1.403000,-0.000000,-1.374000,34.611000,155.954000,21.008000,28.25
5.006508,1.145000,-0.573000,-1.604000,45.649000,45.832000,24.183000,28.34
5.018857,0.108000,-0.257000,-0.625000,75.328000,-46.458000,40.565000,28.29
5.025290,0.408000,0.226000,-0.788000,44.275000,77.023000,39.924000,28.20
5.037594,1.542000,0.266000,-1.246000,37.389000,41.053000,13.023000,28.34
5.049950,1.010000,-0.549000,-0.823000,62.229000,-73.053000,10.840000,28.29
5.056733,0.614000,-0.102000,-1.035000,21.969000,-16.244000,11.145000,28.29
5.068824,0.526000,0.016000,-0.822000,14.275000,-3.053000,4.076000,28.29
5.076352,0.713000,-0.118000,-0.884000,21.634000,-27.389000,1.450000,28.34
5.088826,0.657000,-0.132000,-0.796000,7.725000,-16.977000,-0.061000,28.29
5.100101,0.622000,-0.011000,-0.845000,2.748000,-12.397000,-2.198000,28.29
5.107073,0.593000,-0.052000,-0.843000,3.802000,-18.336000,-3.588000,28.25
5.122490,0.562000,-0.044000,-0.858000,-1.389000,-9.038000,-4.672000,28.34
5.127758,0.576000,-0.028000,-0.837000,-3.206000,-6.061000,-5.252000,28.29
5.138954,0.546000,0.039000,-0.833000,-2.153000,-5.817000,-5.130000,28.29
5.145862,0.542000,0.051000,-0.835000,-2.183000,-1.878000,-4.046000,28.34
5.159221,0.580000,0.070000,-0.808000,-0.611000,-0.870000,-2.885000,28.20
5.169626,0.576000,0.076000,-0.816000,2.229000,-1.542000,-0.656000,28.20
5.177315,0.556000,0.062000,-0.826000,3.679000,0.611000,0.702000,28.34
5.189413,0.559000,0.049000,-0.824000,5.282000,2.565000,1.115000,28.34
5.196794,0.561000,0.019000,-0.832000,6.351000,1.282000,1.130000,28.20
5.210236,0.565000,-0.018000,-0.821000,6.107000,2.000000,1.008000,28.20
5.216261,0.551000,-0.024000,-0.833000,4.672000,2.840000,0.916000,28.34
5.228658,0.560000,-0.015000,-0.835000,3.832000,3.435000,0.687000,28.34
5.239945,0.559000,-0.002000,-0.824000,3.389000,2.962000,0.260000,28.39
5.248060,0.567000,0.007000,-0.821000,3.634000,3.939000,0.840000,28.39
5.255664,0.572000,-0.000000,-0.809000,4.153000,4.244000,0.458000,28.34
5.267325,0.563000,0.012000,-0.800000,4.794000,3.160000,-0.031000,28.29
5.279792,0.554000,0.014000,-0.808000,5.282000,2.962000,0.992000,28.20
5.288715,0.557000,0.013000,-0.812000,5.435000,3.908000,1.099000,28.34
5.300349,0.552000,0.013000,-0.823000,6.977000,1.740000,1.252000,28.25
5.308425,0.566000,-0.000000,-0.821000,8.092000,0.992000,1.634000,28.39
5.319288,0.566000,-0.009000,-0.819000,7.817000,2.198000,2.168000,28.20
5.326714,0.554000,0.003000,-0.833000,7.496000,2.626000,2.550000,28.25
5.339187,0.556000,0.004000,-0.846000,8.748000,4.901000,3.145000,28.25
5.348070,0.530000,0.016000,-0.841000,8.885000,7.878000,4.137000,28.39
5.359565,0.526000,0.074000,-0.841000,10.992000,12.183000,6.275000,28.29
5.367997,0.521000,0.068000,-0.848000,15.878000,18.244000,9.206000,28.25
5.380517,0.496000,-0.017000,-0.881000,20.931000,20.901000,9.038000,28.29
5.389952,0.477000,-0.017000,-0.871000,20.794000,23.115000,7.740000,28.29
5.401347,0.484000,-0.115000,-0.884000,22.092000,26.458000,3.802000,28.34
5.408985,0.527000,-0.117000,-0.867000,18.824000,32.611000,2.351000,28.25
5.416405,0.502000,-0.019000,-0.935000,14.550000,41.847000,0.351000,28.29
5.428633,0.342000,0.072000,-1.015000,10.153000,60.916000,5.740000,28.29
5.435704,0.379000,0.083000,-1.038000,10.290000,70.580000,10.275000,28.34
5.447812,0.293000,0.336000,-1.085000,5.374000,89.252000,20.046000,28.34
5.460053,0.595000,0.086000,-0.950000,0.183000,82.901000,32.198000,28.29
5.467089,0.399000,0.390000,-1.056000,-8.947000,98.733000,59.344000,28.25
5.479106,0.180000,0.480000,-1.307000,-19.160000,83.099000,63.023000,28.25
5.486216,-0.158000,0.709000,-1.473000,-18.855000,63.573000,56.046000,28.29
5.498068,-0.389000,0.813000,-1.588000,-22.565000,34.015000,37.527000,28.29
5.509991,-0.413000,0.825000,-1.573000,-26.336000,11.206000,16.260000,28.34
5.516821,-0.310000,0.735000,-1.572000,-32.626000,-6.031000,-0.290000,28.25
5.528858,-0.134000,0.735000,-1.495000,-33.649000,-16.763000,-9.130000,28.29
5.539022,-0.030000,0.643000,-1.388000,-30.779000,-24.901000,-13.221000,28.39
5.547478,0.019000,0.486000,-1.321000,-35.924000,-26.824000,-16.504000,28.25
5.560048,0.139000,0.244000,-1.289000,-41.588000,-24.779000,-15.511000,28.20
5.566273,0.144000,0.148000,-1.232000,-42.977000,-27.985000,-13.313000,28.39
5.578294,0.129000,0.007000,-1.191000,-36.061000,-32.718000,-9.053000,28.25
5.594241,0.166000,-0.128000,-1.153000,-34.855000,-32.809000,-1.206000,28.34
5.596436,0.212000,-0.206000,-1.087000,-35.206000,-33.847000,8.153000,28.29
5.608519,0.538000,-0.299000,-0.681000,-24.198000,-24.840000,12.656000,28.29
5.617829,0.878000,-0.379000,-0.531000,-10.901000,-9.649000,10.458000,28.15
5.627436,0.905000,-0.355000,-0.526000,-3.679000,4.733000,3.084000,28.25
5.639798,0.829000,-0.259000,-0.601000,3.099000,11.863000,-4.046000,28.29
5.647563,0.669000,-0.137000,-0.742000,10.397000,13.756000,-10.198000,28.15
5.659009,0.600000,-0.128000,-0.886000,3.191000,13.496000,-16.824000,28.34
5.666295,0.447000,-0.075000,-0.890000,0.916000,8.305000,-21.924000,28.29
5.678944,0.428000,-0.081000,-0.911000,0.321000,5.176000,-23.267000,28.29
5.690034,0.437000,-0.155000,-0.899000,-0.473000,2.855000,-20.092000,28.25
5.697427,0.492000,-0.233000,-0.868000,-4.351000,2.748000,-14.626000,28.25
5.709447,0.529000,-0.218000,-0.845000,-8.504000,4.275000,-7.618000,28.29
5.721507,0.595000,-0.190000,-0.913000,-17.252000,8.580000,-4.122000,28.25
5.729035,0.632000,-0.072000,-0.994000,-28.779000,1.359000,-6.595000,28.34
5.740035,0.538000,0.120000,-0.974000,-31.954000,-9.115000,-12.733000,28.29
5.748537,0.520000,0.203000,-0.925000,-25.145000,-13.588000,-22.947000,28.29
5.759239,0.670000,0.225000,-0.856000,-16.855000,-17.053000,-31.817000,28.15
5.765784,0.715000,0.069000,-0.899000,-7.679000,-28.901000,-37.115000,28.29
5.778428,0.664000,0.020000,-0.964000,-9.985000,-35.298000,-40.153000,28.29
5.789690,0.753000,-0.021000,-1.018000,-15.069000,-46.916000,-42.015000,28.29
5.796419,0.762000,-0.010000,-1.001000,-17.237000,-59.710000,-42.000000,28.34
5.808294,0.640000,-0.018000,-0.820000,-11.954000,-70.397000,-38.794000,28.20
5.820051,0.657000,-0.077000,-0.757000,-12.733000,-64.840000,-34.992000,28.29
5.827030,0.693000,-0.118000,-0.618000,-15.511000,-56.656000,-28.107000,28.25
5.838823,0.726000,-0.174000,-0.620000,-20.885000,-50.198000,-25.313000,28.25
5.845495,0.744000,-0.145000,-0.631000,-31.542000,-40.794000,-24.702000,28.29
5.857192,0.789000,-0.118000,-0.636000,-37.008000,-36.840000,-19.954000,28.29
5.873489,0.761000,-0.116000,-0.583000,-35.878000,-40.000000,-17.603000,28.25
5.875595,0.711000,-0.127000,-0.510000,-37.557000,-30.565000,-13.679000,28.20
5.887690,0.770000,-0.176000,-0.534000,-44.198000,-21.802000,-10.534000,28.29
5.899547,0.909000,-0.232000,-0.555000,-49.389000,-10.565000,-14.473000,28.25
5.906084,1.069000,-0.227000,-0.544000,-46.244000,-18.641000,-6.519000,28.25
5.918422,1.090000,-0.284000,-0.406000,-28.092000,-35.908000,1.679000,28.29
5.924092,0.942000,-0.347000,-0.251000,-13.679000,-40.779000,13.008000,28.20
5.936970,0.844000,-0.438000,-0.022000,-10.061000,-21.985000,25.618000,28.25
5.949413,0.928000,-0.502000,0.173000,-9.084000,3.649000,37.924000,28.25
5.956186,1.142000,-0.556000,0.436000,-3.863000,32.137000,55.664000,28.20
5.968728,1.415000,-0.639000,0.827000,9.267000,64.260000,76.412000,28.25
5.975493,1.951000,-0.889000,1.397000,15.939000,114.229000,108.702000,28.34
5.987454,2.043000,0.542000,-0.197000,-61.832000,233.374000,84.382000,28.29
5.999477,2.131000,1.322000,-1.701000,-25.389000,174.137000,23.282000,28.20
6.006291,1.146000,0.151000,-0.782000,154.519000,-123.557000,27.740000,28.25
6.018135,0.640000,-0.813000,-0.979000,116.092000,-45.649000,41.344000,28.25
6.024126,0.681000,-0.223000,-1.159000,19.435000,53.130000,24.519000,28.29
6.037463,0.710000,-0.033000,-0.917000,48.427000,-13.832000,10.626000,28.29
6.049092,0.840000,-0.106000,-0.976000,44.763000,-29.237000,7.160000,28.34
6.056522,0.795000,-0.259000,-0.934000,11.328000,3.374000,2.504000,28.20
6.068530,0.466000,-0.055000,-0.803000,2.748000,-6.504000,-1.481000,28.29
6.075566,0.482000,-0.057000,-0.869000,-0.275000,-3.969000,-7.435000,28.25
6.087440,0.614000,-0.103000,-0.875000,-9.847000,8.702000,-10.290000,28.15
6.099916,0.606000,0.023000,-0.845000,-6.870000,5.542000,-11.954000,28.29
6.106757,0.632000,0.046000,-0.815000,-7.359000,9.817000,-8.733000,28.29
6.119378,0.647000,0.081000,-0.787000,-5.466000,8.504000,-5.420000,28.34
6.126535,0.597000,0.033000,-0.808000,-3.359000,6.382000,-3.634000,28.34
6.138383,0.588000,0.017000,-0.832000,-4.382000,7.908000,-3.038000,28.29
6.145800,0.597000,0.026000,-0.811000,-3.588000,8.183000,-2.275000,28.34
6.157980,0.540000,0.045000,-0.842000,-2.260000,10.489000,-1.237000,28.25
6.170198,0.559000,0.011000,-0.833000,-2.076000,14.763000,-0.122000,28.29
6.176864,0.610000,-0.011000,-0.814000,-1.985000,15.481000,-0.366000,28.29
6.188994,0.586000,0.027000,-0.819000,-2.443000,15.466000,-0.580000,28.25
6.196384,0.614000,0.032000,-0.807000,-1.359000,15.435000,-0.107000,28.25
6.208415,0.583000,0.030000,-0.805000,-1.313000,15.298000,0.290000,28.29
6.215527,0.606000,0.012000,-0.795000,-0.763000,15.191000,1.267000,28.29
6.228012,0.589000,0.010000,-0.813000,-0.840000,15.649000,1.466000,28.34
6.240005,0.619000,0.022000,-0.786000,-0.153000,14.702000,1.573000,28.29
6.247388,0.607000,0.031000,-0.770000,0.473000,13.206000,1.359000,28.29
6.259626,0.597000,0.031000,-0.781000,0.901000,11.588000,1.557000,28.34
6.266663,0.601000,0.013000,-0.816000,1.237000,10.275000,2.260000,28.29
6.279201,0.616000,0.016000,-0.794000,2.031000,9.710000,2.947000,28.20
6.286448,0.588000,0.024000,-0.798000,1.710000,8.214000,2.809000,28.29
6.298790,0.603000,0.023000,-0.801000,1.969000,8.260000,2.947000,28.34
6.306235,0.619000,0.000000,-0.783000,2.763000,6.397000,3.267000,28.25
6.318667,0.593000,0.038000,-0.772000,2.061000,7.954000,3.359000,28.29
6.325617,0.599000,0.033000,-0.795000,3.298000,8.412000,3.603000,28.25
6.338357,0.582000,0.031000,-0.805000,4.443000,8.489000,4.244000,28.25
6.345598,0.604000,0.021000,-0.786000,6.092000,8.931000,3.985000,28.29
6.357958,0.594000,0.028000,-0.783000,6.412000,9.008000,4.443000,28.20
6.370317,0.605000,0.041000,-0.793000,8.046000,8.718000,4.916000,28.15
6.377552,0.590000,0.039000,-0.811000,11.374000,7.237000,4.107000,28.29
6.389816,0.590000,0.057000,-0.863000,12.137000,13.282000,5.405000,28.29
6.397041,0.532000,0.058000,-0.856000,15.618000,16.962000,6.870000,28.29
6.409223,0.541000,-0.023000,-0.870000,16.840000,28.290000,6.427000,28.34
6.415874,0.516000,-0.055000,-0.912000,15.359000,37.832000,1.786000,28.20
6.428180,0.554000,-0.104000,-0.896000,14.870000,46.473000,-3.954000,28.29
6.440048,0.544000,0.014000,-0.893000,10.351000,49.924000,-4.443000,28.25
6.447409,0.475000,0.105000,-1.026000,25.252000,67.099000,3.466000,28.25
6.459653,0.446000,0.004000,-1.000000,12.580000,88.351000,11.527000,28.29
6.466690,0.614000,0.053000,-0.861000,14.336000,86.107000,13.771000,28.29
6.478584,0.731000,-0.035000,-0.844000,9.221000,101.802000,19.450000,28.25
6.485976,0.648000,0.025000,-0.846000,7.023000,100.000000,21.863000,28.29
6.497884,0.475000,0.221000,-0.976000,-3.359000,99.069000,30.366000,28.20
6.510027,0.088000,0.555000,-1.323000,2.382000,90.260000,30.351000,28.25
6.517230,-0.349000,0.629000,-1.622000,15.527000,58.947000,18.107000,28.34
6.529310,-0.651000,0.693000,-1.723000,16.855000,17.221000,1.893000,28.39
6.536218,-0.651000,0.703000,-1.819000,5.435000,-1.893000,-10.229000,28.29
6.548255,-0.515000,0.703000,-1.767000,5.511000,-35.695000,-18.046000,28.34
6.559668,-0.388000,0.576000,-1.678000,-0.855000,-56.229000,-22.687000,28.25
6.566831,-0.190000,0.588000,-1.602000,-7.313000,-62.366000,-23.802000,28.20
6.578742,-0.106000,0.631000,-1.484000,-1.679000,-76.076000,-27.588000,28.25
6.590935,-0.002000,0.550000,-1.483000,-2.901000,-81.160000,-33.786000,28.34
6.597386,0.047000,0.516000,-1.407000,-3.557000,-86.061000,-39.023000,28.29
6.609261,0.085000,0.295000,-1.340000,-3.053000,-87.969000,-42.000000,28.29
6.616121,0.199000,0.163000,-1.176000,-5.282000,-86.229000,-35.130000,28.15
6.628255,0.725000,-0.298000,-1.089000,-13.084000,-66.076000,-24.214000,28.34
6.639950,1.103000,-0.299000,-0.133000,3.099000,-39.740000,-14.260000,28.29
6.647008,1.747000,-1.631000,1.287000,167.450000,-74.504000,-64.733000,28.29
6.658881,2.377000,-1.145000,-0.657000,-22.580000,-42.595000,-66.962000,28.34
6.665763,0.884000,-0.734000,-0.430000,-22.061000,-28.382000,-33.160000,28.29
6.677576,1.070000,-0.952000,-0.369000,-59.893000,12.321000,16.626000,28.29
6.689344,1.469000,-1.146000,-0.067000,-59.588000,-37.511000,35.969000,28.34
6.696486,2.128000,-1.127000,0.852000,-68.885000,-14.718000,50.641000,28.34
6.708569,3.322000,-1.670000,1.916000,-34.840000,-14.076000,44.397000,28.20
6.715962,4.000000,-0.784000,3.060000,-23.466000,2.183000,20.321000,28.20
6.727897,1.369000,0.311000,-0.754000,8.198000,-91.405000,-44.931000,28.15
6.739379,-0.651000,0.132000,-1.518000,-25.542000,-42.733000,8.275000,28.25
6.746693,0.365000,0.514000,-0.829000,14.748000,-73.008000,11.282000,28.29
6.759000,0.452000,-0.466000,-1.155000,-7.374000,-1.511000,3.389000,28.25
6.766228,0.331000,0.181000,-1.006000,-7.191000,-6.763000,4.214000,28.25
6.778169,0.856000,-0.175000,-0.826000,5.802000,-6.962000,-0.153000,28.29
6.790422,0.544000,-0.154000,-0.894000,-13.344000,10.321000,-8.137000,28.29
6.797283,0.485000,0.172000,-0.904000,-8.046000,14.137000,-6.519000,28.34
6.809353,0.649000,0.139000,-0.769000,-3.237000,17.237000,-1.542000,28.25
6.816546,0.600000,0.167000,-0.766000,1.435000,13.802000,2.870000,28.29
6.828937,0.586000,0.139000,-0.785000,6.565000,14.916000,8.901000,28.29
6.836335,0.593000,-0.029000,-0.795000,12.397000,12.214000,10.550000,28.34
6.848006,0.546000,-0.086000,-0.888000,8.412000,18.382000,7.740000,28.29
6.860528,0.513000,-0.096000,-0.895000,5.618000,25.237000,4.366000,28.20
6.867639,0.484000,-0.076000,-0.888000,4.763000,30.382000,0.397000,28.34
6.879507,0.507000,0.051000,-0.866000,10.168000,30.718000,-4.122000,28.29
6.886663,0.514000,0.138000,-0.811000,16.992000,38.214000,-5.282000,28.29
6.898745,0.606000,0.209000,-0.812000,22.626000,41.038000,-2.229000,28.20
6.905834,0.518000,0.116000,-0.881000,26.168000,47.664000,8.794000,28.25
6.917979,0.509000,0.234000,-0.887000,21.634000,54.183000,23.618000,28.34
6.930171,0.551000,0.138000,-0.968000,29.542000,64.031000,28.153000,28.20
6.937248,0.588000,0.125000,-1.076000,27.450000,72.473000,36.229000,28.25
6.949400,0.467000,0.325000,-1.127000,22.183000,88.656000,34.427000,28.25
6.956308,0.001000,0.676000,-1.467000,23.481000,75.206000,19.725000,28.29
6.968379,-0.292000,0.949000,-1.648000,32.962000,62.809000,-8.458000,28.39
6.974392,-0.505000,1.124000,-1.729000,41.221000,41.771000,-46.366000,28.25
6.987408,-0.617000,1.091000,-1.826000,37.786000,30.458000,-79.618000,28.29
6.999166,-0.737000,1.009000,-1.859000,33.817000,6.244000,-98.534000,28.29
7.006201,-0.774000,0.726000,-1.890000,16.565000,-18.534000,-102.321000,28.34
7.018173,-0.619000,0.465000,-1.813000,-7.817000,-39.588000,-90.550000,28.25
7.029618,-0.475000,0.200000,-1.680000,-23.664000,-61.115000,-68.229000,28.29
7.036538,-0.149000,-0.060000,-1.554000,-30.855000,-77.786000,-28.519000,28.29
7.048710,0.285000,-0.567000,-1.250000,-34.733000,-90.015000,8.931000,28.25
7.054537,0.465000,-0.574000,-0.899000,-46.565000,-78.794000,47.511000,28.34
7.067473,1.204000,-0.521000,-0.423000,-44.107000,-25.053000,76.397000,28.20
7.079402,2.035000,-0.935000,0.074000,-25.969000,-2.611000,77.053000,28.29
7.086460,1.629000,-0.752000,-0.063000,-57.221000,0.855000,56.534000,28.25
7.098550,1.302000,-0.452000,-0.193000,-51.282000,-1.771000,39.313000,28.29
7.110205,1.173000,-0.305000,-0.332000,-41.618000,-2.290000,27.008000,28.20
7.117484,1.090000,-0.340000,-0.342000,-20.916000,-16.870000,10.473000,28.34
7.129085,1.260000,-0.444000,-0.199000,-1.115000,-20.931000,-5.832000,28.34
7.135923,1.696000,-0.682000,0.159000,17.496000,-22.489000,-22.443000,28.29
7.147969,2.265000,-0.954000,0.662000,27.573000,-20.748000,-33.496000,28.29
7.159943,2.944000,-1.302000,1.216000,24.885000,-10.885000,-37.221000,28.34
7.166919,3.450000,-1.558000,1.524000,1.573000,-1.252000,-27.802000,28.25
7.179127,1.073000,0.312000,-0.777000,-16.107000,-41.405000,-13.191000,28.29
7.185613,-0.062000,0.456000,-0.908000,-8.656000,-23.725000,-16.855000,28.20
7.198020,0.794000,0.453000,-0.767000,9.221000,-57.603000,1.939000,28.25
7.210303,0.575000,0.052000,-0.822000,5.771000,-21.481000,7.786000,28.29
7.217278,0.421000,-0.150000,-0.969000,0.336000,-26.031000,8.580000,28.29
7.229623,0.531000,0.135000,-0.884000,6.702000,-26.382000,5.664000,28.25
7.236534,0.615000,-0.080000,-0.833000,4.336000,-12.427000,4.061000,28.25
7.248612,0.551000,-0.321000,-0.843000,-2.427000,-10.412000,-3.328000,28.29
7.254431,0.500000,-0.210000,-0.895000,-13.008000,-2.763000,-10.595000,28.29
7.267331,0.536000,-0.018000,-0.888000,-15.863000,0.473000,-14.260000,28.25
7.279509,0.590000,0.028000,-0.848000,-12.489000,-2.137000,-13.939000,28.34
7.286110,0.625000,0.098000,-0.816000,-13.359000,4.321000,-10.122000,28.20
7.298510,0.657000,0.244000,-0.808000,-6.275000,7.008000,-2.687000,28.29
7.305734,0.622000,0.129000,-0.788000,0.763000,6.397000,2.046000,28.34
7.318114,0.598000,0.083000,-0.784000,2.687000,7.115000,4.687000,28.29
7.325425,0.586000,0.047000,-0.800000,3.725000,8.015000,6.763000,28.20
7.337869,0.556000,-0.005000,-0.817000,5.008000,6.580000,7.252000,28.25
7.349899,0.563000,-0.007000,-0.827000,4.916000,7.847000,6.611000,28.25
7.356848,0.549000,-0.053000,-0.841000,2.870000,10.275000,4.947000,28.20
7.369315,0.549000,-0.035000,-0.832000,1.359000,12.458000,3.176000,28.29
7.376350,0.565000,0.024000,-0.847000,0.733000,16.061000,2.580000,28.25
7.388742,0.540000,0.080000,-0.872000,0.947000,23.511000,2.779000,28.25
7.395960,0.541000,0.116000,-0.882000,3.420000,28.382000,3.145000,28.29
7.408346,0.533000,0.100000,-0.870000,6.870000,35.649000,2.702000,28.20
7.415503,0.497000,0.070000,-0.875000,10.992000,37.939000,0.015000,28.34
7.427745,0.485000,-0.004000,-0.838000,11.435000,35.924000,1.863000,28.29
7.439792,0.489000,0.021000,-0.899000,16.015000,53.878000,0.870000,28.29
7.447499,0.470000,0.098000,-0.981000,15.756000,75.649000,4.015000,28.34
7.459135,0.501000,0.053000,-1.070000,34.458000,101.511000,11.908000,28.25
7.465998,0.497000,0.161000,-1.116000,21.573000,131.573000,23.237000,28.20
7.478534,0.511000,0.329000,-1.259000,31.481000,132.595000,23.420000,28.39
7.490039,0.176000,0.657000,-1.595000,31.344000,146.244000,17.527000,28.25
7.496932,-0.346000,1.104000,-1.753000,44.122000,117.710000,-12.702000,28.34
7.508825,-0.615000,1.238000,-1.908000,45.038000,91.405000,-47.863000,28.29
7.515727,-0.798000,1.188000,-1.982000,42.107000,53.221000,-80.458000,28.20
7.527934,-0.883000,0.965000,-1.955000,27.527000,12.153000,-96.504000,28.25
7.539780,-0.874000,0.686000,-1.898000,12.366000,-27.908000,-96.947000,28.29
7.546522,-0.650000,0.326000,-1.843000,-14.046000,-60.519000,-76.244000,28.20
7.558491,-0.544000,0.161000,-1.784000,-34.870000,-91.374000,-49.542000,28.25
7.570092,-0.245000,-0.062000,-1.703000,-53.130000,-115.954000,-19.008000,28.25
7.576853,-0.021000,-0.096000,-1.483000,-69.832000,-132.489000,7.038000,28.29
7.588748,0.425000,-0.213000,-1.246000,-73.023000,-133.282000,41.786000,28.29
7.595377,0.414000,-0.221000,-1.020000,-58.351000,-150.992000,70.290000,28.25
7.607469,0.931000,-0.570000,-1.027000,-92.809000,-101.450000,99.756000,28.25
7.619065,2.035000,-0.605000,-0.492000,-94.916000,-60.504000,117.969000,28.20
7.626107,1.578000,-0.804000,0.939000,-50.458000,-36.427000,126.122000,28.15
7.638418,2.406000,-0.927000,0.707000,-52.947000,28.489000,99.725000,28.25
7.650174,2.132000,-0.368000,0.459000,-35.038000,29.878000,51.389000,28.29
7.657484,1.820000,-0.283000,0.336000,12.351000,9.527000,0.122000,28.20
7.669743,1.984000,-0.647000,0.489000,60.702000,4.901000,-39.237000,28.25
7.676544,2.690000,-1.551000,0.872000,81.664000,-8.198000,-64.718000,28.34
7.688446,3.266000,-2.425000,1.537000,56.641000,-23.527000,-58.794000,28.29
7.695846,2.760000,-2.349000,0.652000,-37.786000,-8.107000,-1.557000,28.29
7.707603,0.171000,1.177000,-0.771000,0.992000,-79.084000,-37.664000,28.34
7.719627,0.226000,0.692000,-1.129000,2.260000,-56.046000,-1.573000,28.20
7.727008,0.366000,0.112000,-1.025000,37.099000,-87.389000,9.191000,28.29
7.738614,0.338000,-0.357000,-1.093000,-4.519000,-12.855000,10.473000,28.34
7.745958,0.365000,-0.028000,-1.041000,3.603000,-21.374000,4.336000,28.25
7.758410,0.581000,0.017000,-0.871000,6.351000,-8.901000,0.595000,28.29
7.770011,0.572000,-0.338000,-0.848000,-4.794000,-2.458000,-4.672000,28.29
7.777018,0.491000,-0.177000,-0.843000,-14.809000,3.099000,-11.420000,28.25
7.789264,0.553000,0.051000,-0.840000,-17.405000,4.947000,-13.802000,28.29
7.796190,0.578000,0.114000,-0.824000,-14.076000,6.321000,-12.458000,28.29
7.808173,0.604000,0.108000,-0.817000,-10.229000,4.779000,-8.107000,28.25
7.814301,0.618000,0.151000,-0.809000,-6.672000,9.542000,-2.366000,28.20
7.827844,0.608000,0.132000,-0.798000,-0.672000,8.214000,1.954000,28.29
7.842795,0.580000,0.027000,-0.815000,1.191000,7.954000,3.710000,28.20
7.847290,0.553000,-0.009000,-0.817000,-0.504000,10.137000,2.473000,28.25
7.859702,0.549000,-0.008000,-0.830000,-1.435000,10.321000,1.695000,28.25
7.867451,0.554000,0.028000,-0.810000,-0.992000,10.382000,1.878000,28.29
7.878974,0.564000,0.023000,-0.803000,0.031000,10.076000,2.748000,28.29
7.886248,0.574000,0.017000,-0.797000,0.595000,7.756000,2.901000,28.25
7.898421,0.575000,-0.003000,-0.815000,0.290000,7.557000,3.115000,28.20
7.905503,0.571000,0.001000,-0.821000,0.611000,6.672000,2.733000,28.29
7.918240,0.569000,0.012000,-0.832000,0.076000,8.076000,2.931000,28.25
7.930220,0.567000,0.031000,-0.818000,0.840000,8.336000,3.649000,28.20
7.937810,0.567000,0.032000,-0.809000,1.969000,8.504000,4.290000,28.29
7.950014,0.566000,0.020000,-0.816000,2.580000,8.718000,4.565000,28.29
7.957461,0.555000,0.008000,-0.840000,2.626000,9.756000,4.397000,28.25
7.969498,0.555000,0.036000,-0.813000,3.649000,11.053000,4.534000,28.25
7.976989,0.510000,0.013000,-0.835000,5.817000,13.053000,5.115000,28.29
7.989224,0.525000,-0.023000,-0.844000,5.542000,18.687000,4.885000,28.25
7.996312,0.516000,-0.028000,-0.891000,9.435000,22.718000,0.336000,28.25
8.008321,0.486000,0.004000,-0.896000,11.695000,26.947000,-3.420000,28.20
8.016071,0.495000,0.024000,-0.988000,14.031000,32.092000,-3.634000,28.29
8.027726,0.446000,0.108000,-0.963000,14.351000,46.595000,-2.656000,28.15
8.041765,0.437000,0.135000,-0.986000,20.855000,65.206000,0.336000,28.20
8.046796,0.440000,0.006000,-1.069000,37.786000,93.664000,0.137000,28.29
8.059032,0.539000,-0.144000,-1.120000,37.252000,106.137000,3.908000,28.20
8.066144,0.619000,0.204000,-1.023000,37.588000,133.954000,10.015000,28.34
8.082697,0.708000,0.006000,-1.010000,62.824000,132.733000,0.916000,28.29
8.089962,0.564000,-0.041000,-0.964000,80.122000,117.344000,-6.473000,28.20
8.101415,0.401000,-0.037000,-1.053000,88.565000,110.611000,-20.214000,28.25
8.108928,0.070000,0.169000,-1.226000,93.511000,92.489000,-43.435000,28.25
8.116000,-0.294000,0.313000,-1.371000,90.412000,58.718000,-71.374000,28.29
8.127965,-0.404000,0.406000,-1.479000,82.290000,24.763000,-94.779000,28.29
8.140476,-0.406000,0.388000,-1.523000,74.458000,-10.748000,-111.634000,28.25
8.146791,-0.240000,0.302000,-1.499000,67.389000,-44.977000,-118.565000,28.20
8.158398,-0.066000,0.183000,-1.369000,57.099000,-70.305000,-117.466000,28.20
8.170378,0.106000,0.109000,-1.239000,45.344000,-82.672000,-110.183000,28.25
8.177112,0.334000,0.050000,-1.133000,37.115000,-87.603000,-96.489000,28.15
8.189094,0.383000,0.031000,-1.061000,30.305000,-88.458000,-82.473000,28.20
8.195984,0.558000,0.068000,-0.987000,24.046000,-81.328000,-64.809000,28.29
8.207851,0.614000,0.032000,-0.910000,21.023000,-78.992000,-45.771000,28.34
8.219990,0.681000,-0.126000,-0.849000,9.282000,-63.649000,-28.000000,28.25
8.227439,0.684000,0.001000,-0.777000,-4.779000,-51.405000,-11.817000,28.29
8.239471,0.751000,0.002000,-0.793000,-14.351000,-39.496000,3.847000,28.25
8.245440,0.702000,-0.044000,-0.767000,-22.962000,-36.840000,18.656000,28.34
8.259957,0.830000,-0.094000,-0.532000,-35.313000,-19.511000,25.924000,28.29
8.271988,1.202000,-0.069000,-0.572000,-45.252000,-0.153000,21.481000,28.20
8.276321,1.061000,0.008000,-0.694000,-44.168000,-8.351000,15.969000,28.25
8.288526,0.748000,0.089000,-0.841000,-33.908000,-26.489000,8.107000,28.25
8.295608,0.611000,0.113000,-0.864000,-29.588000,-31.435000,3.939000,28.29
8.307386,0.587000,0.172000,-0.927000,-25.695000,-36.061000,5.527000,28.29
8.319712,0.505000,0.114000,-0.926000,-22.321000,-49.191000,8.504000,28.34
8.326431,0.469000,0.091000,-0.950000,-26.565000,-50.137000,11.023000,28.34
8.338719,0.493000,0.118000,-0.954000,-35.069000,-48.916000,12.885000,28.20
8.345397,0.503000,0.172000,-0.975000,-35.282000,-57.634000,14.107000,28.11
8.357445,0.535000,0.159000,-0.948000,-33.802000,-61.252000,14.168000,28.25
8.369309,0.482000,0.144000,-0.834000,-34.962000,-53.328000,10.916000,28.20
8.376359,0.556000,0.232000,-0.708000,-33.557000,-37.328000,5.863000,28.20
8.388640,0.636000,0.236000,-0.718000,-24.153000,-32.870000,0.000000,28.25
8.395466,0.638000,0.245000,-0.702000,-16.565000,-27.145000,-5.710000,28.25
8.407561,0.594000,0.220000,-0.711000,-7.832000,-23.023000,-9.756000,28.20
8.419533,0.547000,0.208000,-0.717000,-5.725000,-13.664000,-10.977000,28.20
8.426591,0.659000,0.156000,-1.002000,-19.588000,-3.634000,-15.374000,28.15
8.438486,0.918000,0.107000,-1.050000,-37.160000,-17.725000,-22.916000,28.29
8.450336,0.952000,0.203000,-1.002000,-28.885000,-52.748000,-29.832000,28.29
8.458941,0.789000,0.173000,-0.873000,-13.908000,-67.664000,-33.298000,28.34
8.473355,0.620000,0.066000,-0.713000,-5.924000,-67.084000,-35.435000,28.25
8.481495,0.585000,0.023000,-0.658000,-8.794000,-49.527000,-35.298000,28.20
8.487876,0.615000,0.058000,-0.685000,-9.939000,-38.565000,-34.855000,28.20
8.500140,0.602000,0.076000,-0.714000,-9.252000,-32.611000,-35.878000,28.25
8.506550,0.615000,0.066000,-0.708000,-6.916000,-31.084000,-36.992000,28.29
8.518689,0.578000,0.077000,-0.644000,-2.702000,-27.160000,-36.076000,28.29
8.525248,0.519000,0.092000,-0.617000,3.267000,-22.931000,-35.450000,28.25
8.537598,0.467000,0.087000,-0.563000,6.809000,-9.298000,-34.885000,28.20
8.549699,0.445000,0.118000,-0.518000,12.290000,0.382000,-30.473000,28.20
8.556847,0.484000,0.058000,-0.518000,16.763000,18.855000,-29.969000,28.29
8.568798,0.532000,0.031000,-0.552000,13.313000,30.656000,-30.702000,28.34
8.575935,0.677000,0.048000,-0.588000,9.878000,47.969000,-30.321000,28.29
8.588371,0.672000,0.073000,-0.585000,17.511000,44.916000,-32.565000,28.20
8.600039,0.755000,0.077000,-0.643000,22.702000,46.031000,-35.435000,28.25
8.607309,0.786000,0.088000,-0.675000,26.550000,42.305000,-35.130000,28.15
8.619128,0.864000,0.044000,-0.712000,28.015000,36.931000,-41.802000,28.20
8.626175,0.906000,0.016000,-0.743000,22.748000,29.527000,-46.229000,28.29
8.638201,0.971000,0.000000,-0.742000,22.534000,11.847000,-46.489000,28.34
8.646948,0.894000,0.003000,-0.698000,29.466000,-4.458000,-48.397000,28.20
8.657279,0.817000,-0.023000,-0.650000,36.672000,-14.061000,-46.321000,28.29
8.669292,0.737000,-0.069000,-0.584000,40.229000,-16.931000,-42.214000,28.25
8.675780,0.673000,-0.101000,-0.534000,39.145000,-12.565000,-37.786000,28.15
8.688028,0.681000,-0.138000,-0.510000,32.641000,-4.092000,-33.115000,28.29
8.700102,0.690000,-0.133000,-0.511000,24.351000,3.954000,-28.229000,28.29
8.706812,0.698000,-0.108000,-0.508000,16.611000,11.771000,-23.130000,28.25
8.719215,0.697000,-0.086000,-0.516000,12.443000,17.618000,-16.962000,28.25
8.725946,0.722000,-0.075000,-0.512000,9.221000,22.229000,-12.031000,28.20
8.738199,0.718000,-0.057000,-0.506000,6.550000,27.710000,-7.771000,28.15
8.750459,0.719000,-0.035000,-0.503000,4.153000,32.534000,-5.450000,28.25
8.757238,0.532000,0.167000,-0.257000,44.198000,58.489000,20.824000,28.20
8.769357,0.706000,-0.160000,-0.018000,71.298000,76.168000,12.977000,28.29
8.776392,0.553000,-0.036000,-0.039000,60.565000,112.824000,11.282000,28.15
8.788392,0.732000,0.006000,-1.002000,53.511000,144.840000,15.634000,28.25
8.796830,1.375000,-0.320000,-1.609000,61.603000,91.710000,0.656000,28.29
8.807661,1.006000,-0.414000,-1.012000,69.053000,24.260000,3.985000,28.25
8.819304,0.948000,-0.617000,-0.958000,35.557000,65.740000,34.336000,28.20
8.826434,2.069000,-0.220000,-1.405000,-13.649000,-12.107000,8.626000,28.29
8.838464,0.746000,-0.021000,-0.426000,26.366000,-51.679000,-1.908000,28.29
8.845715,0.425000,-0.066000,-1.139000,-3.817000,5.405000,-4.427000,28.25
8.857584,0.201000,-0.121000,-0.870000,2.321000,-0.733000,-2.595000,28.34
8.869833,0.518000,-0.036000,-0.841000,-4.779000,6.626000,-8.092000,28.29
8.876695,0.778000,-0.127000,-0.833000,-17.511000,16.672000,-12.824000,28.25
8.888585,0.623000,-0.001000,-0.783000,-7.282000,-4.412000,-12.489000,28.25
8.895685,0.539000,0.119000,-0.786000,-8.550000,-4.244000,-10.687000,28.20
8.907884,0.611000,0.048000,-0.774000,-9.115000,-1.802000,-6.412000,28.20
8.919874,0.689000,0.008000,-0.752000,-4.229000,-11.405000,-5.496000,28.25
8.926858,0.634000,0.034000,-0.762000,-4.595000,-11.206000,-3.450000,28.20
8.938643,0.528000,0.066000,-0.791000,-3.878000,-12.336000,-1.008000,28.29
8.945430,0.522000,-0.018000,-0.819000,-3.878000,-11.786000,-1.695000,28.20
8.957532,0.538000,-0.106000,-0.821000,-8.168000,-6.565000,-3.481000,28.25
8.969637,0.543000,-0.087000,-0.852000,-10.076000,-6.840000,-7.603000,28.20
8.976257,0.552000,-0.015000,-0.857000,-12.427000,-0.611000,-8.855000,28.20
8.988524,0.563000,0.040000,-0.814000,-11.679000,1.725000,-9.038000,28.34
8.995622,0.601000,0.053000,-0.798000,-9.878000,2.947000,-8.305000,28.25
9.008147,0.568000,0.047000,-0.808000,-7.450000,2.656000,-8.183000,28.20
9.015062,0.602000,0.031000,-0.818000,-6.351000,3.771000,-6.290000,28.29
9.027524,0.576000,0.080000,-0.825000,-4.321000,3.985000,-4.473000,28.25
9.039437,0.600000,0.049000,-0.784000,-1.878000,5.847000,-2.809000,28.29
9.046657,0.545000,0.001000,-0.850000,-2.885000,8.534000,-3.359000,28.29
9.059025,0.589000,0.009000,-0.833000,-1.832000,9.008000,-3.908000,28.25
9.065937,0.604000,-0.011000,-0.821000,-2.595000,10.626000,-4.870000,28.34
9.078200,0.580000,0.044000,-0.816000,-3.252000,11.221000,-4.412000,28.20
9.085132,0.580000,0.025000,-0.826000,-1.756000,14.260000,-2.550000,28.20
9.097306,0.573000,-0.004000,-0.824000,-2.153000,13.573000,-1.802000,28.15
9.109251,0.572000,0.005000,-0.819000,-2.290000,13.160000,-1.359000,28.20
9.116613,0.561000,0.022000,-0.823000,-1.954000,13.573000,-1.237000,28.29
9.129748,0.571000,0.008000,-0.818000,-2.061000,14.519000,-0.702000,28.25
9.135763,0.591000,0.003000,-0.806000,-1.847000,15.527000,-0.901000,28.25
9.148096,0.587000,0.016000,-0.813000,-1.176000,15.695000,-0.794000,28.29
9.160407,0.593000,0.027000,-0.804000,-0.824000,15.542000,-0.351000,28.29
9.166988,0.595000,0.024000,-0.811000,-0.382000,14.565000,-0.214000,28.25
9.179225,0.598000,0.008000,-0.794000,-0.519000,13.985000,-0.031000,28.25
9.186354,0.601000,0.002000,-0.793000,-0.840000,13.710000,-0.366000,28.11
9.198503,0.598000,0.010000,-0.787000,-1.252000,13.145000,0.092000,28.15
9.205629,0.598000,0.012000,-0.790000,-1.084000,12.992000,0.580000,28.15
9.218142,0.602000,0.020000,-0.801000,-0.626000,12.824000,0.947000,28.20
9.230163,0.597000,0.022000,-0.785000,-0.382000,11.969000,1.664000,28.20
9.237618,0.599000,0.022000,-0.785000,-0.107000,12.412000,2.351000,28.25
9.249538,0.606000,0.008000,-0.779000,-0.061000,12.626000,2.366000,28.25
9.256859,0.607000,0.004000,-0.785000,0.458000,11.221000,2.229000,28.20
9.269274,0.606000,0.023000,-0.791000,1.191000,10.198000,2.214000,28.20
9.276369,0.605000,0.026000,-0.784000,1.954000,8.870000,2.916000,28.25
9.288923,0.613000,0.031000,-0.780000,3.023000,8.855000,3.893000,28.20
9.296167,0.601000,0.044000,-0.798000,4.336000,8.458000,4.779000,28.29
9.308600,0.604000,0.009000,-0.789000,4.351000,9.618000,5.145000,28.25
9.315626,0.611000,0.001000,-0.789000,4.916000,9.527000,5.115000,28.29
9.328040,0.617000,-0.026000,-0.770000,5.145000,6.260000,4.244000,28.20
9.333855,0.621000,-0.021000,-0.786000,4.000000,4.290000,3.206000,28.29
9.347714,0.639000,-0.013000,-0.775000,4.031000,2.153000,2.763000,28.25
9.360146,0.632000,-0.009000,-0.782000,4.137000,0.305000,3.405000,28.29
9.367164,0.608000,0.030000,-0.776000,4.916000,0.107000,5.008000,28.29
9.379663,0.595000,0.008000,-0.809000,5.023000,2.244000,6.198000,28.25
9.386921,0.601000,0.006000,-0.813000,5.511000,3.740000,6.550000,28.15
9.399347,0.606000,-0.013000,-0.796000,5.313000,6.305000,6.061000,28.29
9.406514,0.614000,-0.043000,-0.796000,5.420000,6.687000,4.153000,28.29
9.418885,0.620000,-0.052000,-0.777000,5.725000,6.061000,1.985000,28.34
9.425880,0.621000,-0.021000,-0.772000,4.275000,5.679000,1.023000,28.20
9.438539,0.624000,-0.001000,-0.768000,3.527000,5.389000,1.084000,28.29
9.445771,0.613000,0.004000,-0.784000,3.649000,4.534000,1.603000,28.15
9.457885,0.617000,-0.003000,-0.786000,3.038000,4.336000,2.870000,28.25
9.470261,0.612000,-0.007000,-0.778000,2.321000,4.031000,3.344000,28.20
9.477454,0.615000,-0.029000,-0.780000,2.748000,2.427000,2.885000,28.20
9.489904,0.608000,-0.039000,-0.771000,1.710000,0.412000,1.267000,28.25
9.496913,0.607000,-0.032000,-0.770000,0.687000,1.115000,0.137000,28.25
9.509256,0.605000,-0.021000,-0.772000,-0.183000,0.244000,-1.374000,28.20
9.516033,0.602000,-0.030000,-0.759000,-0.183000,-2.641000,-2.336000,28.20
9.528195,0.596000,-0.006000,-0.768000,-0.580000,-3.267000,-2.550000,28.25
9.540237,0.586000,0.001000,-0.787000,-0.214000,-3.740000,-1.634000,28.29
9.547355,0.613000,0.007000,-0.785000,-3.099000,-2.229000,-0.870000,28.20
9.559587,0.610000,0.014000,-0.781000,1.298000,-2.977000,-0.427000,28.15
9.566980,0.610000,-0.018000,-0.801000,0.931000,-3.893000,0.397000,28.15
9.578999,0.601000,-0.025000,-0.808000,0.214000,-1.237000,0.366000,28.29
9.586211,0.607000,-0.023000,-0.810000,0.229000,0.611000,0.107000,28.29
9.598505,0.595000,-0.031000,-0.800000,0.153000,1.298000,-0.519000,28.25
9.605742,0.591000,-0.027000,-0.794000,-0.351000,2.916000,-1.511000,28.25
9.617778,0.599000,-0.029000,-0.795000,-1.069000,4.718000,-2.366000,28.20
9.629942,0.607000,-0.025000,-0.791000,-0.687000,4.473000,-3.389000,28.29
9.636668,0.604000,-0.015000,-0.785000,-1.450000,6.275000,-4.015000,28.34
9.648741,0.604000,-0.006000,-0.786000,-1.069000,6.168000,-4.321000,28.20
9.656069,0.625000,-0.001000,-0.790000,0.015000,6.305000,-4.794000,28.20
9.668457,0.619000,0.042000,-0.807000,0.824000,7.420000,-5.023000,28.25
9.675629,0.587000,0.003000,-0.794000,10.580000,5.450000,-9.328000,28.25
9.687798,0.644000,-0.044000,-0.765000,7.954000,1.756000,-12.137000,28.20
9.699857,0.619000,0.019000,-0.805000,12.076000,6.580000,-16.672000,28.20
9.707044,0.607000,0.100000,-0.784000,23.771000,6.366000,-26.656000,28.25
9.718990,0.640000,0.169000,-0.787000,45.695000,4.901000,-44.611000,28.20
9.726007,0.641000,0.217000,-0.811000,71.282000,6.092000,-68.595000,28.20
9.738259,0.695000,0.229000,-0.824000,98.626000,5.527000,-94.229000,28.34
9.750522,0.683000,0.223000,-0.791000,131.450000,0.504000,-123.863000,28.25
9.757021,0.803000,0.153000,-0.817000,158.626000,-3.313000,-150.382000,28.20
9.769102,0.906000,0.002000,-0.555000,182.534000,-12.183000,-176.244000,28.29
9.775987,1.048000,0.153000,-0.296000,180.489000,6.687000,-212.550000,28.25
9.787553,1.246000,0.269000,-0.208000,185.084000,33.740000,-247.359000,28.25
9.799694,1.400000,0.247000,-0.201000,205.008000,42.153000,-277.008000,28.29
9.806570,1.385000,0.092000,-0.166000,223.359000,43.542000,-298.763000,28.34
9.818160,1.339000,-0.079000,-0.152000,226.382000,64.336000,-308.611000,28.20
9.829846,1.244000,-0.306000,-0.246000,222.229000,80.244000,-303.954000,28.20
9.836936,1.158000,-0.517000,-0.436000,210.183000,87.939000,-283.221000,28.29
9.848842,1.036000,-0.581000,-0.517000,192.641000,93.954000,-256.336000,28.15
9.854778,1.071000,-0.646000,-0.683000,175.115000,92.748000,-224.687000,28.15
9.866776,0.837000,-0.641000,-0.808000,149.710000,72.366000,-190.305000,28.29
9.878829,0.717000,-0.551000,-0.723000,129.710000,73.069000,-157.618000,28.29
9.885549,0.508000,-0.504000,-0.793000,117.221000,64.244000,-125.634000,28.25
9.897702,0.211000,-0.386000,-0.763000,107.481000,55.786000,-99.206000,28.20
9.909345,0.121000,-0.280000,-0.853000,96.534000,55.527000,-82.412000,28.20
9.916400,0.210000,-0.107000,-0.955000,89.634000,46.290000,-72.687000,28.15
9.928552,0.260000,0.047000,-1.069000,95.511000,12.382000,-69.511000,28.20
9.935573,0.158000,0.114000,-1.041000,92.931000,-14.489000,-72.824000,28.20
9.948872,-0.017000,0.173000,-0.950000,83.939000,-33.038000,-79.221000,28.20
9.959161,-0.050000,0.254000,-0.872000,73.359000,-38.962000,-86.458000,28.25
9.966224,0.022000,0.294000,-0.885000,63.389000,-41.038000,-91.603000,28.20
9.978100,0.543000,-0.122000,-0.887000,52.580000,-52.092000,-87.695000,28.29
9.989916,0.549000,-0.198000,-1.081000,48.977000,-97.130000,-55.802000,28.15
9.997171,0.489000,-0.257000,-0.732000,32.992000,-93.267000,-28.534000,28.15
10.008752,0.948000,-0.388000,-0.751000,-0.855000,-93.130000,-6.672000,28.20
